baths,bedrooms,Area Size,price
2,2,4,10000000
3,3,5.6,6900000
6,5,8,16500000
4,4,2,43500000
3,3,8,7000000
8,8,1.6,34500000
8,8,1,27000000
2,2,6.2,7800000
7,7,1,50000000
5,5,1,40000000
3,3,7.1,35000000
2,2,7.8,48000000
0,0,4.5,400000000
5,3,10,13500000
1,1,3.1,3600000
2,2,4,5000000
3,3,10,19000000
7,7,2,80000000
6,6,1,26900000
0,0,1.5,1750000
7,6,14,55000000
3,3,5,4500000
3,3,6,88500000
2,3,8.4,47000000
4,4,4.7,4500000
4,4,4,6800000
5,6,12,20000000
1,1,4.3,19400000
5,5,17.8,100000000
2,2,6.7,8000000
3,3,5.3,6300000
10,10,2.1,220000000
3,2,5,4500000
5,6,8,12500000
4,4,2.5,230000000
5,5,1,110000
6,6,2,600000
2,2,8,33000
5,3,1.2,45000
2,2,5,12000
4,4,13.3,175000
2,2,5,17000
8,8,2,1022000
8,7,2.4,900000
3,3,16,200000
7,7,2,265000
2,2,9.3,60000
0,0,6,220000000
5,5,1,40000000
0,3,9,9500000
7,8,1,125000000
5,6,11,21000000
6,5,1,52000000
7,6,8,16500000
0,5,1,32500000
0,6,1,31500000
0,6,1.6,40000000
4,4,7.5,13500000
5,4,1.2,87500000
0,4,10,16500000
0,0,10,18500000
4,4,10,23500000
4,4,1,22500000
7,6,18,50000000
6,6,10,39500000
5,4,12,27500000
3,6,11,40000000
6,5,1,45000000
2,3,3,3200000
4,3,10,21200000
5,4,10,23000000
5,4,10,21500000
5,4,10,21500000
6,5,1,40000000
5,4,10,26000000
4,4,10,21000000
5,4,10,23000000
6,5,10,23000000
5,5,1,57500000
8,8,6.5,620000000
3,3,2.5,5500000
6,5,1,50000000
6,6,8,12000000
0,0,2,65000000
0,0,8,1250000000
8,8,1.1,42500000
0,0,2,66500000
5,5,6,12000000
7,6,1,40000000
7,5,4.7,180000000
6,5,9.7,17000000
0,0,1,47500000
5,5,10,17000000
5,4,18,25000000
5,4,5,8500000
6,5,1.2,25000000
2,4,2.5,6000000
6,6,1.6,60000000
4,5,7,13500000
10,12,1.2,31500000
6,6,10,23000000
2,3,10,9990000
5,5,12,22500000
8,6,1,40000000
4,3,5,9000000
0,0,7,12800000
8,6,1,37000000
6,5,12,23000000
7,6,1,39500000
7,5,10,21000000
5,5,1,37000000
7,6,1,37000000
7,5,1,37500000
1,1,3.8,4800000
5,5,1,35000000
4,4,10,25000000
2,2,5.5,7500000
4,4,7,12800000
5,6,5,5000000
6,5,10,22000000
7,6,1,38000000
4,4,10,18000000
5,4,10,25000000
6,4,10,30000000
5,4,10,23000000
8,10,1,30000000
5,5,1.1,32000000
8,7,1.5,40000000
6,5,10,25000000
2,2,5,6000000
0,4,10,23800000
5,5,10,28000000
3,2,5,5300000
6,6,10,19900000
4,3,5,15000000
5,4,10,18000000
5,4,10,24500000
4,4,10,27000000
3,3,5,18000000
3,10,2,250000
8,8,2.5,200000
5,5,1,125000
3,3,10,33000
7,6,1,110000
6,5,10,60000
3,3,1,50000
5,5,10,70000
2,2,2.4,22000
9,9,10,71000
2,2,4,35000
4,3,1,48000
3,3,1,50000
3,3,4.4,30000
1,1,2.2,25000
6,5,10,50000
4,3,10,48000
7,6,4,450000000
8,6,16,35000000
3,3,8.9,21000000
1,2,3.2,6500000
4,4,9.6,13000000
4,4,4,32000000
3,7,3.2,4000000
4,4,9.8,16500000
6,6,1,110000000
6,5,9.6,12800000
3,3,10.2,30000000
4,3,11.4,34000000
0,3,11.4,29500000
0,3,11.4,30000000
0,4,13.1,37500000
0,3,8.9,45000000
5,4,4.8,17000000
3,3,7.6,12500000
0,2,5.4,5000000
2,2,3.2,4100000
8,11,13.4,40000000
3,3,11.4,28000000
3,3,11.4,32500000
4,4,13.2,40000000
5,5,14,59500000
5,5,1,71500000
4,4,14,55000000
6,5,14,59500000
5,5,1,68500000
5,4,14,58500000
5,5,1,67000000
5,5,1,120000000
5,4,14,58500000
5,4,14,58000000
5,5,1,110000000
5,5,1,119000000
0,5,1,115000000
5,4,14,59500000
4,4,9.6,19000000
2,2,5.2,7550000
6,5,1.2,91500000
1,2,1.3,4500000
3,4,6.1,6900000
2,2,4.8,4500000
3,2,4.8,20000000
0,0,1.2,72500000
6,6,1,85000000
4,4,9.7,60000000
6,6,1.2,120000000
4,3,9.7,45000000
3,2,9.1,35000000
1,1,6,25000000
0,6,1.2,200000
0,6,2,230000
4,4,14,120000
2,3,4.8,19000
3,6,11.5,43000
0,4,14,85000
0,5,1,110000
5,5,1,130000
1,1,9.6,8000
0,0,1.1,8000
5,5,1,105000
3,3,7.8,65000
3,3,16,150000
4,5,1.5,38800000
0,0,2.2,2500000
4,4,12,15500000
9,9,10.9,46500000
2,2,3.7,3200000
6,4,7,14000000
2,2,4.2,3965000
9,7,12,32500000
2,2,5.8,7800000
7,6,10,30000000
6,5,10,21000000
2,2,6.1,8000000
6,6,1.3,180000
3,3,1,70000
0,3,1,85000
6,5,1,140000
3,3,1,75000
8,8,1,250000
6,6,1,220000
3,3,10,40000
3,3,1,80000
9,9,1,300000
7,7,1,160000
5,5,1,240000
6,6,1,280000
8,8,1,220000
6,6,1,190000
4,4,1.3,130000
3,3,1,75000
6,6,2,350000
5,5,1,160000
3,3,1.3,110000
5,5,1,190000
6,6,1,180000
7,7,1,170000
3,3,1.3,100000
8,8,2,350000
2,2,1,130000
7,7,1,250000
1,2,4,17000
4,4,9.3,110000
3,3,1.3,80000
6,6,10.1,110000
3,3,1,75000
4,3,10,33000
4,3,10,47000
4,3,5,55000
0,5,5,60000
4,3,5,55000
4,3,10,35000
6,5,10,17600000
6,5,10,17500000
5,4,17,35000000
5,4,10,22000000
6,5,10,23500000
6,5,1,41500000
5,4,10,23000000
5,4,10,23000000
4,3,10,20500000
4,3,10,21000000
7,5,10,19200000
4,3,4,7700000
5,4,10,21500000
4,3,5,11800000
5,4,14,26500000
7,6,2,70000000
6,5,1,49500000
3,2,5.5,12500000
5,4,17,36000000
6,5,1,36000000
6,5,1,51000000
7,5,10,20000000
2,3,2,6000000
2,3,2,5500000
0,0,1.1,65000000
6,5,1,35000000
6,5,10,17500000
6,5,1,52500000
8,5,12,35000000
5,5,10,22500000
5,4,10,22500000
4,4,10,23500000
5,5,8.2,15500000
5,4,17,37000000
4,4,12,28000000
5,4,10,23500000
6,5,10,22000000
5,4,10,22000000
5,4,10,21500000
5,4,10,22500000
0,0,1,60000000
0,0,8,1200000000
0,0,2,380000000
2,2,3,3200000
7,6,1,59800000
6,6,2,66000000
7,5,10,360000000
3,4,5,8500000
4,3,10,10500000
4,5,10,25000000
6,6,11.7,45000000
0,3,10,16000000
4,3,10,11500000
0,3,10,11500000
4,3,10,9800000
4,3,10,9800000
1,1,1.5,3000000
6,5,10,21000000
10,10,1,35000000
4,3,10,22500000
4,3,11,25000000
6,5,10,22500000
7,6,1,40000000
6,5,1,38000000
3,3,10.7,10000000
6,5,10,22500000
7,6,1,40000000
7,6,1,42000000
6,5,10,58000
5,4,10,55000
0,4,10,65000
3,3,10,48000
4,3,10,29500
4,3,10,60000
4,5,10.7,70000
1,1,5.5,30500000
9,9,9.6,100000000
6,6,14,105000000
0,3,8,25000000
0,5,1,75000000
6,4,3,250000000
3,5,13.4,55000000
2,0,4.2,6000000
0,2,4.2,6200000
6,7,1.1,95000000
3,3,8,20000000
5,5,14,14500000
3,3,8,22500000
4,4,10.6,45000000
3,3,8,21000000
3,3,8,8500000
6,6,1.1,85000000
3,3,8,25000000
2,2,5.2,3760000
2,3,6.7,30000000
8,8,18,72500000
9,8,1.1,77500000
7,6,16,120000000
3,4,11.2,120000000
5,4,2,150000
7,6,1,250000
3,3,1,70000
2,2,4,5000000
1,1,3.1,3600000
2,2,4,4800000
5,5,4,14000000
5,4,7,14500000
5,5,5.6,19000000
10,9,4.8,850000000
0,0,3.8,5000000
3,3,8,6500000
4,3,10,18500000
0,2,5,4200000
5,5,10,15500000
1,2,4,7000000
10,7,1,105000000
6,3,1.7,130000000
2,2,6.9,27900000
1,1,4.3,18400000
2,2,6.6,27100000
10,8,10,31000000
3,3,7.6,9900000
4,3,8,10500000
3,4,4.4,14500000
6,6,1,83000000
1,1,2.9,4800000
4,4,12,13000000
2,2,6.9,12500000
2,3,11.1,48000000
4,4,5,9000000
6,6,1,65000000
2,2,3.6,5656000
2,2,4.1,5800000
9,9,1,90000000
6,6,1,80000000
6,6,1,85000000
6,6,1,85000000
4,4,16.4,42000000
5,4,1.3,105000000
3,3,1,45000
4,3,1,60000
5,5,10,65000
0,3,10,35000
4,3,10,45000
4,3,10,35000
4,3,10,47000
4,3,10,55000
0,3,10,35000
7,3,10,32000
2,2,6,12000
5,5,1,85000
6,5,1,160000000
3,2,3,8000000
0,0,4,480000000
0,0,7,22500000
4,5,7,17000000
6,5,1,59500000
7,5,1,39500000
4,4,5,16500000
3,3,10.1,13000000
0,0,1,60000000
0,0,4.4,175000000
6,6,2,110000000
6,5,1,47000000
6,5,1,54000000
6,5,1,53500000
5,4,14,34500000
7,6,1,57500000
4,3,15,45000000
4,5,1.7,45000000
6,5,1,30000000
6,5,1,42000000
6,5,1,42800000
6,5,1,46000000
3,3,2,4500000
7,7,10,21000000
8,7,2,67500000
6,5,1,57500000
6,5,1,59000000
5,5,10,13500000
2,2,6,7000000
4,3,3,9000000
8,6,1,45000000
1,1,2,5100000
3,3,8,12500000
3,2,10,12500000
5,5,1.2,30000000
0,0,5,90000000
5,3,10,15500000
6,5,10,17600000
5,4,1,65000000
6,5,2,80000000
6,5,13,13700000
5,5,1,52500000
5,5,1,34000000
0,0,1.5,75000000
0,0,10,37500000
8,7,2,102500000
4,3,5,11500000
6,5,1,42500000
10,10,4,200000000
0,0,5,11000000
2,2,5,10000000
4,3,5,11500000
0,0,4,190000000
5,4,10,18800000
3,3,5,11000000
5,5,1,56000000
6,4,10,23600000
0,4,17,37000000
0,4,17,38000000
0,0,1,50000000
4,4,5,10900000
4,3,3,5600000
5,4,10,33000000
5,4,10,29500000
6,5,1.4,75000000
4,3,10,7900000
6,5,1,45000000
5,4,5,8900000
5,4,10,12500000
3,3,3,4500000
8,8,2,40000000
6,4,10,17500000
6,5,11,23500000
4,3,10,11500000
4,4,1,13000000
3,3,8,10500000
6,5,1,38000000
8,6,1,32500000
8,7,1,40000000
7,7,7,26500000
8,6,1,40000000
8,6,1,43000000
8,7,1,41000000
4,3,10,11000000
8,6,1,51500000
7,5,1,47000000
8,7,1,42500000
5,5,7,13000000
7,6,1,40000000
5,4,15.8,75000000
5,5,1.2,95000000
3,3,12.2,35100000
6,6,1.1,70000000
5,4,1,60000000
5,3,10.3,48000000
5,3,10.3,50000000
6,6,1.5,110000000
5,4,11,12500000
4,3,11,9205000
2,2,3.7,6100000
7,7,2,150000000
8,8,1.5,110000000
6,6,17.5,110000000
4,3,6,9500000
3,5,5.1,3500000
5,4,4.8,40000000
6,5,1,70000000
3,3,8,22000000
0,4,10.2,32000000
4,4,8.8,70000000
3,3,6.7,8500000
4,4,9,14000000
5,4,14,49500000
2,4,3.4,4100000
2,2,2.9,3400000
3,3,7.6,15000000
5,4,9.8,39000000
2,2,5.8,4666000
3,3,3.6,4848000
6,7,1.1,95000000
4,3,16,40000000
5,4,4,8500000
6,5,14,90000000
4,4,18.2,72500000
5,4,11.8,55000000
3,3,3.4,7000000
3,3,6.2,17000000
2,2,3.2,1700000
4,3,8,22000000
0,5,3.3,11000000
0,2,4.9,7000000
2,0,4,5049000
2,2,4.7,8000000
3,3,11.4,65000
6,5,1,110000
5,3,1.1,75000
5,3,10.3,135000
3,3,1.1,75000
3,3,12.2,55000
3,3,1,68000
5,5,1,110000
0,5,13.6,55000
2,2,4.9,25000
0,2,0.9,18000
4,3,8.2,85000
3,2,5.6,23000
6,4,1,185000
2,2,3,9500
3,3,20,50000
2,2,1,45000
4,3,14.7,325000
5,5,1,190000
5,4,10,200000
6,6,1,110000
4,4,1.2,650000
5,3,12,120000
2,2,4.4,20500
2,2,3.6,17000
6,5,10,55000
0,0,11,60000
5,5,14,62000
1,1,14,20000
3,3,1.3,65000
2,0,5.1,75000
3,3,1,75000
0,2,6.2,60000
6,5,1.3,180000
5,5,1,200000
5,5,2,200000
6,6,1,190000
2,2,6,54000000
5,5,5,8500000
3,2,8,33000000
8,4,12,15000000
4,3,5,13000000
4,3,10,15500000
10,8,1,32000000
5,4,9.3,50000000
4,3,10,15000000
6,5,10,21000000
5,5,1,80000000
3,3,4.9,10500000
2,3,5.8,12500000
7,6,1,36500000
0,4,10,26000000
6,5,10,23500000
8,6,1,43000000
6,5,10,23000000
5,5,8,27500000
3,3,10,35000000
9,9,1,95000000
2,2,8.9,46000000
9,9,1,300000
3,2,8,25000
3,3,1.2,75000
3,3,10,33000
8,8,2.5,200000
8,8,2,200000
5,5,1,115000
5,4,11,60000
6,6,10,20000000
6,5,2,100000000
6,5,1,32500000
6,5,1,34000000
5,5,1,52500000
5,3,2,160000000
4,4,14,40000000
0,0,1,54500000
6,5,1,52500000
0,0,2,140000000
4,3,10,19000000
5,5,1,55000000
4,4,14,37500000
7,5,1.3,32000000
3,3,4,10000000
6,5,1,44500000
0,3,5,9000000
0,3,4.3,7800000
6,5,1,33000000
0,0,2,75000000
0,5,1,55000000
4,4,14,33500000
6,5,1.6,200000000
6,5,1,65000000
2,3,4,6550000
0,0,1.2,51500000
6,5,1,42500000
6,5,10,39900000
6,5,8,16900000
3,3,5,6000000
2,3,5,7200000
3,3,10,14500000
4,3,5,11500000
6,5,10,17600000
4,3,6,11000000
4,3,2.5,5000000
6,5,1,26800000
6,5,1.6,40000000
0,0,2,47000000
2,2,3,4000000
1,2,3,3200000
5,4,10,32900000
6,5,1,47000000
6,5,1,37000000
6,5,1,32500000
6,5,1,37500000
1,1,1.3,1500000
0,1,2.3,7500000
4,3,10,17500000
5,4,7,12000000
6,5,10,23500000
6,5,10,27500000
6,6,6,35000000
3,3,8,11000000
5,4,10,22000000
5,5,10,23000000
10,11,1,59000000
7,6,13,25000000
5,5,1,38500000
6,5,10,21000000
5,4,10,23500000
2,4,5,7400000
7,6,1,40000000
6,5,10,21000000
6,5,10,23500000
6,5,10,23500000
1,1,2,4000000
2,3,4.4,7800000
3,3,6.7,22500000
4,4,18.4,103500000
2,2,7.3,30000000
4,4,11.7,53000000
2,3,3.2,6500000
5,4,11.7,55000000
3,3,7.6,8000000
3,3,5.6,15000000
4,3,9.1,22500000
4,3,8,32500000
3,3,7.6,8000000
5,4,4,43500000
8,8,18,72500000
5,3,10.3,50000000
8,6,1.2,90000000
4,3,8.1,22500000
4,3,8.9,13000000
3,3,10.7,11500000
2,2,4.2,4790000
3,4,2.8,3200000
2,2,4.2,6000000
2,3,7.3,18000000
2,2,4.7,12400000
2,3,6.7,9500000
0,0,16,14500000
6,5,14,97000000
7,6,1.2,222500000
6,5,1,100000000
3,3,8,8000000
2,2,4.2,4800000
2,2,3.3,3650000
5,5,4.8,16000000
0,3,5.1,11000000
2,2,3.3,4050000
4,4,14,14500000
10,9,1.6,140000000
2,3,1.8,4700000
2,2,5.8,4666000
4,3,9.8,7960000
5,4,12.5,10100000
3,3,5,6642000
3,3,5.3,12200000
5,6,6,15000000
0,0,1.3,155000000
0,7,1.3,135000000
2,2,1.9,3300000
2,2,4,3700000
2,2,4,6000000
5,5,7,16000000
1,1,2.2,2600000
3,3,9.6,14500000
2,2,4,6000000
2,2,3.2,6500000
3,3,10.2,50000000
0,0,14,80000
0,0,14,140000
4,4,1,300000
3,3,4,80000
4,4,2,190000
3,4,8.9,70000
0,3,1,100000
3,3,1.2,54000
6,5,14,140000
0,3,4,25000
6,5,14,140000
4,4,2,120000
3,3,11.6,43000
4,4,1.3,90000
3,3,1.2,110000
1,1,2.2,25000
1,1,2.2,35000
2,2,5.3,35000
3,3,1,110000
4,3,10,40000
9,9,1,300000
3,3,4.4,40000
6,5,3.8,400000
3,3,1,85000
7,6,2,72500000
2,2,4.7,4500000
10,10,3.6,320000000
0,3,11.7,55000000
6,6,14.2,41000000
2,2,6.7,43000000
0,3,11.7,52500000
4,4,8,12000000
0,1,5.1,27500000
7,7,1.8,55000000
6,9,2,140000000
0,4,12.4,54500000
1,1,1,9000
4,3,10,58000
6,5,10,65000
3,2,6,16000
3,4,10,48000
2,2,7.1,65000
4,4,7,65000
4,3,10,45000
2,2,4.9,50000
4,3,10,35000
4,4,5,25000
4,4,4,8200000
8,8,2.2,70000000
6,5,10,17500000
6,5,1,62500000
5,5,7,16000000
6,5,1,44000000
6,5,1,45000000
6,5,1,41000000
4,4,12,26000000
6,5,1,52500000
7,6,1,26500000
5,5,1,46000000
5,4,11,14500000
4,3,10,19700000
0,5,8,12500000
6,5,1,49000000
2,2,5,3600000
3,3,9.8,38000000
5,4,10,29500000
4,3,10,27000000
2,2,3,5300000
0,3,1,26500000
6,5,1,42500000
6,4,10,23500000
6,5,1,45000000
5,4,10,27500000
4,3,5,11500000
3,4,7,7200000
6,5,1,60000000
6,5,1,39500000
6,5,1,45000000
6,5,1,45000000
6,5,1,45000000
4,4,6,14500000
7,5,12,22500000
5,4,10,27500000
7,7,2,108500000
6,5,1,32500000
6,5,1,47500000
6,5,1,45000000
6,5,1,45000000
6,5,1,43200000
6,5,1,53000000
6,5,14,92500000
4,4,2.2,3900000
4,4,4.8,21000000
2,2,4.8,8500000
3,3,6.4,12900000
3,3,6,6200000
0,0,4.8,24000000
3,3,5,6642000
6,6,1,130000000
5,5,1,85000000
5,4,11,12500000
3,3,7.6,17500000
6,6,2,120000000
6,6,2,150000000
2,2,5.8,4666000
4,3,9.8,7960000
5,4,12.5,10100000
2,2,5.2,3763000
2,2,5.7,4090000
4,3,6.7,4797000
4,3,7.1,5136000
5,4,12.5,10100000
2,2,5.8,4666000
4,3,9.8,7960000
5,4,12.5,10100000
2,2,5.2,3763000
2,2,5.7,4090000
4,3,6.7,4797000
4,3,7.1,5136000
7,6,1,115000000
3,3,5,7500000
2,2,4.2,4800000
1,1,1.8,2200000
6,5,1,135000000
0,0,2.7,140000000
0,0,1.3,135000000
0,0,12,65000000
0,0,2,240000000
0,0,1.2,155000000
0,0,1,140000000
0,0,1,110000000
0,0,1,105000000
4,4,14,17500000
5,5,1,77500000
5,5,1,125000000
7,6,2,170000000
7,6,1,135000000
6,4,12,14500000
3,3,9.8,40000000
6,6,1,102500000
3,3,5,6642000
4,3,11,9205000
5,4,11,12500000
6,6,6.7,16500000
3,2,5,4500000
4,4,8,23500000
0,1,6.7,160000
0,3,11.7,350000
0,2,9,225000
0,1,5.1,150000
1,1,1.6,15000
3,3,1,85000
3,3,3,70000
2,2,12.4,65000
0,3,11.7,250000
0,1,3.9,140000
0,1,5.1,140000
0,1,6.7,180000
0,2,2.9,65000
7,6,10,95000
6,6,14.2,37900000
1,2,4.4,25000000
5,6,10,13000000
6,6,2,165000000
1,1,3,16500000
7,6,1.3,85000000
2,2,6.7,29500000
3,2,7.1,7500000
1,1,2,10000000
0,0,2.2,10000000
0,1,5.1,31100000
9,0,1,110000000
3,3,10,9500000
3,3,8.9,12500000
8,8,1.5,48000000
10,10,1,74800000
0,5,9,30000000
6,6,1.3,200000
3,3,1.2,95000
2,2,11.8,250000
2,2,8.9,190000
0,1,5.1,140000
3,6,5,8000000
6,5,10,21000000
3,2,5,5000000
5,4,8,15000000
6,5,10,21000000
2,2,4,5500000
1,1,3.2,3500000
4,3,1,100000
2,2,4.4,45000
1,1,2,16000
1,1,3.1,20000
1,2,3.5,17000
1,2,5,35000
2,2,6.7,60000
5,4,10,27500000
5,4,10,20500000
6,5,1,47500000
0,5,12,31000000
6,5,1,31500000
5,4,10,39000000
4,4,10,25000000
5,4,10,29000000
5,4,10,19500000
6,5,1,43500000
5,4,10,32000000
7,5,10,17500000
6,5,1,41700000
4,4,10,18000000
2,2,5,5500000
3,3,10,24000000
3,3,3,8200000
0,0,2.2,110000000
4,5,10,19000000
5,5,1,57500000
4,4,5,9000000
5,4,10,23500000
6,5,6,15000000
8,7,1,47500000
6,5,1,35000000
5,4,10,32000000
6,5,1,53500000
3,3,10,20000000
6,6,1,37500000
6,5,1,41500000
6,5,1,45000000
6,5,1,35000000
6,5,1,37500000
7,6,2,110000000
6,5,1,42500000
6,5,1,47000000
3,3,10,22200000
6,5,1,45000000
6,5,10,30000000
3,4,7,13000000
6,6,1,52500000
1,2,2,2200000
6,5,1,43000000
5,6,10,25000000
3,5,3,9500000
6,5,7,14000000
5,4,16,35000000
5,5,1.9,100000
2,2,3.5,17000
3,3,1,40000
2,2,5,23000
3,2,10,80000
3,3,8,75000
2,2,7,24000
3,3,10,25000
3,3,10,25000
3,3,10,25000
3,3,8,75000
2,2,5,23000
6,5,14,135000
3,3,14.2,175000
3,3,8,45000
3,3,7.6,35000
2,2,5.1,19000
2,2,4.7,6600000
6,5,14,150000000
3,3,5,3500000
3,6,4.8,14000000
3,3,8,11500000
3,3,7.1,17000000
3,3,5,7500000
2,2,3.8,4500000
1,1,2,2500000
2,3,7.8,10500000
2,2,5.8,4666000
4,3,9.8,7960000
5,4,12.5,10100000
2,2,5.2,3763000
2,2,5.7,4090000
4,3,6.7,4797000
4,3,7.1,5136000
8,7,1.2,77500000
3,3,4.8,5900000
0,0,4.4,4500000
5,5,10.9,27500000
3,3,10.2,12000000
5,4,1.1,92500000
3,3,6.1,13700000
3,3,11.4,32000000
2,2,4.2,5100000
4,3,6.7,25500000
2,2,4.2,5200000
3,3,5,8500000
10,11,3.6,10500000
3,3,8,17500000
3,5,9.3,20000000
4,3,6,7000000
1,1,1.8,1800000
4,4,4.8,13000000
6,5,14,98000000
3,3,6,6500000
4,4,14.2,82500000
0,3,1.2,200000
5,5,14,240000
3,3,1,150000
3,3,1,200000
3,3,6.4,40000
3,3,4.9,8500000
2,2,3,2997000
6,5,11,28000000
3,3,5,30000
3,3,8,38000
3,3,10,25000
2,2,5,40000
2,2,4.4,45000
2,2,5,23000
1,1,2.9,18000
3,3,5,32000
3,3,8,37000
3,2,6.2,80000
1,1,2.7,20000
2,2,5,23000
2,2,5,40000
3,3,10,25000
3,3,8,35000
3,3,8,75000
3,3,5,30000
4,4,7,45000
2,2,4.9,40000
3,3,7,38000
1,1,3.1,30000
3,3,5,30000
2,2,5,23000
6,6,7,35000
3,3,8,38000
0,0,5,40000
2,2,5,23000
3,3,8,36000
4,4,7,45000
1,1,3.1,35000
5,4,10,21000000
3,3,5,10500000
7,5,18,50000000
6,5,1,33000000
7,6,1,67800000
0,5,1,47500000
6,5,1,60000000
3,3,11.4,13500000
3,3,11.4,13700000
1,1,2.2,5000000
2,3,10,14500000
4,3,5,9000000
4,4,3.5,9500000
5,4,1.2,37000000
9,9,2,125000000
4,4,5,8500000
7,6,11,18000000
4,5,1,37000000
3,3,5,9000000
6,5,10,22500000
5,5,1,137500000
3,5,4,6500000
0,0,3.7,9000000
6,5,10,30000000
1,2,5,3800000
3,3,10,21500000
3,2,10,16200000
0,0,3,6700000
4,5,6,14500000
5,5,6.5,17500000
2,3,2,3900000
0,3,9,14500000
4,2,5,8800000
8,6,1,37500000
7,6,1,39000000
4,4,12,26000000
4,4,5,12500000
5,4,7,21500000
5,5,1,32500000
4,4,7,12500000
5,4,17,35500000
3,4,7,12500000
0,5,1,33500000
0,3,7.1,28300000
5,6,6,9000000
7,5,10,19500000
7,5,10,19000000
5,6,6,9000000
5,4,10,23000000
5,4,10,29000000
3,3,5,4950000
7,6,9,16000000
0,0,3,8500000
5,5,1,41000000
4,4,15.2,45000000
4,5,15,35000000
5,6,6,9000000
2,4,5,11500000
4,3,5,13500000
3,5,5,12000000
4,5,5,6500000
6,5,1.6,55000000
4,2,3,4500000
4,4,5,9200000
6,5,10,18000000
5,5,10,20000000
4,3,4,8000000
4,5,10,16500000
2,2,5.9,20500000
3,3,8.7,27000000
1,1,5.8,27000000
1,1,5.8,27000000
1,1,5.8,27000000
3,2,9.1,37000000
3,2,9.1,37000000
3,2,9.1,37000000
4,3,10.9,47000000
4,3,10.9,47000000
4,3,10.9,47000000
4,3,10.9,47000000
5,4,11.8,50000000
5,4,11.8,50000000
5,4,11.8,50000000
5,4,11.8,50000000
6,5,1.4,149300000
6,5,1.4,149300000
5,4,19.1,107700000
0,1,1.2,1800000
2,2,4.7,10300000
3,3,6.5,14000000
2,2,4.7,10300000
3,3,6.5,14000000
3,3,6.5,14000000
7,6,1,150000000
2,2,5.8,4666000
4,3,9.8,7960000
3,3,5,6642000
4,3,12,14500000
5,4,11,12500000
3,3,5,6642000
4,3,11,9205000
5,4,11,12500000
4,3,10.4,12300000
5,4,15.9,18700000
6,5,1.1,26500000
3,3,4.8,7500000
3,2,6.3,6422000
4,3,9.6,9743000
5,4,11,12500000
4,4,13.8,66000000
2,2,4.2,4800000
3,3,14,14500000
0,0,14,95000000
8,6,1,172500000
3,3,8.6,9500000
3,3,4.8,10000000
7,7,2,185000000
3,2,5.8,4666000
5,4,12.5,10100000
2,2,5.7,4090000
4,3,6.7,4797000
4,3,7.1,5136000
3,3,5,6642000
4,3,11,9205000
5,4,11,12500000
6,6,1.3,145000000
4,4,4.8,16500000
6,5,1,90000000
1,2,8.1,2120000
3,4,3,8500000
4,6,10,22000000
3,3,7.1,9500000
2,2,5.6,45000
4,3,12.4,65000
6,6,1,180000
5,5,1,100000
6,5,1,120000
6,5,1,100000
8,7,1.3,230000
6,5,12,90000
6,3,5,50000
3,5,4,4200000
6,6,10.9,35000000
4,4,6.7,14000000
3,2,5,4300000
7,7,16,36000000
8,8,1.9,350000000
7,7,1.8,150000000
0,0,4,4700000
4,5,6,16500000
0,0,2,170000000
3,2,4,4500000
2,2,6.3,6500000
6,5,1,40000000
0,0,3,22500000
6,6,1,40000000
5,5,5,4700000
8,7,1.3,180000000
6,4,7,14000000
10,9,11,42000000
4,3,19,22500000
3,4,3,2300000
2,2,6.1,8800000
7,4,1,30000000
8,7,2,67500000
2,2,4,4800000
3,4,14.2,50000000
7,7,10,38000000
0,2,5.9,3500000
0,6,8,50000000
0,0,11,17000000
4,3,3,5200000
4,4,2.2,170000000
4,4,10,12500000
0,3,14,52000000
6,5,1,46500000
2,2,5.8,10000000
0,0,1,30000000
5,4,5,21000000
4,3,5,13500000
2,2,3.3,3300000
4,4,2.1,170000000
3,2,4,2700000
0,0,1,63000000
6,6,1,58000000
5,4,5,12500000
4,3,13,11500000
3,2,8,17500000
4,3,6,16900000
5,6,10,22000000
5,6,10,21900000
5,5,10,22000000
2,3,4.9,7800000
2,1,4.2,3900000
2,2,4,3000000
3,2,4,5200000
5,5,7,14000000
2,3,5,3500000
0,6,1.2,26000000
8,0,1,50000000
1,2,4,2600000
6,4,5.5,9700000
2,3,3,5000000
6,4,10,14500000
2,3,5,6500000
6,5,10,15500000
8,6,10,16000000
9,9,1,55000000
6,6,1,37500000
3,3,4.7,7500000
2,2,4,6000000
1,1,2.9,3800000
1,1,1.8,2700000
5,5,7,12500000
6,6,11,35000000
8,6,5,6200000
6,5,10,18000000
5,6,7.6,9000000
4,4,5,5800000
7,5,6.7,9700000
3,3,10,17500000
7,7,1.1,45000000
6,5,10,22500000
5,5,6,42500000
4,4,6.5,11000000
2,4,11.5,32500000
6,9,1,34800000
1,1,3.3,20000
1,1,3.6,50000
3,3,8,38000
1,1,2.9,45000
4,4,1,75000
3,3,1,85000
0,0,4,7000000
5,6,6,9000000
6,5,5,12500000
4,3,3.5,6900000
2,3,2,3500000
1,1,2.4,2000000
0,0,5,11000000
2,4,2.5,4700000
6,5,10,21000000
5,7,7,12000000
3,3,10,11700000
4,6,5,6000000
4,3,10,20500000
4,3,5,12000000
5,4,1.2,37000000
2,4,5,4600000
5,5,2,120000000
5,6,6,350000000
4,4,14,32500000
7,5,6,330000000
4,4,1,50000000
5,5,1.2,90000000
10,10,1,30000000
3,5,4,9000000
2,5,8,13500000
8,8,17,32500000
4,6,2,70000000
2,2,1.5,2300000
3,4,6,8000000
0,0,3.5,7300000
7,5,10,19800000
6,5,5,12500000
4,3,14,37000000
0,0,5,6000000
3,5,5,9800000
0,0,5,6000000
5,5,1,36500000
2,2,5.2,8900000
4,3,5,10500000
0,1,5,5000000
5,5,5,15000000
3,5,5,8700000
3,3,4.5,9500000
0,0,8,8500000
0,0,2,65000000
3,3,4.5,9500000
5,5,10,24500000
3,3,4,6000000
4,4,7.5,18000000
3,2,6,9000000
3,3,4,9500000
3,2,10,12500000
5,5,6,9900000
3,6,3,3200000
6,6,7,7200000
7,6,1,37500000
3,3,4,4000000
2,2,3,5000000
4,4,5.2,12000000
5,3,5,12500000
5,4,10,22000000
0,0,14,16000000
3,4,3,160000000
0,4,7,13000000
8,7,6,350000000
4,5,10,21500000
6,5,8,13800000
2,2,2.5,5000000
5,4,3.5,7500000
8,5,7.5,18000000
0,0,7,23500000
6,6,1,50000000
0,0,8,8000000
5,4,5,10000000
3,4,5,9150000
3,3,4,7500000
6,6,2,60000000
2,2,3,2500000
5,4,4,12000000
6,5,1,52500000
4,3,4,10000000
3,2,3,4700000
5,3,3,5200000
4,5,10,19500000
5,4,10,21800000
4,5,10,15000000
1,2,3,5500000
3,3,12,7500000
3,3,5,11500000
7,6,10,25500000
4,5,5,8500000
6,5,10,30000000
5,4,9,18000000
0,0,3,6500000
4,3,5,12000000
3,3,5,12500000
1,1,2.8,5000000
6,5,1,45000000
5,5,3,5000000
3,2,5,6800000
4,3,5,10500000
4,4,5,8000000
4,4,3.5,6500000
6,3,5,7200000
5,4,10,14000000
2,3,5,4000000
2,2,3,2600000
8,8,12,14800000
4,4,16,22500000
0,3,8,60000
3,3,10.7,135000
0,3,11.6,45000
3,3,5,6642000
3,2,1.6,150000000
2,2,8,15000000
3,3,6,8500000
3,3,4.7,12000000
4,4,10,70000000
0,0,15.3,78000000
3,3,6,10000000
0,0,4.2,7500000
3,3,9.6,12000000
0,0,3.6,9900000
3,3,8,20000000
5,4,4,32500000
2,3,3.2,4000000
7,7,8,45000000
6,6,4.8,13500000
0,0,2.6,4000000
3,3,3.4,4000000
6,6,5,14000000
3,2,4.8,9800000
2,3,4.8,8500000
0,0,16,40000000
0,0,6.8,6000000
3,3,8,11800000
3,3,4.8,3500000
3,3,16,38500000
0,0,8,35000000
4,6,4.8,12000000
3,3,6.2,6850000
0,0,5.6,9500000
3,3,5.3,5200000
3,7,5.1,6000000
0,3,7.1,9200000
3,3,5.4,7500000
2,2,4,6000000
0,0,1,40000000
2,3,7.1,4000000
3,3,6,10000000
1,2,2,2100000
2,2,4.2,3800000
0,3,5.8,6000000
2,2,3.6,2700000
1,2,1.8,2000000
3,3,10,30000000
0,0,6,6500000
3,3,8.2,26000000
1,3,3.6,10000000
0,2,5.6,8500000
3,3,5.3,7000000
2,2,5.2,3763000
2,3,3.2,2700000
3,3,8.3,12500000
7,7,2,140000000
3,3,8,23000000
6,5,1,87000000
0,4,4.8,4600000
8,8,1,60000000
4,4,8.9,9300000
3,3,6,6500000
0,4,4,4800000
2,3,4.5,6000000
0,2,2.9,2500000
2,2,9.3,45000
0,0,1,180000
2,2,5.9,60000
3,3,9.3,130000
3,3,8,66000
4,4,17.3,190000
1,1,1.6,1800000
0,0,8,17500000
2,4,5,14500000
6,6,7.3,13000000
4,3,8,7500000
0,0,1,90000000
6,6,2.1,170000000
1,1,2.6,5000000
2,2,7,14200000
5,3,11,13500000
2,2,9.7,19700000
3,3,15.9,25600000
2,2,5,4300000
6,4,7,8500000
6,4,8,11500000
9,8,5,350000000
0,3,9.1,9500000
10,11,4.3,350000000
0,3,8.9,12900000
0,2,4,10500000
6,5,10,21000000
6,5,10,23000000
7,6,1,40000000
7,6,1,43000000
6,5,10,23500000
0,0,6,12000000
2,3,5,3800000
9,7,1,85000000
3,4,5,9000000
5,6,10,22000000
6,6,2.1,170000000
2,2,4,9500000
4,3,11.6,62500000
9,9,1.3,190000000
0,6,3,5000000
5,4,6,14000000
3,3,12.4,18500000
5,4,6,14000000
6,6,16,52000000
5,4,6,13000000
3,3,4.4,6300000
3,3,10,16500000
4,5,5,7500000
4,4,7,8500000
6,4,7,8500000
0,0,5,5500000
6,6,6,8500000
1,2,2.5,1700000
0,0,5,5500000
2,8,5,3000000
4,4,7,10500000
5,4,5,8600000
5,4,11,13500000
5,4,11,14000000
5,4,10,12500000
5,5,11,42500000
3,2,6,6500000
5,6,7,12600000
0,0,7,10500000
6,6,1,33000000
2,2,10,12500000
5,4,10,12000000
7,6,13,27500000
3,0,6,8500000
0,0,10,9000000
0,6,1,44000000
5,5,7,13000000
0,2,4.7,6000000
8,8,10,11000000
4,4,7,12000000
5,4,10,11000000
4,5,7,14500000
2,2,5,3800000
5,5,1,40000000
3,3,5,6000000
6,5,1,43000000
0,1,5,11000000
6,6,12,13500000
6,5,1,43500000
7,6,1,42500000
1,3,5,10000
2,2,6,18000
2,2,9,20000
0,3,7,22000
0,3,7,24000
0,3,7,45000
0,3,8,43000
0,1,3,15000
5,4,10,80000
1,1,3.8,40000
6,6,10,70000
4,4,10,52000
2,2,6,16000
0,2,5,15000
3,3,5,30000
3,4,5,30000
0,2,5,16000
2,2,6,16000
0,3,5,32000
2,2,3.1,23000
3,3,10,32000
0,3,1,70000
3,2,10,35000
3,3,5,20000
2,3,5,12000
3,4,5,30000
3,2,1,50000
0,0,2.9,45000
4,4,10,16500000
3,2,4,6000000
3,3,3,8500000
0,4,10,10500000
3,3,12,25000000
5,4,10,30000000
0,8,1.1,59500000
4,4,4,8200000
6,4,10,28500000
4,4,10,9500000
6,5,10,22000000
0,0,7,11000000
4,3,3,6000000
4,3,5,4000000
2,4,4,4300000
0,0,1,55000000
0,2,4.1,6000000
4,4,4,9500000
10,7,1,32500000
3,3,3,4700000
5,4,14,39000000
6,6,1.6,55000000
4,4,8,14000000
6,5,12,26500000
4,3,5,10000000
7,5,7.3,15000000
4,6,8,15000000
7,5,10,20500000
4,4,5,8000000
2,3,2.5,3500000
6,7,10.8,27000000
3,3,10,18000000
2,2,2.7,3400000
3,3,10,19000000
4,3,5,8500000
0,0,2.5,2500000
7,7,2,72500000
4,3,10,15000000
3,3,3,3800000
1,2,2,2200000
5,4,2,65000000
5,4,3,9000000
0,0,8,14000000
1,1,1.7,7913000
5,5,1,44000000
2,2,4,3200000
2,3,3.5,2400000
0,0,4,5000000
3,3,3,6600000
0,2,4,2700000
3,4,3,9500000
0,0,4,10000000
0,5,1,42500000
2,4,3,6200000
4,3,5,11000000
4,3,3.5,7500000
2,3,3,5000000
4,3,4.2,7400000
4,5,4,13500000
1,1,5,5500000
4,5,5,8500000
3,5,4,11700000
7,6,1,28500000
0,0,3,110000000
6,5,1,31000000
6,5,10,18000000
6,6,1,29000000
5,5,10,20000000
4,4,10,18000000
6,6,1,35000000
4,4,10,11000000
2,3,7.8,27100000
6,5,1,39500000
0,0,3.6,6400000
0,0,1,45000000
3,3,10,20500000
4,3,5,15000000
3,3,5,8500000
8,6,10,20000000
3,2,4,3500000
3,2,5,7000000
7,4,5,9000000
2,4,3,7000000
1,3,4,5000000
3,3,5.3,9000000
5,4,10,25000000
5,5,3,4650000
3,5,6,13000000
6,4,5,9000000
1,2,3.5,4500000
6,6,1.3,325000
0,2,1,90000
3,3,12,43000
3,3,6,40000
0,2,4.2,20000
2,2,4,18000
5,4,1,250000
5,4,1,250000
5,4,1,250000
0,0,9.6,35000
0,0,9.6,40000
0,0,9.6,45000
0,0,9.6,45000
0,0,9.6,55000
0,3,18,55000
2,2,6,12000
2,3,6.4,20000
4,5,8,32000
4,5,8,32000
3,2,5.2,23000
2,2,4.8,18000
2,2,4.4,32000
0,0,6.7,60000
10,10,1.2,450000
0,3,16.8,62000
2,2,4.8,23000
0,0,6,35000
0,0,4.8,22000
2,1,4.8,17000
1,2,3.2,15000
1,1,7.1,23000
0,8,3.2,8000000
2,2,3.6,3520000
0,0,2,5200000
3,6,4.8,10000000
3,3,7.1,5000000
4,4,8,21500000
3,3,6.4,7500000
0,0,9.6,17000000
3,3,7.9,7900000
4,5,4.8,12000000
3,5,3.2,20000000
2,2,4.7,9000000
0,2,4.2,2660000
0,0,6.4,22000000
5,5,3.2,7500000
7,4,4.8,11500000
2,2,4.9,9500000
5,8,3,6500000
2,2,4,16000000
0,3,5.3,6700000
3,3,5.3,9500000
3,3,6.4,20000000
3,2,4.8,12000000
0,6,1,85000000
0,6,1.2,75000000
0,3,5.1,7000000
0,3,7.6,15000000
0,3,7.6,14000000
0,0,6.9,21000000
0,0,3.8,4500000
7,7,9.6,27500000
0,2,3,3300000
5,5,1,130000000
3,3,7.9,7900000
7,5,2.2,160000000
0,4,7.8,16000000
3,3,5.3,7700000
5,5,11.1,31000000
4,4,3.2,6000000
0,2,5.2,3230000
2,2,3,4500000
2,2,5.2,3230000
0,0,4.8,13000000
0,2,4.4,5500000
4,3,4.8,13000000
8,8,1.5,110000000
2,4,3,4500000
0,2,4.2,7200000
3,3,8.6,17500000
7,6,1,125000000
7,6,2,300000000
7,6,16,45000000
1,2,2.4,4000000
0,3,4,7600000
5,5,3.2,7200000
5,5,3.2,7200000
5,3,12.2,40000000
3,3,5,6642000
0,2,5,4900000
2,2,3.3,2200000
2,2,3.8,3500000
3,3,8,22000000
3,3,8.4,30000000
4,5,3.4,8000000
3,4,5.6,7000000
6,6,9.6,32500000
0,0,4,18000000
0,0,3.2,4450000
6,4,12,14300000
0,2,3.6,6000000
0,2,3.3,3900000
6,5,1,68000000
2,2,4.6,12000000
0,0,4.8,4200000
0,2,4.8,5500000
0,4,8.9,12500000
2,2,3.2,4000000
0,3,9.6,13500000
2,2,2.9,3500000
3,3,10,30000
4,3,1.3,90000
4,3,1.3,120000
7,7,2.1,450000
0,0,8.4,190000
3,2,8.4,190000
0,1,3.9,140000
0,2,9,220000
3,3,1,120000
0,2,6.2,100000
1,1,3.9,125000
1,1,5.1,130000
6,5,6,15000000
7,5,10.1,36000000
0,0,4,6400000
0,4,12.4,23000000
2,2,3.3,4900000
1,1,1.7,2800000
0,1,4.2,2000000
0,0,16,50000000
7,7,10,21000000
10,7,18,64000000
3,3,7.8,25000000
2,2,3.6,3600000
1,1,2.2,10500000
3,3,8.4,8000000
9,6,1.3,50000000
5,5,1,55000000
7,6,1,42000000
6,5,1,38000000
4,4,5,7500000
4,3,5,8500000
5,5,10,40000000
5,4,5,10500000
2,2,2,2200000
2,2,2.5,2600000
5,4,7,12500000
2,3,2.5,3500000
3,2,5,3800000
5,6,5,8500000
7,7,8,17000000
0,0,4,7000000
9,6,1.2,50000000
7,4,7,11000000
3,3,7.9,8000000
6,6,12,14000000
0,0,8,15000000
5,5,10,16500000
0,0,14,200000000
0,0,10,19000000
3,3,11.6,15500000
2,5,5,20000000
4,3,5,12500000
4,4,3,6500000
7,6,1,45000000
6,6,1,20000000
4,4,5,9500000
5,6,6,3750000
3,3,10,26000000
6,6,11,16900000
8,9,9.3,17500000
3,2,5,5200000
5,5,8,13000000
4,3,9,18000000
3,3,10,15000000
0,7,14,58000000
3,3,5,4500000
4,5,12,13000000
3,3,6,5000000
3,3,1,50000
3,2,12,30000
0,2,7.1,35000
2,3,3,12000
2,3,3,10000
2,3,3,13000
3,2,7,15000
3,2,5,18000
0,2,10,35000
0,3,1,50000
6,6,10,55000
6,5,10,54000
6,5,10,58000
5,5,10,58000
4,4,10,54000
4,4,10,65000
3,3,10,50000
3,4,5,30000
6,6,1,150000
5,3,1,57000
3,3,1,45000
3,3,2,130000
3,2,10,35000
0,4,10,45000
0,0,14,30000
6,4,10,50000
2,2,14,30000
0,1,5,25000
5,4,10,55000
4,3,5,11000000
3,4,5,9000000
0,4,1,27500000
6,5,1,42500000
3,3,5,9000000
4,4,1,33500000
4,4,1,32500000
4,4,12,18000000
5,3,5,9800000
2,2,3,5550000
6,5,2,130000000
4,3,4,13000000
10,7,2,100000000
5,5,10,20000000
4,3,10,12600000
6,5,2,50000000
5,5,1,45500000
5,4,3,6100000
7,5,2,70000000
6,5,1,45000000
4,4,10,25000000
0,0,1,55000000
5,4,4,6700000
7,5,2,125000000
5,4,10,33500000
3,3,7.5,10500000
6,5,5,9000000
5,5,10,18000000
4,4,14,19000000
6,5,10,22500000
9,7,1,55500000
2,2,2,2500000
6,5,1,42500000
2,2,10,26000000
6,5,10,31000000
5,5,5,9800000
4,4,1,32700000
2,1,3,4500000
4,4,1,33500000
4,4,5,11000000
6,4,10,32500000
3,5,3,5500000
6,5,11,17500000
5,5,1,42500000
0,0,4.4,8000000
9,8,1.4,62500000
0,0,3,110000000
5,4,10,35000000
4,3,3,7000000
2,3,2.5,6700000
2,2,8,10000000
4,3,10,16000000
2,2,2,3800000
4,6,2,6800000
6,5,1,39000000
0,0,10,20000000
5,4,5,12500000
5,4,10,29900000
4,4,5,7000000
3,3,2.5,8000000
4,2,5,9500000
6,5,1,40000000
10,11,2,120000000
3,3,7,7700000
4,5,1.6,80000000
5,5,10,21500000
5,4,10,30000000
2,2,4.8,19000
6,6,1,180000
0,2,3.1,18000
3,3,4.8,20000
6,6,2,350000
8,8,1.2,400000
6,10,6.4,100000
0,0,4.8,10000
5,4,1.3,250000
3,2,9.6,25000
3,3,4.8,18000
0,3,10,50000
3,3,9.6,35000
4,4,1.2,65000
3,3,9.6,35000
4,4,1.2,88000
0,0,12.2,100000
0,3,12.2,100000
5,4,11.2,45000
2,2,12,55000
4,3,10.7,60000
2,2,4.8,18000
2,2,3.8,90000
0,4,1,120000
0,2,4.4,50000
0,2,5.2,17000
0,2,9.6,21000
0,0,4.8,20000
4,3,13.7,165000
7,6,1,325000
6,6,2,650000
0,0,7,20000
3,3,12.2,105000
0,0,10.7,60000
2,3,3.2,2800000
0,3,4.6,6900000
3,2,4.4,30000000
4,4,12.4,21500000
3,3,10.8,31000000
0,0,2.9,5000000
0,0,8,23500000
6,6,16,52500000
0,0,16,47000000
2,3,5.6,3000000
5,6,4.8,5000000
0,5,4.8,6200000
3,3,12,17500000
3,3,12.6,47500000
8,6,4.8,19000000
0,2,4.2,2800000
4,4,11.7,60000000
3,4,16,26000000
0,5,6.2,22000000
2,2,5,15000000
0,2,3.4,3800000
6,5,9.6,15800000
4,4,18,130000000
2,2,9.7,46000000
4,3,10.7,34000000
4,4,13.3,57500000
4,4,12,54000000
0,2,3.1,2000000
0,10,1.2,95000000
0,0,16,42500000
5,6,4.8,11000000
4,4,11.1,43000000
0,3,8,12000000
6,6,9.6,35000000
6,6,5.7,10500000
0,2,3.6,3400000
0,6,6.4,9000000
0,0,4.2,13500000
3,3,6.7,8500000
2,2,4.4,8000000
4,4,12,75000000
6,6,9.6,21000000
0,4,3.6,4500000
0,0,1,65000000
3,3,4.8,8300000
5,4,9.3,18000000
3,3,7.1,30000000
3,3,5.6,9500000
3,2,5.6,12000000
0,2,3.6,4200000
2,3,3.2,3200000
4,3,11.4,22000000
3,5,6.4,6000000
2,2,2.9,2900000
2,2,2.2,3250000
6,5,1.2,38000000
1,2,2.9,4350000
4,4,10.7,32500000
3,4,9.6,8000000
3,2,4.8,5000000
5,5,1,89000000
0,3,5.8,6800000
4,4,6,17500000
0,0,4,6000000
1,1,1.8,2500000
3,3,8,18000000
3,5,5.6,7400000
9,6,1.8,95000000
1,1,1.8,2500000
0,0,5.6,6500000
5,4,11,12500000
0,0,16.4,2900000
0,0,4.8,8500000
5,11,11.2,25000000
0,2,4.2,4500000
0,1,1.6,1225000
0,0,4.4,6500000
3,3,5,6642000
5,4,11,12500000
2,2,5.7,4090000
6,5,10,22500000
2,2,4.2,5300000
5,6,10,22000000
2,1,3,2550000
3,3,5,14000000
4,4,10.9,23000000
3,3,8.9,12500000
7,6,6,21500000
2,2,2.5,1800000
0,0,9,5000000
5,4,7,9000000
0,0,8,15500000
5,5,7,17000000
9,9,7,15500000
6,5,7.5,14000000
3,3,11.6,18000000
3,3,7.1,9500000
2,2,3,2250000
4,2,6.6,11500000
6,5,7,14000000
2,2,4.7,7000000
2,1,2.8,4290000
3,2,9.8,150000
6,6,1,200000
2,2,6,45000
2,2,6,38000
2,2,4,45000
5,5,1,125000
6,5,1,180000
6,6,1,200000
2,2,4.9,60000
2,3,4.9,30000
3,3,7,21000
7,7,2,300000
4,4,12,65000
4,4,12,60000
2,3,6,43000
6,5,16,80000
4,3,12,32000
5,5,12,60000
3,3,12,30000
0,3,5.9,55000
3,2,7,24000
1,1,0.9,11000
0,0,7,49000
4,3,12,45000
2,3,7,23000
1,1,2.6,11000
0,0,7,23000
4,5,1,85000
5,5,1,90000
0,0,1,240000
0,0,10,160000
3,2,5,20000
4,3,1,130000
0,1,1.8,20000
3,2,10,28000
1,1,10,16000
0,0,13.7,300000
3,3,10,32000
3,3,10,32000
3,3,10,32000
3,3,10,32000
3,3,10,32000
0,2,5.6,40000
2,2,5,33000
5,5,1,110000
3,3,9.3,80000
0,0,5,3200000
4,4,5,7500000
3,3,10,7500000
5,6,4,15000000
4,4,4,5500000
1,1,8,5600000
0,0,9.2,6800000
4,3,5,8000000
1,2,1.8,3800000
5,5,11,23500000
4,4,5,19500000
6,6,7,30000000
0,2,3,1500000
2,2,2.5,2500000
3,3,4,7000000
4,5,9.7,5800000
5,0,10,23000000
3,4,5,9500000
4,2,5,9500000
1,1,2,2000000
0,0,3.3,5000000
2,4,3,9000000
5,4,13,18000000
1,2,3.5,3300000
0,0,8,19000000
6,5,10,27500000
1,2,2,2600000
2,0,3.3,6000000
4,4,7,29500000
0,0,10,11000000
5,5,10,12000000
0,0,7.5,6000000
0,0,13,20000000
3,3,10,15500000
4,4,1.5,15000000
6,5,10,20500000
0,5,13.5,24000000
0,5,13.5,24000000
3,3,7,7000000
4,3,3,25000
3,2,10,17000
2,2,5,12000
6,5,1,70000
3,4,3,17000
0,4,1,28000
4,4,4,55000
1,2,2.7,20000
5,6,1,100000
0,3,5,18000
2,2,10,35000
3,3,11,50000
2,1,3,34000
4,4,10,65000
0,2,5,17000
2,2,4,55000
5,5,8,45000
2,2,5,16000
6,6,1,125000
3,3,10,13700000
0,0,10,12900000
3,3,10,14000000
3,3,10,12800000
3,3,10,18000000
5,5,10,13000000
8,6,2,110000000
1,2,2,3500000
4,4,12,15000000
3,3,10,14000000
3,3,10,14500000
5,5,6,20000000
3,3,10,14500000
5,4,5,10500000
7,6,1,40000000
6,5,1,48000000
4,3,5,9100000
0,0,7,26600000
2,2,4,5999000
0,0,3.5,7200000
3,3,10,18500000
0,0,3,6000000
0,0,3.5,7500000
5,3,8,16000000
2,3,1.5,2900000
0,0,14,26000000
0,0,11,22500000
6,6,14,28000000
4,5,17,27000000
1,1,2,2999000
3,3,4,9500000
2,5,3,5500000
3,3,4,7500000
6,4,10,18500000
5,5,12,25000000
5,5,6,11000000
4,4,5,15000000
4,3,5,15000000
1,2,3,3500000
3,3,4,9000000
4,3,5,11500000
4,3,6,10800000
4,4,10,20000000
1,2,3,2800000
0,5,1,42500000
2,3,2.2,5500000
6,6,5,7500000
3,5,5,4930000
0,6,1.1,13000000
9,8,2,180000000
3,3,3,6000000
4,3,3,8700000
0,0,11,15000000
8,7,1.6,57500000
7,6,10,16000000
5,4,14,26800000
6,5,7,16000000
5,4,5,8000000
4,3,3,8700000
0,0,1,55000000
3,4,10,13000000
3,3,3,4000000
6,5,1,56500000
4,3,5,12500000
5,4,10,17000000
4,3,5,9800000
6,6,11,20500000
4,3,5,11000000
7,6,10,25500000
3,3,3,8500000
7,5,15,26500000
7,6,10,22000000
8,5,16,300000
2,3,8.6,30000
2,4,9.6,30000
2,2,5.8,125000
5,4,11.1,150000
3,3,6.2,28000
0,0,5.7,38000
4,4,4.8,60000
1,2,8,11000
5,4,16,55000
0,2,8.9,45000
1,2,4,10000
2,2,4.8,25000
0,4,6.4,65000
4,3,1.2,100000
2,2,6.4,70000
0,3,7.2,35000
2,2,8,34000
3,3,1,125000
10,11,16,370000
5,5,10,170000
1,1,0.4,17000
0,0,1,130000
0,0,1,130000
1,2,3.6,25000
8,6,2,600000
4,3,6.7,4797000
4,3,7.1,5136000
2,2,4.8,4000000
2,2,5.8,4666000
5,4,12.5,10100000
2,2,5.2,3763000
2,2,5.7,4090000
4,3,7.1,5136000
2,2,5.8,4666000
5,4,12.5,10100000
4,3,9.8,7960000
2,2,15,5500000
0,3,12,35000000
0,0,6.7,11000000
5,6,4.8,14500000
4,4,16,30000000
0,2,3.2,10000000
3,3,7.8,13000000
2,3,2.4,4000000
3,3,5.1,9000000
7,6,16,50000000
9,9,9.6,33500000
0,4,4.7,3200000
3,3,7.2,5500000
2,2,4.8,7500000
3,3,4.8,3700000
5,4,10,18000000
0,3,6.7,7700000
0,3,6.2,12500000
1,2,3,4500000
3,3,8,11500000
3,3,6.1,9800000
3,3,6.4,12000000
3,3,8.4,36000000
10,11,9.6,26000000
1,2,2.6,1875000
4,4,11.1,30000000
1,1,1.7,2650000
4,3,11.1,44500000
2,3,3.3,3000000
2,2,4.7,9000000
2,2,3.8,3000000
1,2,2.8,3000000
2,2,4,8000000
0,2,4.2,7500000
3,3,6.4,9000000
5,4,14,85000000
2,2,5.7,4090000
4,3,6.7,4770000
4,3,7.1,5136000
6,4,12,55000000
2,2,5.8,4666000
7,6,10,31500000
5,6,10,22000000
4,4,3,8700000
6,5,8,14000000
3,2,7,6700000
3,3,7.8,5600000
7,7,16,41500000
0,2,4.4,2400000
6,5,10,28500000
9,7,10.9,34500000
4,4,1.3,25000000
3,2,4,8500000
9,6,1,25000000
1,1,4.2,6365000
4,3,4,4600000
2,2,4,1500000
5,4,2,37500000
1,1,4,7800000
0,0,10,14000000
2,2,4.9,8300000
4,4,10,21500000
5,5,1.1,18800000
0,5,2.2,70000000
0,2,2,4500000
4,3,5,6500000
8,6,9,17500000
3,3,1,7000000
3,3,11.7,5700000
7,5,10,17000000
0,2,4,3600000
2,3,1,250000
1,1,4.4,65000
10,9,5,1500000
0,2,3.3,30000
4,4,2,270000
4,3,1.2,100000
4,3,11.7,235000
0,0,3.8,30000
0,2,3.1,25000
3,2,8,35000
0,0,2.9,25000
3,2,1,130000
2,2,1,35000
6,6,2,200000
3,2,9,200000
2,0,4.9,180000
1,1,0.9,7000
0,3,7,25000
1,1,4,35000
1,1,1,6000
0,2,4,25000
3,3,13,50000
3,3,13,50000
0,0,8,17000
2,3,4.9,30000
7,4,8,16000000
5,4,7,16000000
4,4,5,8500000
8,6,16,30000000
4,4,6,12000000
4,4,10,8000000
6,6,10.5,15000000
7,7,5.5,17000000
5,6,5,11500000
0,5,7,10800000
8,5,10,21500000
10,11,2,80000000
4,3,10,6500000
4,4,5,5500000
8,7,8,35000000
2,3,5,5500000
0,5,13.5,24000000
7,6,10,12500000
4,0,5,7800000
7,5,7,13800000
5,8,6,13000000
4,4,10,27500000
3,2,5,17000
6,4,5,35000
1,2,2.2,25000
1,1,2.7,14000
3,2,8,28000
1,3,4,13000
3,2,10,50000
3,5,1.3,250000
2,2,4,27000
2,2,4.4,45000
3,2,12,25000
4,4,1,50000
5,3,7,30000
4,3,3.5,6300000
5,4,3,5500000
0,0,5,8500000
4,4,12,17500000
4,3,5,12000000
2,3,4,29000000
4,4,12,18500000
4,4,5,7000000
6,5,12,24500000
4,4,10,18500000
6,4,5,9000000
4,4,10,14000000
5,5,7,9800000
5,4,10,25000000
5,4,17.8,35000000
7,5,1.8,85000000
6,5,1,39000000
2,2,4,3500000
7,6,1,39000000
6,5,1,48500000
7,5,10,21000000
6,4,6,9000000
7,5,10,21000000
7,5,7,9000000
1,3,5,8500000
4,4,4,7500000
4,3,5,8800000
4,4,1.9,105000000
0,0,2,1900000
4,3,5,10000000
4,4,12,23500000
4,3,5,8600000
2,3,4,3500000
6,5,6.7,12000000
4,4,10,20000000
4,4,1,41500000
5,5,12,16000000
4,3,1,21000000
3,3,2.5,6500000
5,6,5.5,17000000
9,7,1.6,54000000
0,0,1.6,53800000
0,0,2.8,2175000
5,4,3,7200000
0,6,10,24500000
6,5,2,128000000
5,4,5,10500000
6,5,11,22500000
0,0,2,2800000
6,5,10,16000000
5,5,4.5,9400000
6,4,8,15000000
5,4,7,11000000
5,4,10,19500000
4,3,3.3,7000000
3,3,3,8500000
3,3,3,7500000
6,5,1.6,115000000
3,2,7,10500000
2,2,5,9500000
6,5,13,24500000
0,0,2,135000000
0,6,1,80000000
5,5,5,9000000
6,5,1,41000000
2,2,2,2500000
6,5,1,42500000
4,3,5,11500000
5,4,1,37500000
2,3,2.5,4500000
6,5,1,41000000
3,2,10,9000000
4,4,12.5,10100000
4,3,11,9205000
2,5,3.7,9500000
8,6,1.8,150000000
0,3,7.6,20000000
0,0,4.2,10500000
3,3,6.9,9900000
5,4,14,58500000
2,2,3.3,2300000
4,0,3.2,8000000
3,3,5.6,5200000
3,6,16,30000000
0,3,10,12500000
0,2,1.8,1750000
5,5,10.6,42500000
3,3,6,4500000
0,4,9.6,12000000
5,4,12,30000000
5,9,4.8,10000000
0,0,5.8,13000000
2,0,3.8,3500000
4,4,4.4,10000000
3,3,5,6642000
2,2,4.2,6500000
4,3,11,9205000
5,4,11,12500000
2,2,5.2,3763000
2,2,5.7,4090000
0,4,9.6,45000
2,2,6,18000
3,3,4.9,34000
2,3,4.2,28000
6,6,2,600000
2,2,5.3,40000
0,2,4.4,24000
0,4,9.8,50000
3,3,15.6,125000
3,3,15.6,125000
0,0,4,12500
1,1,4.4,15000
4,4,16.4,200000
0,0,2,500000
0,0,4.2,38000
4,4,14,135000
4,3,1.2,90000
4,4,16,125000
3,3,8,60000
2,2,4.9,40000
4,4,16,70000
3,3,4.9,55000
4,3,9.6,58000
2,2,4.2,30000
3,3,6.7,4770000
3,3,7.1,5136000
0,3,6.4,15000000
0,0,7.6,20000000
0,3,7.6,20000000
4,6,3.2,4500000
4,4,4.8,16500000
0,4,11.4,3000000
5,4,3.3,6300000
2,2,2.7,3300000
4,4,7.8,19000000
3,3,10.2,45000000
5,4,10.8,25000000
1,2,2,2200000
2,2,4,5500000
8,8,3,65000000
0,7,2,250000000
3,3,6,7000000
0,0,8.6,60000000
3,5,8.5,8500000
3,3,10.2,12000000
4,4,4.8,18500000
3,3,3.2,13000000
0,0,4,3200000
3,5,4.4,7500000
3,3,4.2,11000000
0,3,8,8500000
4,4,7.1,12500000
5,4,4.8,18000000
2,2,5.8,4666000
4,3,9.8,7960000
5,4,12.5,10100000
2,2,4,4000000
2,5,13.4,32000000
2,3,5.2,7800000
0,0,6.9,11000000
4,3,17.8,45000000
2,4,7.4,9000000
2,2,5.6,6000000
4,3,8,15000000
2,2,4.2,5700000
3,2,4.7,6050000
3,3,5.6,7966000
3,3,11.4,24000000
3,3,6.4,17000000
5,4,4.8,8500000
1,2,4,2300000
5,4,11,12500000
2,2,4.2,11500000
4,6,4.8,4000000
2,3,4.8,7000000
3,3,7.3,13500000
0,5,6.4,5700000
0,5,5.6,7000000
0,3,2.2,6500000
0,0,4.8,5500000
0,1,1.6,1500000
0,4,6.7,8500000
7,5,1.8,62500000
6,6,1,37000000
5,5,6,17000000
0,0,20,67500000
3,2,4.9,4900000
3,2,6,7600000
3,3,5,13000000
6,6,1.2,37500000
3,4,5,8800000
2,2,7,9000000
3,3,4.5,4200000
3,3,5,14000000
2,2,5.1,8000000
5,5,8,35000000
4,4,8,28000000
3,3,6.9,5000000
3,3,10.7,9500000
0,6,1,27000000
7,5,14.7,10000000
3,3,14.2,12000000
2,4,8,3600000
0,0,4,45000000
5,5,5,11000000
1,1,1.6,2500000
7,7,14,25800000
4,5,14.2,32000000
6,5,1,38000000
0,3,1,120000
4,4,1,270000
9,9,1,350000
2,2,2.5,12000
0,0,3.6,55000
3,3,12,30000
1,1,4.4,25000
1,1,4,30000
0,0,15.3,45000
3,3,10,48000
3,3,10,48000
3,3,10,48000
3,3,10,48000
6,6,1.2,175000
0,3,12,43000
0,2,15.6,60000
2,2,16,60000
3,3,14.2,65000
0,2,10.9,43000
0,3,14.2,50000
1,2,4.4,18000
0,3,10.9,40000
0,3,12,50000
0,0,3,20000
0,2,1,150000
3,4,1,70000
4,5,1,120000
1,1,3.8,45000
0,1,2.4,11000
0,2,8,16000
0,2,8,16000
5,4,8,35000
3,2,6.5,20000
2,4,7,2850000
1,2,3,2500000
0,0,7,21000000
0,0,5,72500000
6,6,12.4,18000000
3,3,3.5,3500000
0,0,1,70000000
3,5,11,30000000
0,0,15.3,67500000
6,6,12.1,22500000
2,2,4.4,5200000
2,2,3.5,4200000
2,2,4.4,5000000
5,4,18.7,33000000
2,2,3.1,3600000
7,7,1,37500000
1,2,3.8,4800000
3,3,8,11200000
0,1,3.3,4200000
2,2,2.7,3550000
6,6,1.2,45000000
6,5,9.5,15000000
4,4,8,7000000
7,6,5,14300000
3,3,7,4500000
6,6,5,15000000
8,6,11,25000000
2,2,4.9,5100000
2,2,4.7,6000000
3,6,2.5,6500000
0,0,4,3200000
7,5,11,27800000
2,2,5,4000000
5,4,6,6000000
8,0,8,18000000
0,0,1.2,47500000
6,5,18,130000
3,3,16,30000
0,0,5,10000
3,3,3,20000
0,0,3,25000
0,0,3,18000
2,1,3.1,23000
2,2,4,21000
2,2,4,21000
5,5,10,75000
2,2,12,45000
3,3,1,60000
0,0,4,25000
2,2,4.4,30000
2,2,12,38000
2,1,3.6,35000
3,2,6,22000
3,3,11,45000
6,5,1,37200000
6,5,1,29000000
3,5,5.5,7500000
3,4,5,12500000
2,2,3.3,3500000
1,1,2,1800000
3,4,5,8500000
6,5,1,44500000
6,5,14,34000000
10,5,1,51000000
5,4,2,102500000
3,4,3,7000000
3,6,5,15000000
2,3,5,6000000
2,2,2,2350000
2,1,3.9,3500000
7,7,1,45000000
5,4,10,23500000
4,4,2,87500000
6,5,1,44000000
2,3,5,6000000
4,3,5,10500000
4,4,12,15000000
3,3,10,15000000
3,3,10,12200000
0,0,3,9000000
3,3,10,12100000
4,3,5,16000000
6,5,1,41800000
5,5,1,105000000
5,4,13,35000000
4,4,1,47500000
0,3,11.1,12900000
4,5,7,238000000
2,3,4.5,6000000
5,5,1.2,24000000
3,3,10,20700000
6,5,10,18500000
4,3,3,5500000
6,5,1,41000000
4,3,6,2000000
3,3,10,21000000
6,3,3,9000000
4,3,5,10000000
4,4,1,35500000
4,4,1,25000000
4,4,7,9800000
4,4,10,15000000
0,0,7,18500000
0,0,6,13000000
3,3,3,5500000
3,4,3,6000000
3,3,7,14700000
5,3,11,15000000
0,0,1,8500000
2,2,3,8000000
3,6,11,31500000
4,4,4,8500000
0,0,10,22000000
0,0,1,49900000
4,3,4.2,7500000
0,0,7,15000000
6,5,7,15000000
5,4,10,25500000
7,6,2,65000000
5,5,10,17500000
0,0,2,120000000
3,3,5,11500000
5,4,3,8500000
6,5,1,43500000
6,5,10,16000000
4,3,5,13000000
5,5,10,30000000
5,4,5,14000000
7,7,5.9,10500000
0,0,2.7,4200000
4,5,4,4500000
5,5,1,41000000
4,4,5.2,10500000
5,4,5,5000000
4,3,8,20000000
5,4,11,12500000
0,3,8,27500000
2,4,5.3,6200000
2,2,4.4,4000000
3,4,3.2,9500000
0,7,4.8,11000000
2,3,4.8,13000000
2,2,3.6,5500000
1,1,1.8,2700000
2,1,4.8,8000000
3,4,9.6,30000000
0,5,10.2,22500000
0,2,3.1,1850000
0,0,4.9,9500000
3,3,5.8,7000000
3,3,4.4,13000000
2,4,3.7,4800000
0,3,11.6,24000000
2,2,4.2,5000000
3,3,4.8,12700000
2,2,5.6,25000000
2,2,3.8,6500000
2,2,4.9,7000000
2,3,4.8,13000000
4,4,16.2,59000000
3,5,3.2,3200000
6,6,1.6,390000000
0,0,6.4,6000000
0,0,6,6500000
0,4,12,13000000
2,2,4,11500000
3,4,4.8,17000000
3,2,4.8,7500000
5,5,14,93000000
4,4,9.8,40000000
5,4,4,36500000
3,4,4.8,3500000
5,5,1.1,70000000
0,3,8,14000000
4,4,9.6,12500000
2,2,4.8,27000
0,2,2.9,22000
2,3,9.6,36000
3,5,5.6,23000
4,3,16,45000
3,3,4.2,25000
0,0,8.9,50000
6,6,1,159000
3,3,12,105000
6,6,12,100000
6,6,16,100000
3,2,7.2,30000
2,2,1,110000
2,2,9.6,26000
0,3,16,55000
0,3,8.4,40000
4,4,9.6,65000
1,2,2.4,20000
2,2,6.2,70000
1,1,2.9,32000
0,0,10.8,45000
6,6,2,600000
0,4,16,50000
0,2,4,16000
2,2,4.8,27000
2,2,1,85000
0,4,4.3,3200000
3,3,9.6,25000000
2,2,2.4,6000000
3,8,4.8,10000000
3,3,4.8,9500000
2,3,4.7,10400000
2,1,4.8,11000000
1,1,2,1800000
3,3,6.7,9500000
0,3,8.7,27000000
0,4,10.9,34000000
3,3,5,15000000
6,4,12,15500000
5,3,12.2,30000000
0,2,3.8,6000000
0,3,3.1,3000000
7,6,4,500000000
5,4,4.8,14000000
0,3,4.8,6700000
7,7,10.2,39500000
3,3,5.3,13500000
0,2,4.7,3800000
6,4,12,15000000
3,3,10.2,12000000
0,0,8.6,35000000
4,3,9.8,15000000
5,4,12,47000000
3,2,12.1,80000000
2,2,4,7500000
2,2,4.2,6300000
0,0,4.8,17000000
7,6,4.8,10500000
3,5,3.2,5100000
0,0,1,75000000
2,2,7.3,38500000
3,5,3.2,4600000
2,2,4.2,12500000
8,7,14.2,41500000
0,2,4.2,5200000
2,2,5,6500000
0,9,16,47500000
6,6,17.8,90000000
0,2,2.9,3000000
4,4,11,17000000
0,0,8,6500000
0,4,6,20000000
6,5,1.8,62500000
7,6,16,51000000
6,4,6,11500000
2,2,5.3,10100000
5,6,10,22000000
3,3,10.7,16000000
6,4,5,9200000
0,2,9.4,14000000
6,6,1,25000000
0,0,1,1700000
6,6,5,12000000
5,4,6,13000000
10,9,2,200000000
3,3,4.9,11000000
5,5,8,16000000
5,4,10,13000000
8,6,1,90000000
6,6,1,50000000
3,5,14,41000000
7,7,1.3,97500000
5,6,5,22500000
6,7,1,85000000
7,6,7,13000000
6,5,4,15000000
5,4,8,11000000
10,11,1.1,56000000
2,1,2.1,3360000
3,3,1,45000
3,3,1,30000
5,4,1,450000
2,3,14,40000
3,3,9.3,26000
0,3,16,80000
0,0,15.1,80000
10,11,1.4,325000
3,2,11.6,97000
0,0,10,45000
4,4,8,25000
4,4,8,25000
6,4,18,75000
2,3,7.5,40000
4,4,2,150000
1,1,4,60000
3,3,10.7,65000
2,2,5,40000
2,2,5,40000
0,3,1,80000
2,2,10,60000
3,4,1,33000
5,3,11.7,290000
1,1,5.6,35000
0,2,8,35000
0,2,8,35000
5,5,2,300000
0,2,5,35000
0,3,1,100000
0,3,1,100000
0,0,1,150000
5,4,2,75000
0,7,3,95000
3,3,12,28000
3,3,11,33000
3,3,10,35000
4,5,5,8800000
8,4,6,20000000
2,2,10,17000000
3,5,6.5,12000000
5,5,10,17500000
5,5,14,35000000
7,5,15,30000000
6,6,10,17500000
5,5,5,9000000
4,4,5.3,14000000
5,5,10,25000000
3,2,4,4200000
4,4,6,12500000
3,3,10,18000000
3,2,7,6500000
3,3,6,6000000
1,1,3,3500000
3,3,5,18000000
5,5,7,14500000
3,3,10,17000000
3,3,10.9,12800000
4,4,3,7000000
10,10,1,29000000
6,5,10,23000000
3,3,10,11700000
4,4,10,17500000
3,2,5,4200000
3,9,5,14000000
5,5,7,11500000
7,5,10,19000000
7,5,11,27800000
2,2,5.6,4600000
3,3,4,6800000
3,2,4,4000000
7,6,1,37000000
6,5,10,15000000
3,2,5,5500000
5,5,7,14000000
3,3,5,11000000
2,2,2,3500000
6,5,8,13500000
4,4,5,4200000
2,3,3,12000
2,2,3,10000
3,4,4,20000
0,0,4,10000
5,4,5,35000
3,2,3,25000
6,8,14,40000
7,11,1,350000
1,1,3.7,50000
3,3,10,40000
2,3,3,25000
1,1,1.4,12000
2,3,5,16000
3,3,5,23000
0,0,3.3,18000
0,0,4,18000
0,3,6,23000
2,1,5,40000
0,3,7,19000
4,3,10,42000
10,10,2.6,125000000
5,4,5,10500000
5,4,10,17500000
4,3,5,11000000
3,3,3,6900000
0,0,3,225000000
5,4,4,9000000
6,6,1,49900000
3,3,7,17000000
5,4,1,33500000
4,3,5,7500000
4,4,5,8500000
3,3,10,20500000
4,4,10,22000000
1,1,5,7800000
3,3,10,11000000
3,3,10,15500000
3,2,3,4150000
0,7,1.7,32500000
3,3,3,6500000
5,5,1,39500000
0,0,3,6250000
4,7,5,10000000
4,6,2,85000000
5,5,1,45000000
5,5,10,17000000
2,4,4,6500000
5,5,13,22500000
7,6,10,13500000
5,4,7,14500000
6,6,1,30000000
4,4,1,24500000
5,4,9,18000000
4,8,4,7500000
7,5,10,18000000
5,4,10,29000000
5,4,10,22500000
5,4,10,24000000
6,5,12,30000000
5,4,10,22800000
6,5,1,39000000
0,3,3,4949000
6,5,1,49000000
2,2,5,5800000
2,3,2.5,3500000
0,0,3,4000000
0,0,10,21500000
2,3,8,14000000
5,4,2,42500000
6,5,1,34000000
4,6,3,7000000
4,5,10,25000000
5,4,1,24500000
4,3,3,6000000
4,5,11,25000000
3,3,10,18500000
6,4,10,20500000
8,7,1,30000000
2,2,2,3400000
4,3,4,5800000
1,1,3,4500000
6,5,10,16000000
3,3,9.6,15000000
1,4,4.8,5500000
0,7,4,3500000
6,6,2,140000000
3,2,4.9,11000000
3,4,4.8,10000000
3,2,4.8,7500000
4,3,9.3,32000000
0,1,3.2,1300000
1,2,4.2,8200000
5,0,4,13000000
2,4,9.6,5500000
2,2,3.3,3300000
2,2,3.2,4500000
0,0,8,5800000
0,2,4.4,7700000
3,3,6,6000000
0,2,4.8,5600000
2,2,4.2,9800000
3,3,9.6,12500000
2,2,4.8,11500000
5,5,1,86500000
3,3,8.6,33000000
0,0,4.2,6000000
6,6,2,185000000
6,6,1.2,77500000
0,4,11,32000000
0,0,16,51500000
4,4,4.8,15000000
4,3,12,18500000
0,0,4.8,4500000
2,2,3.3,4800000
2,0,2,7000000
2,2,4.2,6200000
6,5,1,125000000
5,6,4.8,7000000
2,2,5.3,3800000
0,4,6,19000000
6,6,4.8,16000000
7,4,4.8,16000000
2,2,4,3600000
2,2,5.3,7500000
6,4,12,13200000
7,7,16,55000000
0,3,6.6,7200000
0,0,8.6,14000000
5,5,1,38500000
5,6,16,45000000
3,3,13.3,29000000
0,0,3.4,3380000
0,0,3.8,13000
2,2,4.2,40000
3,3,6.7,40000
3,3,6.7,40000
3,3,5.1,20000
10,11,1.2,550000
0,2,4.7,35000
0,3,6.7,40000
0,2,10,130000
0,0,4.9,40000
6,6,8,95000
0,0,2,650000
0,2,4.4,25000
0,0,6.4,25000
1,1,2,61230
1,2,2.4,10000
4,4,10.2,120000
0,11,2,600000
0,0,2,700000
6,5,14,165000
2,0,3.1,25000
0,0,7.9,100000
3,2,4.9,50000
0,5,6.4,23000
2,2,4.9,8300000
2,3,4.7,13000000
0,0,5,7000000
3,3,9.6,11000000
3,5,8.1,4800000
3,3,6,8800000
0,5,16,48500000
5,5,5.1,9000000
2,2,4.4,14000000
4,4,4,28000000
3,3,10,10200000
2,2,4.9,4500000
3,3,4.8,4500000
2,2,3.6,4000000
4,5,4.8,2500000
0,0,3.8,6000000
3,2,4.7,6050000
8,8,1.3,98000000
2,2,4.7,6500000
3,3,10.7,46000000
8,8,1.3,98000000
2,2,3.3,3500000
6,8,1.2,75000000
4,3,4.9,9000000
2,3,3.2,5600000
4,4,8.4,10500000
0,0,3.8,4700000
4,4,9.3,35000000
3,3,4.5,4150000
3,3,5,10000000
4,0,4.8,16500000
0,4,12,19500000
3,3,6.2,11000000
5,4,4.8,12000000
6,5,1,85000000
0,4,7.1,11500000
5,4,12,57500000
0,0,2.9,3500000
2,2,4,9000000
7,7,1,60000000
0,0,8,18500000
0,0,4,5100000
2,2,8,25500000
0,2,1.6,2850000
0,4,12,22000000
4,5,6,16500000
7,4,10,30000000
6,6,15,23000000
3,3,4,4500000
3,3,5.7,12000000
6,6,18,30000000
0,2,9.6,13500000
8,7,1,75000000
4,2,10,42500000
7,6,1,90000000
5,4,10,21000000
5,4,11,25000000
10,10,1,25000000
0,1,1.3,1700000
8,7,1.4,107500000
2,2,2.6,2632000
5,5,1.5,20000000
5,5,8,15000000
4,4,4,13500000
2,6,3,3450000
2,3,10.8,9900000
2,2,3.5,6500000
8,10,1.4,43000000
0,0,4,500000
0,3,12,50000
0,2,7.1,60000
2,7,5,34000
5,3,4,42000
3,3,10.2,45000
0,3,1,45000
2,3,5.1,16000
2,2,5,20000
1,2,4.4,15000
1,2,4.4,15000
1,2,4.4,15000
1,2,4.4,15000
8,7,12,130000
0,0,10,11000
3,3,10.7,44000
9,7,1,250000
4,4,17,80000
0,2,5.3,45000
2,2,1.2,88000
5,5,8,50000
3,3,1,140000
3,2,6.7,38000
0,4,12,10000
0,4,10,45000
2,2,5,30000
2,3,5,6500000
4,3,4,4500000
1,6,10,5500000
5,4,5,8500000
3,4,8,9500000
6,5,10,19500000
2,5,7,12500000
4,4,5,9500000
5,4,10,9000000
3,3,5,7000000
5,4,7,15500000
3,2,5,7000000
0,0,5,5900000
6,6,13,33000000
0,0,8.5,9500000
7,7,1.2,39500000
2,2,4.9,2100000
3,2,5,4800000
2,3,4.2,4500000
5,6,7,15000000
5,6,5,5200000
5,5,10,23500000
7,6,10,20500000
1,1,2.5,3500000
1,1,1.5,2500000
3,3,7,5900000
3,4,10,7800000
4,3,11,17500000
3,5,4,13400000
3,5,10,14500000
5,5,6,6000000
7,7,5,11000000
3,5,6.3,12000000
6,5,10,25000000
6,4,5,7000000
6,5,10,17500000
0,0,3,3000000
0,0,10,19000000
5,3,15,16000000
4,4,1,75000
6,6,1.2,100000
0,2,5,20000
1,2,3,11000
5,0,2,200000
3,5,8.5,20000
6,5,10,50000
3,3,10,36000
3,3,1,65000
1,1,6,40000
5,4,1.4,90000
3,3,7,22000
3,4,12,55000
3,4,12,55000
6,7,10,60000
2,3,8.2,40000
3,3,10,55000
2,2,3,18000
2,2,7,30000
0,3,1,70000
4,4,13,32500000
6,5,14,24000000
6,4,10,15800000
6,5,2,100000000
1,2,2,2150000
3,3,5,7200000
0,0,1,57500000
5,4,14,38000000
2,3,2.5,3200000
7,5,14,24000000
5,5,14,63000000
3,3,5,11500000
3,7,7,9000000
4,4,5,8500000
6,5,1,47500000
2,3,3,4500000
5,6,8,14000000
3,3,7,15000000
3,3,4,8500000
2,2,7,30000000
3,3,2.5,5500000
4,3,5,10500000
2,3,3.6,8000000
5,4,10,21500000
6,6,2,80000000
4,4,10,16000000
5,4,1,50000000
6,5,1,45500000
3,3,9,12000000
5,5,1,62500000
1,1,1,1800000
0,0,4,8500000
4,3,3,5500000
6,5,1,67500000
7,0,9,20000000
6,5,13,30000000
3,5,5,7500000
2,4,2.5,4000000
2,2,1,17000000
4,3,4,9500000
3,3,5,7500000
4,3,3,6000000
3,3,9.8,38500000
3,5,5,9000000
5,5,1,32000000
3,3,4,6800000
6,5,1,45000000
4,3,5,10000000
4,4,5,11000000
4,4,12,18500000
5,4,5,11000000
2,7,3,15000000
4,4,12,18500000
0,0,2,120000000
0,5,2.5,7000000
1,1,32,200000000
4,4,8,22500000
3,3,5,11000000
0,14,2,100000000
8,7,4,125000000
0,4,3,4500000
5,7,11,24200000
4,5,4,110000000
10,9,1.6,130000000
3,3,7.6,4800000
3,3,8,9700000
3,3,8,18000000
4,4,4.8,9500000
3,3,8,14900000
7,6,9.6,22000000
7,6,11.2,33000000
0,2,3.1,4000000
0,2,4.3,6000000
8,6,4.8,16000000
2,4,4.8,25000000
10,11,5.6,9500000
4,4,14,14500000
2,2,3.2,2800000
5,4,10.4,42000000
2,6,4.8,7600000
5,4,10,55000000
0,0,4.7,12500000
0,3,4.4,8300000
3,3,8,8000000
8,6,5.4,14000000
3,2,4.8,11500000
4,4,1.2,52500000
3,3,6.7,8500000
2,3,5.6,25000000
0,3,5.9,11000000
4,5,5,7000000
6,5,10,50000000
4,4,1.2,52500000
3,3,6.4,7800000
0,3,5.3,12000000
4,4,14,85900000
3,3,12.8,58500000
4,4,4,33500000
8,8,1,60000000
4,3,7.3,12500000
0,0,7,8500000
2,2,4,4800000
3,3,7.3,28000000
3,5,4.8,15000000
2,2,3.2,3500000
3,2,4,7000000
0,4,6.5,9500000
3,3,4.4,5000000
0,3,4.4,5000000
4,3,3.8,8000000
6,5,1,125000000
2,2,2.6,2800000
3,3,6.7,15000000
3,3,3,5900000
4,4,7.3,12500000
5,4,2,140000000
2,2,4.2,7500000
1,2,2.6,4000000
3,3,8,15500000
0,2,3.3,3200000
3,3,8,19000000
5,5,4,9000000
2,2,4.8,6000000
3,3,6.9,10000000
0,0,4.9,7500000
0,3,6.7,17500000
4,5,4.8,21000000
3,2,4,8500000
0,3,9.6,18000000
2,2,3.3,4200000
2,2,2.2,2750000
3,3,6.7,14000000
2,2,4.7,6000000
4,4,13.1,57500000
2,3,4.8,8250000
3,3,8,10500000
7,6,1.3,400000
2,2,5.2,27000
4,4,4.8,60000
2,2,4.4,28000
0,3,6.2,50000
0,3,6,50000
4,4,14,85000
0,4,16,50000
3,3,10,120000
0,3,9.6,46000
3,3,1,100000
3,3,1,100000
0,3,7.1,70000
3,5,5.8,30000
10,10,1,550000
0,0,16,60000
0,2,2.2,28000
4,3,8,80000
0,0,1,250000
0,0,1,250000
0,3,1,150000
0,3,4.8,31000
6,5,1,250000
5,5,1,230000
0,0,4.8,35000
0,1,3.2,15000
0,5,9,42000
5,5,16,350000
2,2,1,45000
0,0,8,90000
3,3,16,50000
3,3,4.9,6800000
4,5,12,52500000
3,3,5.3,6000000
2,2,4.7,6050000
3,3,5.6,7997000
3,3,8,21000000
3,3,7.1,18500000
2,2,4.2,6500000
3,3,4.3,7500000
6,7,3.6,5000000
8,8,4.8,22000000
4,4,11.2,7500000
1,1,3.2,3500000
3,3,5.3,6000000
0,0,7.1,13500000
3,3,9.6,12500000
3,3,5.6,7900000
0,0,4.8,7500000
4,4,9,29000000
0,2,4.3,6500000
0,0,4.9,11500000
2,3,4,6500000
0,3,5,6500000
2,2,4,3200000
0,2,3.3,4000000
2,2,4.8,13000000
2,2,4,4500000
3,3,5.8,6200000
6,6,5,9000000
3,4,5,5800000
5,5,10.9,31500000
2,2,8,6900000
3,3,8,10700000
5,4,13,19000000
2,3,5,6500000
1,1,2.7,4000000
0,0,5,8000000
4,3,3.6,8500000
2,3,3.9,4500000
4,2,7,6500000
3,3,8,11000000
3,3,1,17500000
5,4,5,22500000
6,6,7,11000000
5,5,7,12000000
3,3,3,2100000
6,5,1,39500000
0,5,8,29500000
5,4,4.4,14000000
5,4,3,3800000
0,2,7.1,7000000
0,0,0.6,18000
2,2,3.3,50000
2,2,7,16000
3,3,14.2,29000
4,3,14,60000
3,3,6.7,50000
1,1,0.8,10000
6,4,2,1100000
3,3,2.2,150000
2,2,5.6,15000
2,2,4.4,14000
2,2,8,18000
4,3,4,22000
0,3,10,42000
0,4,5,37000
0,3,14.2,65000
0,2,11,36000
4,4,4,55000
2,2,15,20000
2,2,2.4,13000
3,3,12,70000
3,3,14,85000
4,4,4,40000
0,1,1,8000
2,2,7,27000
3,3,5,60000
2,2,7,30000
3,3,10,35000
3,3,12,30000
0,2,7,38000
0,2,5.6,17000
2,3,5,40000
0,3,1,50000
2,2,5,48000
3,0,5,50000
0,2,6,55000
0,3,1,45000
3,3,1,25000
1,1,1.1,10000
5,5,8,55000
3,2,7,26000
4,4,1,55000
3,3,5,17000
4,3,10,28000
4,3,10,42000
5,3,8,25000
6,4,7,35000
3,2,7,18000
2,2,7,17000
1,1,0.5,32000
1,1,0.5,18000
5,4,4.4,45000
4,3,14.2,50000
0,3,1,40000
3,2,4.4,24000
5,5,14,33000000
1,2,5,5500000
1,0,3,8500000
0,0,4.5,5000000
5,4,5,9900000
4,3,5,8200000
5,10,10,15000000
6,5,10,24000000
2,3,4,4000000
5,6,5,6500000
2,2,5,9200000
7,6,13,26000000
4,3,5,7500000
10,11,11,21000000
5,4,10,25500000
6,5,12,24000000
5,5,7,13500000
6,4,7,13000000
0,0,1.6,176000000
4,5,3,14000000
8,6,1,37000000
7,6,1,40000000
7,6,1,31000000
5,5,12,17500000
3,3,6,11500000
3,3,8,12000000
7,6,7,15000000
5,6,5,10000000
6,5,7,13000000
5,5,11,28500000
0,0,1,2500000
3,3,3,18000
0,0,5,25000
6,5,7,35000
0,1,3.3,40000
4,3,1,60000
0,3,1.1,45000
0,3,1,50000
6,5,10,65000
3,3,10,40000
2,2,5,32000
0,2,3.3,15000
4,4,1,55000
4,4,1,55000
4,3,1,60000
4,3,1,60000
2,4,5,22000
3,2,6,40000
4,4,1,55000
3,2,10.7,40000
0,2,2,55000
3,2,6.2,70000
2,3,5,25000
7,6,1,110000
0,3,1,50000
3,3,5,33000
7,7,10,90000
2,2,8,42000
2,2,8,42000
2,2,8,42000
2,2,8,42000
2,2,8,42000
2,2,2,35000
0,2,10,25000
0,2,5,18000
5,4,5,35000
4,4,1,65000
5,4,10,55000
4,3,5,11500000
4,3,3,9500000
1,2,5,4300000
4,3,3,6500000
2,2,2.5,4200000
4,3,10,14000000
4,3,3,4600000
7,6,1,33000000
5,4,5,8500000
3,3,3,4800000
2,1,3.6,3800000
5,4,10,31500000
6,5,1,41500000
7,5,1,40000000
3,4,5,11500000
7,5,10,21000000
3,3,5,11000000
0,0,2.7,2000000
5,4,6,8000000
4,4,12,18000000
5,4,10,35000000
4,3,8,15000000
3,3,6,10500000
6,6,15,20000000
4,4,10,22200000
2,2,5,6000000
5,5,1,52000000
0,0,2.2,82500000
4,3,5,9100000
2,3,5,9000000
4,5,5,11500000
6,5,8,11000000
4,4,4,7200000
5,5,5,10500000
4,3,5,7600000
5,5,10,13000000
5,4,10,36000000
5,4,10,31000000
3,3,5,13000000
0,3,5,10500000
4,3,5,8500000
0,1,5,7000000
4,4,10,28000000
5,4,10,20800000
4,4,10,16000000
0,3,3,2500000
5,5,1,42500000
4,5,14,13000000
1,1,1,1700000
5,4,4,14000000
6,5,15,18500000
0,4,10,25000000
3,3,3,6700000
3,4,5,7500000
6,6,1,25000000
3,4,8,14500000
3,3,5,10500000
3,4,5,6000000
1,1,2.5,3500000
6,5,1,55000000
4,4,4,10500000
4,4,7.9,12500000
0,1,1,1800000
5,4,10,31000000
10,8,15,32500000
3,3,3,5600000
0,10,1.2,95000000
0,3,5.1,5000000
0,2,3.5,3700000
4,5,4.8,85000000
3,3,8.8,12000000
4,3,14.2,67500000
3,5,4.8,8000000
0,7,16,46000000
6,6,1.1,70100000
0,0,9.6,31000000
0,0,4.8,15000000
3,3,4.8,7600000
2,2,4.2,8000000
0,2,3,2000000
0,2,4,4500000
6,6,16,41500000
0,7,3.6,13000000
4,4,4,42500000
10,6,1.1,95000000
4,3,8,20000000
3,2,4.8,6000000
7,6,9.6,37500000
0,3,5.1,8500000
4,4,8,12500000
2,2,3.2,5500000
3,3,13.2,27500000
2,0,4,7300000
4,4,4.8,17000000
2,2,4.8,9000000
3,3,8,32500000
2,4,4.8,5000000
2,2,4.7,6050000
3,3,5.6,8000000
3,3,8,18200000
2,2,4.2,6200000
2,2,4.2,6000000
2,2,3.2,2800000
6,6,9.6,19500000
3,3,1.2,75000000
2,4,4.8,6800000
5,5,8,20000000
2,2,4.8,18000000
0,2,4.8,6000000
0,0,4.2,12500000
3,3,10,10000000
0,4,11.7,23000000
3,3,4.8,7600000
0,3,4,7600000
0,2,4.8,6000000
3,3,6,10500000
4,4,4,7800000
1,2,3.8,2000000
4,4,4,32000000
0,0,5.3,5800000
2,2,3.8,9000000
6,6,10,36500000
4,4,8,11500000
0,3,8,25000000
3,3,4.6,7000000
3,3,5.8,4450000
0,2,3.8,5500000
0,0,7.8,65000
2,0,4.2,40000
2,2,3.2,16000
3,0,7.3,66000
3,3,9.6,32000
3,3,8,75000
0,0,8,75000
0,3,9.6,50000
3,3,8,25000
0,4,6.7,80000
3,3,9.6,30000
0,0,8,300000
5,4,10.8,200000
0,0,4,1200000
4,5,8,80000
3,3,8.6,35000
0,3,6.2,50000
0,4,1.2,90000
4,4,12,65000
2,2,3.1,12000
3,3,5.3,90000
2,2,3.1,12000
4,4,8.4,90000
2,2,4.4,40000
2,2,4.8,18000
0,0,3.9,18000
4,3,10.7,60000
0,3,8.9,50000
3,3,6.4,28000
0,4,12,80000
0,0,5.1,55000
2,2,4.4,8500000
0,0,6,12000000
0,3,4.9,7500000
5,4,4,32500000
0,2,4.1,4000000
3,3,8.5,25000000
4,3,4.8,12500000
2,2,4,6500000
8,6,16,75000000
3,3,5.8,6500000
5,5,4.8,12500000
0,0,5.3,6000000
0,0,3.2,6500000
4,4,1,73000000
0,0,5.6,5000000
2,2,4.2,8800000
2,4,5,5000000
3,2,5,5900000
2,2,2.4,5700000
3,3,5.2,12500000
2,4,4.8,16000000
2,2,4.8,18000000
2,2,2.4,2300000
0,2,3.6,8500000
2,2,6.2,13000000
5,5,4.4,13000000
6,5,2.1,170000000
7,6,1,42500000
7,6,1,43000000
7,6,1,42000000
6,5,10,22500000
6,5,1,38000000
6,4,3.3,62500000
0,0,4,8500000
0,0,3.6,14000000
2,2,3.3,3700000
6,5,1,45000000
0,3,8.9,15500000
6,6,1,65000000
6,6,1,85000000
5,5,1,65000000
6,6,1.2,85000000
0,0,11.7,52500000
8,8,1.8,40000000
3,3,4.9,3050000
7,7,1,80000000
9,8,10,32500000
9,8,1.3,200000000
0,0,12,65000000
0,2,2.7,3050000
3,2,5,8500000
3,3,4.6,6000000
5,4,6,11500000
0,0,5,5500000
4,4,12,20500000
2,2,5.2,4700000
3,2,11,13000000
6,6,3,4500000
7,7,14,42500000
8,7,1,29500000
3,2,5,4800000
3,5,2.5,29500000
0,0,15.4,18500000
7,5,8,65000
7,6,14.2,100000
3,2,8,30000
3,3,1.2,90000
4,3,1,65000
3,3,1,35000
6,5,1,80000
10,7,1,250000
2,2,7.1,60000
0,3,1.3,60000
0,0,4,35000
4,4,5,40000
1,1,0.4,14000
2,2,10,48000
3,3,12,120000
6,6,1,140000
5,5,1,142000
6,6,1,142000
6,6,1.1,141000
6,6,1.1,143000
6,6,1,139000
7,7,1.3,240000
3,3,1,35000
0,1,9.3,24000
0,1,3.1,20000
4,3,10,22000
5,5,1,142000
6,5,1.1,141000
0,0,8.9,25000
0,0,13.3,30000
6,6,1,260000
0,3,1,70000
4,4,1,140000
4,4,1,138000
3,3,10,50000
6,6,10,95000
2,1,2,10000
2,1,2,10000
4,4,16,140000
3,3,9.8,85000
3,3,10,40000
3,3,1,40000
2,2,5.8,50000
3,2,9.8,180000
2,1,6,150000
3,3,1,35000
5,5,1.9,900000
5,6,1,260000
0,0,1,85000
7,7,1.1,260000
2,3,1,70000
2,2,5,5025000
7,5,7,25000000
4,2,3.5,8000000
6,4,10,25000000
0,0,10,22500000
3,3,3,4600000
2,3,2.5,4000000
0,0,6,12000000
2,2,3,4500000
1,2,9.5,2000000
3,4,3,4600000
3,2,5,5250000
6,5,10,21500000
5,4,5,10000000
9,6,10,17800000
4,3,8,3800000
7,8,1,27000000
3,4,10,7800000
3,3,5,12500000
3,3,7,6000000
6,5,10,24500000
6,5,10,22500000
1,1,2.2,3800000
0,2,1.8,2700000
3,2,5,5500000
6,4,10,24000000
6,5,6.7,10500000
6,5,10,22500000
7,5,7.3,13000000
5,4,7,14000000
3,3,10,10500000
6,5,1,43000000
0,4,5,6000000
8,6,10,15500000
5,6,5,5500000
5,4,12,18000000
2,2,4.4,5000000
6,6,10,23500000
6,6,10,19900000
5,4,1,32500000
7,4,7,8500000
3,2,6,6000000
4,4,10,6000000
2,2,3.5,3000000
4,3,10,21000000
7,7,1.3,36000000
3,3,5,3750000
7,7,5,21500000
4,8,8,8000000
2,2,3.5,5300000
4,3,14,10500000
6,5,10,24000000
3,2,5,5000000
4,3,14,15200000
5,5,10,21500000
2,2,5,25000
3,2,5,15000
0,2,10,22000
2,2,5,25000
7,6,17,85000
2,3,1,35000
6,6,15,150000
0,3,8,30000
0,4,5,15000
4,4,7,55000
0,3,10,35000
3,3,1,110000
0,2,5,55000
0,0,5,23000
1,1,3.1,35000
3,3,6,30000
0,0,3,180000
4,3,10,40000
4,3,5,11000000
7,5,10,20000000
5,3,4,160000000
0,0,10,25000000
0,0,10,26500000
6,5,10,17000000
4,4,5.5,12000000
4,4,7,10000000
6,6,13,29000000
2,6,5,8500000
6,4,14,24900000
2,4,7,8000000
5,4,10,15000000
0,4,10,21000000
5,9,6,13000000
6,4,7,15000000
4,6,5,15000000
6,4,7,13000000
3,4,5,7700000
8,8,1,40000000
3,3,3.5,5700000
5,3,4,6500000
6,5,1,40500000
1,2,7,7000000
0,0,10,19500000
0,3,10,110000000
3,2,3,4800000
0,4,12,28500000
5,4,10,19500000
5,5,10,22000000
4,4,5,11500000
5,4,10,24000000
0,0,2,102500000
7,6,5,14000000
7,5,10,16500000
4,3,5,11000000
6,5,1,56000000
4,3,5,10000000
0,0,1,39000000
2,2,5,10000000
3,3,3,10400000
6,5,1,42000000
7,5,11,24000000
7,4,10,20500000
0,5,10,24000000
3,3,5,12800000
5,5,6,16000000
5,5,10,12000000
2,2,4,20000000
3,2,2,4000000
2,2,2,4200000
5,5,12,24000000
3,3,10,13000000
0,0,5,8500000
4,4,5,9500000
2,4,2,3500000
6,4,7,13000000
4,3,3,4800000
6,5,10,20000000
4,4,10,15500000
0,0,6,6800000
6,5,1,43000000
5,4,6,8000000
2,2,2,2900000
2,2,2,2600000
2,3,4,5800000
4,4,13,35000000
4,5,6,9500000
2,4,3,6200000
6,4,14,24900000
5,4,4,9800000
7,6,15,26000000
2,1,4,4000000
6,7,10,11500000
5,5,2,98000000
5,7,5.1,10000000
3,4,10,30000000
5,9,4.8,5250000
3,3,7.6,17500000
2,2,2.9,2000000
0,0,8.6,35000000
2,3,8,12000000
0,2,4.2,6800000
2,2,4.2,4790000
2,2,4.2,4800000
0,0,4,2800000
2,2,3.1,3500000
6,4,12.2,60000000
7,8,10,21500000
4,4,4.8,13800000
3,3,7.1,22000000
0,0,6.4,7500000
2,2,2.4,2500000
2,2,3.6,6500000
0,3,3.2,3500000
8,8,2,150000000
7,5,1,135000000
0,4,14.3,40000000
0,0,8.7,34000000
3,3,7.6,20000000
2,6,4.8,20000000
2,2,3.3,3500000
3,3,16,28000000
9,7,4,400000000
0,2,4.7,10500000
0,3,6.3,16000000
5,7,6.4,11800000
2,2,5.1,7210000
3,3,6.3,7200000
3,2,4.8,7500000
2,2,4,5200000
1,1,2,1825000
0,3,3.3,2400000
3,3,8,23000000
4,4,4.8,6900000
3,3,6.2,18500000
2,2,4.9,6600000
2,4,3.1,2800000
0,0,4.8,13500000
0,10,9.6,35000000
5,10,4.8,20000000
3,6,2.4,5500000
2,2,5.2,12500000
8,7,2,217500000
6,5,2.4,172500000
4,6,8,22000000
3,3,8,32500000
5,6,6.2,20000000
2,2,4.3,12000000
8,8,1,86000000
3,3,4.8,25000
3,3,5.8,25000
2,2,9.6,38000
4,4,10,55000
0,0,4.8,20000
6,5,16,350000
0,3,4.4,18000
2,2,3.3,10000
1,2,3.6,25000
1,2,3.6,25000
1,2,3.6,25000
5,5,10,200000
2,2,9.6,36000
4,4,1.2,350000
3,3,6.7,42000
0,4,6,45000
0,0,4.2,40000
5,5,1.1,180000
2,2,5.3,35000
3,3,8.9,35000
3,3,6.4,40000
2,2,4.4,25000
4,4,4.8,60000
4,4,4.8,60000
4,4,4.8,60000
0,3,8,40000
7,6,1,250000
4,3,1,130000
2,2,9.6,37000
0,2,4.8,27000
0,2,3.1,23000
3,3,5.8,25000
2,2,9,90000
3,3,8,20000000
3,3,5.2,13000000
5,4,8,24500000
0,0,3,2800000
5,8,9.3,27500000
3,3,5,4200000
8,6,1,26000000
4,5,7,13000000
4,3,7,7600000
4,5,5,23000000
4,3,1.3,33500000
8,8,2,260000000
9,7,1.1,46000000
9,0,1,110000000
6,4,5,8800000
3,2,8,7500000
6,4,5,7000000
5,4,1.3,140000000
0,0,10,85000000
4,4,6,9500000
2,2,7.2,15200000
8,7,10,32000000
6,6,10,19500000
4,4,3,5700000
6,6,5,11500000
0,0,10,21000000
6,11,10,6500000
3,3,10,8500000
0,0,5,5500000
4,4,10.2,8700000
7,7,10,14200000
2,2,3,2975000
3,2,7,7100000
2,3,2,120000
5,4,6,50000
2,2,8,40000
0,3,6,55000
2,2,7,16000
2,2,7,18000
0,0,7,35000
0,2,6.7,32000
0,2,6.7,30000
8,3,1.4,39000
3,3,1,60000
6,6,1,220000
0,0,14,40000
0,0,14,40000
2,1,4.5,130000
2,3,1,35000
0,2,5,20000
0,1,1,21000
0,1,1,21000
3,3,14.2,56000
0,1,4,13000
4,4,10,100000
6,6,1,100000
0,0,10,40000
5,5,1,450000
6,6,8,70000
3,3,10,20000
0,3,3,130000
0,2,1,65000
4,4,1.3,250000
6,6,2.4,350000
6,6,5.3,400000
6,3,1,100000
6,3,1,130000
1,1,3.3,35000
6,6,1,85000
2,2,5.3,55000
2,2,5.3,45000
0,1,2,15000
3,3,5.3,45000
0,0,5,47000
2,2,5,20000
0,4,7,55000
4,4,8,70000
3,4,1,250000
8,6,12.4,140000
1,1,1,20000
3,3,12,55000
4,4,4,350000
4,4,4,350000
3,3,1,55000
3,3,1,110000
0,3,3,110000
4,4,1.3,250000
3,2,7,27000
5,4,10,25000
2,2,7,18000
3,3,10,25000
4,4,7,27000
7,6,13,36500000
1,5,4.5,2900000
0,0,3,5800000
5,4,1,40000000
4,4,3.5,5500000
3,5,3,7000000
4,7,6,8500000
5,5,7,14000000
4,5,1,20000000
0,5,1,22500000
6,6,10,11000000
5,6,13,20000000
2,2,5,3500000
2,3,5,2200000
6,5,1,47000000
2,2,5,2700000
5,7,13,17500000
6,5,11,35000000
9,6,12,26000000
7,5,6,15000000
3,2,5,4800000
3,2,5,5000000
2,2,5,6000000
2,2,3.5,3800000
2,2,2.5,2600000
1,1,3,4200000
5,4,10,18000000
2,2,4,3400000
3,6,4,15000000
3,5,3,6500000
1,1,1.2,2600000
3,3,5,12500000
6,5,15,15000000
7,6,10,24000000
3,3,5,5500000
0,0,7,5500000
6,5,11,20000000
3,2,5,3800000
3,2,5,6000000
5,3,3,4000000
4,3,5.6,5300000
6,4,6,11500000
0,3,1,27000
5,4,5,36000
3,2,5,20000
2,3,10,26500
2,3,1.3,25000
3,3,12,36000
0,0,11,60000
1,1,2.9,6500
3,2,7,18000
0,5,8,22000
0,5,8,22000
2,2,5,12000
0,2,7,15000
3,5,4,9000000
7,6,15,20000000
2,3,5,9000000
2,3,5,15000000
2,3,5,3700000
7,6,1,65000000
5,4,10,28000000
1,2,3.3,2220000
7,5,10,7700000
3,3,4,8200000
6,5,1,67500000
3,3,5,8500000
7,5,10,21000000
4,4,14,39000000
4,4,10,22000000
2,3,3,13000000
5,5,4,105000000
2,4,2,2500000
4,3,3,4700000
2,2,6.5,7000000
5,5,10,25000000
4,3,5,13000000
5,4,10,20500000
6,4,1,31500000
5,4,14,35000000
0,0,3,7500000
6,5,1,33000000
3,2,5,6700000
0,2,7,5000000
4,4,3,9000000
4,4,4,8000000
5,6,5,8000000
0,0,15,5500000
3,3,3,7200000
2,2,5,11500000
3,3,5,10000000
8,7,2,99500000
1,3,5,5500000
7,2,6,8500000
3,3,7,7500000
6,5,10,22500000
5,4,10,19500000
4,2,3,4500000
5,5,1,42000000
10,11,1,25000000
0,0,5,20000000
0,5,1,51800000
5,4,5,9800000
5,4,4,6800000
4,3,7,15500000
4,3,7,15500000
0,0,1.3,2200000
5,8,6,17000000
6,6,9.6,27500000
2,2,2.2,5500000
2,2,3.1,6500000
0,3,2.9,3100000
2,2,3.1,6500000
2,2,5,5000000
3,4,4,25500000
7,6,8,40000000
3,3,6.2,19500000
7,6,9.6,30000000
0,2,3.1,2600000
3,3,9.6,25500000
7,6,1,122500000
3,3,6,22500000
4,5,4.8,15000000
0,4,1,46000000
2,2,4.4,8000000
2,2,4.8,7000000
0,3,6,5300000
1,1,2,2600000
4,4,4.8,18000000
5,5,1,89500000
4,4,4,24500000
5,5,4.8,42500000
4,4,4,29500000
3,3,4.8,13000000
7,11,1.2,75000000
3,3,6,4700000
3,5,3.4,6000000
2,2,3.2,3000000
5,4,1,117500000
5,7,8,14000000
0,4,12.2,35000000
3,3,6.7,10000000
6,4,8.4,27000000
4,4,10,27900000
4,3,11.5,8500000
3,4,6,8500000
2,5,11,12000000
2,2,4.4,11500000
6,4,12,14500000
7,6,5,6500000
6,4,12,15000000
3,3,10.7,12000000
4,3,9.6,14000000
7,6,18.1,92500000
3,4,3.2,4500000
2,2,4.4,6500000
3,2,4.8,7300000
3,6,5,5500000
2,2,4.7,7000000
2,2,4,10500000
0,3,4,5500000
0,0,6.4,20000000
3,3,9.6,31000000
4,4,8.9,32500000
2,2,4,7500000
6,5,9.6,37500000
0,3,7.8,11000000
0,4,10,13500000
0,4,4.9,4100000
6,6,16,50000000
3,3,5.8,6200000
3,2,4.3,9500000
4,3,4.7,12500000
4,4,6.7,12500000
0,3,9.6,13000000
7,7,1.6,350000000
0,0,4.8,2900000
6,8,1.6,75000000
4,6,9.6,11000000
3,3,6,7300000
6,7,3.4,5000000
4,6,10,11000000
0,3,10,33000000
2,4,4,4500000
6,5,14,90000000
2,2,4.8,7000000
6,6,10.4,42000000
5,6,4.8,16500000
2,2,4.4,13400000
2,2,4.2,7400000
4,3,9.8,165000
4,5,1,350000
2,2,4,22000
3,3,8,40000
4,5,14.4,70000
3,3,1,155000
3,3,10.7,100000
0,8,11,250000
0,3,16,55000
3,3,6,28000
3,3,6,28000
3,3,16,80000
0,5,4.2,50000
3,3,9.6,32000
3,3,7.1,65000
0,0,7.8,25000
6,6,2,360000
4,4,1,250000
5,5,1,350000
5,5,2,450000
0,0,2.2,500000
3,3,1.6,42000
3,3,9.6,40000
0,2,4.2,40000
0,0,16,45000
2,1,6.4,12000
0,0,4.2,43000
2,3,2.7,20000
2,3,2.7,20000
2,3,2.7,20000
2,3,2.7,20000
2,3,2.7,20000
0,2,4.8,25000
0,5,5.8,35000
5,5,1,110000
3,2,6,24000
3,3,7.1,60000
3,3,8,70000
3,3,5.8,28000
2,2,2.4,17000
2,2,4.8,27000
2,2,6.4,25000
1,1,2.9,5500000
3,3,9.1,12000000
4,4,9.8,12100000
0,0,1,15000000
4,4,6,8500000
1,2,4,10000000
5,5,2,25000000
6,5,1.4,35000000
0,7,1,52500000
4,4,4,7300000
0,0,5,4500000
0,6,10,19000000
2,1,1.9,3485000
1,1,3.9,23500000
3,3,17.7,14500000
6,6,10,18000000
0,2,4,8400000
6,6,1.1,82500000
0,0,20,800000000
5,6,1,68000000
0,3,8.9,15500000
2,2,5,11000000
4,4,7,10000000
3,3,5,14000000
3,3,5.6,7500000
4,4,5,6000000
2,2,3.9,2500000
9,7,16,57500000
6,6,4,7000000
6,6,1,30000000
3,2,6,4500000
3,2,6,5000000
4,3,11,10500000
0,0,4,9500000
0,5,4,17000000
2,2,4.3,6500000
3,3,5,14000000
1,1,5.8,16000000
2,2,3.3,5000000
1,1,2,3000000
5,4,6,14000000
6,6,1,42500000
1,1,1.5,3800000
3,3,7,13500000
6,6,7,16500000
9,6,6.7,28000000
4,4,10.7,18000000
0,0,10,190000
0,0,10,25000
0,0,4,18000
1,2,7,14000
3,2,7,20000
6,6,1,260000
7,7,1,260000
5,5,1,160000
10,7,2,350000
3,3,12,45000
4,4,1,180000
9,7,2,360000
9,7,2,375000
9,7,2,365000
9,7,2,360000
9,7,2,375000
0,6,15,60000
0,4,15,50000
7,9,5,55000
3,2,9.3,220000
0,2,6.7,34000
0,2,6.7,35000
0,2,6.7,35000
0,3,9.3,45000
0,3,10.7,44000
2,2,8,37000
0,5,12,950000
6,6,1,260000
0,3,1,70000
6,6,1,300000
7,7,2,360000
5,5,1,160000
3,3,1,80000
0,3,1.3,105000
0,3,1.3,107000
0,3,1.3,110000
0,3,1,71000
0,3,1,70000
3,3,15.5,100000
0,0,8,15000
3,3,8,75000
6,6,10.9,80000
2,2,8,25000
2,2,5,25000
4,4,16,170000
4,4,6,250000
6,6,1.1,100000
0,0,6,350000
4,4,6,350000
2,2,6.4,90000
0,3,1,90000
3,2,8,24000
2,4,6,40000
0,0,6.7,165000
4,3,1,42000
4,3,1,42000
4,3,8,10500000
0,0,1,1200000
2,2,3,2950000
6,5,1,59000000
5,3,5,8800000
4,4,10,22000000
7,5,1,36000000
1,2,3,3500000
5,3,5,12000000
0,0,8,14000000
4,4,1,33000000
4,3,3.8,6200000
6,4,8,19500000
5,5,10,21000000
3,3,3.5,9500000
6,5,1,34600000
4,4,5,8500000
5,4,10,22000000
4,3,3,7000000
2,4,3,5000000
7,7,18,35000000
5,5,5,8000000
5,4,10,17000000
4,5,4,6000000
4,3,10,15000000
0,0,5,8500000
6,6,12,32500000
2,3,2,2500000
4,3,10,13000000
2,2,2.3,2700000
2,1,5,3500000
6,5,10,13500000
10,7,1.2,60000000
2,2,3,4000000
1,2,2.5,2500000
5,5,7,20000000
4,3,3,5200000
3,4,3,7000000
6,5,1,42500000
6,5,6,6200000
4,4,6,5500000
0,0,2.4,125000000
3,3,4.5,6500000
7,5,10,13000000
2,2,4.8,3600000
4,3,10,17500000
3,2,5.8,5400000
3,2,6,5600000
5,4,7,11500000
6,7,12,25000000
6,6,1,43500000
3,2,6,4500000
0,0,3.6,4200000
4,4,7,8000000
1,1,3.4,4000000
6,5,10,18000000
2,2,6,5600000
2,2,6,5600000
0,0,10,10000000
6,7,16,30000000
6,4,10,13000000
4,4,6.2,13000000
3,6,6.5,9700000
5,4,6,7500000
0,0,5,12000000
6,5,10,26000000
0,7,1,27500000
10,8,2,250000
2,2,5,33000
6,5,10,85000
4,3,11,42000
0,2,5,20000
7,6,1,155000
6,6,10,75000
10,8,2,250000
0,0,4,19000
1,2,5,11000
2,1,4,17000
0,2,5,30000
0,2,5,25000
0,2,5,30000
0,2,5,23000
0,1,5,15000
0,2,7,39000
4,4,5,70000
0,2,12,40000
0,3,7,40000
4,7,6,9000000
7,6,1,37500000
2,2,1.5,3300000
3,3,3.6,6500000
2,2,6,8000000
1,1,2.2,2395000
4,4,5,6000000
0,0,3,3900000
1,2,2,2500000
4,4,3,12500000
7,5,1,44500000
6,5,10,17500000
2,3,3,4300000
0,0,1,30000000
9,6,1.2,42500000
4,4,5,6000000
5,4,7,13000000
4,3,5,10500000
2,7,2,125000000
4,5,10,16500000
0,4,5,12000000
5,5,1,45000000
4,3,10,11500000
4,4,8,9500000
0,0,6.5,8000000
5,3,3,5500000
5,4,5,7825000
5,4,5,7850000
5,4,5,7860000
5,4,5,7900000
5,4,5,7800000
5,4,5,7700000
5,4,5,7750000
5,4,5,7500000
2,2,7,10000000
3,3,7,8500000
6,7,1.8,95000000
6,6,9.6,27500000
8,7,1.2,90000000
3,3,5,6642000
3,2,4.8,5900000
3,3,11.1,8500000
3,3,7.1,7000000
2,0,4.8,4450000
3,2,3.4,4500000
0,2,4.4,6200000
2,2,4.9,14500000
0,3,6,8500000
2,2,4.9,7000000
6,6,8,20000000
2,5,4.8,17000000
5,5,4.8,17000000
2,2,5.3,10000000
5,4,4.8,8250000
5,4,4.8,12000000
2,2,4,3000000
2,2,4.5,3500000
2,2,3.6,4500000
5,4,10,45000000
8,7,9.6,30000000
4,4,13.3,42000000
4,3,8.2,18000000
3,3,7.1,5400000
4,3,1.6,5200000
3,3,6.7,11800000
0,2,3.2,2400000
2,3,4.4,5000000
3,3,5.8,8500000
2,2,5.1,7000000
4,4,4.8,11000000
3,3,8,17500000
2,2,3.1,3100000
3,3,6.4,8500000
4,6,4.8,8500000
2,4,8,22500000
5,5,11.2,27500000
9,9,9.6,40000000
3,3,1.1,12000000
0,0,2.5,1900000
0,2,4.4,3500000
4,4,16,38500000
2,2,3.8,3850000
6,6,17,65000000
5,5,1.2,120000000
2,2,3.6,4700000
0,2,6.3,6000000
0,3,4.4,4000000
0,0,4.2,8000000
5,5,10.6,30000000
2,2,2,5500000
2,2,2.4,2800000
5,4,4.8,12000000
0,0,4.7,3000000
3,3,16,22500000
4,7,4.8,17000000
3,3,9.6,15500000
0,0,4.8,8500000
0,0,4.8,11000000
0,0,4,20000000
0,2,3.6,5500000
3,3,8.2,15500000
3,3,5.6,8000000
6,6,1.2,70000000
0,0,9.8,14500000
4,8,4.8,18500000
10,9,18,62500000
2,2,8,5500000
2,2,4,5500000
2,2,3.2,3200000
0,2,4.2,8000000
7,5,2,145000000
6,5,1,145000000
6,5,1,125000000
2,3,4.8,6000000
3,2,4.4,7500000
0,4,6.2,14000000
3,3,5.1,6500000
2,2,4.4,8600000
3,3,8.9,15000000
0,0,4.2,6200000
4,4,14,4000000
2,2,4.8,8400000
0,3,5.4,9500000
5,5,1.1,95000000
4,3,8.2,18000000
5,4,9.6,30000000
3,3,5.1,10000000
6,5,9.6,300000
2,3,4,35000
2,2,4.4,23000
2,2,5.3,30000
7,6,2,650000
3,3,9.6,40000
2,2,3.1,20000
0,4,6.7,85000
0,0,12,80000
3,3,9.6,32000
0,6,3.4,20000
2,2,15,21000
0,0,2.6,10000
2,3,3.1,75000
2,3,3.1,75000
2,3,3.1,75000
3,3,16,50000
2,2,3.8,23000
1,1,2.4,10000
3,3,9.8,65000
0,3,8.9,70000
2,2,4,35000
3,4,16,43000
3,3,4,25000
3,3,1,145000
3,3,5.3,240000
0,0,7.1,55000
3,2,3.6,28000
4,4,12,55000
6,5,1.6,450000
0,0,1,250000
4,4,16,100000
3,3,4.8,26000
3,3,6,30000
3,4,8.9,65000
3,3,8.9,85000
0,2,3.1,22000
2,4,8,32000
1,2,8,21000
0,3,8,28000
7,5,1,42500000
4,4,9.3,18000000
8,6,10,35000000
4,3,5,8500000
9,7,1,45000000
3,3,7.2,15600000
3,3,9.4,24500000
0,0,4.4,4900000
9,7,2,45000000
2,2,3.1,4800000
4,4,14.2,40000000
0,0,100,350000000
3,3,8,10700000
2,3,3.6,15000000
2,2,5.3,7500000
0,3,4.9,8200000
6,6,10,30000000
10,9,9,18500000
7,6,1,37500000
4,4,5,9300000
0,3,12,60000000
0,2,5,4800000
7,4,5,11000000
0,3,8.9,12900000
0,2,4.1,3800000
7,6,14.2,15000000
4,4,6,9500000
0,3,3.3,5000000
0,6,12,29000000
4,4,1,29000000
10,10,11,33000000
5,7,6,12000000
6,6,1,45000000
3,2,4,4500000
5,4,11,13500000
6,6,14.2,26500000
7,7,11,59000000
3,3,8,25000
0,0,8,65000
1,1,2.2,15000
5,5,1.1,180000
0,0,4,24000
3,3,1,100000
4,4,20,650000
0,3,1,60000
0,3,1,62000
0,2,1,55000
0,2,1,53000
5,5,1,150000
4,4,1,40000
2,2,5.6,23000
1,1,5.1,165000
3,2,9,200000
0,3,10,30000
6,5,1.3,165000
6,6,1.3,175000
4,4,1,37000
0,4,12,90000
0,3,1,65000
3,3,8,26000
4,4,4,250000
0,3,1,29000
4,4,4,350000
3,3,1,35000
2,2,14,25000
2,2,14,25000
2,2,10,45000
0,3,7,40000
4,3,14.2,48000
2,2,2.4,14500
5,5,10,60000
2,3,11,45000
3,3,10,25000
0,0,3.9,140000
0,3,1,75000
0,2,7,33000
0,3,14.2,50000
0,3,4,30000
0,3,9.3,75000
0,5,1.3,110000
0,3,1,75000
3,2,10,28000
3,3,8,22000
3,3,1,80000
3,3,1,38000
1,1,3,2800000
0,0,5,4000000
6,5,10,23500000
0,0,2,78000000
0,0,3,7000000
5,4,1,42500000
4,3,5,10500000
4,3,6,14500000
7,5,8,16500000
6,6,5,10500000
4,3,1,32500000
7,5,13,26500000
0,0,5,8500000
4,4,5,8000000
4,4,3,8800000
3,3,3,6500000
4,5,5,8000000
7,5,10,20500000
5,5,10,12000000
0,0,8,17000000
4,4,8,16500000
1,1,1.6,2000000
3,3,3,4190000
0,3,3,6500000
7,5,10,23500000
7,5,11,23000000
3,3,5.5,14000000
7,5,1,41500000
6,6,1,39000000
6,6,1,49000000
0,0,10,13000000
5,9,8,20000000
3,5,1,49000000
0,0,5,7300000
5,5,5,11500000
5,4,5,7500000
4,3,5,7300000
4,3,5,11500000
0,0,10,18000000
1,2,8,20000000
1,1,2.5,4400000
6,5,5,11000000
6,5,1,69500000
7,8,17,17000000
0,10,1.1,70000000
0,6,10,15500000
6,5,10,20500000
7,5,10,21000000
6,5,1,33000000
5,3,5,11200000
5,4,8,14500000
0,0,5,17000000
4,3,5,9700000
2,3,4,7200000
0,0,8.2,18500000
4,5,7,22500000
6,6,2,65000000
0,0,2,51000000
3,3,3.5,8500000
1,2,12,2200000
4,3,2,3800000
5,4,7,14000000
0,0,3,5500000
3,2,3.5,12500000
2,2,5,4200000
2,2,2,4000000
3,3,5,9500000
6,5,17,31500000
6,6,16,23500000
0,0,1.7,100000000
0,0,5,2500000
6,4,8,16000000
3,3,4,5000000
4,4,4,15000000
6,5,1,46500000
7,5,1,45000000
7,7,8,41500000
2,2,5,6000000
2,3,4.8,7500000
6,5,7,30000000
1,1,1.4,3000000
1,2,1.6,3200000
0,0,8,25000000
2,2,4,4500000
3,3,11,15500000
3,7,8,15000000
1,2,4,7500000
2,3,4.5,2650000
0,0,1,20000000
10,10,1,42000000
2,2,6,7000000
3,4,10,37500000
2,3,5,3200000
6,6,5,9500000
0,0,4,4800000
2,3,4,5500000
5,6,1.1,18500000
3,3,4,25000
0,2,5,25000
4,10,10,100000
0,0,3,25000
1,1,2.9,25000
0,0,10,38000
2,2,3.7,55000
0,2,9,35000
3,2,10,25000
0,2,3,22000
0,0,2,15000
0,1,1,6500
0,1,2.2,11000
0,0,12,40000
0,2,3,19000
5,5,1,110000
3,3,10,13500000
3,3,5,9300000
3,4,3,7900000
5,3,5,11600000
3,4,3,7900000
3,3,5,8900000
3,5,5,6000000
4,3,4,11000000
4,4,5,16000000
4,4,6.2,16500000
3,4,3,7900000
0,0,2,1200000
6,6,10,19000000
5,5,12,17000000
3,4,3,7900000
7,6,5,13000000
3,2,5,6800000
2,2,4.8,10500000
6,5,17.2,62500000
0,2,4.4,4000000
6,5,3.6,12000000
0,0,4.7,5500000
0,0,13.1,22000000
2,2,2.2,3200000
4,4,8.9,21500000
7,6,1.6,100000000
3,6,4.8,15000000
3,6,4.8,15000000
0,0,4,25500000
2,5,5.9,10500000
2,6,2.6,2800000
3,4,9.6,16000000
2,2,3.4,3500000
0,0,16,35000000
5,3,4,35000000
3,3,9.3,14500000
0,3,6.6,7200000
6,8,4.8,18000000
2,2,4.4,8500000
6,5,1,110000000
0,3,7.6,8900000
10,11,16,56000000
3,4,9.6,8300000
7,6,16,25000000
3,3,5.8,11500000
4,4,4,300000000
3,3,6.7,25000000
3,2,5.1,6800000
0,1,1.6,1700000
5,5,1,60000000
3,5,4.8,16000000
2,3,3.4,3200000
3,3,8,14500000
9,9,9.6,38000000
0,4,6,7300000
6,6,8.6,37000000
3,3,4.8,12000000
3,3,7.8,9500000
4,4,3.2,2300000
8,6,1.5,65000000
6,11,8.8,20000000
4,3,8,9500000
4,4,16,25000000
6,6,6.4,25500000
0,0,5.2,22000000
0,2,2.4,1950000
3,4,1.2,60500000
2,2,5.7,6750000
6,5,14,92500000
3,3,4.8,13500000
2,2,4.2,6500000
3,3,6.2,7800000
3,3,9.6,31000000
0,0,12,50000000
2,2,3.5,4900000
0,3,5.6,73000000
2,3,3,3500000
1,1,1.6,2500000
3,3,8,7500000
2,2,3.1,2600000
0,1,2,1350000
2,4,4.7,5400000
3,4,4.8,11000000
3,3,8.2,9800000
5,5,6,53500000
0,2,4,16500000
4,4,10,15000000
4,3,8.2,18000000
0,0,2,1500000
5,4,8,11000000
5,4,11,12400000
3,3,6.4,4200000
4,4,6.6,8500000
1,1,1.8,2000000
2,2,4.5,9500000
2,2,4.8,18000000
0,0,3.6,3000000
2,2,4.7,7800000
4,3,5,15000000
3,4,5.6,8000000
0,2,2.6,1700000
0,2,4.2,15000000
6,6,1,112500000
4,3,10.7,42500000
2,3,8,40000
0,0,3.6,28000
0,3,16,50000
3,3,8,65000
2,2,4,40000
7,7,2,350000
0,3,1.1,58000
0,3,1,140000
2,3,4.8,20000
3,3,16,65000
4,4,16,70000
0,3,2,140000
0,2,3,22000
0,0,9.6,38000
6,4,5,11000000
1,3,2.5,2000000
6,6,14,39500000
4,4,4,15000000
6,6,6.7,11000000
8,7,10,16800000
7,7,14.2,28000000
6,6,14,50000000
0,0,10,13000000
6,5,9.3,12500000
6,6,6,25000000
3,4,1,12000000
5,5,7,18000000
5,5,6.7,11000000
5,4,5.6,21500000
0,0,8,11500000
6,4,5,8500000
0,0,6,9000000
7,7,11,34000000
5,5,10,29000000
4,4,4,9000000
4,4,1,27500000
3,3,8,10500000
7,5,8,32000000
3,3,6,5500000
4,5,7,26000000
8,6,1,80000000
3,2,7.8,36000000
6,5,5.6,8000000
9,7,10,22500000
0,0,8,40000000
8,7,1,50000000
8,6,1,47000000
3,3,10,25800000
2,2,7.1,13500000
6,5,8,13500000
3,3,8.4,17500000
3,3,9.1,8405000
1,1,4.3,6000000
3,3,4.4,13000000
2,2,5,6700000
6,6,1,65000000
6,6,1,65500000
6,6,1,66000000
6,6,1,66500000
6,6,1,67500000
6,6,1,67000000
0,0,4,3700000
5,4,6.7,28500000
6,5,10,13000000
1,2,5,18500000
3,3,4.2,6100000
0,0,5,10500000
3,2,5,6800000
6,6,1,50000000
5,4,5.6,10000000
7,6,1.3,350000
6,5,1,145000
9,8,1.3,350000
9,9,14,200000
4,3,7.3,55000
2,3,4.9,40000
0,4,1.3,150000
0,2,1.3,100000
0,3,6.7,33000
0,0,6,42000
8,8,1,300000
4,3,10,25000
2,1,4.7,130000
0,0,9.3,21000
4,4,5,35000
4,3,2,45000
3,2,8,32000
1,2,6,24000
2,4,6,48000
3,3,10,23460
3,2,7,33000
2,2,7.6,70000
8,7,2,350000
8,7,2,330000
7,7,2,350000
0,3,1,60000
0,2,1,52000
0,3,1.2,90000
0,3,1.1,88000
0,3,1.2,95000
0,0,4,250000
3,3,14.2,72000
0,0,2,325000
0,4,10,50000
0,3,1,75000
0,3,1.1,92000
0,3,1,85000
0,3,1.2,90000
0,3,1,58000
5,4,1,45000
0,3,9.8,160000
0,3,10.2,155000
0,3,10.2,150000
0,3,1,80000
0,3,1,78000
0,2,7.1,70000
0,0,1,70000
0,0,6,35000
3,3,14,30000
3,2,10,20000
8,8,2,1000000
3,3,12,250000
3,3,10,130000
6,6,14,250000
2,2,5.3,75000
2,2,5.3,90000
4,4,1,170000
0,3,1,50000
2,2,3,40000
3,6,5,7500000
5,5,10,26500000
4,3,8,9000000
6,5,6,12000000
3,4,5,8500000
4,5,1.2,32500000
8,11,5,8500000
5,4,5,8500000
7,5,1,45000000
3,3,4,4100000
2,2,5,3800000
3,4,3,7500000
6,5,10,26000000
5,4,10,22500000
4,5,10,16000000
2,3,3,6000000
6,4,16,24000000
3,4,5,12000000
4,4,5,12500000
4,3,5,11500000
8,7,10,29500000
5,5,5,7500000
5,4,5,17500000
3,2,2,4500000
4,3,5,9000000
4,4,3,3800000
5,5,11,13500000
7,6,6,17000000
4,3,5,11000000
3,3,3,4200000
0,0,10,9500000
2,4,2,3300000
5,10,9,17500000
6,5,6,12000000
1,2,2.5,3000000
0,2,5,7000000
6,5,10,18000000
6,5,5,8300000
0,1,3,6500000
3,3,1.6,4500000
4,3,8,8500000
3,3,8,11500000
2,2,5,6500000
6,4,1,69500000
0,0,3,7800000
3,2,5,3500000
5,5,11,13500000
3,5,5,9000000
3,4,7,5600000
4,3,5,6550000
7,4,5,12500000
0,0,5,2000000
4,4,5,6800000
7,4,6,14500000
2,4,2,3600000
2,3,5,7000000
3,3,4,6000000
2,3,4.2,7000000
3,2,10,9000000
6,4,5,12500000
5,4,10,30000000
6,5,1,51000000
5,4,10,17500000
3,3,7,10000000
6,5,1,72500000
2,3,8.8,5900000
3,2,5,7500000
5,5,7,13000000
5,4,17.8,25000000
0,0,10,19000000
3,3,12,12500000
6,5,3.8,11000000
6,4,6,9500000
2,3,3,3800000
0,0,5,7500000
3,3,6.7,6800000
3,3,10,12200000
3,5,5,5000000
3,2,4.5,4000000
0,0,3,1950000
4,4,10,19500000
6,6,5,14000000
0,2,1,3500000
5,6,6,10000000
5,5,7,12000000
3,3,1,17500000
3,3,1,17500000
5,5,7,13000000
8,6,1,43500000
7,8,1,27500000
6,5,10,23000000
0,0,5,7500000
4,4,7,26000000
3,3,8,10500000
3,2,3,8000000
4,4,8,36000000
0,3,5,4800000
3,3,5,9000000
6,6,1,26500000
1,1,2.8,3800000
2,3,6,23000
0,0,9,50000
5,4,9,55000
0,3,10,25000
4,4,10,60000
3,2,10,15000
3,3,4,20000
4,5,6,25000
4,6,11,15000
3,3,5,16000
5,5,10,46000
0,3,10,27000
7,5,13,75000
3,3,6,34000
3,3,6,33000
1,1,2.7,5000
3,3,10,35000
0,0,1,40000
4,4,2,250000
6,7,11,75000
1,1,2.6,30000
3,3,5,11500000
3,3,8.9,35000000
2,2,3.2,7500000
3,3,7.1,25000000
2,2,2.9,3800000
5,5,12,35000000
0,3,12.2,46500000
3,3,7.2,10000000
0,4,6.5,7500000
3,3,8,37500000
10,10,3.4,80000000
3,3,12,28500000
2,2,3.8,4200000
0,3,11.4,37000000
0,3,8.9,15000000
5,5,2.4,10000000
3,3,6.7,22500000
0,0,4,75000000
2,2,3.3,5200000
0,0,9.6,28000000
7,6,1,155000000
0,7,9.3,35000000
8,7,14.2,44000000
3,3,11.4,32000000
2,3,4.8,7000000
3,3,5,6642000
4,4,10.6,45000000
3,3,10,13000000
7,7,4,600000000
8,8,4,270000000
2,3,3.6,2000000
2,2,5.2,3763000
3,3,5,6642000
3,3,5,6642000
5,4,11,12500000
6,6,1.6,320000000
2,2,5.8,9500000
3,3,7.3,12000000
3,3,6,15000000
0,0,16,100000000
3,3,6.1,15000000
3,3,8,12000000
3,3,8,9800000
3,3,10.9,8500000
4,4,14,11300000
2,2,4.2,2660000
3,3,6.1,9500000
6,6,17.2,69500000
3,3,1.2,62000
5,5,4,1600000
0,5,7.3,35000
3,2,5,7000000
6,5,10,15000000
5,5,9.6,18000000
7,7,5.5,6700000
5,4,8,10700000
3,3,12.3,30000000
6,5,1,70000000
2,2,8,20000000
5,4,6,13000000
7,5,8,15000000
3,4,6,19000000
0,0,5.8,20000000
9,7,10.9,52500000
4,5,8,27000000
6,7,10,35000000
2,3,6,8900000
0,7,1,90000000
2,1,1.8,1600000
0,7,1,90000000
1,1,1.9,2500000
6,6,10,18000000
2,3,3,2885000
9,7,1,89000000
0,7,1,87500000
6,5,10,13000000
6,6,5,11500000
10,11,1.5,45000000
1,1,2.7,2500000
2,3,6,5490000
2,2,4.7,4400000
0,0,4,7500000
3,3,14,23000000
1,1,5.6,8500000
3,2,10,42500000
0,4,5,8500000
3,3,5,14000000
5,5,7,9000000
7,4,7,25500000
4,4,5.6,20000000
4,5,6,22500000
6,6,10,18000000
5,4,4,7500000
5,6,4,9000000
2,2,1,110000
0,3,1.3,100000
3,3,7.1,20000
0,3,1,95000
0,3,1,100000
0,3,1,95000
0,3,1.1,92000
0,3,1.1,93000
6,6,1,160000
6,6,1,155000
7,6,1.3,350000
4,4,1.3,200000
3,3,1,65000
3,3,1,65000
7,6,2,250000
7,6,2.4,245000
7,6,2,240000
7,6,2,235000
6,6,2,230000
4,4,1.3,175000
4,4,1.3,170000
4,4,1.3,168000
4,4,1.3,165000
4,4,1.3,170000
0,3,1,78000
0,3,1,80000
0,3,1,75000
0,3,1,58000
0,2,1,53000
0,0,15,33000
6,5,1.2,165000
4,3,12,27000
0,0,7,38000
3,3,9.3,65000
0,0,13,12000
5,5,10,42000
0,2,7.1,17000
0,1,4,13000
5,4,12.4,40000
4,4,5,20000
4,4,1.3,300000
0,2,4,25000
5,5,2.4,350000
4,4,7,37000
2,2,7,22000
4,3,12,27000
2,2,4,26000
2,2,6,26000
3,2,7,20000
3,2,7,18000
3,3,12,27000
2,2,2,10000
3,2,7,20000
2,3,5,27000
9,7,1.3,500000
9,7,1.3,500000
9,7,1.3,490000
9,7,1.3,480000
9,7,1.3,485000
7,7,17.8,200000
7,7,17.8,195000
7,7,17.8,190000
7,7,17.8,185000
7,7,17.8,180000
0,4,2,120000
0,4,2,118000
0,4,2,117000
0,4,2,119000
0,4,2,120000
0,0,1,45000
6,4,1.3,170000
1,1,0.6,15000
1,1,0.6,15000
5,5,10,140000
5,5,10,130000
5,5,10,135000
5,5,10,135000
5,5,10,130000
0,2,6,16000
5,5,5,30000
3,3,1,45000
0,0,5,23000
2,6,6,8200000
10,8,2,53000000
6,5,1,34500000
7,5,2.1,125000000
4,4,5.2,17500000
3,4,10,19500000
4,6,6,13000000
1,1,4,5250000
7,6,10,21000000
3,3,5,4000000
2,4,8.2,13000000
4,6,3,10000000
5,5,1,65000000
3,3,3.5,9500000
4,4,6,11500000
5,4,10,34000000
4,3,5,11000000
0,4,10,22000000
3,4,2.5,8000000
0,0,5,8600000
0,0,5,9800000
7,6,5,12000000
4,3,12,20000000
4,4,4,8000000
0,0,1.1,26500000
6,5,10,22000000
3,3,3,6500000
6,5,5,8500000
3,2,5,3800000
3,3,3.3,7000000
3,2,6,12500000
5,4,7.5,26500000
6,4,10,27000000
1,2,5,4200000
1,2,4,4000000
3,3,5,9000000
0,2,3,2300000
8,6,14,29500000
4,4,10,17500000
2,2,3,2400000
5,4,8.5,16500000
2,2,3,5500000
4,3,5,7500000
5,6,5,15000000
4,4,10,17000000
2,2,3,4300000
6,5,14,39000000
1,3,7,13000000
0,0,10,18500000
5,4,10,27000000
4,4,10,20000000
2,5,4,6000000
0,0,10,19000000
7,5,3,135000000
2,2,2,5000000
0,6,5,9000000
4,4,5,9500000
6,6,1,27000000
4,3,5,9000000
6,5,10,27000000
3,2,6.2,8800000
0,1,3.7,8200000
4,3,3,5900000
7,5,10,28000000
5,5,2,240000000
5,5,10,29000000
2,1,5,10800000
2,4,3,7500000
0,5,2,160000000
6,5,5,15500000
1,2,3.5,4000000
2,2,7,12500000
6,5,10,750000000
2,3,4,8500000
3,3,10,11500000
3,3,10,11500000
1,2,1,1950000
4,4,4,7500000
2,2,4.5,6500000
7,5,10,15000000
2,3,2,3200000
3,3,5,11500000
7,5,1,55000000
4,3,5,9500000
4,4,10,21000000
7,5,12,36000000
1,2,5,3700000
4,3,5,9000000
1,2,2,3500000
2,3,8.8,5000000
5,4,5,13000000
2,2,5,8500000
4,4,2.8,2500000
0,0,18,50000000
5,3,3,8000000
3,4,4.4,6500000
3,3,9,15000000
6,6,17,29000000
7,6,1.6,35000000
6,5,8,10500000
0,3,4,8500000
4,4,7,11000000
2,6,4,35000000
3,10,5,7500000
3,3,7,5500000
6,6,12.4,22000000
6,6,1,27000000
5,5,8,14000000
7,6,1,43500000
3,3,4,6300000
5,5,7,14000000
10,10,9,13500000
4,4,7,11500000
4,4,10,8000000
4,4,6,5000000
4,4,10,17000000
2,3,2,2050000
4,3,5,5800000
0,0,5,5100000
4,10,5,8000000
3,3,10,4500000
5,4,10,26000000
0,0,12,7500000
6,10,1.3,55000000
5,4,5,8000000
5,4,5,7500000
2,2,4,3700000
4,3,10,11000000
2,2,5,6200000
2,1,3.4,6700000
4,4,13,13000000
4,4,5,9000000
6,5,10,23000000
2,2,6.2,8000000
10,11,2.1,650000000
5,5,10,12000000
2,1,3.4,6800000
0,3,8,20000
6,5,5,30000
0,3,12,40000
4,3,12,34000
2,2,10,15000
0,0,8,28000
3,4,8,24000
2,2,5.2,3762000
4,3,7.1,5136000
4,3,7.1,5136000
3,2,5.8,4666000
3,3,8,7250000
3,3,5.3,7000000
3,3,16,140000000
3,3,4.8,13000000
3,3,8,32500000
5,5,1,89000000
3,3,6.3,24000000
5,4,1.2,135000000
8,7,1,87500000
4,4,4,37500000
3,3,6.9,12000000
5,4,13.3,63500000
5,4,12,60000000
3,3,9.4,9000000
3,3,6.2,12500000
8,8,1.6,85000000
2,3,6.2,8500000
3,3,1,41000000
7,6,2.2,192500000
7,6,1,100000000
0,3,5,7500000
6,6,16,100000000
5,5,1,95000000
2,2,4.4,7500000
5,5,1,124900000
8,8,2,112500000
0,3,11.4,60000
4,3,11.4,65000
3,3,12,44000
3,3,5.3,48000
5,4,1,315000
3,3,1,125000
2,2,10,50000
3,3,12,65000
3,3,6,35000
3,3,6.4,44000
2,2,2.4,10000
3,3,9.8,125000
2,2,4.2,45000
0,2,4.2,26000
4,4,8,75000
0,0,1,110000
1,2,2.8,15000
2,2,4,30000
0,0,6.4,15000
2,2,3.2,10000
2,2,4.8,18000
0,9,3.3,280000000
4,5,6,22500000
0,2,3.2,3200000
0,3,8,16500000
1,1,2.8,4050000
2,2,5,4800000
4,4,10,15500000
6,5,11,15500000
6,5,10,15500000
0,2,6,11000000
5,6,5,8000000
0,2,5,9000000
3,4,3,5000000
5,4,10,32500000
0,3,5,15000000
6,4,7,13500000
3,5,5,5800000
0,0,4.9,2850000
3,4,5,15000000
6,6,9.9,18800000
5,4,10,24500000
6,5,1.3,33500000
6,8,5,7000000
3,2,4.4,5300000
6,5,10,30000000
4,4,6.5,8500000
5,4,4,7500000
0,0,5,15000000
4,4,5,8500000
6,6,10,14000000
8,7,14,27000000
0,0,17.8,57000000
2,2,5.8,7000000
2,2,4,17000
3,3,5.6,50000
5,4,1.3,70000
5,5,2,300000
5,5,2,300000
5,5,2,300000
5,5,2,300000
5,5,2,300000
0,3,9.3,135000
0,3,9.3,140000
0,3,9.3,138000
0,3,9.3,133000
0,3,9.3,135000
5,5,1,150000
0,3,1,90000
0,3,1,88000
3,3,1,46000
2,2,3,21000
1,1,1,6500
1,1,2,11000
2,2,3,20000
3,3,1,35000
3,3,10,35000
3,3,8,25000
4,4,10,29000
4,4,10,36000
2,2,5,20000
2,2,5.6,17000
5,4,5,28000
4,3,12,33000
0,3,1,45000
0,0,6,20000
2,2,10,40000
4,2,12.4,35000
7,6,1,80000
3,3,8,40000
0,0,8.4,52000
0,1,1,1100000
5,3,5,12000000
4,3,5,10500000
0,0,10,21000000
7,6,1,27500000
2,5,4,7200000
10,9,4,170000000
5,4,9,15000000
5,4,10,20000000
9,7,2,80000000
0,0,2,6000000
2,2,2,3700000
6,5,10,22500000
2,2,3,4190000
0,5,11,21500000
5,5,1,52500000
4,4,2,9500000
3,2,16,25000000
2,2,5,6200000
8,7,1,47500000
1,2,2,2000000
6,5,9,16200000
4,4,8,17500000
3,3,15,13500000
1,4,2,3500000
3,4,4,8000000
7,6,1,45000000
6,5,10,28500000
2,2,4,2700000
6,5,10,20200000
3,3,5,6000000
4,3,6.5,11000000
0,0,11,26500000
4,3,3,4700000
3,6,3,7500000
5,4,8,17500000
4,3,5,12000000
0,0,5,4500000
5,5,4,9000000
6,5,1,38500000
0,0,6,13900000
4,5,1,35000000
5,4,10,30500000
6,5,1,32500000
6,5,1,29500000
7,6,1,39000000
6,5,1,39000000
4,4,7,17500000
2,2,5,6000000
3,2,3,5500000
3,2,4,5500000
5,4,6,12500000
0,0,10,11500000
6,6,5,14000000
7,6,12,24000000
3,3,5,12500000
8,6,1,33500000
3,4,5,9900000
6,5,10,28300000
5,4,10,25000000
6,5,10,23900000
3,2,3,6000000
4,4,17,36000000
5,4,7,22500000
5,4,10,29000000
4,4,12,25500000
8,7,1,37000000
4,4,12,16500000
0,0,2.5,3500000
6,5,17,41000000
6,5,17,40000000
4,4,1,25000000
5,5,1.1,55500000
0,0,8,11500000
2,2,2,4500000
4,3,5,11500000
3,5,2,5500000
0,0,5,9500000
4,3,4.8,6500000
2,3,2,2900000
2,4,5,7350000
4,3,4,6000000
3,2,5,4300000
4,5,5,7500000
6,5,5,9200000
4,4,5,8500000
0,0,6,50000000
0,4,7,12500000
3,3,11,9000000
10,8,10,35000000
3,3,4,25000000
7,5,13,19000000
2,3,4,3500000
4,4,5,8100000
0,4,5,8100000
5,5,10,21000000
7,5,13,18000000
3,3,5,20000000
5,6,5,18000000
0,0,3.5,2700000
8,2,4,3800000
2,2,5,6000000
3,2,5.6,4700000
5,5,1,25000000
1,2,3.5,3300000
0,5,13,22500000
6,5,10,21000000
3,3,7,6800000
5,4,11,17500000
4,4,6,9000000
3,3,7.1,9500000
7,6,1,35000000
5,2,5,7000000
3,3,7,5500000
5,6,10,17500000
0,0,1.6,40000000
6,2,10,21000000
6,5,8,14000000
3,3,5,5000000
2,3,3,8500000
2,2,5,4000000
7,7,1,26000000
7,6,1,135000000
4,4,8.9,32000000
5,4,11,12400000
2,2,3.8,5800000
7,6,1.2,180000000
5,5,16,37500000
2,2,3.3,3950000
10,10,1.2,60000000
0,0,6,18500000
0,3,8,6500000
3,5,7.1,10500000
5,5,1,73000000
3,3,8,16000000
2,2,2.5,3500000
3,3,8,16000000
0,3,6.5,12500000
0,5,8,8500000
4,4,14,150000000
5,7,18,50000000
5,9,8,30000000
2,2,4.9,2500000
0,0,3.2,8000000
2,2,4,4900000
5,4,4.7,13000000
6,8,12.4,15000000
3,4,4.8,12000000
2,2,3.2,6000000
0,0,3.1,5500000
2,2,4.5,10000000
0,0,4.8,20000000
2,3,3.7,3000000
3,3,4.8,17500000
2,2,4.2,6300000
4,6,13.7,22000000
3,7,5.7,7400000
4,6,4.8,19000000
2,3,8,14000000
3,3,6,13000000
3,3,6.7,7500000
2,2,5.2,3763000
3,3,6.2,9500000
3,3,8,10500000
0,0,5.6,5500000
0,2,3.3,4600000
0,4,9.8,45000000
0,2,4.7,8500000
2,2,4.4,3700000
3,2,11,9500000
4,5,8,10500000
5,5,10,65000000
5,4,11,12500000
4,3,11,9205000
3,3,5,6642000
3,3,5,6642000
5,4,11,12500000
3,3,5,6642000
3,4,4,8000000
0,1,2.1,1680000
4,4,1,200000
0,3,6,43000
0,4,12,80000
3,3,8,80000
3,3,4.9,32000
0,3,9.6,32000
0,4,16,270000
6,5,1,325000
0,3,2,135000
0,2,1.2,95000
0,2,1.2,100000
0,2,4.4,48000
0,2,4,23000
4,4,3.2,20000
4,3,1,145000
5,4,1,340000
2,2,4.8,28000
3,3,12,42000
2,2,4,16500
0,0,2.2,27000
3,3,6.2,35000
7,6,1,350000
7,5,1.2,325000
2,2,4.8,47000
2,2,0.5,18000
8,8,6.8,75000
5,5,10,200000
7,7,1,200000
4,4,12,65000
3,3,7.6,65000
3,3,6.4,30000
0,3,1,87000
0,3,1,85000
0,3,1,86000
7,6,12,80000
4,3,1,40000
3,3,10,30000
3,3,14,28000
1,1,4,8000
2,2,4,24000
0,0,3,25000
3,2,7,27000
6,6,1.3,300000
2,2,4,9000
5,5,1.1,150000
5,5,1.1,150000
0,0,2,50000
0,0,8.9,36000
2,1,4.5,37000
0,2,7,26000
2,2,11,30000
3,3,17.8,85000
0,0,6,33000
0,2,5,22000
3,3,14,35000
3,3,10,8000000
5,4,8,40000000
6,4,9,14000000
4,4,7,13000000
0,0,10.9,19500000
6,7,1.2,27000000
0,0,5,28000000
3,2,7,5800000
3,3,4,16000000
2,2,5.1,6000000
0,2,3.1,4500000
5,5,6,18000000
6,6,5,9500000
0,3,5,6250000
6,6,12.4,19000000
6,5,7,12700000
5,4,10.7,27500000
3,2,5,4600000
4,4,3,14000000
0,0,10,6000000
3,2,7.9,7800000
3,3,6.7,6800000
9,4,10,36000000
5,5,8,22500000
3,3,5.4,5500000
5,5,5.6,7500000
4,4,6,4900000
6,5,1,85000
1,0,2.7,18000
0,0,5,35000
0,0,5,32000
2,2,10,22000
0,3,10,30000
2,2,8,20000
2,3,6,20000
0,3,16,50000
0,4,10,60000
0,1,5,17000
4,3,14.2,60000
3,4,7,23000
2,2,4,27000
2,2,4,40000
3,3,7.6,35000
3,3,7.6,48000
2,3,4,16500
1,3,4,12000
1,2,4,18000
0,0,4,18000
4,3,10,22000000
2,6,7.5,18000000
1,1,1.6,2600000
0,1,1.8,2200000
7,6,1.3,41500000
2,4,2.5,3500000
5,5,16,21000000
5,4,10,25000000
0,0,4.7,7200000
5,4,10,10000000
2,2,5.5,11000000
6,5,1,32500000
7,6,1,29500000
5,5,1,44000000
3,0,5,9500000
5,5,1.5,92500000
0,0,4,125000000
5,5,10,22000000
3,4,5,11000000
5,6,10.5,22500000
4,4,12,25000000
7,5,10,16000000
6,5,11,22000000
3,3,3,5200000
4,3,5,14000000
3,3,1,40000000
5,7,1,45000000
3,3,10,13500000
3,3,10,15000000
3,3,10,14000000
3,4,2.5,5500000
3,3,10,11800000
4,4,12,16000000
3,3,10,15400000
4,4,12,17500000
4,4,12,27000000
6,5,1,49000000
5,4,5,15000000
5,5,10,17500000
3,3,2.5,5500000
2,3,2,5000000
6,5,1,36500000
10,9,2,95000000
6,5,1,42500000
5,6,1,26000000
5,5,1.2,27500000
4,3,5,14000000
4,5,13,30000000
5,4,4,7500000
7,5,10,20500000
2,2,3,3500000
5,4,1.6,45000000
6,6,1.9,115000000
6,6,1,55000000
0,0,5,8000000
3,2,10,25500000
0,5,5,8500000
4,4,10,28000000
7,5,10,40000000
2,2,5,5000000
2,3,8,19500000
2,4,10,13500000
6,5,1,42500000
6,5,1,32000000
0,4,7,22000000
3,3,5,10500000
7,5,10,18000000
6,6,1,45000000
1,3,5,7500000
2,1,3,3500000
2,1,3,3500000
6,5,1,45000000
5,4,1,52500000
7,6,1,52500000
6,5,1,47500000
6,5,1,51000000
2,2,2.7,3200000
3,3,10,14800000
9,6,2,90000000
4,3,4,10500000
1,1,3.6,2000000
5,5,4,9000000
0,0,1,60000000
2,2,3,4000000
4,4,9,25000000
6,5,1,52500000
6,5,1,35500000
6,5,10,22000000
6,5,1,55000000
4,3,5,8500000
0,0,7,14500000
0,0,2,105000000
6,5,1,45000000
1,2,2.8,2300000
2,2,3,4000000
1,2,3,5500000
7,5,10,27500000
0,0,1,50000000
0,4,15,18000000
0,0,10,25000000
4,4,5,7500000
0,0,5,7000000
6,6,1,45000000
5,5,1,44000000
5,5,10,25000000
5,5,10,20000000
6,6,12,20000000
6,5,10,12000000
2,5,4,6000000
6,5,15,15000000
4,3,5,9500000
6,4,12,24000000
5,5,10,19000000
3,2,5.2,6000000
3,3,10,9000000
10,11,14,26000000
4,4,5,6000000
4,5,5,9500000
4,6,9,35000000
4,5,8,12000000
1,1,1.6,2000000
2,3,5.4,7500000
5,5,5,6000000
3,3,6.5,6500000
3,4,3,2000000
0,4,5.3,7500000
0,2,4,5900000
0,0,3.1,3200000
4,4,3.2,5800000
0,4,12,75500000
0,3,8.2,23500000
0,3,4.8,8000000
0,5,7.6,8000000
6,6,1,127000000
6,5,1.2,125000000
2,2,3.2,3600000
2,2,3.2,8500000
4,7,8,22500000
0,3,3.9,5500000
0,3,4.9,6000000
0,3,3.1,4500000
6,6,10.6,42500000
3,3,4.8,7500000
0,3,5,4500000
2,2,5.8,4600000
2,2,3.3,1800000
2,2,3.1,3000000
2,2,3.2,5500000
2,3,4.4,8500000
4,3,9.6,23500000
0,2,4.2,7500000
3,3,6.2,4900000
1,3,4,2800000
0,3,3.8,6800000
6,5,16,38000000
7,10,3.2,13500000
4,4,5,20000000
0,0,1.6,5500000
2,2,4.2,6500000
2,2,4.5,3200000
6,10,8.6,37000000
2,2,4.2,10000000
1,1,2,2500000
2,2,4,6300000
0,2,3.1,3800000
5,4,1.5,150000000
0,2,3.1,3500000
0,3,5.8,21000000
2,2,4.4,6500000
9,7,16,30000000
6,6,16,56000000
3,3,3.2,5500000
3,3,14,70000000
4,4,14.2,47500000
3,3,3.9,5350000
3,3,5.6,7550000
4,4,9.6,16300000
6,6,9.6,28500000
2,2,3.8,6500000
2,2,4.3,7000000
3,3,8,15000000
2,3,3,4000000
0,2,3.3,2000000
7,7,16,90000000
6,5,12,62500000
0,1,2,2800000
4,4,5.3,16500000
0,3,5.6,6500000
6,6,1,75000000
3,3,5,5500000
9,9,7.2,36500000
2,2,2.7,3300000
4,4,14,60000000
0,2,2.2,2200000
0,4,11,37500000
0,2,3.8,4800000
3,5,4.2,3500000
0,0,4.8,13000000
5,5,6,21000000
5,4,6.6,15000000
4,4,6.4,30000000
0,2,0.5,18000
0,2,0.5,18000
0,3,1,90000
3,3,7.1,40000
5,4,16.4,210000
6,6,4.8,30000
1,1,9.6,120000
0,2,4.4,25000
3,3,9.6,26000
3,4,9.6,25000
4,4,4.8,50000
5,4,1.4,450000
3,2,8,35000
3,2,8,35000
3,2,8,35000
3,2,8,35000
3,2,8,35000
4,4,14,85000
6,4,7,33000
2,2,7,18000
0,0,7,20000
0,0,10,25000
3,3,12,20000
8,8,2,600000
8,8,2,600000
5,5,10,88000
4,3,5,50000
4,3,12,28000
3,2,5.3,17000
0,2,4,22000
3,3,1,42000
0,5,12,35000
0,3,9.8,80000
10,8,1.1,400000
0,0,7,16000
2,2,5,23000
0,0,6,30000
0,2,6,22000
3,3,1,75000
0,2,4,27000
0,0,7,22000
0,0,7,20000
2,2,4.9,27000
0,0,12,150000
1,1,1.1,17000
0,2,5,16000
2,2,8,35000
0,0,5,14000
4,2,9,50000000
0,0,2,3825000
7,8,2,26500000
0,0,10,13000000
7,6,8,14500000
3,3,5,6500000
4,4,7.5,9000000
6,5,1.2,50000000
0,0,4.7,10000000
6,5,8,35000000
0,0,10,26000000
0,2,4,5800000
5,4,4,7800000
5,4,10,18000000
6,7,10,18000000
2,2,4,5083000
5,3,1.8,130000000
0,0,4,9500000
5,5,1,75000000
4,3,5,14000000
7,0,7,26000000
6,6,1.1,85000000
7,7,8,28000000
4,4,5,8500000
4,3,6.7,6500000
6,6,12.8,30000000
5,4,6.7,28500000
3,3,10,16000000
5,4,12,24500000
3,2,5,6500000
5,5,7,16000000
2,2,4,23000
5,5,1,125000
6,6,3.5,150000
1,1,3.6,32000
0,0,5,18000
1,1,0.9,16000
2,2,10,30000
2,2,8,25000
0,2,5,16000
2,3,4,16500
2,2,3.8,40000
0,3,10,32000
0,3,1,60000
0,2,10,35000
5,4,10,60000
3,3,10,20500
2,2,4.4,32000
1,2,3,5500000
9,8,2.1,125000000
6,5,1,60000000
6,5,1,47500000
6,5,1,43000000
6,5,10,20500000
6,5,10,3735000
5,4,10,19200000
6,5,8,22500000
7,7,12,19900000
4,3,10,13000000
5,4,10,17500000
6,5,1.4,82500000
4,3,4,7200000
6,4,10,22500000
6,6,1.6,102500000
4,4,5,8500000
4,3,5,12500000
4,3,5,12500000
4,3,4,8200000
4,4,10,15000000
7,5,8,14400000
4,3,5,10900000
4,3,5,9000000
6,6,1,35000000
2,4,2.5,3600000
5,4,10,31500000
2,2,5,12000000
5,4,10,22200000
3,3,10,35000000
4,3,3,6500000
6,5,1,52500000
4,3,10,9800000
6,5,1,38000000
3,3,5,10500000
6,5,1,29500000
6,5,1,42500000
4,4,12,27500000
0,5,2,70000000
5,5,8,24000000
6,8,16,24000000
4,3,3,7000000
7,5,10,20000000
4,4,4,12500000
2,3,2,3000000
3,3,3,5650000
2,2,10,9000000
5,5,12,25000000
0,5,10,23000000
5,4,6,9500000
5,5,10,12000000
6,11,17,39500000
3,2,10,11000000
0,0,5,7500000
7,5,1,50000000
2,2,2.2,2600000
0,0,5,9500000
6,6,1,27500000
3,3,10,13700000
4,4,5,8000000
6,5,1,60000000
3,2,10,95000000
0,0,7,17500000
3,5,4,8000000
4,2,3.5,5500000
5,4,5,10500000
4,4,4.5,9000000
3,3,5,8500000
2,2,3,4500000
5,4,10,24000000
5,5,5,9000000
6,3,5,11800000
0,0,3,3500000
0,0,3,3500000
0,4,16,19500000
2,3,2,3000000
2,2,5,3700000
1,3,2.5,3500000
8,7,1.2,43500000
6,3,5,6000000
5,4,19,35000000
2,4,2,3500000
5,4,5,9000000
7,5,12,23500000
1,1,2.4,3800000
0,4,5,6600000
1,2,3.5,3200000
3,3,4,5500000
6,5,10,25000000
3,4,5,4700000
6,5,7,14500000
3,3,4,4500000
7,6,12,19500000
6,6,3,5000000
2,2,5,4300000
3,2,6,5500000
2,2,5,5950000
4,4,6,14000000
2,2,2,1900000
5,4,10,20500000
2,2,7,24500000
6,6,10,14500000
4,4,3.5,6500000
2,4,2.7,3000000
4,4,5,7300000
5,7,8,14000000
1,1,1.8,2500000
7,7,14,31500000
5,6,14,41500000
0,4,4.8,16000
3,3,8,65000
0,0,2,90000
0,0,2,90000
0,1,2,90000
4,3,1,160000
6,5,1,350000
0,0,8,75000
2,1,4,16000
0,0,4.2,32000
7,7,1.3,450000
1,1,1.8,13000
4,3,9.8,55000
2,2,3.6,23000
3,3,8,60000
1,1,1.3,15000
3,0,7,65000
4,4,8,40000
2,3,10,80000
6,6,1.2,300000
4,3,11.1,65000
2,4,4.8,18000
0,0,2.2,8000
2,3,4.8,16000000
2,3,5.8,15000000
3,2,5.7,8000000
6,6,7.2,22000000
4,3,8,9500000
0,2,4,8000000
2,2,5.3,16000000
3,2,5.7,4500000
5,5,14,105000000
3,2,4.8,6500000
3,6,3.4,1700000
3,3,4.8,10500000
0,3,5.6,5500000
3,2,4.8,8500000
4,5,8,9000000
4,3,2.2,6500000
6,7,4.8,9000000
3,3,9.8,27000000
1,2,3.1,1850000
3,2,3.2,6500000
3,2,3.8,3500000
7,6,2,260000000
5,5,4.8,23000000
0,2,4.4,78000000
0,0,3.8,4600000
0,2,4.4,7000000
2,2,2,6500000
8,8,6.4,22000000
2,2,4.8,3300000
3,3,4.8,13700000
9,9,12,36500000
3,4,5,6243000
0,0,3.3,3000000
2,3,5.3,9000000
0,0,3.4,7000000
0,2,4.2,5400000
0,2,3.4,2700000
3,3,5.8,18500000
3,3,1.7,5000000
4,3,4,30000000
4,4,4.8,13000000
0,2,2,1900000
0,0,3,4200000
0,1,2,1700000
0,3,4,3800000
3,3,5.1,9500000
7,7,1,122000000
3,4,5,5800000
3,3,4.8,5500000
3,4,5,5800000
0,2,3.8,3500000
4,4,4.8,15000000
2,2,4,5000000
0,0,1.2,200000000
4,4,14,75000000
3,3,8.9,25000000
3,3,8,30000000
5,4,9.9,42000000
3,2,4.8,4650000
4,4,9,24000000
2,2,2.4,2400000
3,3,5,2600000
2,2,5.6,4600000
9,10,10.7,21000000
0,3,4.8,7200000
0,2,4.8,3800000
4,4,4.8,7000000
4,3,8.9,15000000
1,1,3.4,4800000
3,3,6,4900000
0,2,3.6,5300000
4,6,4.8,11000000
0,2,3.8,5300000
2,2,4.8,18000
3,3,6.6,32000
4,3,4,85000
0,0,4.8,20000
2,2,4.2,28000
3,3,4.8,28000
0,0,1.2,450000
4,2,8,25000
2,2,4.2,27000
4,3,1,130000
4,3,1,140000
0,0,4,60000
2,2,2.6,16000
2,2,4,50000
4,3,7.1,90000
3,3,16,56000
2,2,4,25000
0,2,3.1,11000
3,3,4.8,30000
2,3,9.6,26000
2,2,3.2,14000
3,3,8,65000
2,2,4.4,30000
0,2,3.8,23000
4,2,9,250000
2,2,5,20000
0,2,7,25000
0,2,5,42000
4,3,10,200000
3,3,1,45000
2,2,10,35000
3,2,8,32000
0,1,4,38000
0,0,10,40000
2,2,6,33000
3,2,5,16000
2,3,10,25000
2,2,7,17000
1,2,7,15000
3,3,10,25000
3,3,1,45000
3,2,9,170000
1,1,1,60000
6,4,4.5,30000
0,1,3,120000
0,3,9.3,165000
0,3,9.3,167000
0,3,9.3,170000
0,3,9.3,160000
0,3,9.3,160000
0,3,9.3,160000
0,1,3.8,120000
0,3,9.3,125000
0,3,9.3,122000
9,7,1,200000
9,7,1,205000
9,7,1,210000
9,7,1,207000
0,2,1,85000
0,2,1,80000
0,2,1,82000
0,2,1,80000
0,2,12,12000
2,1,4.5,35000
0,0,7,20000
2,2,5,20000
0,0,1.3,700000
3,3,1,100000
2,2,12,50000
0,4,1,40000
2,3,5,18000
2,2,6,25000
2,2,6,25000
2,2,6,25000
2,2,6,25000
2,2,6,25000
6,5,1.3,220000
0,3,9.3,162000
4,3,1,45000
0,3,9.3,161000
0,3,9.3,160000
0,3,9.3,165000
0,3,9.3,120000
0,3,9.3,122000
0,3,9.3,121000
0,3,9.3,120000
0,3,1,85000
0,3,1,90000
0,3,1,87000
0,3,1,85000
0,0,1,50000
0,2,10,65000
3,3,14.2,70000
1,1,5,10500
1,1,10.9,15000
4,4,5,9500000
0,0,1.6,130000000
3,4,7,18000000
10,9,1.8,65000000
2,2,5.8,8000000
3,3,8,11500000
3,3,8,11500000
1,2,4.4,5200000
2,2,3.5,4200000
3,4,4,16000000
3,3,1,80000000
2,3,3,3900000
3,3,8,11000000
6,7,8,8500000
5,5,2.8,4000000
3,4,4.5,6500000
1,2,4.4,12500000
3,2,5,4900000
3,3,8,21000000
6,4,10,25000000
6,6,1,45000000
4,3,6.7,6750000
2,2,6.3,6800000
3,3,11.1,18500000
2,2,4,5300000
2,2,7.1,14000000
2,2,4.9,4300000
3,4,4,23000
3,7,7,50000
1,1,2.7,22000
6,5,10,60000
1,1,2.6,26000
3,3,1.5,53000
0,0,1.5,53000
5,5,1,65000
0,2,4.9,35000
7,6,10,20000000
2,3,6,14000000
4,4,5,8000000
0,3,10,10000000
6,5,10,22000000
5,5,12,20500000
4,4,9,16500000
8,7,1,63500000
7,5,1,53500000
7,5,1,53500000
7,6,1,48500000
7,5,1,47500000
4,4,3.5,5500000
4,4,3.5,5500000
3,3,3,4500000
3,3,3,4500000
4,3,4,10500000
5,4,8,17500000
2,2,3,4000000
3,3,3,9400000
5,6,10,11500000
3,3,4,8000000
3,3,2,3800000
6,6,10,23500000
5,5,10,22500000
7,7,8,21000000
4,3,5,17500000
0,2,3,5400000
5,5,1.3,42500000
5,7,5,10500000
3,5,5,7200000
5,3,7,15000000
4,4,10,22500000
6,5,1,40000000
0,0,3,1990000
0,0,5,11500000
1,1,2.2,2395000
0,0,10,20000000
7,6,1,40000000
4,4,4,12000000
2,4,5,5000000
3,3,3,5500000
2,3,4,9500000
2,1,3.9,3500000
5,3,3,7200000
4,3,2.5,4800000
4,3,5,14500000
6,5,10,25000000
0,0,2.6,330000000
7,6,8,28000000
6,4,5,7700000
0,0,3,175000000
7,5,1,48500000
8,7,1,63500000
5,4,1,70000000
2,2,5,10000000
0,0,6,4950000
1,1,2.2,2395000
1,2,2,1850000
7,5,9,15000000
5,4,10,15500000
0,0,17,30500000
6,5,1,49500000
7,5,10,17000000
2,1,4,21000000
3,7,13.5,22500000
4,4,5,9000000
4,3,5,11500000
6,5,1,49000000
3,3,10,40000000
6,5,1,39900000
4,4,4.4,21000000
3,3,3.5,5500000
0,0,5,10100000
4,5,11,19500000
6,4,14,37000000
0,0,4.5,7500000
4,3,5,6500000
3,3,3,4700000
4,3,5,11000000
5,5,11,15000000
3,5,5,6000000
6,4,10,15500000
4,4,5,7500000
6,5,5,15000000
5,5,10,15500000
4,3,1.1,35000000
6,6,10,55000000
4,4,5,6500000
0,0,2.9,3500000
2,2,5,8500000
2,2,2,2200000
4,4,10,4600000
4,3,5,7500000
0,0,5,10500000
7,7,13,25000000
3,4,8,5500000
6,5,8,15000000
0,0,11,20000000
5,5,10,18500000
4,4,4.4,7000000
5,5,10,18500000
4,4,10,23000000
6,6,1,45000000
6,6,10,23000000
5,5,10,24500000
5,5,10,23500000
5,5,12.8,19500000
6,5,10,23000000
8,5,1,42500000
6,6,1,28000000
6,4,5,8000000
4,4,10,27000000
2,2,2.9,2600000
2,5,3.5,3800000
0,0,3.8,5300000
0,2,4.7,5500000
5,8,5.6,13000000
2,2,2.1,3500000
4,4,4,39000000
4,4,1,55000000
0,0,9.6,23000000
0,2,2.4,2400000
0,0,4.8,4200000
0,0,1.2,60000000
5,5,1,70000000
2,2,4,3500000
0,3,6.7,10000000
3,4,3.2,16000000
6,6,8,25000000
4,4,3.2,8000000
0,3,6,7000000
3,3,11.5,31000000
8,7,6.4,30000000
0,2,4.7,9500000
0,0,2,2500000
0,2,4,6800000
0,0,7.2,5000000
0,5,8,12000000
2,2,3.8,5200000
4,4,4,31000000
0,3,7.6,30000000
0,3,6,8000000
3,4,3.2,20000000
8,8,1.2,82500000
3,3,6.4,5500000
4,3,5.6,10000000
0,3,7,7400000
4,3,4.8,9000000
0,3,4.8,5500000
0,0,2.4,4000000
0,0,4.8,15000000
1,1,6.4,30000000
3,3,10.7,32000000
7,6,4.8,24000000
0,0,10,75000000
3,2,1.8,9500000
5,5,8,25000000
5,5,1,70000000
5,5,1,70000000
3,3,8,17000000
6,6,13.6,55000000
1,1,2.6,2650000
3,4,2.6,3600000
0,2,3,3400000
2,2,2,6500000
1,2,3.3,3800000
2,2,3.5,2000000
2,2,4,8200000
6,6,4.7,13500000
0,3,6.7,18000000
0,5,6.7,10000000
2,3,4.8,6500000
4,4,9.6,17000000
0,0,2.6,5200000
2,2,4,5000000
2,2,3.2,3300000
0,3,4,2700000
0,3,7.6,12000000
6,6,4.8,10400000
0,0,7.1,16500000
2,2,4,2700000
2,2,2,4700000
0,3,12,36500000
9,11,2,207500000
2,2,3.3,3500000
6,4,4.8,7800000
3,3,5.3,8500000
5,5,13.3,41000000
0,4,1.2,31500000
0,0,5.3,6800000
3,3,5.3,5400000
3,3,8,15000000
3,3,8,24500000
2,2,3.2,11000000
7,7,3.2,15000000
0,0,6,47500000
2,2,4.2,5200000
4,4,4.8,13000000
3,2,4.8,10000000
3,3,6.2,8000000
1,1,2.7,1600000
3,3,7,4700000
2,2,3.3,6200000
2,3,3.6,3200000
0,2,3,1600000
3,2,4.7,12000000
2,3,3.8,4700000
2,4,3.4,3600000
0,0,7,20000
3,3,1,40000
2,2,6.5,200000
0,2,6,35000
1,1,3.6,25000
4,3,1.2,85000
4,3,1,110000
1,1,1.8,16000
0,2,5.3,60000
3,3,1,40000
4,4,5,35000
3,3,4,20000
3,3,1,40000
1,2,2.7,32000
0,0,7,17000
2,3,7,16000
2,3,5.6,32000
2,2,6,28000
1,1,5,14000
3,3,1.2,150000
6,6,1,120000
6,6,1,121000
6,6,1,122000
6,6,1,125000
5,5,1,155000
5,5,1,157000
5,5,1,153000
5,5,1,152000
0,0,2,1100000
0,3,3,110000
0,3,1.2,55000
0,3,1.3,80000
4,4,12,55000
2,2,6,33000
2,2,6,35000
3,3,14,55000
0,4,10,20000
2,2,5,32000
4,4,8,27000
1,1,3,20000
3,3,4.9,20000
2,2,3.6,16000
3,3,1,32000
3,3,6,18000
4,4,1,90000
3,3,8,28000
0,0,10,100000
6,6,5,14000000
4,4,6,14000000
6,6,2,41500000
0,3,4,3100000
7,5,11,19000000
0,0,6,22500000
3,4,7,6000000
2,2,6,4000000
6,6,12.4,22500000
4,4,7,11000000
7,6,10,13500000
6,5,10,22000000
5,6,4.5,7000000
3,5,4.2,5500000
6,0,7,14000000
6,5,10,20000000
0,0,10,20000
0,2,9.8,22000
0,2,4.2,15000
0,0,5,16000
0,2,5,13000
6,5,10,75000
0,2,3,15000
4,4,7,46000
3,3,5,32000
5,4,10,70000
3,3,10,42000
0,3,6,18000
8,8,10,110000
0,2,4,24000
6,5,12,65000
1,2,5,23000
5,5,12,65000
3,3,8,33000
5,4,10,28000000
2,1,2.1,3000000
5,4,10,22500000
5,4,10,32500000
5,4,10,31500000
5,4,10,26500000
7,5,2,182500000
5,5,4,8000000
0,0,14,22000000
1,2,3,5200000
6,5,5,12500000
0,4,14,22000000
5,5,10,19500000
4,3,5,13000000
5,4,20,32500000
4,4,7,24500000
2,4,6,5000000
2,2,2.5,5000000
6,6,15,25000000
6,5,1,44000000
6,5,1,46000000
6,5,1,39900000
6,5,1,42500000
6,5,1,42500000
6,5,1,71000000
6,5,1,55000000
6,5,1,40500000
6,5,1,37500000
0,0,2.2,2395000
3,7,5,7000000
1,2,2.8,1950000
3,3,3,6100000
5,4,8,17000000
3,3,2.2,5500000
4,4,5.5,7300000
4,3,5,9100000
3,3,5,6000000
4,3,4,9500000
10,11,2.3,115000000
4,3,5,7000000
3,3,5,15000000
6,5,10,22500000
2,2,3,5000000
5,4,10,29000000
5,4,10,19000000
5,4,10,33000000
3,3,5,10000000
5,4,10,27000000
5,4,10,28000000
6,5,1,65000000
6,5,10,25000000
4,7,5,6500000
0,0,6,10000000
7,7,17,30000000
4,3,5,7000000
3,3,2,4700000
3,3,7,11000000
5,5,1,72000000
5,3,10,14000000
3,3,13.2,25000000
0,0,5,10000000
2,2,6.4,11500000
0,3,2.8,6000000
0,0,5,8000000
3,4,11,3000000
6,6,10,12000000
5,5,1.1,40000000
6,5,1,58000000
4,4,9,13500000
8,7,2,147500000
3,3,2.7,7700000
0,4,5,10500000
5,4,1,35000000
0,1,1.3,1500000
6,5,10,13800000
2,4,3,3500000
6,5,15,22500000
5,4,6,10500000
3,3,5,11500000
5,5,1,56000000
5,4,10,24200000
7,5,1,72500000
3,3,10,18000000
3,3,9.6,26000
3,3,9.6,26000
5,6,9.6,55000
3,3,8,90000
3,3,7.6,85000
2,2,1.2,120000
2,2,1.2,120000
4,4,8.8,80000
0,5,1.2,175000
8,7,1.2,350000
6,6,1.2,300000
0,2,5.3,30000
1,0,4.8,15000
0,3,9.3,45000
2,2,2.6,18000
2,4,4.8,27000
0,0,0.4,15000
2,2,2,29500
2,2,4.2,45000
3,2,4.8,70000
2,2,7.1,60000
4,4,8.9,70000
3,3,16,55000
2,3,9.6,23000
4,3,8,65000
3,2,1,90000
0,2,4.8,22000
1,2,1.6,2200000
4,4,4,29500000
2,2,4.4,4800000
3,3,7.1,12000000
2,2,4.8,7500000
3,3,7.3,9000000
0,2,5,6500000
0,0,4.4,7500000
0,0,5.6,7200000
2,2,4.7,11500000
0,2,1.6,1800000
6,4,8,23000000
3,3,1,30500000
2,2,5.6,12700000
0,0,3.2,5900000
3,3,6,10000000
7,6,1.6,130000000
4,4,14,60000000
6,5,1,100000000
2,2,3.8,4500000
7,6,1,125000000
0,4,4,5500000
7,6,2,190000000
2,2,4,7800000
2,2,4.4,7300000
2,2,5,4500000
6,6,16,35000000
0,5,7.1,8500000
0,2,4,6500000
0,2,3.2,5000000
3,3,3.6,11000000
0,3,5.2,5200000
0,0,2,145000000
2,4,4.2,5800000
0,0,2.2,165000000
4,3,7.6,21500000
0,0,4.8,5000000
0,3,8,15000000
10,11,3.2,12500000
0,5,8.9,5200000
3,8,3.3,9200000
4,6,14.8,100000000
5,8,1.6,95000000
3,3,8,15000000
3,3,6.1,8500000
5,5,14,105000000
0,2,2.9,5800000
3,3,10.2,18500000
2,2,4.8,7000000
3,3,7.3,9000000
2,2,4.2,8000000
0,3,4.8,7000000
0,2,4,6500000
2,0,4.4,3500000
6,7,7.1,30000000
7,7,16,30000000
2,2,4.8,8500000
2,3,3.1,2430000
3,3,6.2,7800000
3,3,7.1,7000000
3,5,4.8,18000000
2,2,4.4,8200000
0,4,12,15200000
3,2,4,5000000
1,6,5.1,10500000
0,2,3.1,3200000
4,4,14,105000000
2,3,3.2,6000000
3,3,9.6,15500000
5,3,4,14200000
4,6,5,8500000
4,4,4,15000000
4,4,4,15000000
0,0,5,9000000
4,4,17,15000000
6,5,6,6500000
5,5,8,18200000
4,4,7,28500000
6,6,13,17000000
0,0,7,11500000
4,4,5.6,20000000
10,11,1,17500000
9,8,1,39500000
6,5,1,35500000
0,0,3.3,3400000
5,4,1.1,100000000
3,3,11.6,23500000
5,5,1.5,28000000
0,0,3.6,280000000
4,4,10,7000000
7,6,2.4,350000
3,2,8,40000
0,0,12.4,65000
0,2,10,26000
3,3,1.2,58000
6,5,2,150000
3,3,9.3,155000
6,6,1,160000
4,3,10,44000
5,4,13.3,300000
8,6,1.1,450000
3,3,1,59000
5,5,10,55000
1,1,4,21000
0,2,10,22000
4,4,1.3,250000
5,5,7,35000
5,4,10,60000
4,4,10,60000
10,3,10,55000
0,3,1,120000
0,3,1,120000
0,3,1,120000
0,3,1,117000
0,3,1,118000
0,3,1,116000
3,3,1,100000
0,3,1,98000
5,5,1,170000
5,5,1,165000
5,5,1,160000
5,5,1,158000
0,3,1,110000
0,0,1,115000
0,3,1,112000
0,3,1,72000
5,5,1,150000
5,5,1,152000
5,5,1,153000
6,6,1,155000
3,3,14,60000
6,6,1,152000
6,6,1,160000
5,5,1,175000
5,5,1,180000
0,3,1,95000
0,3,1,90000
0,3,1,110000
0,2,6,16000
0,3,1,112000
0,2,4,12000
0,3,5,16000
0,2,5,16000
0,3,15,58000
5,5,1.5,25000000
6,5,11,30000000
6,6,2.1,180000000
9,9,2,290000000
9,7,1.8,220000000
9,8,1,135000000
3,3,5,14000000
6,6,4,280000000
8,6,1,47000000
3,2,4.9,5100000
2,2,3.5,5000000
2,3,7.1,8000000
5,4,10,25000000
3,3,8,5800000
6,5,12,29000000
4,4,7,13000000
7,7,14.2,28000000
0,4,10.4,12500000
0,0,10,27500000
4,4,14,13000000
2,2,3.6,3700000
3,2,4.9,5000000
0,0,2.5,3200000
4,3,10,20000000
6,5,10,27500000
6,5,17,42500000
6,5,11,17000000
2,4,3,6200000
2,2,10,6000000
2,2,2,3000000
7,6,5,9500000
5,4,11,27000000
2,2,5,6500000
4,4,7,18000000
2,2,3.2,3400000
6,5,11.7,22000000
6,6,7,12500000
3,3,7.4,5000000
3,3,10,11500000
7,6,12,16000000
5,5,5,4200000
6,6,12,15000000
6,7,10,18000000
3,3,5,5000000
6,6,12,14500000
6,4,5,8900000
3,4,5,25000
3,3,5,17500
3,3,10,35000
0,7,7,65000
0,0,2,550000
2,2,10,27000
2,2,10,17000
0,4,13,30000
2,4,5,9500000
2,4,5,6900000
1,1,2.2,1850000
7,5,7,16000000
4,3,11,20500000
4,3,10,22800000
3,2,5,8000000
0,0,1,60000000
0,0,3,4750000
0,0,2.1,1904000
2,4,10,14000000
1,1,5.5,3500000
3,3,3.5,7000000
0,0,5,9600000
5,4,10,20500000
5,4,10,22000000
1,4,5,5000000
6,5,2,100000000
6,5,2,100000000
6,5,1,37500000
2,3,3,3500000
5,4,10,22200000
7,6,1,52500000
0,3,3,6750000
5,5,1,53000000
4,3,5,12000000
5,5,14,18000000
6,5,1,29000000
3,3,10,20000000
0,0,14,37500000
4,3,3,5800000
5,5,5,7600000
0,5,18,32500000
5,4,5,7500000
5,4,4.5,7900000
5,6,10,11500000
4,6,5,9000000
6,4,5,8800000
5,4,3.5,11000000
5,4,7,21000000
6,5,1,105000000
6,4,8,16000000
2,4,3,4800000
0,0,3,7900000
4,4,5,16000000
4,4,8,12000000
7,6,10,18500000
0,0,3,7200000
5,5,4,180000000
2,2,4,5000000
3,3,7.5,22500000
3,3,1,47500000
6,7,10,16500000
3,4,10,25000000
5,5,9,22500000
4,3,9,18500000
2,2,3,2490000
5,5,1.2,27500000
4,3,5,12000000
0,0,3.5,9000000
0,0,5,10000000
6,5,1,20000000
5,4,10,32000000
5,4,1,35000000
7,6,1,335000
3,3,6.4,70000
4,4,16,51000
3,3,8,95000
2,3,4.8,25000
3,3,9.6,35000
2,2,4.2,24000
2,2,4.4,22000
9,8,2,250000000
3,3,9.6,32000000
0,5,5.3,3000000
4,6,9.3,6100000
0,2,4.2,7500000
0,4,13.2,45000000
0,0,4.8,5400000
3,3,4.4,3100000
7,6,1.3,135000000
0,0,5.6,8000000
5,5,12,70000000
5,4,11,12500000
3,3,3.2,8200000
1,0,3.8,3500000
5,4,1,95000000
4,3,4,27000000
4,4,4,24500000
5,4,4,27500000
2,2,4.9,4600000
3,5,6.4,7500000
5,4,12.2,41000000
2,2,4.2,12000000
8,10,9.6,35000000
0,3,4.8,5500000
3,3,6.1,13000000
3,3,8,35500000
0,0,4.2,6000000
3,3,8,20000000
3,3,2.2,4500000
3,3,9.6,11500000
2,2,3.2,1600000
5,5,4.8,35000000
4,4,4.8,35000000
5,5,9.6,38000000
0,4,8.9,20000000
0,2,9.6,28500000
0,3,7.9,15000000
4,3,12,35000000
3,3,5.6,9000000
2,4,7.6,5000000
3,3,6.7,9000000
5,4,8,25000000
3,3,5.6,8000000
0,7,1,145000000
4,6,8,3200000
0,0,4,6000000
5,4,6.4,27500000
0,9,9.3,32500000
0,0,9.8,20000000
2,2,4.4,8000000
5,10,5,15000000
2,2,4.4,11000000
2,2,2.3,3800000
0,0,4.8,9500000
0,0,8,11000000
3,3,7.4,20000000
6,9,4.8,15500000
0,3,8,15000000
2,2,3.3,3200000
6,5,1,115000000
4,3,11.4,33500000
5,6,3.2,11500000
4,3,12.2,41500000
0,0,1,35000000
3,3,7.6,19800000
1,1,8,1700000
3,3,6.7,11000000
0,0,3.8,5000000
3,3,6.2,9000000
7,7,6.2,26000000
5,4,4.8,8000000
0,2,4.2,6300000
2,2,2.9,4800000
2,2,2.3,2500000
2,3,3.2,6000000
3,4,3.2,13000000
0,0,4.2,2500000
2,2,3.2,3500000
0,4,9.6,45000000
2,2,4.8,8500000
8,8,9.6,29500000
7,6,1,165000000
2,2,3.6,4000000
3,3,7.8,21500000
5,5,3.2,3500000
2,2,3.7,3700000
0,0,10,20000000
0,0,2.2,4000000
2,2,3,4000000
4,5,7,23000000
3,3,2.5,3600000
0,1,2.8,5000000
5,4,9,36000000
4,5,2.8,3800000
0,2,3.8,6600000
6,5,5,7000000
6,5,10,21000000
0,2,4.4,90000
7,7,2,300000
0,0,1.3,700000
0,1,0.2,5000
4,4,16,130000
1,2,5,17000
2,2,2,120000
4,4,1,40000
2,2,10,16000
7,6,1.2,575000
2,2,5,18000
0,2,7.1,60000
4,3,7.1,85000
1,1,2.2,55000
4,3,13,35000
3,3,14.2,60000
0,3,8.4,42000
2,1,7,30000
0,3,1,42000
2,3,6.2,41000
7,6,2.5,1500000
0,1,10,25000
3,2,7,16000
5,5,7,15000000
2,2,6,4700000
6,4,7,20000000
6,7,16,45000000
6,5,10,25000000
3,6,3,6470000
5,5,3.5,6000000
0,0,6.5,6800000
1,1,2,3000000
0,0,10,28000000
3,3,7,12500000
3,4,6,20000000
6,4,8,16000000
3,3,10,35000000
6,5,1,47000000
7,5,1,48500000
0,0,5,4200000
4,6,8.5,9300000
6,6,6,23000000
0,0,7.5,30000000
6,5,1,45000000
0,6,1,46000000
0,6,1,46500000
8,6,7.5,42500000
6,5,1,37000000
6,5,1,28000000
2,2,5,6000000
0,0,6,6600000
3,2,5,6200000
5,7,5,7800000
2,2,4,4500000
3,4,10,8200000
2,4,3.5,4500000
5,5,10,13000000
4,4,10,35000000
2,2,10,12300000
4,4,14,13000000
0,2,3,3000000
0,2,5,1600000
3,3,10,16000000
6,5,10,16000000
2,2,5,8500000
4,5,9,25000000
0,4,3.8,35000
0,0,3,22000
0,0,1,70000
0,0,12,50000
0,0,12,30000
0,0,5,25000
0,0,12,30000
0,0,5,18000
0,0,3,22000
0,0,3,20000
0,0,5,34000
0,0,3,25000
0,0,7,30000
0,0,4,20000
0,0,5,18000
3,2,5,23000
0,0,5,25000
5,4,1,125000
2,2,6,25000
4,4,6,45000
3,4,5,30000
1,2,5,15000
1,2,5,15000
1,2,3,10000
2,3,5,15000
3,7,5,10000
1,1,3,35000
3,4,10,22000
0,3,13,30000
3,3,1,50000
2,3,3,15000
0,2,5,32000
0,5,2,25000
4,5,6,10000000
1,1,2.2,2195000
4,3,10,10500000
3,3,5,12500000
3,3,2,4800000
4,3,7,20000000
1,2,3,3100000
5,4,8,17500000
5,4,10,19800000
4,3,5,11200000
0,0,10,15000000
4,4,5,9000000
3,4,3.5,7800000
2,2,2,2200000
6,4,8,15000000
4,3,10,19900000
2,3,2.5,3000000
2,2,2.5,5400000
5,5,10,15000000
6,4,8,14500000
3,3,5.5,8800000
1,4,6,4800000
5,4,7.5,7800000
1,1,2.7,2395000
0,0,5,9500000
6,5,2,179500000
6,6,10,25000000
6,5,1,52500000
3,3,6,15000000
1,4,5.5,8000000
6,5,10,21500000
3,3,5,25000000
2,4,2.5,3600000
5,6,10,11500000
4,4,1,41000000
7,7,3,125000000
2,2,5,4500000
6,5,1,40500000
5,5,5.2,9500000
0,5,10,22500000
7,5,1,48000000
5,5,10,15000000
4,4,4,7400000
2,3,3.5,6500000
5,4,6,12000000
4,4,10,25000000
3,2,10,27500000
4,3,5,9300000
3,3,10,16200000
4,3,15,42500000
0,4,2.7,5000000
6,5,10,5000000
7,7,5,8000000
3,3,5,17500000
3,3,5,16000000
3,6,1,40000000
0,0,416,884000000
4,4,5,8900000
4,4,10,22500000
5,4,12,25500000
4,4,12,26000000
5,4,10,22500000
6,5,1,41500000
5,4,12,27000000
5,5,10,24500000
6,5,1,42500000
5,4,12,30000000
4,4,10,23000000
5,4,10,23500000
5,4,10,24000000
0,3,10,19500000
2,2,6,7500000
5,5,1,40000000
4,5,2.5,5200000
8,7,10,20000000
0,0,5,13000000
5,4,5,7000000
4,3,12,14000000
7,7,2,55000000
8,5,10,21000000
0,0,5,31000000
0,2,3.5,30000
5,5,1,250000
0,0,1,125000
2,2,4.8,25000
0,3,16,35000
3,3,8,70000
4,4,1.2,400000
3,3,9.6,60000
0,2,4.4,21000
5,4,1,325000
0,0,4.4,23000
3,3,8,60000
0,2,4.4,20000
0,3,16,49000
0,2,4.2,22000
2,2,4.2,22000
0,0,4.8,22000
0,0,4,40000
3,2,5.8,45000
0,2,8,45000
0,0,6.2,23000
0,0,2.6,13000
3,3,5.8,45000
3,3,7.3,85000
2,2,4,40000
0,1,2.2,15000
4,4,10,170000
8,7,2,650000
0,2,3.9,33000
3,5,13.3,21000000
6,6,17,50000000
3,3,7.4,10000000
6,6,4,2400000
0,0,5.8,4600000
2,2,3.1,2800000
2,3,9.6,36000000
2,2,5.3,9500000
2,3,2.4,3200000
2,2,2.4,2700000
4,6,6.4,12500000
0,2,4,3500000
0,3,10,35500000
10,8,2,200000000
7,5,1,135000000
2,2,4.8,5000000
2,0,4,8500000
6,5,1,100000000
3,3,4.8,7500000
2,6,4,4000000
1,1,6.4,6500000
4,3,8.2,20000000
5,6,3.2,11600000
0,3,7.1,21000000
0,2,2.4,4600000
0,0,2.5,1800000
2,2,4.7,13000000
4,3,4.8,37000000
0,0,2,1700000
0,0,4,3600000
0,0,3.8,3350000
3,3,4.8,8500000
0,2,4.7,4500000
6,5,1,95000000
3,3,7.1,21000000
6,6,4.8,15500000
3,3,6.7,11500000
0,3,8,7000000
8,6,1,115000000
2,4,4.4,9000000
5,4,6,17500000
3,3,12,18500000
4,3,4.8,37000000
4,4,9.6,14500000
2,2,4.4,7500000
0,0,4.8,1300000
3,3,4,28000000
3,3,8,13000000
2,3,8.8,18000000
2,2,4.9,5800000
6,5,1,110000000
4,4,1,85000000
5,5,14.4,45000000
7,6,1.2,155000000
6,6,1,90000000
6,6,16,45000000
5,5,3,210000000
0,0,2,8000000
0,0,3.2,20000000
3,3,5.1,12000000
3,3,5.1,12000000
3,3,5.1,12000000
3,2,9.8,37000000
3,3,6.4,8600000
3,3,10,25000000
0,0,10.6,55000000
4,3,11.4,37500000
0,0,9.8,18000000
4,2,9.8,37500000
4,4,9.6,12000000
0,2,3.2,6450000
0,0,3.3,4000000
0,0,8,9500000
3,3,8.9,11000000
3,3,5,13700000
4,3,13,11500000
7,7,14.2,47500000
7,7,10,16000000
2,2,4,4800000
7,9,6.7,15000000
7,6,2.1,190000000
7,6,2,299500000
6,4,5,15000000
0,0,3.9,23000000
2,2,6,8500000
6,6,15.9,46000000
6,5,9,35000000
3,3,9.3,14000000
3,4,12,32500000
4,4,6,28500000
4,4,8,21000000
3,3,14.4,23000000
6,6,12,50000000
6,6,8,25000000
5,4,13.3,18000000
0,0,1,43000000
0,3,4.7,4200000
3,3,6.7,8150000
5,4,10,30800000
2,2,9.7,13500000
5,4,10,30800000
3,3,7.6,11500000
2,2,5.8,6000000
3,2,7.1,20800000
3,3,8.9,11000000
3,5,14.2,38500000
2,2,4,3000000
0,2,12,60000
0,0,12,70000
0,3,12,65000
8,7,1.2,220000
1,1,1.1,10000
8,8,1,600000
3,3,1,35000
3,2,10,19000
8,7,8,400000
0,6,14,85000
6,6,6,60000
3,3,1,34000
0,0,8,20000
5,5,1,160000
3,3,1.2,60000
0,0,8,36000
2,2,7,20000
2,2,7,20000
0,0,10,200000
4,3,1,110000
0,3,1,44000
5,5,8,52000
0,3,2,125000
0,1,5,13000
5,5,7,60000
0,2,5,14000
0,2,5,13000
2,2,6,18000
0,2,5,15000
9,7,1,100000
0,2,7,20000
1,1,8,18000
0,2,8,25000
1,1,2,30000
0,1,4.4,20000
0,2,4.4,26000
3,3,1,50000
0,2,10,50000
0,0,5,190000
0,7,18,380000
3,4,5,11000000
4,4,5,8000000
2,4,3,5000000
2,3,5,8500000
1,5,4.5,2900000
0,4,7,6800000
2,4,1.4,8000000
2,3,3.5,7500000
6,5,10,21000000
8,7,1,45000000
5,4,6,9500000
3,4,5,9600000
5,4,6,11000000
3,3,6,4900000
7,7,7,14000000
6,6,1,46000000
5,5,7,12000000
2,2,2,2000000
0,1,3.5,3800000
2,6,3.5,8500000
8,10,5,11000000
0,0,10,13500000
2,2,10,12500000
5,5,5.5,12000000
2,3,5,3500000
2,2,5,3000000
5,4,16,35000000
1,5,4,7500000
1,2,3,15000
0,2,5,15000
3,3,12,38000
0,0,13,65000
3,4,5.5,38000
0,0,5,15000
2,2,11,17000
5,5,10,60000
3,3,10,45000
6,4,8,14500000
4,3,4,7350000
3,0,3.5,5000000
0,0,10,21000000
6,6,5,7000000
5,6,1.3,13500000
0,0,2.3,130000000
6,5,1,41500000
0,4,8,13500000
0,5,16,53000000
0,5,10,23500000
3,3,3,6500000
8,7,12,27000000
5,5,5,10000000
5,4,10,31600000
2,2,1,9000000
5,4,10,19500000
7,5,8,14500000
3,3,10,13000000
0,0,2.5,3800000
2,2,3,6000000
5,4,14,25000000
6,5,12,23500000
4,4,10,15000000
4,3,5,19500000
5,4,10,32000000
5,4,4,45000000
8,6,1,36000000
0,0,10,13000000
0,0,1,90000000
4,5,12,25000000
4,3,5,12200000
0,3,7.2,13500000
5,4,10,23500000
6,5,10,23500000
5,4,10,22000000
5,4,12,26300000
6,5,1,43500000
5,4,10,23000000
1,2,4.5,12500000
4,5,13,13000000
0,0,6,15000000
4,4,3,7900000
5,5,1,40000000
0,5,12,22000000
4,3,3,5500000
4,4,10,25000000
3,3,12,28500000
4,4,4,6000000
0,4,10,28500000
6,5,10,21500000
0,0,5,11500000
2,2,4.1,4200000
4,3,4,50000000
0,2,4.9,7000000
6,5,1,87500000
0,3,7.1,18000000
4,4,9.6,11500000
0,2,4,5500000
2,2,4.4,23000
0,3,10.3,34000
2,3,4.4,24500
0,3,1.3,140000
5,5,1.2,180000
3,4,17.2,60000
0,2,4.2,20000
0,3,5.8,37000
1,2,2.8,11000
0,2,4.2,20000
2,3,3.2,10000
2,2,3.2,13000
3,3,6,40000
6,5,2,325000
4,3,1,160000
3,3,8,42000
2,2,4.8,20000
0,2,3.1,21000
3,0,7.1,70000
5,4,12,160000
3,3,8,40000
0,0,2.9,11000
3,4,9.6,18000000
0,1,3,4000000
3,2,4.8,7300000
0,2,4.8,9500000
3,2,4.8,8800000
3,3,5.5,16300000
0,3,9.8,30000000
3,6,3.2,4500000
4,4,5.3,15500000
2,2,4.7,11000000
6,5,9.6,39000000
4,4,1.2,80000000
0,0,1,130000000
3,3,9.6,17500000
0,4,9.6,43700000
0,0,4,7200000
5,5,4,39000000
0,3,7.8,26500000
6,5,12,92500000
4,4,4,41000000
6,6,9.6,34000000
8,7,2,185000000
3,4,4.2,16000000
6,5,1,110000000
6,6,1,95000000
6,6,1,107000000
2,2,3.2,2700000
2,3,4.6,7500000
0,0,7.3,10500000
0,3,11.4,40000000
3,3,7.8,30000000
4,3,5.6,9000000
6,5,1,70000000
3,0,8,12400000
7,5,14,57000000
2,2,4,2900000
3,3,6.7,8500000
2,2,4.2,5800000
3,3,5.6,17000000
0,2,3.3,5000000
0,3,2.9,2500000
5,4,4.8,8200000
5,3,10.2,41000000
5,3,19.2,70000000
6,5,1.2,105000000
6,11,4.8,15000000
5,5,1,82500000
6,5,1,135000000
0,2,3.3,3600000
5,4,4.8,22500000
3,3,9.6,23000000
0,2,3.6,3000000
5,7,8,28000000
0,4,6.4,9000000
0,0,4.8,10000000
0,0,4,7000000
2,2,4.2,2660000
0,0,5.4,17000000
0,2,4.4,15000000
3,3,7.6,13500000
7,6,1.4,150000000
3,2,4,5100000
0,0,3.2,3800000
5,6,3.2,6500000
0,3,4.6,5500000
1,2,4.2,5300000
0,5,7,8000000
2,2,4.2,10000000
2,2,4.2,2600000
0,0,2,2500000
3,4,8,22000000
2,2,3.3,3500000
2,2,4.2,2660000
6,6,8,38000000
2,2,5.6,12700000
3,3,8,7250000
10,7,2,400000000
4,3,10.9,14700000
0,3,10,16300000
3,3,10.9,14700000
3,3,6,22000000
6,6,18,29000000
0,3,6.7,8000000
6,6,1,48000000
0,3,8,15600000
4,5,8,15000000
3,3,8.6,11600000
3,3,8.6,11600000
0,2,3,4200000
6,5,1,45000000
0,1,4.4,10000000
3,3,8,4800000
6,6,10,16000000
7,7,2,50000000
1,3,1.5,15000000
4,4,5,9000000
3,4,4,16500000
5,4,7,23500000
3,3,5,14500000
3,3,8.2,11000000
3,3,8.2,11000000
3,3,12,55000
2,2,5,25000
0,2,8,45000
2,3,4,70000
0,3,12,62000
0,0,8,65000
0,0,12,90000
0,1,5,23000
8,7,1,105000
1,3,12,40000
0,0,1,230000
3,3,1.2,56000
2,2,7,26000
3,4,1,83000
6,4,7,38000
2,3,7,16000
0,2,5,16000
0,3,14,60000
0,3,14,60000
0,3,10,45000
0,3,10,43000
0,0,1,52000
0,2,4,16000
6,5,10,22500000
6,6,10,10000000
0,0,5,4200000
3,4,5,9000000
2,2,3,4400000
4,3,3,4000000
2,2,5,8000000
1,1,8,2700000
3,4,5.2,10500000
3,3,3,6000000
4,4,5,8000000
4,4,10,23000000
0,0,2.5,5200000
2,2,5,4200000
6,6,10,22000000
2,2,5,4500000
3,6,5,5600000
6,6,10,18000000
3,3,10,17500000
6,5,10,17500000
6,6,8,14000000
5,4,10,6000000
3,4,10,30000000
0,0,5,7000000
5,6,5,8000000
6,5,10.1,15500000
6,6,10,17500000
1,1,3.1,4700000
4,4,5,7200000
7,6,1,42500000
4,4,5,8000000
0,2,10,17000
0,0,1.6,20000
0,0,3,22000
2,2,4,12000
0,2,5,33000
2,2,5,30000
2,2,7,25000
5,6,5,45000
3,3,5,22000
1,1,2.9,11000
2,2,8,18000
3,3,10,50000
2,2,5,20000
0,3,10,30000
0,2,10,40000
5,5,7,16500000
5,4,10,21500000
4,4,10,21000000
6,7,10,11500000
4,3,4,10000000
5,4,15,38500000
2,2,6,11000000
3,3,5,13500000
5,5,10,18000000
1,3,5,4500000
3,4,5,4800000
4,3,10,23500000
6,5,10,23500000
5,4,10,23000000
5,4,10,22800000
5,4,10,23000000
4,3,10,30500000
5,3,3,4000000
6,6,1,32000000
0,0,9,20000000
3,3,2.7,6000000
0,0,5,10000000
6,4,10,24000000
8,6,1,40000000
5,4,1,25000000
4,3,7,22500000
1,2,2.7,2550000
5,5,7,15000000
5,4,5,9000000
4,3,4,8000000
4,4,8,15000000
2,2,3,4150000
2,1,3,2450000
3,3,3,7500000
4,4,7,20000000
3,3,6,16500000
4,2,10,18000000
9,7,1,25000000
0,2,2.5,3000000
3,3,1,26000000
5,4,5,10000000
7,4,13,30000000
3,3,4,9500000
5,2,10,19500000
4,3,1,35000000
5,4,7,18500000
5,4,10,34000000
4,3,5,12000000
4,4,3,3500000
2,2,1.5,2500000
5,5,5,10500000
0,4,4.4,4600000
2,2,2.2,3500000
0,0,1,32000000
1,1,2.3,5160000
2,2,1.5,2500000
4,4,10,13000000
3,3,8,11000000
3,5,4,20000000
0,0,1,43000000
7,5,1,38600000
0,3,10,20000000
7,5,10,19000000
3,3,5,45000000
6,5,1,42000000
6,5,1,47000000
4,3,10,22500000
3,3,3,5600000
3,3,3,8650000
2,2,1.5,4000000
0,0,10,21000000
5,4,10,38000000
4,4,7,5750000
6,5,10,7600000
2,2,6,12500000
0,0,1,30500000
2,2,5,13000000
6,5,1,47500000
3,3,8,9500000
3,3,8,28000000
0,3,5.1,9000000
3,3,9.4,4900000
3,3,9.4,8500000
3,3,8,7250000
3,3,5,4650000
2,2,2.4,2200000
0,3,10,100000
0,0,8,40000
5,5,16,80000
3,4,4.4,65000
6,7,16,400000
0,3,8,50000
2,3,4.8,28000
0,2,5.6,25000
0,3,6,40000
3,3,9.6,35000
2,2,0.3,13000
2,3,3.2,12000
2,2,10,50000
4,4,12,65000
3,3,10,65000
2,2,8.9,45000
3,3,9.6,80000
2,3,3.8,22000
0,0,5.6,20000
4,4,8.2,85000
0,2,2.4,18000
8,6,1.2,65000
6,6,1,330000
2,2,4.2,40000
0,4,4.8,5600000
2,3,2.4,11000000
6,5,1,112500000
0,0,3.2,9500000
3,3,7.1,8000000
3,3,8,28000000
6,5,16,80000000
3,3,6,7600000
0,4,4.8,4500000
0,3,6,9000000
8,6,3.2,11000000
0,3,4.2,5500000
2,4,4.2,4200000
0,1,2.1,3500000
2,4,4.2,4200000
5,5,4.8,18000000
6,7,5.8,14500000
5,5,1,270000000
3,5,8,41000000
0,3,6,4800000
2,3,3.6,1700000
3,3,6.2,6250000
5,4,12,61000000
8,6,1,100000000
2,3,4,5600000
3,3,3.2,4200000
0,3,6.2,8500000
3,6,3.2,9500000
4,4,8,17000000
5,4,4.8,14000000
3,3,7.9,17000000
6,6,16,36500000
2,2,3.5,13000000
3,3,5.3,5600000
6,6,1,115000000
10,8,16,41500000
0,3,16,22500000
0,0,6,11500000
4,4,16,40000000
2,2,2.2,2650000
4,6,8.3,60000000
0,0,5,4500000
0,2,4,9000000
3,5,16.4,25000000
6,5,1,106000000
4,4,4.8,41500000
0,2,4.3,7600000
3,3,9.6,125000000
3,3,1,29000000
2,2,4,9500000
3,3,8,2600000
2,2,4,7000000
7,6,8,20000000
2,3,8,15000000
6,5,1,87500000
4,4,4,38000000
4,4,15.4,23000000
0,0,4.8,13000000
0,0,4.2,5600000
3,3,13.3,55000000
3,3,8,11100000
2,2,4.4,7500000
0,0,4.8,3000000
2,2,2.7,2800000
2,2,7.4,10500000
2,2,7.4,10500000
3,3,10.7,15000000
0,2,4.2,35000000
2,2,6.8,9200000
2,2,6.8,9200000
2,2,6.8,8400000
2,2,6.8,8400000
4,7,10,34000000
6,6,10,13500000
2,2,6,7400000
2,2,6,7400000
1,1,5.9,7300000
7,5,1,45000000
6,7,4,35000000
3,3,10.7,16000000
4,4,9.5,16000000
0,4,8,12000000
7,6,1,76000000
1,1,6,6225000
0,0,5,30000000
4,4,8,22000000
10,7,2,170000000
2,2,3,3000000
4,4,5,6400000
6,4,5,8500000
6,6,2.3,190000000
3,3,5.6,3000000
3,3,6.7,8500000
9,7,7,15000000
2,2,6.3,6800000
0,3,9.8,12000000
6,5,11,27500000
4,4,5,5000000
6,5,8,32000000
0,1,4,4500000
10,11,1,62000000
3,2,6,3800000
4,4,5,9500000
6,5,1,32000000
5,4,12,27500000
3,3,8.9,16000000
2,3,4.9,9000000
4,3,12.4,28000
3,3,4,16000
4,4,1,115000
7,6,2.4,230000
4,4,12,70000
0,0,2,125000
0,0,12,30000
0,0,5,12000
0,0,3.6,18000
2,2,5,16000
0,4,1,119000
0,0,1,45000
0,0,8,28000
2,2,4.4,40000
0,3,7,22000
0,0,5.5,16000
6,6,8,300000
0,3,13,57000
0,0,12,60000
4,3,12,32000
3,2,7,20000
2,2,4,10000
4,4,5,34000
3,3,10,45000
1,3,4,24000
7,6,9,18000000
3,3,4.2,6500000
3,5,5,8500000
0,0,5,7000000
4,7,5,12000000
3,3,2.5,5000000
5,4,5,13500000
6,4,10,24500000
0,0,7,26500000
3,3,4,26000000
8,10,10,13800000
4,5,5,15500000
2,2,3,3000000
5,6,6,25000000
0,0,7,4000000
7,6,1,42500000
4,4,5,5200000
6,4,6,8000000
6,4,5,7500000
5,5,1.2,27500000
6,6,10,21500000
0,2,3,3800000
4,4,8,9500000
5,4,18,32500000
5,5,10,24000000
2,2,4.2,5500000
1,1,2.7,3150000
1,1,3,4500000
3,2,5.8,10500000
8,7,16,35000000
2,1,3.6,7800000
6,5,7,13000000
0,0,10,21000000
0,0,3,11500000
5,6,4,25000
2,2,4,16000
6,5,10,45000
0,5,7,40000
2,3,6,30000
4,3,10,50000
1,2,5,8000
3,3,8.5,28000
4,3,12,70000
0,0,6,25000
2,2,4,16000
1,1,1.3,16000
5,4,16,25000000
6,5,1,47500000
3,3,2.5,6000000
4,4,6,7500000
0,0,5,13000000
8,10,1.1,57000000
6,5,1,39000000
4,5,5.8,20000000
6,5,1,57500000
6,5,1,51500000
2,3,4,6000000
3,3,4.2,14500000
3,3,4,8000000
4,3,10,26500000
2,3,1.5,2700000
5,4,10,28000000
5,4,10,21800000
5,4,10,24000000
0,3,7,19500000
3,3,3,5400000
4,3,5,11000000
6,4,4,10800000
4,3,5,6100000
6,5,1,45000000
4,4,5,12500000
3,4,6,15000000
7,5,10,18000000
4,4,1,21000000
4,4,4,6500000
5,4,10,23000000
5,4,10,27000000
5,5,5,8500000
4,3,5.3,16500000
4,5,10,30000000
9,7,1,30000000
7,5,10,19000000
0,0,2.5,6000000
6,6,9,20000000
7,5,10,18000000
7,7,1,60000000
6,5,10.5,19000000
5,5,1,70000000
6,5,1,47000000
3,2,10,19000000
3,3,5,100300000
6,5,1,23200000
3,3,3,4400000
2,1,4,5000000
6,5,2.1,117500000
4,3,5,12200000
3,3,2.5,6400000
3,3,8.5,95000000
2,2,2,2450000
6,4,5,13000000
4,3,10,22500000
4,4,1,40000000
7,6,10,19600000
7,5,6,15000000
4,3,3,7500000
4,3,4.5,11000000
6,6,1,65000000
4,5,1,31000000
5,4,10,21000000
3,3,2.1,6500000
4,5,4,4500000
3,3,2.5,4000000
2,2,10,14400000
7,6,1,33000000
0,3,2.5,3600000
1,1,1.6,2225000
6,6,10,11500000
5,5,6,16500000
7,5,2,148500000
3,3,3,4500000
4,3,11.8,54900000
2,2,4,7000000
0,3,3.3,2700000
3,3,7.1,10500000
8,8,16,40000000
0,0,4.4,6300000
2,2,4.8,19000000
5,4,12,75500000
2,3,3.4,3600000
0,2,4.7,6950000
2,2,4.2,5800000
0,3,11.4,28000000
0,3,11.4,32500000
0,3,11.4,27500000
1,3,5.3,17500000
0,4,1.3,125000
5,5,14,145000
2,2,4.4,27000
2,2,4.8,7800000
3,3,5.3,11000000
0,3,6.4,6300000
3,3,8.6,9500000
2,3,3.8,3600000
3,2,9.8,45000000
0,2,2,6200000
2,0,4.2,5800000
7,6,4.8,17500000
3,3,6,14500000
0,2,4.8,8000000
0,2,3.2,4800000
0,0,2.2,4000000
0,0,8,10500000
2,2,5.3,5500000
2,2,4.2,5800000
3,3,7,6500000
0,0,4.8,7000000
3,3,7.1,11500000
2,3,3.2,3500000
0,2,2.6,4200000
3,6,3.2,9500000
2,2,4.4,11000000
0,0,5.3,8000000
4,3,6.4,22000000
3,2,8.8,7500000
10,10,2,130000000
3,3,6.7,20000000
7,10,4.8,5200000
5,4,11.5,47500000
7,7,5.2,10000000
8,9,4.8,22000000
7,6,16,60000000
3,3,8,11000000
1,3,3.2,4000000
7,6,1.2,155000000
0,0,8.7,12500000
5,6,11,66500000
3,3,11,35500000
0,3,4.8,6500000
3,3,8,10000000
0,0,3.5,4500000
0,2,3.3,3500000
2,2,3.6,6000000
2,2,4.8,8150000
2,2,4.8,19500000
0,0,6,9000000
3,3,4.8,9600000
0,2,4,6000000
3,3,5.8,9000000
2,2,3.8,3750000
0,0,8,13000000
2,2,3.1,7300000
8,7,10,16500000
4,4,7,27000000
10,7,2.4,175000000
5,5,5,25000000
7,7,7,11000000
3,3,9.6,21000000
3,4,5,8200000
0,0,11.7,58000000
2,2,3,2700000
4,3,10,8000000
2,2,3.8,3700000
6,4,7,11000000
5,5,9.3,14000000
4,4,5,8000000
5,4,15,19000000
9,6,12,30000000
1,1,4.3,4600000
1,1,3.1,1845000
4,3,6.7,6500000
5,4,14.6,15000000
9,9,6.7,36000000
3,3,4,3100000
3,3,13,19000000
3,3,12.1,19900000
7,7,1.2,45000000
2,2,5.5,6850000
2,2,5.5,6850000
6,4,11,49500000
8,7,10,19000000
3,3,5,5000000
2,2,8,14000000
5,4,10,11500000
5,4,10,27500000
5,3,5,8900000
5,4,7,11500000
0,0,7,20100000
0,3,8,7500000
5,4,10,17500000
2,2,5.6,14800000
3,5,5,45000
3,2,5,16000
2,2,3.3,40000
4,4,1,300000
6,6,10,55000
6,6,10,55000
0,3,9.3,33000
3,3,1,44000
2,2,11,32000
8,6,1,215000
0,0,0.5,13000
8,7,1.2,560000
2,2,6,25000
3,3,10,50000
0,2,7.6,70000
0,2,7.6,68000
0,2,7.6,68000
0,2,7.6,68000
0,2,7.6,67000
0,2,7.6,69000
0,2,7.6,68000
0,2,7.6,68000
4,2,10,50000
0,3,1,40000
3,2,4.9,21000
4,5,1,135000
2,2,3.2,15000
3,3,1.2,35000
2,2,3,39000
0,3,6,31000
3,3,8,40000
1,1,5,10000
2,3,1.2,60000
5,4,7,15000000
6,5,5,10000000
5,4,8.2,8500000
2,3,6.2,2600000
2,2,5,6000000
4,3,7,7500000
3,2,2.5,2700000
4,3,5,9000000
2,4,7.5,20000000
6,5,10,19000000
4,7,1,13000000
3,3,5,15000000
1,2,3.5,2500000
6,5,10,22500000
6,5,12.5,22500000
6,5,10,15500000
0,0,1,24000000
3,3,7,11000000
0,0,5,6300000
2,2,8.5,10000000
8,7,1,17200000
6,6,10,15000000
4,4,5,12500000
5,4,7,14000000
5,5,7,12000000
6,6,13,20000000
0,0,7,14000000
4,3,10.9,13000000
5,4,12,25000000
6,0,7,32500000
6,5,10,15500000
0,0,5.5,28500000
6,5,10,25000000
3,3,2,2700000
5,8,5,8500000
3,2,5,3000000
3,2,2,15000
0,0,2.5,10000
3,3,10,54000
0,3,19,37000
0,3,1,42000
2,4,6,22000
0,2,8,40000
4,4,18,45000
2,2,10,28000
0,3,7,35000
3,3,1,36000
6,5,1,38000000
1,2,1.5,20000000
5,8,18,20000000
7,5,1,45000000
7,4,2.5,52500000
0,0,11,22500000
7,6,1,75500000
5,4,19,33000000
5,4,10,25000000
6,5,10,37500000
3,3,5,8200000
4,4,3,5000000
6,5,1,45000000
4,4,7.5,16000000
1,3,5,4400000
1,1,2.5,2800000
6,5,1,44000000
6,5,1,49900000
0,0,2.2,105000000
6,5,1,52500000
6,5,1,41800000
1,2,2.5,4000000
0,0,1.3,2500000
4,3,5,10500000
4,3,5,16800000
4,3,5,16500000
4,3,5,11500000
2,3,3.5,4800000
5,6,4.5,9500000
3,3,3,4190000
4,3,3.5,5400000
4,4,3.5,8500000
3,3,10,17500000
4,6,9.5,12000000
5,4,10,38000000
1,2,5,16000000
4,3,10,20500000
5,4,10,29000000
7,5,1.1,41000000
11,11,2,125000000
4,6,5,5500000
5,5,2,95000000
3,2,12.5,16000000
4,3,9,22500000
3,3,2,4800000
0,0,5.5,9000000
7,5,10,17000000
4,3,4,6000000
4,3,5,10500000
3,3,5,4300000
0,1,2.5,130000000
4,3,5,11000000
0,0,11,21000000
4,3,12,27500000
7,5,8,14500000
2,3,3,8000000
7,5,12,25500000
4,4,8,16000000
3,3,10,120000000
0,10,2,100000000
0,0,2,150000000
0,0,4.7,5500000
4,3,5,9500000
4,4,5,8500000
0,0,5,32000000
0,1,3,5500000
4,4,16,50000000
2,1,2.5,4000000
5,4,4,32500000
4,3,8,15000000
0,2,3.3,2800000
3,3,9.6,14000000
6,6,8,30000000
0,0,5.6,3500000
0,2,4,4700000
3,2,4.3,3000000
7,6,1,89000000
7,6,1,107500000
1,2,1.7,1600000
0,0,4.8,7000000
3,4,3.2,6500000
0,0,5.8,3300000
7,6,1,71000000
2,0,3.3,3800000
0,2,3.3,2800000
5,7,9.6,6500000
2,2,3.2,4000000
0,0,2.6,6000000
8,6,16,52500000
0,0,8,7500000
0,2,3.3,1425000
0,0,8,22500000
2,2,4.2,5500000
0,0,3.1,3400000
2,2,4.8,19000000
0,0,7.6,40000000
2,4,4.2,6800000
5,6,3.2,6500000
3,3,8,17400000
3,3,8.8,16000000
2,4,4.8,8000000
2,2,3.2,5000000
0,2,2.6,2000000
0,2,4.8,7000000
2,4,4,6200000
0,6,4.8,12600000
3,4,3.8,2550000
3,3,1,155000
3,3,8,32000
5,5,1,110000
5,4,11.6,105000
4,4,14,90000
5,5,1,325000
2,2,1.9,3600000
3,2,4.8,7800000
3,5,13,16000000
2,2,5.3,20000000
6,6,18.4,70000000
6,6,9.6,27000000
4,4,6.4,10000000
3,3,5.6,12800000
3,3,5.6,7000000
3,2,10.4,42500000
3,2,10.2,47500000
5,4,16.3,57500000
4,3,12.8,55000000
4,4,4,35000000
2,2,9.3,32500000
3,3,10,17000000
2,2,5.5,6800000
2,2,5.5,6800000
6,5,7,16500000
0,0,14,48500000
2,2,3,3900000
2,2,5,3000000
7,5,8,14200000
3,2,5,4500000
2,2,5,9500000
2,2,6.4,29000000
1,1,4.9,6100000
1,1,4.9,6100000
2,2,4.9,6000000
2,2,4.9,6000000
4,5,7,24000000
3,3,4,7500000
6,4,5,13500000
0,0,11,25000000
5,5,1.2,62500000
5,4,4.4,15200000
6,5,6.5,22500000
1,1,4.4,5500000
7,7,9,16500000
7,4,8,14000000
7,6,1,77500000
0,10,14.2,40000000
4,4,4,7000000
4,5,3,4200000
7,6,1.2,25000000
1,1,3.8,4650000
1,1,3.8,4650000
0,0,8.2,9650000
1,1,4.4,5500000
7,6,1,45000000
3,3,10,40000
3,3,10.1,80000
3,3,12.2,80000
2,2,5.3,55000
2,2,5.6,30000
1,1,1,55000
3,3,10,21000
6,4,7,38000
3,2,7,19000
3,2,7,18000
4,3,12,32000
3,2,7,20000
2,2,10,32000
10,2,7,32000
3,2,6,35000
2,2,10,25000
5,6,12,55000
0,3,5,22000
2,1,6,25000
1,2,6,22000
0,0,4,25000
1,1,2,6000
2,2,4,12000
6,6,15,150000
2,2,9,220000
4,3,1,275000
4,4,1,74000
2,2,8.9,200000
1,2,5.8,25000
6,5,1,250000
1,3,12,40000
3,3,8,36000
2,2,8,31000
0,1,5.1,150000
3,3,10,65000
3,3,12,60000
3,2,5.2,4500000
4,6,10,16000000
0,3,5,8500000
3,3,5,14500000
5,5,5,12000000
4,4,6,11500000
0,0,10.9,23000000
6,4,6,9800000
6,5,1,35000000
4,4,3,4300000
3,4,3.5,4700000
2,4,5,7500000
2,1,3.9,9000000
5,6,12,19900000
1,2,3.5,2200000
0,0,5.4,9500000
6,6,1,35000000
3,5,15,35000
0,0,3,22000
0,0,5,25000
0,0,5,20000
3,6,15,35000
2,2,5,17000
2,2,4.2,50000
2,2,8,20000
2,2,5,15000
5,3,5,63000
3,3,5,35000
0,0,2.2,30000
3,2,5.3,50000
3,3,1,65000
5,5,10,70000
1,2,3,15000
2,2,4,19000
2,2,10,35000
3,2,10,30000
3,4,2,4200000
3,3,10,12500000
3,3,10,22500000
4,4,5,10500000
5,5,1,50000000
4,3,8,15000000
0,0,10,19500000
1,2,3,3200000
2,3,3.5,4200000
2,2,2,2500000
8,7,2,87500000
0,0,3,1800000
3,3,10,22000000
6,6,2,65000000
0,0,1,75000000
2,4,5,7200000
0,0,5,9800000
3,3,5,9500000
4,3,4,8000000
3,4,9,23000000
7,5,10,22500000
1,2,5,8000000
4,4,5,11500000
6,5,10,19500000
0,0,4,9500000
5,4,5,10000000
5,5,1,35000000
4,3,3,6500000
3,3,3,4000000
3,5,7,8500000
4,3,5,10000000
3,7,3,7200000
5,4,6.5,21500000
2,3,5,5000000
2,1,3,2700000
6,6,1.1,23500000
3,2,6,6000000
7,5,13,22000000
6,0,10,20000000
1,2,5,1600000
3,3,6,13200000
4,4,5,10500000
5,3,14,18000000
3,3,6,132000000
4,3,3,8500000
4,4,8,10100000
0,0,1.3,35000000
3,2,3,3890000
6,5,2,110000000
6,5,2,195000000
10,6,1,31500000
6,7,8,16000000
3,4,5.2,5000000
5,4,5,10700000
4,3,5,8200000
2,4,3,4500000
0,0,10,17500000
3,3,5,13000000
2,2,3,4800000
0,0,2.5,3200000
8,6,2,92500000
7,6,1,40000000
5,5,4,4000000
5,5,1,37500000
7,5,1,47500000
2,3,4,4200000
4,4,5,10000000
1,2,5,2890000
2,2,2.1,5200000
4,7,12,24000000
1,1,14,9000000
6,5,18,29000000
7,7,2,30000000
6,5,10,22500000
5,4,5,8600000
4,3,3.1,8000000
7,6,11,20000000
5,5,4,8700000
6,5,1,38700000
6,5,1,50000000
6,5,1,41800000
7,6,1,52500000
6,5,1,55000000
6,5,1,48500000
6,5,1,53000000
6,5,10,14900000
1,2,2.3,3000000
6,5,1,41000000
4,4,5,10500000
6,5,1,72500000
0,0,3.5,1630000
1,2,3.5,3400000
3,3,8.4,10000000
0,0,4,4700000
3,3,8,16000000
3,3,5,6642000
5,4,11,12500000
2,2,5.8,4665000
2,1,7.6,31000000
3,2,9.7,42500000
3,3,5,6642000
6,6,1.5,110000000
2,2,5.2,3763000
4,3,6.7,4797000
2,2,5.7,4090000
3,3,7.1,5136000
7,6,1,47000000
10,12,5,550000000
3,4,5,21000000
6,6,5.6,11000000
6,5,1,47500000
3,3,12.5,14000000
5,5,8,15000000
3,4,10,30000000
5,5,6,13000000
4,4,1.8,140000000
5,4,5,9500000
0,1,2.7,9000000
2,3,10,9500000
3,3,7.9,7849000
2,2,3.6,3700000
2,2,4.9,5100000
2,2,5,2600000
2,2,5,3400000
3,3,8,7500000
0,0,8,4300000
6,6,7,14000000
0,0,8,12800000
8,7,10,27500000
0,4,4,10000000
0,0,1.4,25000000
3,2,4,4500000
7,6,1,38000000
6,7,1,30000000
0,2,5.5,7500000
0,11,1.1,45000000
6,7,10,45000000
5,4,2,45000000
4,3,6.7,26000
2,2,6.7,30000
2,3,14.2,60000
3,5,14.2,60000
5,5,5,50000
3,3,10.2,44000
9,8,1,95000
4,3,12,70000
0,3,1,32000
2,2,1.3,30000
10,8,1,650000
3,3,1,45000
3,2,10,25000
3,4,1,80000
3,4,1,80000
0,0,10,22000
1,1,2.3,15000
3,3,1,130000
0,0,8,80000
1,2,4,22000
0,3,11.1,150000
2,1,2.9,55000
3,5,8,18000
1,1,1,25000
3,2,9,35000
6,5,1,135000
0,0,3,18000
0,0,1.8,35000
0,7,14,115000
6,7,1,40000
0,0,7.6,180000
0,0,1,105000
0,1,2.7,25000
3,2,10,40000
5,4,1.8,280000
4,3,5,12000000
0,0,10,15000000
3,7,6,15000000
10,11,5,11000000
2,3,6,7500000
6,6,4,10500000
4,4,2.5,5500000
8,6,1,40000000
5,3,7,23000000
0,0,4.7,5000000
2,2,3,5500000
5,4,5,8500000
6,5,1,55000000
2,2,3.5,3700000
4,3,5,9000000
4,4,5,9000000
3,3,3,4500000
5,4,5,9000000
6,5,7,12000000
2,2,3,3700000
2,5,4,5000000
2,2,3,1700000
3,3,9,12500000
5,5,8,16500000
5,5,6,6000000
5,3,5,9100000
5,6,5,5500000
6,5,15,47500000
0,0,5,10000000
6,5,2.3,57500000
2,2,3,4900000
6,6,5,11500000
8,8,8,19000000
6,6,10,24500000
6,6,5,8500000
0,0,7,13500000
3,5,2.5,2500000
5,4,10,17500000
3,2,4,3900000
5,5,10,14000000
5,4,7,60000
2,2,3.5,16000
3,3,16,120000
2,4,1,32000
0,2,5,12000
7,9,1,120000
3,3,14,55000
2,2,5,25000
2,2,10,35000
1,1,10,15000
3,2,5,16000
5,5,11,32000
5,4,8,43000
2,3,1,33000
6,5,1,135000
3,3,10,40000
3,3,7,40000
3,3,7,40000
3,3,7,40000
3,3,7,40000
5,4,10,38500000
5,4,10,27000000
5,4,10,28000000
5,4,10,23500000
4,4,4,8000000
0,0,1,2000000
5,4,1,41000000
6,5,10,27500000
4,3,10,20000000
4,3,2.5,4700000
4,3,5,16000000
5,3,10,18500000
3,2,5,7500000
5,4,10,15000000
4,3,8,12500000
1,1,3,3090000
0,3,8,12500000
5,4,10,16500000
3,3,5,6600000
7,7,10,46500000
2,2,5,7500000
0,0,3,3000000
4,5,1,425000000
0,0,3,4500000
0,0,5,6500000
6,5,1,50000000
6,5,1,55000000
3,3,5,15500000
2,3,2,5500000
3,4,8,12000000
0,0,6,5500000
6,6,8,15000000
3,3,3,4500000
3,3,8,16000000
2,2,5,6500000
2,3,10,13500000
0,0,3,4500000
0,0,5,6500000
4,3,5,10000000
3,3,3,4900000
5,5,1,39800000
4,4,3,10000000
3,3,4,8500000
6,7,10,20000000
2,3,2.2,2800000
3,4,4,8500000
4,4,10,23900000
5,5,5,10500000
4,4,3.1,5000000
0,0,5,10000000
0,0,5,7200000
3,3,5,7500000
5,4,3,6800000
3,3,7,12500000
3,5,5,3500000
6,5,10,19500000
0,8,2,65000000
7,7,1.1,49500000
2,2,5,5000000
2,2,7,12000000
0,0,10,12800000
2,3,3,6800000
4,3,6.4,9000000
6,4,10,15000000
3,2,6.3,6293000
4,3,9.6,9547000
5,4,13.4,13300000
4,3,9.8,7960000
5,4,12.5,10100000
10,9,4.8,17500000
6,6,2,240000000
2,3,4.7,16500000
3,3,8.9,37500000
4,4,12,60000000
3,3,9,11000000
3,3,8.9,11000000
5,4,4.8,47500000
4,4,4,28500000
5,4,6,42500000
6,5,1,88500000
4,4,14,60000000
4,4,14,60000000
4,4,1,85000000
3,3,5.3,15000000
3,3,8,34000000
6,6,8,29000000
3,3,5,6642000
0,2,2.9,3200000
4,5,18.2,37500000
0,6,12,78000000
0,4,4,28000000
0,4,12,60000000
0,5,14,50000000
0,4,4,30000000
0,4,12,47500000
0,15,4,350000000
0,5,1,140000000
3,3,8,26000000
5,4,11,12500000
8,8,2,175000000
4,4,1.2,110000000
6,6,1.3,170000000
5,5,1,110000000
2,2,4,9500000
4,4,8,17000000
3,3,11,9205000
4,4,12.5,10100000
8,7,2.2,525000
3,3,16,60000
3,3,1.2,65000
0,10,1,450000
0,3,1,130000
0,3,1,125000
2,2,1.2,125000
2,2,4.4,50000
2,2,6.7,75000
4,4,12,170000
4,4,14,65000000
4,4,10,46500000
0,0,6,5000000
6,6,12,57500000
7,6,1.3,185000000
4,4,16.4,45000000
6,6,1,105000000
2,2,5.7,4090000
3,3,5,6642000
3,3,6.7,4770000
5,4,11,12500000
3,3,7.1,5136000
4,3,11,9205000
3,3,5,6642000
2,2,3.2,6000000
6,5,11,28000000
6,5,1,43500000
4,3,8,16000000
5,11,10,12500000
3,3,8,7600000
6,6,1.3,130000000
4,4,5,16500000
1,1,2.2,12500000
1,1,2,9500000
0,0,4,5500000
6,5,9,16000000
5,5,1,55000000
4,4,8,14500000
6,6,10,23000000
5,4,5,12000000
4,3,6.7,7000000
6,6,5,11500000
4,4,5,11500000
3,4,14,52000000
1,2,9,25000
2,2,3.6,35000
0,0,14.2,55000
5,4,10,70000
4,3,1,60000
2,2,8,65000
2,2,7.3,55000
2,2,5,15000
0,1,1.1,16000
1,2,2,16000
3,3,14.2,40000
4,3,11,58000
5,4,10,48000
0,0,5,12350
2,3,5,15000
0,0,5,16000
3,4,10,25000
3,3,14,45000
3,3,12,60000
1,1,0.4,50000
3,3,14,60000
1,1,0.9,16000
4,4,3.6,6000000
0,0,3,3800000
4,3,4,7500000
2,3,5,8500000
7,8,15,37500000
3,5,9,7500000
2,3,3,2000000
4,3,3,2800000
0,0,3.7,16000000
3,2,3.6,4500000
3,2,3,5000000
2,2,5,6000000
5,5,7,13500000
5,5,7,13500000
2,2,3,2500000
6,4,5,6500000
6,5,5,12500000
3,3,5,6500000
4,5,1,42500000
2,6,1.9,10500000
2,4,2.7,3200000
3,4,1,20000000
9,7,10,25000000
6,7,10,21000000
3,4,4,12000000
3,2,7,5500000
2,4,5.8,40000
4,3,3,25000
3,3,16,120000
3,2,7,30000
2,2,1.5,20000
3,3,7,45000
4,3,10,42000
6,5,1,100000
2,2,5,15000
3,3,1,38000
3,6,4.7,9500000
2,2,2.5,4000000
8,9,5,11000000
4,8,11,25000000
1,2,3,3100000
2,1,5,6000000
0,4,4.7,11500000
4,4,4,8500000
3,3,4,40000000
4,5,5,8000000
7,5,1,65000000
7,5,10,17000000
4,4,7,17500000
6,5,10,20000000
8,5,10,15000000
0,0,6,10500000
7,6,1.4,46500000
4,4,3,5500000
6,6,5,16200000
2,3,5,5600000
6,5,1.2,52500000
4,3,5,10300000
3,3,10,20300000
2,2,2,2700000
7,5,11,19000000
2,4,5,7000000
3,3,10,8000000
6,5,1,72000000
0,0,7,15000000
4,3,5,12500000
3,4,4,2600000
3,2,5,3300000
4,3,5,7500000
5,6,10,13600000
4,3,5,11500000
4,9,7,15000000
2,2,3,4300000
5,8,6.5,35000000
4,3,5,10500000
3,4,3,9500000
5,4,5,9500000
3,1,2.5,3900000
3,3,10,18000000
3,3,10,17500000
3,3,10,17000000
3,3,10,16500000
3,3,10,16000000
3,3,10,15500000
4,3,5,13000000
3,3,5,11000000
4,5,5,5200000
2,4,2,4500000
5,5,1,43000000
4,5,9,22500000
3,4,5,11000000
3,3,1,52000000
3,2,3,4500000
2,4,5,5200000
4,5,9,22500000
6,5,1,52500000
7,6,2,39000000
4,3,11,15500000
0,5,10,20000000
3,3,14,130000000
2,2,4,4300000
4,3,3,5950000
3,3,5,10000000
7,10,5,15000000
4,3,15,22500000
0,0,13,21000000
6,6,10,25000000
6,6,10,25000000
5,4,17,37500000
5,4,5,15000000
0,0,5.5,12500000
1,2,3,3000000
1,2,3,1750000
3,3,7,10600000
4,3,3.5,11500000
5,4,10,26500000
3,5,5,7500000
10,10,2,79000000
5,4,14,28000000
0,5,10,24000000
3,3,5,8500000
5,4,10,25500000
2,2,2,4000000
3,3,11,9205000
5,4,11,12500000
7,5,4.8,40000000
4,4,4,30500000
3,3,5,6642000
4,4,8,26500000
5,4,16,32500000
4,4,1.2,35000000
6,6,1,69500000
4,4,9.6,18500000
0,3,9.6,17500000
6,5,1.2,95000000
1,1,1.6,4000000
5,4,11,12500000
3,3,5,6642000
3,3,5,6642000
3,3,5,6642000
3,3,5,6642000
3,3,6.4,9500000
2,2,4.4,8000000
5,4,11,12500000
3,3,5,6642000
2,2,5.8,4666000
3,3,9.8,7960000
2,2,5.2,3763000
2,2,5.7,4090000
3,4,8,13000000
2,4,4,4700000
3,3,5,6642000
3,3,5,6642000
3,3,5,6620000
4,3,11,9205000
4,3,11,9205000
4,3,11,9205000
5,4,11,12500000
5,4,11,12500000
5,4,11,12500000
3,2,5.8,4665000
3,2,5.8,4665000
3,2,5.8,4665000
4,3,9.8,7960000
4,3,9.8,7960000
4,3,9.8,7960000
5,4,12.5,10100000
6,5,1,225000
4,3,7.8,85000
3,3,10,35000
4,3,5,11000000
6,4,7,13000000
5,4,10,26000000
5,4,10,24000000
4,4,5,9000000
1,1,4.2,7000000
5,5,1,56500000
6,5,5,9500000
0,0,6,16000000
6,6,1,39000000
4,3,8,5600000
5,4,3,9500000
6,5,12,30500000
0,2,4,2000000
2,2,5,6000000
2,2,2.5,3600000
9,8,1.8,40000000
6,5,1,38500000
6,6,14.2,52500000
0,10,1.2,76500000
6,9,1,20000000
4,4,3,5500000
5,6,10,17500000
3,4,6,20000000
0,0,2.4,2500000
6,6,10,43000000
2,2,8.9,50000000
2,2,5.1,5800000
4,4,5,8000000
2,2,3,3000000
2,2,3,6500000
2,2,7.1,7500000
2,2,3,2600000
4,4,5,16500000
6,6,12,17500000
6,8,10,18000000
0,0,11,50000000
5,5,17.8,6700000
4,4,4.2,5400000
0,0,1,24000000
5,2,3,5500000
1,2,2.5,1900000
4,3,4,4900000
2,2,4.5,7070000
5,5,7,12000000
4,5,7,15500000
5,4,13.3,19000000
1,1,3.9,23000000
4,8,5,12500000
7,6,1,26000000
4,4,5,12500000
9,9,14,28000000
2,2,7.1,13500000
7,7,10,36000000
5,4,5,9500000
6,8,16,21000000
3,3,9.3,150000
7,7,2,500000
2,2,9.8,150000
4,3,9,50000
5,5,1,100000
4,5,7,60000
4,3,1,108000
5,5,12,35000
1,1,4.2,30000
3,3,14,25000
3,3,1,80000
5,5,1,50000
3,2,7,25000
2,3,5,18000
1,2,4,22000
2,2,12,80000
0,3,1,120000
3,2,5,26000
4,4,17,80000
3,3,1,44000
2,2,1,55000
2,2,1,25000
2,3,3.9,16000
2,2,5,20000
3,3,14,45000
6,6,2,100000
3,3,12,35000
2,3,9.3,35000
4,4,10,32000
2,2,3.5,3200000
3,7,8,15000000
2,2,1.7,2600000
5,4,3.5,8300000
6,5,13,18000000
5,5,10,19000000
4,0,1,58500000
0,0,2.1,140000000
5,4,3,8600000
3,2,1,14000000
4,3,5,11000000
4,4,11,15000000
4,4,11,15000000
6,5,1,29500000
1,3,2.5,2000000
4,6,3,9000000
1,4,5,4400000
3,3,7,15000000
6,6,16,21000000
6,6,10,25000000
3,5,5,7500000
0,0,4.5,6200000
4,3,5,12500000
5,3,10,30000000
3,3,2,4500000
0,0,9,16500000
4,4,7.5,16000000
6,5,1,55000000
0,0,4,6000000
5,5,1,35000000
5,9,15,37500000
6,4,5.5,12500000
5,4,5,10000000
2,2,6,5000000
1,3,4.5,5000000
0,0,1,42500000
5,4,3,7000000
4,4,2.5,4100000
4,5,10,13000000
1,4,3.3,3200000
3,5,5,11000000
4,4,3.2,3800000
4,3,5.1,14000000
4,7,7.5,18000000
5,4,5,11000000
3,4,5,9700000
4,4,15,11900000
0,0,3.5,3500000
2,2,4,3600000
6,4,6,14000000
1,2,3.5,3700000
5,4,10,24000000
4,5,6,8500000
6,6,10,14500000
5,5,7.5,16000000
1,2,2,1900000
4,8,4,13000000
2,3,4,3500000
4,3,6,11500000
6,5,5,6000000
6,5,1,35000000
3,2,5,6000000
2,2,2.8,4600000
9,7,13.7,23000000
3,5,5,4500000
9,9,1,27500000
3,3,10,13000000
3,3,5,3850000
6,6,1.2,31500000
4,5,5,9000000
0,0,5,10000000
7,5,12.4,23500000
1,1,2.9,3500000
5,6,5.6,9500000
3,3,5,9000000
4,6,5,9000000
3,3,1,12500000
7,5,7,13500000
0,0,7,13000000
5,11,7.3,12000000
4,3,5,10500000
4,3,8,13000000
6,8,10,12000000
6,10,10,7700000
4,3,10,14000000
0,0,3,22000
0,0,5,25000
0,0,5,20000
2,2,5,20000
3,2,10,32000
3,3,6,20000
4,4,1.2,150000
0,0,18,35000
3,3,10,28000
3,3,12,30000
3,3,10,30000
3,3,10,22000
5,4,4,45000
5,4,4,40000
7,5,7,45000
1,1,4,11000
0,0,2.5,200000
0,0,5,16000
5,5,1,50000000
4,3,5,8500000
4,3,4,7500000
6,5,5,12000000
6,5,10,21000000
5,4,10,28500000
5,4,10,32000000
2,3,3,5500000
2,2,2,4500000
1,4,4,5100000
2,4,5,6500000
4,5,5,13000000
5,3,1,25000000
4,4,1,60000000
2,3,2,5000000
5,4,5,11000000
6,5,10,23500000
6,5,10,24200000
2,1,2,2700000
6,5,10,18500000
3,3,2.5,4050000
4,3,4.5,11000000
2,2,3,4650000
6,6,5,16500000
4,5,7,14000000
6,6,1,17000000
7,6,1,45000000
5,4,14,37500000
3,3,4,40000000
4,3,3,4300000
2,3,3,4500000
2,2,3,2500000
4,4,5,13000000
4,4,5,14500000
4,4,5,14500000
4,4,10,15000000
3,2,3,6500000
5,4,10,18500000
6,4,1,23500000
5,5,12,29000000
1,3,2,3000000
2,3,5,8250000
4,3,5,10000000
1,2,5,3800000
5,4,8,17500000
6,5,1,42500000
6,5,1,51000000
0,0,5,11000000
4,4,5,11000000
2,4,2.7,6000000
2,3,2.5,5500000
6,5,1,36000000
2,3,2,3800000
2,2,2,4500000
6,5,5,8500000
3,3,2.5,7500000
3,5,10,16500000
4,3,5,1
6,5,1,4
4,3,10,19000000
2,2,4.2,3500000
6,5,1,38000000
4,5,3,4500000
3,3,2.5,5800000
6,5,1,45000000
4,4,3,5000000
5,4,12.5,10100000
5,4,12.5,10100000
3,3,5,6642000
5,4,11,12500000
3,2,5.8,4665000
4,3,9.8,7960000
5,4,12.5,10100000
5,4,1.1,65000000
5,4,8.6,60000000
3,3,4.8,11000000
3,3,6.4,12300000
2,2,4.9,7800000
4,4,4,27000000
5,5,1,82500000
3,3,5,6642000
2,2,3.1,3700000
7,6,1,115000000
7,6,1,105000000
7,6,1,115000000
6,5,1,117500000
3,3,5,6642000
4,3,7.8,20000000
8,7,4.8,18000000
2,2,3.6,30000
1,1,1,55000
6,7,4.5,18000000
2,3,5.3,7800000
10,6,16,27000000
2,2,3.6,3800000
0,0,4.4,16500000
5,4,5,7000000
6,6,12,39000000
4,4,5,14000000
2,2,3.6,6800000
3,2,5,6000000
5,5,4.5,9000000
2,2,7.8,17500000
5,5,7,13800000
4,4,9,11000000
4,6,5,7000000
7,6,14.2,41000000
5,5,5,16500000
3,4,12,45000000
0,0,1,50000000
4,4,5,6500000
1,1,0.6,17000
3,3,12,90000
3,3,1,45000
4,3,12.2,32000
4,4,1,80000
0,3,10,45000
3,3,11.6,34000
3,3,10,45000
0,3,1,71000
0,3,1,71000
4,4,1.2,50000
7,7,10,85000
3,3,14,55000
10,11,4,800000
0,4,10,75000
0,4,16,55000
0,6,16,160000
0,4,1,90000
0,6,10,200000
0,4,7,40000
0,4,7,40000
0,3,1,100000
3,3,1,40000
4,4,6,75000
5,5,1,250000
2,1,10.2,30000
4,5,10,115000
2,4,8,70000
3,3,10,55000
5,6,10,48000
4,2,5,22000
3,3,1,120000
0,0,1.3,12000
1,1,1.2,15000
6,4,7,38000
3,2,7,20000
3,2,7,18000
4,3,10,24000
0,0,10,19000000
0,5,10,18500000
5,5,1,24000000
3,3,5,5500000
6,6,7,15000000
3,3,3,4200000
2,1,4,3500000
5,5,10,22500000
3,3,5,11000000
3,3,3,5800000
2,2,5,8100000
3,2,15,30000000
6,5,10,23500000
3,3,3,5200000
3,2,1,2650000
5,7,7,12500000
1,2,3,2000000
6,6,7,12500000
2,6,5,5500000
5,5,10,40000000
4,3,4,5000000
4,4,5,11000000
2,1,3,3500000
4,4,5,8500000
4,4,1,20000000
3,3,4,9000000
6,6,4,15500000
2,2,10,26000000
0,0,7,9000000
6,6,10,23000000
2,2,5,10000000
4,7,5,21000000
3,3,5,4200000
6,6,5,6000000
1,1,3.5,8500000
1,1,2.1,3255000
3,3,12,13500000
3,3,5,9500000
4,4,6,11500000
6,6,10,13500000
4,4,5.7,12000000
5,5,2.3,49000000
6,5,10,22000000
4,6,1,17500000
0,0,4,3500000
2,2,4,3300000
2,2,5,3200000
2,2,5,3200000
3,6,5,10000000
4,5,6,14000000
1,0,13.3,50000
0,0,1,55000
5,4,7,45000
0,0,3,22000
0,0,5,25000
0,0,5,20000
2,2,5,20000
3,2,5,15000
2,2,5,15000
3,3,5,18000
2,3,6,10000
3,3,1,60000
3,3,1,60000
3,2,6,18000
4,4,7,46000
2,3,6,10000
2,1,2.9,55000
4,3,10,50000
2,2,3,23000
6,5,1,59000000
4,4,10,16000000
6,5,10,18500000
6,5,10,23500000
3,2,7,12500000
5,5,9,12500000
6,11,14,40000000
6,5,10,20500000
5,4,16,36500000
0,0,6,32500000
6,6,7,16000000
0,0,1,37500000
0,6,6,12500000
4,3,3,8000000
4,3,4,7800000
5,3,5,11500000
7,5,1,42500000
0,0,5,8500000
6,7,2,65000000
0,0,4,5000000
4,3,1,25000000
1,1,4,5500000
4,3,8,17500000
6,5,12,20000000
4,4,10,17000000
3,3,3,3850000
5,4,5,10800000
2,3,5,7000000
4,4,1,45000000
0,0,3,2900000
4,5,6,7000000
0,0,10,22500000
4,3,5,16000000
4,3,4,7200000
2,3,3,5000000
7,5,1,19500000
0,0,5,4500000
4,3,3,5500000
3,3,5,12000000
0,0,5,4500000
5,5,14,27000000
10,11,8,8500000
4,3,5,12500000
4,3,5,11500000
7,5,2.7,135000000
2,2,3.7,3400000
2,4,3.5,7500000
1,2,5,4000000
3,2,10,14000000
5,4,6,9900000
5,4,3.5,6500000
1,2,3.5,6500000
4,3,10,14000000
2,2,3,3000000
2,3,3.5,6000000
5,5,10,23000000
6,5,1,55000000
8,7,1,60000000
3,3,5,9000000
2,3,3,2800000
7,6,1,47500000
0,0,1,65000000
4,4,3.2,7000000
8,7,5.3,11000000
3,3,5,6642000
3,2,3.3,7000000
7,6,8,28000000
10,11,9.6,49500000
5,4,11,12500000
4,3,6.7,4797000
3,3,5,6642000
3,3,5,6642000
0,0,3.3,20000000
3,3,8.7,13500000
7,6,18.7,47500000
6,5,14.7,23500000
2,1,2.8,2200000
3,3,4.8,7500000
5,5,1,96000000
1,1,2,2100000
7,6,2,300000000
5,4,9.8,23500000
3,3,9.6,11000000
5,4,11.3,26500000
3,3,5.3,3800000
3,3,5,6642000
3,3,12.4,8800000
5,4,11,12500000
4,3,11,9205000
2,2,6.7,2800000
2,2,3.8,3000000
3,3,11.1,45000000
3,3,5,6642000
5,4,11,12500000
4,6,4.2,15000000
3,3,5,6642000
0,2,3.3,5700000
1,2,3,5000000
2,2,3.1,5000000
6,6,4.8,13500000
1,1,1.3,1200000
2,2,3.1,2700000
2,2,4,6100000
2,3,3.2,6000000
3,2,4.8,6200000
3,3,6.2,11000000
6,5,1,115000000
2,2,6,17000000
0,0,13.3,32500000
0,0,9.6,30000000
0,0,4.8,16000000
0,0,9.6,20000000
5,4,11,12500000
8,6,4.8,15500000
3,2,4.8,12000000
0,0,2,240000000
7,7,2,230000000
3,3,5,8500000
4,4,7.8,30000000
0,0,5.1,12000000
7,8,6.4,20000000
5,4,6,39500000
3,3,6,21500000
3,3,9.6,16500000
3,3,8,10000000
2,2,2.9,6000000
3,3,6.7,5300000
3,3,6.4,9000000
6,6,12,62500000
2,2,3.4,4000000
3,3,5.8,11500000
4,5,9,28000000
1,2,3,3000000
3,2,5.3,12000000
3,3,6.2,15000000
0,0,4.9,3600000
4,6,14,17000000
3,3,6.2,42000
0,0,2,1500000
0,0,4,3500000
0,0,4,3500000
0,0,4,3500000
3,3,1,115000
2,2,2.9,25000
2,2,6.2,45000
2,2,6.2,43000
5,3,12.2,70000
3,3,4.8,130000
3,3,9.8,120000
3,3,9.6,35000
5,5,2,200000
0,0,18,55000
3,4,9.6,40000
3,3,5,26000
2,2,1,15000
6,5,1,225000
2,2,2.9,25000
2,2,2.9,25000
3,3,8,45000
2,2,4.4,50000
3,3,1.2,45000
2,2,4,20000
4,3,11,17500000
3,2,4.9,5000000
2,2,3.6,3250000
3,3,5,4600000
7,5,1,25000000
6,6,10,35000000
4,3,10,8500000
6,6,10,14500000
1,1,3.8,8500000
5,4,4.5,7500000
1,2,6.5,13200000
4,3,10,16000000
0,0,7,16000000
2,1,4.4,2500000
1,1,2.7,2450000
1,1,4.2,4500000
2,2,4.9,5000000
2,2,3.6,3650000
5,4,5,10500000
0,0,4,5800000
2,2,2.2,3000000
7,7,11,18500000
6,4,10,25000000
6,4,1.2,17500000
3,3,9.6,22500000
3,3,9.6,21500000
4,3,5,9900000
4,3,5,9900000
3,2,5.5,7100000
4,4,7,17000000
3,3,1.3,110000000
0,0,6,19000000
0,0,5,16500000
9,9,1,35000000
6,6,12,28000000
3,3,5,13500000
3,3,8,8500000
4,4,5,6600000
4,3,12,32000
4,4,1.2,48000
1,1,1,15000
4,4,8,85000
5,5,1,120000
2,2,1,40000
2,2,6.4,200000
2,2,17.8,100000
2,2,1,40000
5,4,8,65000
4,4,1,55000
4,3,4.9,22000
3,3,1,60000
4,6,7,80000
2,2,5,30000
2,2,4,20000
1,2,6,25000
3,5,6.7,50000
7,7,14,160000
2,2,6,38000
2,2,4.4,24000
2,2,7,20000
2,2,6,36000
6,5,1,300000
3,3,1,90000
2,2,3.6,17000
7,6,1.1,360000
8,7,2,400000
0,6,4,42000
4,3,11,33000
2,3,6,55000
2,3,10,65000
4,4,1,65000
6,5,6,55000
4,3,12,28000
2,2,4,32000
0,0,4,6000000
5,4,3.5,7900000
5,3,10,14000000
7,5,10,22000000
2,2,5,6600000
5,4,1,48000000
2,2,5.5,5500000
3,2,5,9300000
0,3,2.5,4500000
0,4,3,6500000
0,3,5,8000000
0,2,1.8,3200000
4,4,10,23000000
0,0,14,37500000
3,2,10,9300000
2,4,3.5,5500000
7,6,1,45000000
5,4,10,18500000
5,4,10,17500000
4,3,6,9500000
1,2,5,3500000
2,2,2,2000000
3,3,3,6000000
6,5,7,15000000
3,3,2,8500000
5,6,10,16500000
2,2,4,4800000
4,3,5,12500000
5,4,11,13500000
7,5,1,42000000
2,4,2,3500000
2,2,3,3950000
2,3,3,5300000
7,6,1,52500000
0,5,1,43000000
6,6,11,25000000
3,3,2.5,6000000
4,3,5,7000000
4,3,5,9000000
6,9,1,31000000
3,4,3.7,11500000
1,1,3,4200000
4,3,5,8700000
4,3,4,11500000
6,4,16,25000000
3,2,3,5000000
6,4,7,20200000
3,2,2.5,4000000
3,4,3,5000000
2,4,3,4500000
2,9,5,6000000
1,4,2.2,2000000
6,4,5,9500000
3,4,4,9500000
5,9,5.5,9500000
4,6,7.5,9000000
7,7,10.9,15000000
4,6,5,7900000
2,2,10,5000000
4,4,4,7500000
4,6,5,8000000
4,3,10,23000000
4,2,5.3,7000000
4,4,6,10000000
2,2,3,2800000
6,6,1,45000000
4,3,10,10000000
2,3,4,2500000
2,4,2,3500000
4,6,5,6500000
5,5,7,16000000
3,3,5,13600000
2,1,3,2000000
3,3,12,15500000
4,4,3,6000000
1,2,7,3500000
2,2,3.8,3500000
0,0,7,30000
0,0,3,25000
0,0,5,28000
0,0,5,30000
0,0,12,50000
3,2,4,25000
3,4,5,33000
2,2,4.4,29000
2,2,5,14000
3,4,13,55000
3,5,8,40000
3,4,8,30000
1,1,2.2,25000
3,3,5,35000
2,2,12,25000
5,5,3.2,6000000
3,3,2,6500000
2,2,3.8,6700000
5,4,10,24000000
5,8,15,38000000
6,6,10,22000000
4,3,4,8000000
0,5,10,16500000
0,3,5.3,9000000
5,4,5,7000000
1,2,1.8,1500000
4,4,10,20000000
5,5,10,30000000
2,3,2,5000000
3,3,10,10500000
3,2,5,4000000
4,3,7,15000000
3,6,2.5,5000000
4,3,5,7800000
0,0,3,4200000
6,5,10,17200000
2,2,3.5,3200000
5,4,5,10200000
6,5,5.5,11500000
2,3,2,3200000
5,4,4.5,7000000
4,3,5,10200000
0,0,16,25000000
0,0,2,68000000
3,3,3,7000000
2,3,3,3500000
3,4,3.2,15000000
5,5,1,54000000
5,5,1,54000000
3,8,18,15000000
1,1,1.8,3300000
5,5,7,17500000
4,4,4.5,14500000
2,2,8,14000000
0,4,5,14500000
4,6,5,12000000
4,7,4,8000000
8,6,1.2,55000000
6,5,1,72500000
10,9,2,149500000
4,4,16,37000000
2,4,5.1,6500000
2,2,6.7,6200000
4,4,12,57500000
2,4,4.8,12500000
2,5,4.8,7000000
2,2,4.8,6200000
4,4,5,11000000
3,5,5.8,7500000
2,3,3.2,5300000
3,3,6.4,9200000
4,4,4.8,14000000
2,2,3.8,12000000
4,3,8.4,12000000
2,2,3.9,4500000
1,2,2.7,4100000
4,4,4.8,14000000
3,3,1,87500000
2,4,5.3,20000000
4,4,4,35000000
3,2,4,5500000
0,0,3.3,5000000
3,3,4.8,15000000
2,2,3.2,4300000
3,3,4.8,6500000
2,2,3.2,4300000
5,5,10.6,41500000
6,6,8,22500000
4,5,5.2,8100000
2,2,3.1,2700000
2,2,4,3500000
6,6,1.1,74000000
5,6,3.6,11000000
5,6,1.1,85000000
2,2,3.8,4200000
2,2,4.4,5500000
5,5,9.6,27500000
10,4,13.2,40000000
3,3,8,18000000
2,2,4.8,7000000
7,5,3.4,6800000
3,2,3.4,1600000
6,8,1.4,135000000
2,2,3.1,3500000
6,6,9.6,55000000
2,3,2.4,3000000
3,3,4.9,8500000
3,3,7.1,20000000
0,3,4.8,12000000
3,2,5,13500000
4,5,5.2,8000000
3,3,8,24000000
2,2,3.5,8500000
4,4,5,11000000
3,3,5.3,8000000
3,3,4.4,6000000
2,2,4,5000000
0,0,4.8,11000000
7,6,9.6,23500000
3,3,12.4,45000000
4,4,7.2,22000000
8,10,9.6,35000000
4,3,8.6,11500000
8,7,2,240000000
3,6,3.2,9500000
4,4,5,15000000
1,3,3.2,5000000
3,3,7.1,12500000
3,3,8.9,18500000
2,2,4.8,5500000
2,2,4.7,9000000
2,2,3.3,3100000
4,4,10,34500000
5,4,14,45000000
3,3,4.6,5500000
3,3,8,17000000
0,0,4.3,2800000
2,2,3.6,5000000
0,3,5.1,14500000
0,0,4.7,6900000
3,3,8,16000000
2,2,3.4,3300000
4,4,2.6,7200000
3,3,5.1,5000000
3,3,6.9,35000000
3,3,6.9,35000000
0,0,2.6,3000000
6,6,4.8,14000000
5,3,13.3,42000000
2,2,4,8000000
6,6,4,28500000
4,4,4,38500000
1,2,2.4,4150000
8,5,4.8,12500000
2,2,2.7,3500000
3,5,3.4,2700000
3,3,5.8,6000000
3,4,2.6,4500000
2,2,3.2,3500000
3,5,4.3,8500000
7,7,9.6,35000000
3,3,7.1,13000000
0,0,5.1,5500000
2,2,2.6,4200000
0,0,2.4,5800000
0,3,5.8,7500000
6,2,3.1,2300000
5,11,16,160000
2,3,4.8,33000
3,3,8,35000
4,4,14,225000
7,6,2,450000
2,2,4.2,20000
5,4,1,210000
4,4,1,210000
2,1,12,60000
3,4,9.6,42000
3,4,1.5,32000000
2,4,4,5500000
3,2,9.5,49000000
3,3,5,6800000
3,3,5,15000000
1,2,4,4400000
2,2,3.5,3900000
2,2,3.5,3900000
4,3,5,9900000
4,3,5,9900000
5,5,8,26500000
6,5,7.2,16000000
5,4,5,9800000
0,0,5,13800000
4,4,4,15000000
0,0,16,37500000
5,5,10,14000000
5,4,16.6,20500000
3,2,5.6,6500000
3,3,3.9,5200000
2,2,5,3500000
4,4,5,7900000
9,7,1,28000000
6,7,7,14000000
7,7,7,14000000
4,4,4.4,14000000
2,3,4,4500000
2,2,2.7,2300000
4,3,10,23000000
5,4,5,10000000
7,7,14,41000000
6,5,1,45000000
1,1,2.7,3800000
2,2,7.1,26100000
5,5,1,75000000
7,7,2,160000000
10,10,2.5,250000000
0,0,14.2,29000000
6,6,4.4,16500000
5,10,5,8500000
7,7,1,77500000
3,2,8,37000
3,3,1,65000
0,0,4,18000
4,4,7,55000
1,1,12,40000
3,3,12,65000
6,6,12,130000
0,4,1,90000
4,4,2,140000
2,2,4.4,30000
3,6,5,40000
4,4,20,650000
2,2,3.6,17000
3,2,6,18000
9,6,1.2,110000
2,2,5,25000
5,5,3.5,70000
4,3,10,26000
5,2,1,75000
9,9,1.3,275000
3,3,7,45000
3,3,7,45000
2,1,5,20000
0,2,6,22000
6,5,2.3,380000
0,0,14,24500000
4,4,10,17000000
0,0,2,90000000
5,4,5,15000000
5,4,5,12500000
5,4,5,13000000
5,4,5,11000000
4,4,10,35000000
3,2,5,10000000
7,5,10,17600000
2,3,3,7000000
4,4,16,40000000
2,3,3,6000000
3,3,6,7500000
5,4,5,11500000
2,2,3.5,4500000
3,3,5,12000000
2,3,6.5,7500000
4,3,1,12500000
8,5,17.5,34400000
3,3,18,40000000
3,3,3,4100000
5,4,5,15000000
3,3,5,11700000
3,3,7,14700000
1,2,6,7000000
7,5,8,14800000
0,2,4,3000000
1,1,1,1500000
6,5,1,69000000
2,2,5,6750000
4,4,6,16000000
4,4,5,15000000
5,4,6,14000000
10,10,1,25000000
6,5,1,59000000
7,5,8,16700000
5,4,2,6200000
5,5,13,23000000
7,5,8,16300000
6,6,5,10000000
6,7,5,10000000
7,5,8,16800000
5,4,6,9500000
6,7,6,8000000
5,5,2,65000000
4,3,10,19800000
7,5,8,16800000
5,4,5,12300000
5,4,5,12000000
1,2,3,3200000
3,4,3,4700000
3,3,3,4900000
5,4,5,9200000
3,5,5,8000000
0,0,2.5,6000000
4,5,4,10000000
3,5,5,8000000
2,2,2,5500000
0,0,10,23500000
7,5,5,7000000
5,5,11,25500000
6,4,6,14000000
7,5,11,21000000
2,3,5,5000000
3,2,5,4800000
7,6,10,20000000
5,5,6.6,15000000
4,4,6,9000000
2,4,6,7500000
5,4,10.6,9000000
3,3,5,8800000
5,4,5,9500000
2,3,5,20000000
1,3,4,3400000
6,4,1,45000000
4,8,5,40000
2,2,5,25000
2,2,5,18000
2,2,10,29000
3,3,4,55000
3,3,13,42000
9,9,0.8,15000
2,2,5,15000
0,0,10,60000
3,4,12,40000
3,3,1,60000
5,4,10,60000
2,2,6,22000
1,1,1,10000
3,3,10,30000
2,3,11,32000
0,0,2,3000000
6,4,10,20000000
6,6,4.5,16500000
4,4,10,19000000
4,3,4,6800000
7,6,1,65000000
0,0,5,13000000
5,5,7,21000000
5,5,10,17000000
3,4,5,11000000
6,6,1,16000000
4,0,3,6700000
5,5,1,54000000
3,4,2,6100000
4,4,5,8200000
4,3,4,9500000
5,5,1,32500000
5,4,1.5,32500000
4,3,5,9800000
2,4,5,10300000
3,3,5.4,11000000
5,6,10,16500000
4,4,5,8300000
3,5,1,50000000
6,5,12,32500000
8,6,1,39000000
0,0,5,3500000
6,5,17,39000000
0,0,6,16000000
4,5,14,22500000
3,3,8,18000000
3,3,6.4,6000000
3,2,4,7000000
2,2,2.7,3000000
2,4,8,7500000
6,9,3.4,8000000
6,7,4.8,29500000
2,2,4,10900000
3,3,16,25000000
6,6,16,48000000
1,1,3.2,7500000
4,4,12,57500000
2,2,5.3,11000000
2,2,3.3,3500000
2,3,3.2,4700000
6,6,16,42500000
3,2,4.8,27000000
2,2,2.9,4100000
3,3,5.3,9000000
3,9,5.2,12000000
2,2,4.9,6600000
3,3,5,9500000
2,3,4.4,4950000
3,3,4.9,6200000
3,6,9.3,27500000
2,2,4,8000000
5,3,13.3,42000000
2,3,4.8,4500000
2,3,4.8,4500000
2,2,4,3500000
3,2,5.1,5450000
2,2,2.9,3000000
2,2,6,8000000
3,3,9.6,20000000
6,5,1,106000000
2,2,2.4,2500000
3,3,4,6000000
5,5,12,100000000
2,2,3.8,3150000
1,2,2.9,4000000
2,4,4,2500000
4,2,3.4,4000000
3,3,5.3,9000000
6,6,1.7,125000000
4,3,4.3,6000000
5,4,3.6,7500000
3,3,4.8,6200000
3,3,6.7,9000000
0,0,8,27500000
3,6,6.4,9500000
3,3,5.2,7000000
0,2,3.6,3800000
0,0,2,6300000
2,3,3.2,3700000
3,3,7.1,8500000
3,3,8.2,31500000
2,2,4.3,6000000
2,2,3.1,5000000
9,9,8,32000000
3,2,9.6,10300000
4,8,3.6,12000000
3,4,5,6000000
4,2,3.6,6000000
2,2,3.5,4000000
2,2,3.3,5800000
3,3,4.7,5500000
0,0,7.6,11000000
2,2,4.2,7000000
2,2,4.8,5800000
6,11,2,155000000
1,1,2,1600000
2,3,8.2,9500000
6,5,4.8,50000000
6,8,9.6,45000000
3,3,6,16500000
3,3,4.4,6200000
2,3,3.2,6800000
0,0,3.2,6000000
3,3,5.8,5000000
2,2,2.2,4500000
4,3,8,22500000
2,2,3.4,5200000
3,3,7.1,11000000
5,5,1.2,120000000
2,2,4.2,5200000
6,6,9.6,28000000
6,10,16,6000000
0,0,4.8,45000000
4,3,6,10000000
5,5,1,125000000
6,6,8,42500000
6,6,9.6,28500000
0,0,9.6,25000000
6,8,4.8,16500000
0,0,2,170000000
2,2,2.3,2500000
7,8,13.1,35000000
2,2,4,6000000
3,3,6.4,11000000
9,5,5,7000000
2,2,4.9,5400000
4,3,9.8,42000000
6,6,10.9,31200000
5,5,10.9,31200000
3,3,8.9,29000000
4,3,10.7,37500000
6,5,10.9,35000000
5,5,9.6,20000000
3,3,4.8,4800000
2,2,4,8200000
5,7,4,10500000
5,5,8,10000000
5,5,4.8,9000000
3,2,4.8,11000000
5,5,10.4,13000000
5,4,2,170000
3,2,3.6,25000
2,2,1,90000
4,4,1,142000
3,5,6,20000000
5,2,4.5,21500000
2,2,4,7100000
2,3,5,16000000
6,6,6,16000000
2,2,5,3400000
3,2,5,4700000
5,4,1,17500000
4,3,7.5,9600000
4,4,10,34000000
3,2,6.9,6800000
4,5,5,9500000
3,3,5,6000000
4,4,6,31000000
4,5,6,6500000
3,3,4.8,8700000
3,3,5,15000000
5,5,8,15500000
5,5,8,12000000
4,4,5,11000000
6,5,1,41500000
8,7,1,48000000
4,4,7,13500000
6,5,10,25500000
3,3,7.9,7800000
4,4,8,15000000
4,4,10,25000000
5,5,5,5000000
0,5,6,15000000
5,5,7,13800000
1,1,2.5,6000000
2,4,7,25000000
0,0,5,5900000
7,7,1,650000
10,11,4,2500000
7,7,1,900000
0,0,8,12000
3,2,8,16500
3,4,1,60000
2,2,2.7,85000
2,2,6,60000
0,0,5,25000
2,2,7,26000
3,3,12,35000
3,3,5,25000
3,3,7,18000
2,2,2.9,80000
2,3,10,65000
2,2,8,30000
2,2,7,40000
5,5,1,350000
3,3,10.2,45000
2,2,5.3,20000
6,8,1,160000
2,2,8,40000
2,2,8,52000
3,3,14,32000
2,2,0.9,12000
0,0,1,90000
4,3,4,58000
3,3,1,45000
3,3,1.2,75000
3,3,10,45000
5,5,7,13200000
5,6,1.1,12200000
0,0,10,14000000
4,3,5,10800000
4,4,5,11500000
6,5,7,18500000
4,3,5,9500000
4,3,4,9500000
5,5,1,26500000
1,2,2.7,2550000
3,3,3,4200000
5,5,3.7,12500000
5,5,3.7,11000000
3,3,6,9500000
3,3,3,6500000
6,7,10,15000000
5,4,10.2,15500000
3,2,10,12000000
0,4,5,13000000
5,5,4,8000000
6,5,1,46000000
5,4,6.5,10000000
3,4,5,20000000
6,5,10,18500000
3,3,5,11000000
2,3,5,9000000
3,6,7.5,9600000
5,5,16,18000000
4,6,3,20000000
0,0,3,5500000
3,3,3,2600000
0,0,5,9000000
4,3,3,6200000
3,3,5,12000000
2,1,3,3500000
3,2,5,6000000
5,5,4,8500000
4,5,5,8500000
3,4,5,8500000
4,4,5,13500000
3,2,8,13500000
7,5,1.1,35200000
2,2,2,2450000
5,4,10,28000000
4,3,5,11000000
4,5,3.5,15000000
4,4,3,8500000
4,2,2,5000000
6,5,1,59000000
3,3,6,13000000
0,0,13.5,37500000
4,6,5,10500000
5,6,14,25000000
5,5,1,45000000
7,7,1.5,55000000
5,6,4,8500000
2,2,2,4000000
4,3,3,5700000
6,5,5,9000000
3,3,2.5,4200000
4,4,5,8500000
2,2,5,7500000
6,5,7,11000000
7,5,10,19500000
7,5,1,37000000
4,6,3.5,3500000
5,5,7,135000000
3,3,5,6300000
9,7,10,23500000
2,3,2,2100000
4,4,3,3500000
4,4,4,13000000
4,4,2.5,2000000
4,4,7,12000000
1,1,2.9,3500000
6,6,10,17000000
7,6,1,35000000
0,7,1,45500000
3,0,10,15000000
3,4,6,7300000
5,5,8,16500000
4,4,7,12000000
2,3,4,4500000
3,2,5,4500000
0,0,10,16500000
3,3,12,30000
3,3,4,25000
3,2,6,20000
2,2,6,11000
2,2,6,11000
1,1,12,10000
1,2,3,15000
5,3,10,13500000
2,2,3,3000000
3,4,4,4000000
5,5,1.6,55000000
3,2,5,10000000
0,0,5,16500000
1,3,3,3800000
6,5,1,56500000
4,4,2,4300000
0,9,4.8,26000000
3,3,9.6,26000000
3,3,9.2,25000000
3,2,8,13000000
1,4,4.8,7000000
10,10,15.6,40000000
3,3,5.6,16000000
2,2,4.8,9500000
0,0,4,14000000
3,3,2.4,3500000
3,2,9.6,40000000
3,3,6.7,11500000
2,2,4.9,7900000
5,5,4,32500000
2,2,4.7,11500000
4,4,12.2,41500000
3,2,4.2,6500000
3,3,8,16500000
2,2,4.4,5100000
2,2,4.8,7500000
5,5,1,75000000
7,6,4.8,9000000
3,4,4.8,2000000
4,4,4,30000000
5,5,1,56500000
3,3,7.7,9500000
2,3,4,3000000
3,3,8.9,35000000
3,3,6.7,16000000
2,2,3.8,5000000
0,2,3.2,3800000
8,6,1,102500000
6,3,4.8,11500000
1,2,2.4,2700000
0,0,16,43000000
3,2,4,5500000
2,2,2.8,3500000
2,2,3.3,2500000
3,3,4.8,6000000
3,3,5.3,7200000
2,2,3.8,4600000
6,8,9.6,16500000
6,5,1,70000000
7,6,4.8,13500000
0,0,4.8,7000000
7,6,1.2,160000000
6,6,1,160000000
7,6,1.2,190000000
2,2,3.3,3000000
3,3,7.6,9500000
5,5,18,87500000
4,4,10.2,46000000
6,5,1,85000000
2,3,3.1,4000000
3,3,3.8,7000000
2,2,4,3200000
1,1,1.6,2200000
1,3,6,13000000
2,2,4.8,3500000
3,3,5.3,4500000
2,2,4.4,3200000
3,3,5.3,8500000
2,2,4.4,8000000
6,6,9.6,25000000
4,4,8,19000000
5,5,9.6,27000000
2,2,4,7000000
3,2,4.8,8000000
2,2,3.6,7200000
6,6,4.8,17500000
3,3,8,13200000
2,2,4.8,12500000
3,3,7,13000000
3,5,5.2,7500000
2,3,4.9,8000000
0,0,9.6,46500000
6,6,1,82500000
5,4,14,57500000
5,5,1,70000000
5,5,1,70000000
3,3,16,45000000
4,4,4.8,45000000
3,3,4.8,2600000
6,5,18.7,75000000
3,2,3.8,3800000
4,7,3.2,7000000
3,3,7.8,22000000
4,3,5,6642000
3,3,5,6642000
4,3,5,6642000
3,3,5,6642000
3,3,5,6642000
3,3,7.1,25000000
5,4,11,12500000
5,4,11,12500000
5,4,11,12500000
5,4,11,12500000
0,0,5,9500000
5,4,11,12500000
3,3,1,40000000
3,3,8,15000000
3,3,5,6642000
3,3,5,6642000
7,6,8,15000000
3,3,5,6642000
4,3,9.6,35000000
3,3,5,6642000
5,4,11,12500000
2,2,5.2,3763000
2,2,5.2,3763000
1,1,1.8,1600000
3,3,9.6,15000000
6,6,1,90000000
3,2,4.2,8000000
4,3,9.6,25000000
6,5,5.8,17800000
3,3,9,12000000
8,8,9.6,32000000
2,3,5,9000000
6,6,1.4,37000000
3,2,5,13500000
3,3,7.6,45000
2,2,3.3,22000
5,5,1,105000
3,3,1,67000
3,3,1,67000
5,3,4,16800000
5,5,7,12000000
4,4,7,14500000
0,0,1,35000000
2,2,4.2,3800000
4,4,7,21500000
6,8,14.2,60000000
2,2,6,8500000
3,2,6,9850000
5,8,1.3,130000000
5,5,1,80000000
10,11,1,130000000
2,2,4,2700000
0,0,6.7,25000000
6,4,5,11500000
0,4,4.5,12000000
3,2,5,8000000
0,7,5,21500000
0,5,14.2,39000000
0,4,4.4,17000000
2,3,4.9,7600000
6,8,12,25500000
6,10,1,28000000
0,0,8,10000000
3,3,5,6200000
5,4,12,12500000
6,6,6,8500000
4,4,5,11000000
3,3,6,21500000
7,6,1.2,43500000
9,9,1.3,175000000
0,0,4.6,12000000
3,4,5,4000000
6,6,1,39000000
2,2,3.6,2000000
5,5,1.6,150000000
3,3,1.8,30000000
6,0,9,10000000
6,6,4.5,7000000
1,3,2.5,3000000
3,3,5.6,10000
4,4,4,50000
1,1,1.3,17000
1,1,1,8000
2,2,5,32000
0,0,7,30000
2,2,5,32000
1,2,3,22000
1,2,10,28000
1,1,2.2,50000
3,3,7,37000
1,1,2,45000
4,4,8.9,190000
0,3,12,50000
0,3,12,55000
4,4,12,50000
2,3,10.9,50000
8,7,2,275000
1,1,4.4,45000
4,4,1.8,250000
4,4,4.4,40000
3,4,10.9,52000
1,1,5,14000
2,2,5,17000
6,6,1.5,270000
4,4,3,75000
3,3,1.3,75000
6,4,5,40000
6,7,2,80000000
6,6,1,70000000
10,8,1,40000000
5,4,10,18000000
6,5,1,50000000
2,2,4.1,4000000
4,4,6,11000000
2,4,5,4500000
2,2,5,3000000
5,5,6.7,9000000
6,5,2,65000000
4,3,5,25000000
0,0,3,8500000
5,5,1,41000000
4,4,10,25000000
5,4,10,19000000
0,0,1,30000000
5,6,10,16500000
9,9,1,30000000
6,5,1,40000000
2,2,1,21500000
0,5,10,24000000
4,4,3.5,11500000
6,5,10,20000000
2,2,5,7000000
3,4,1,42000000
3,3,1,42000000
5,5,1.1,35000000
3,4,5,4000000
3,3,3.5,9500000
4,4,5,12000000
1,1,2.2,2300000
4,3,5,12000000
6,6,10,23500000
3,2,5,7500000
3,3,3,8800000
3,4,3,3600000
3,3,5,10500000
4,3,10,22000000
4,4,10,17500000
0,0,5,12000000
3,3,7,12500000
5,5,10,25500000
3,3,3.5,7500000
3,3,12,23000000
3,2,10,20000000
1,2,1.7,2000000
4,3,2.6,5600000
0,0,4,7000000
3,4,5,12500000
5,5,2,67500000
4,4,10,20000000
0,0,5,8500000
2,2,3,4000000
5,8,12,30000000
4,3,4,7500000
5,4,5.5,11000000
5,3,12,25000000
3,3,10,16000000
3,2,10,15000000
4,4,5,10000000
10,11,10,30000000
4,3,5,12500000
9,11,15,50000000
0,10,2,100000000
3,3,3,4690000
0,0,10,23000000
0,4,1,18500000
0,0,7,24500000
6,6,1,70000000
4,3,5,8500000
4,2,2,4000000
3,7,8,4000000
4,3,10,10000000
3,3,6.2,13000000
6,9,5.5,10000000
1,4,4,6500000
3,2,3,4000000
5,4,5,7000000
4,3,5,9800000
3,5,4.2,6800000
3,5,1.1,57000000
2,2,13,6000000
2,2,5,5800000
5,6,5,10000000
5,6,8,34000000
5,6,8,34000000
6,7,1.3,55000000
3,3,5,5500000
2,3,11,14000000
3,3,4,3800000
7,5,10,23000000
0,4,6,12500000
3,3,13,7300000
4,4,5,8500000
4,4,10,17500000
5,6,8,31500000
3,4,4,4500000
2,2,5,7000000
10,10,10,26000000
2,3,2,2800000
2,3,3,3600000
3,8,7,25000000
2,2,3.5,6500000
2,2,4,3900000
3,2,5,4700000
3,3,1,16000000
1,2,2.4,1900000
3,3,9.4,8500000
2,2,3.8,4500000
2,2,4.8,7500000
3,4,2.4,7000000
0,4,18.4,69500000
2,4,4.4,5500000
7,6,4.8,11000000
2,2,5.2,3763000
6,6,1,107500000
3,4,4.8,20000000
4,3,6.7,4796000
3,3,6.9,7000000
4,3,8,35000000
3,2,4.8,8000000
2,2,3.8,3650000
4,5,6.2,9000000
2,2,4,3200000
2,2,3.3,3200000
3,3,8.4,10000000
3,3,8,35000000
2,2,4.4,8000000
2,2,4.4,6000000
6,5,1,125000000
4,4,16.7,70000000
2,5,5.3,20000000
3,3,7.1,14500000
2,3,3.6,3000000
0,0,4.4,17000000
3,3,10.4,14000000
3,3,12,22500000
3,3,7.8,20500000
2,2,3.6,2500000
1,2,2.8,3000000
2,2,4,8000000
2,2,4.8,7500000
3,3,7.1,16500000
0,0,14.4,19000000
3,3,6.2,14500000
4,4,4.8,13500000
2,2,3,4000000
1,1,2.2,2300000
1,2,2.4,1500000
3,2,4.8,7200000
2,2,4.3,8200000
3,3,11.4,29000000
4,4,3.4,5200000
6,5,1,110000000
3,3,7.8,32500000
3,3,7.8,25000000
2,2,4.8,8500000
3,3,8,19000000
2,2,4.4,4200000
7,6,1.2,180000000
5,5,17.1,62000000
0,2,4,6000000
2,2,4.2,5800000
3,4,3.2,8000000
3,3,8,14500000
3,3,8,8500000
3,3,8,6500000
1,3,4,3500000
4,4,12,40000000
1,1,2,1990000
5,6,1.4,37500000
2,2,3.2,3200000
2,2,6,5500000
3,3,4.8,5600000
0,0,1,35000000
1,2,1.8,8000000
4,4,6.6,17000000
3,3,5,6642000
5,4,11,12500000
4,3,7.1,5136000
5,4,8.1,20000000
10,11,16,60000000
2,2,4.4,5500000
1,2,2.2,2000000
3,3,7.3,32500000
2,2,4,3200000
3,3,8,35000000
0,0,3.8,4600000
3,3,6.7,25000000
3,3,4.9,4900000
6,9,3.2,9500000
3,3,10.2,39000000
2,2,4.4,8000000
0,0,3.2,3800000
6,9,4.8,14000000
4,4,3.4,6500000
0,0,12,64000000
2,2,4,4300000
2,4,4.8,5500000
2,2,5.6,17000000
2,2,3.3,2550000
0,0,5,10900000
2,3,3.6,7500000
0,0,16,45000000
3,2,4.8,4500000
2,2,4.9,6500000
5,5,12.4,28000000
4,4,4.8,15500000
3,3,17.8,90000000
2,2,5.4,10000000
5,4,1,87500000
7,5,4.2,18500000
2,3,4.8,3400000
2,2,1.9,6500000
6,6,8,25000000
2,2,4,5300000
2,2,1.9,6500000
4,3,6.7,15500000
1,2,2.2,2200000
3,3,3.2,5500000
1,2,2.6,3700000
0,0,3.2,10000000
0,2,4.2,8000000
2,4,5.1,9000000
4,3,9.6,15000000
3,3,8,12000000
0,0,10.7,50000000
6,6,1.3,120000000
2,2,4,3000000
2,0,3.3,3000000
4,4,12,35000000
5,5,1,92500000
2,4,5.8,4800000
7,6,8,26500000
2,2,1.8,6000000
2,2,4,9000000
3,3,8.4,14000000
2,2,4.2,5800000
5,6,4.8,12000000
0,0,6.6,8500000
2,2,4.2,20000
3,3,1,130000
3,3,11.6,65000
3,3,8,33000
3,3,8,50000
3,3,6,40000
5,5,1,100000
3,3,9.6,45000
3,3,4.6,45000
2,2,4.8,26000
2,2,4.8,18000
2,3,4.8,18000
3,3,6.4,35000
1,2,3.2,10000
0,0,8,40000
3,4,11.6,170000
3,4,10.4,27000
3,3,6.4,35000
4,3,8.9,120000
3,3,10.8,39000
3,3,10.2,80000
2,2,4,15000
0,0,4,120000
0,0,14,35000
2,2,3.3,22000
3,3,5,60000
2,1,3,12000
4,3,7,30000
3,2,6,20000
5,5,2,300000
0,0,2.7,4800000
0,0,3,2900000
0,0,6,6600000
2,3,5,11000000
3,3,7.6,8500000
4,4,10,25000000
5,5,1,32500000
0,0,5,6000000
6,4,5,8500000
6,5,11,27500000
3,2,5,5500000
6,4,7,14000000
0,0,6,28500000
6,6,12,39000000
6,6,13,32500000
5,5,1,72500000
3,3,6,5500000
6,6,2,300000000
3,3,6.7,6800000
5,3,6.7,11500000
2,3,2.8,4000000
6,6,1,17000000
4,8,5,8000000
8,8,4.8,850000000
0,0,6.7,25000000
0,0,1.1,80000000
0,0,2,120000000
9,9,1.2,100000000
6,5,10.9,32500000
3,4,6.7,21500000
2,2,3.1,5200000
3,3,5,8500000
6,6,7,36000000
0,0,5,12000000
3,4,1,17500000
10,10,1,100000000
3,2,8,6500000
2,2,6.9,12000000
6,4,12.4,15000000
6,5,10,15500000
6,6,1.1,77500000
6,5,7,26500000
4,3,5,15500000
2,2,10,9500000
4,3,11,18500000
2,2,7.6,11000000
2,2,7.6,11000000
5,9,1,95000000
2,3,40,125000000
2,2,3.1,4500000
3,3,4,1400000
6,6,1.2,52500000
7,4,4,8800000
8,6,10,20000000
5,5,12,16000
0,0,1.3,68000
3,3,14,70000
3,3,10,35000
5,5,1,250000
6,4,3.2,650000
5,4,6,35000
5,4,4,58000
10,9,2.4,275000
3,3,7,20000
3,3,7,20000
3,3,1,55000
3,3,1,110000
3,3,13,35000
4,3,1,35000
0,0,1,45000
3,3,1,40000
1,1,2.2,25000
1,1,0.4,16000
0,0,12,60000
4,4,1,50000
0,0,1.5,120000
2,2,14,32000
1,1,2,10000
2,2,4.4,25000
2,1,2.3,25000
1,2,2,1950000
3,2,10,11000000
5,7,9,15000000
2,2,6,5000000
4,11,14,30000000
2,2,2,2500000
6,5,10,22500000
6,7,7.2,25000000
3,3,3,6800000
3,4,6,10000000
2,3,5,12000000
4,7,4,9000000
3,3,2.5,5000000
3,7,8,13500000
6,5,1,47000000
5,5,1,53500000
0,0,18,53000000
3,4,3,4500000
5,6,14,32500000
6,5,1,45000000
1,3,3,28000000
3,3,10,17500000
5,3,6,7800000
0,0,19,55000000
5,7,1,37500000
6,5,10,14500000
0,0,5,7800000
0,0,3,4500000
4,4,10,16500000
6,5,1,45000000
4,3,5,9500000
9,8,2,90000000
5,3,3,5700000
3,3,3,5900000
6,5,8,13500000
6,5,6,12000000
2,2,2,4600000
4,3,5,9500000
6,6,1,35000000
5,5,6,13000000
6,6,10,19500000
3,3,2.5,6200000
2,2,5,5200000
3,4,6,8000000
6,5,10,23500000
3,2,1,42500000
6,5,10,24000000
2,2,2,4200000
4,4,9,16500000
5,4,7,9500000
4,4,4,7500000
10,9,1,90000000
5,4,8,14000000
4,3,1,55000000
4,3,5,13000000
4,5,6,7500000
4,4,1,32500000
0,0,1.6,70000000
4,3,5,12000000
4,3,5,12000000
2,3,2,5500000
4,3,5,12200000
4,3,5,12200000
6,5,1.2,45000000
8,7,2.3,230000000
3,3,6,8800000
5,4,5,9100000
4,3,3,6000000
3,4,17,53400000
4,3,5,9000000
7,5,10,29600000
6,6,8,12800000
3,3,3,4400000
3,3,3.2,3950000
0,0,14,50000000
3,4,14,20000000
3,5,3.8,6000000
4,3,5,8500000
3,4,5,9000000
3,3,3,15000000
4,3,3.4,5800000
4,4,5,9600000
3,0,3.3,5200000
7,5,5,9500000
3,3,5,3900000
10,11,1,24500000
3,2,8,9000000
4,4,10,25000000
3,8,6.5,4500000
5,4,7,12000000
2,2,2,1600000
5,5,7,14500000
5,5,11,21000000
3,3,5,5800000
8,7,14,31000000
3,5,7,13000000
2,2,5,5900000
3,3,7.5,12500000
1,2,4,2700000
6,4,4,7500000
5,5,1,22500000
3,3,9.4,16900000
3,3,10.5,18900000
2,2,3,2200000
2,2,4,2900000
5,4,14,10000000
3,3,4,5650000
6,6,5.5,9000000
6,7,6,7500000
6,7,6.5,7500000
5,5,5,6000000
6,4,5,6500000
6,5,1,115000000
4,3,8.9,18500000
3,3,5.5,20200000
3,3,9.6,18500000
2,2,4.8,5200000
3,0,4.4,8000000
0,0,12,40000000
0,3,6.7,16000000
3,3,6,41500000
3,2,4.8,39000000
3,3,9.6,16500000
3,3,8,13500000
3,3,8,20000000
2,2,4.1,6500000
2,2,3.1,3600000
2,2,3.1,3600000
3,2,4.2,9500000
3,3,9.6,22000000
5,5,4.8,22000000
3,7,4,5000000
2,2,4.4,5700000
8,7,16,49000000
3,0,4.4,10900000
4,4,16,37500000
4,4,16,40000000
0,0,4,15000000
2,2,3.6,3500000
2,2,4.8,5000000
3,3,6.4,16500000
3,2,4.8,8000000
3,3,8,13500000
2,2,4.8,6800000
2,3,4.4,7000000
0,0,4,5200000
4,4,10.7,45000000
3,3,7.2,10500000
6,5,12,67000000
4,4,10.7,60000000
2,2,4,5500000
2,2,4.2,3400000
1,3,4,2500000
2,3,3.5,3500000
4,6,16,19900000
5,5,9.6,30000000
5,4,12,67500000
0,7,3.2,11000000
2,3,3.4,5000000
0,0,4,4500000
2,2,3.2,5200000
5,4,12.2,41000000
2,2,4,4800000
2,2,4.2,5700000
0,0,1,68000000
6,6,1,160000000
6,4,6,17300000
2,3,3.3,2800000
9,9,9.6,35000000
9,9,9.6,35000000
5,4,14,105000000
0,0,4.8,9000000
3,3,4.4,6000000
2,2,4,4200000
2,2,4.8,12500000
3,4,4.8,17000000
3,3,6.2,13500000
3,6,5.3,14500000
3,3,8,22500000
4,4,14,17000000
5,5,2.4,7000000
4,4,4,5800000
2,2,4,11000000
0,2,4,12000000
3,3,5.1,11500000
0,0,8,24000000
2,2,4.4,5500000
5,5,2,150000000
4,4,9.8,58000000
5,5,1,130000000
7,6,2,220000000
3,3,7.3,11500000
4,4,9.8,57500000
5,5,1,130000000
5,5,1,145000000
3,3,7.6,21500000
7,6,9.6,35000000
3,3,6,7000000
2,2,6.4,18500000
0,2,5.3,8000000
0,0,2.1,1350000
0,0,9,18000000
7,8,3.2,8500000
6,8,3.2,8500000
0,0,4.3,2300000
3,3,8.4,26000000
3,3,8,26000000
2,3,4.8,5000000
2,2,4.2,5500000
3,3,9.6,25000000
2,2,4.2,3600000
6,6,12,50000000
2,2,4.7,7500000
2,2,3,3500000
2,2,3.3,9500000
2,2,4.8,5250000
3,3,12,80000000
7,6,2,250000000
5,5,18,90000000
3,3,4,30000000
6,6,1,150000000
6,6,1,140000000
3,4,6,20000000
3,3,5.8,5500000
3,3,5.6,8700000
0,0,10.4,17500000
1,3,2.6,2800000
4,4,10,42000
3,3,6.2,35000
3,3,7.8,65000
4,4,7.8,60000
2,3,5.9,25000
0,0,1.5,300000
0,0,1.5,300000
4,4,8,50000
3,3,6.1,30000
5,5,12,190000
5,5,9.6,300000
3,3,8.9,70000
4,0,1,300000
5,5,14,140000
5,5,14,145000
3,3,8,50000
3,3,12,60000
2,3,7,25000
6,5,6,58000
3,3,14,65000
5,9,1,300000
4,3,1,40000
1,2,5,25000
2,2,7,15000
3,2,10,26000
6,6,10,85000
3,3,9.3,150000
3,3,9.3,150000
3,3,9.3,150000
3,3,10,28000
3,3,1,90000
0,0,1,40000
3,3,10,28000
4,3,10,28000
10,9,1.3,190000000
8,8,10,30000000
8,8,16,65000000
6,5,11,27500000
5,5,4,6700000
0,0,1,25000000
6,6,14,25000000
7,6,6,60000000
2,2,9,23000000
0,4,5,25000000
0,4,5,12500000
2,2,4,2650000
2,2,3.3,2600000
0,0,1,23000000
7,5,8,13000000
7,5,8,19000000
7,5,8,14500000
7,5,8,14500000
7,5,8,15000000
7,5,8,14000000
7,5,8,14500000
5,6,14.2,49000000
6,4,6,8000000
5,5,8,22500000
4,4,8,14000000
0,0,6,16500000
3,2,5,5000000
2,3,3,3200000
5,6,7,26500000
4,5,5,20000000
2,2,3,2500000
4,4,7,7800000
4,4,5.6,9000000
7,6,1,37000000
0,0,14.2,45000000
4,5,5.6,10500000
5,5,6,7000000
4,3,1,48000
3,3,10,50000
3,3,10,50000
2,3,5,20000
2,2,3,12000
2,3,5,20000
3,3,1,60000
3,3,12,40000
1,2,3.6,18000
2,2,4.4,25000
8,7,1,120000
7,6,1.2,100000
3,2,12,33000
3,3,6,20000
2,2,5,20000
2,2,8,20000
5,5,12,40000
2,2,5.3,60000
2,3,5,15000
1,1,3.8,12000
6,5,1,36500000
2,1,3,3600000
0,0,6,18000000
4,4,3,11000000
10,11,14,35000000
3,3,3,3700000
4,3,5,12700000
0,0,2,3200000
6,6,13,20000000
0,0,2,100000000
9,8,1,45000000
3,3,6.5,25000000
2,3,2,4500000
7,7,10,20000000
7,7,10,20000000
5,4,10,27500000
4,4,5.5,15000000
4,4,4,6000000
8,8,19,29000000
4,3,6,14000000
2,2,10,14000000
10,9,4,250000000
5,5,10,13000000
3,3,10,14000000
6,5,10,21000000
4,3,2.5,4500000
5,5,5,8500000
0,0,1.1,14500000
3,5,12,60000000
2,2,5,2000000
3,3,5,6000000
6,5,1,50000000
7,6,1,32500000
1,2,5,35000000
5,6,11,25500000
7,6,10,26000000
4,4,5,15000000
3,2,6.4,14000000
3,2,3,2200000
8,8,11,26000000
3,4,4,14000000
6,5,1,45000000
4,10,6,7000000
5,5,5.5,9000000
10,8,2,85000000
2,2,1.8,4350000
3,5,6,6500000
4,4,5,8000000
6,6,1,30000000
7,5,10,17200000
6,5,12,28000000
6,5,10,23500000
2,2,5,6500000
6,5,10,18500000
1,3,3,3500000
10,10,1.6,60000000
6,5,10,22200000
9,6,1,42500000
4,5,10,20000000
5,5,2,85000000
2,2,3,2200000
3,3,3,4490000
3,5,7.5,10500000
4,5,5,8500000
2,3,5,8000000
3,2,2,3700000
4,10,6,7000000
2,4,5,7900000
2,3,8,11000000
8,10,1,37000000
4,3,8,14000000
6,6,5,10500000
2,2,4,12000000
6,5,10,23500000
5,3,5,10800000
4,3,4,8900000
0,5,1,20000000
1,2,1.8,2400000
6,6,10,19000000
6,6,5,10500000
2,3,5.5,13000000
2,6,7,17500000
2,2,2.6,4300000
7,7,1,68000000
6,5,12.5,29000000
3,3,3,3600000
2,1,5,2200000
3,2,2.5,2850000
0,0,5.8,20000000
4,6,3,6000000
2,3,2.5,3550000
3,3,5,11000000
4,4,5,9600000
4,4,5,9400000
4,4,6,10000000
4,4,7,11500000
4,4,7,11500000
0,0,5,8500000
5,4,5,8400000
1,3,3.3,3400000
2,3,2.3,3500000
5,4,5,9000000
6,5,1,16000000
3,2,4,8000000
8,6,7,25000000
3,3,3,3700000
7,7,4,7500000
3,3,2,8000000
2,2,2.8,3500000
4,6,13.8,9000000
2,4,3,2800000
0,0,11,16500000
2,3,5,5000000
4,4,5,8500000
3,2,3.2,6800000
4,7,8,9000000
3,4,12,12500000
3,3,12,12500000
0,0,13,18200000
0,0,7,560000000
7,7,10,26000000
0,0,1,32000000
5,5,10,13700000
4,4,6,11000000
4,4,5,10500000
3,2,5,4500000
2,4,5.5,12000000
4,4,5,7500000
5,5,1.1,55000000
5,4,14,35000000
2,4,2.5,4000000
7,6,6,5800000
2,2,5.5,10600000
5,5,10,17000000
1,2,3,4500000
2,3,3.3,8000000
4,4,5,9500000
0,0,7,15000000
2,4,4,5000000
5,7,7.5,45000000
5,5,5,8300000
3,3,8.4,13000000
1,2,3.5,3400000
6,4,5,6500000
5,7,5,10000000
0,0,15,21500000
2,2,3,13000000
3,2,4.2,9500000
0,0,16,40000000
2,2,4.8,5800000
5,5,1,69000000
6,5,1.6,155000000
7,6,2,225000000
7,6,2,150000000
6,5,1,95000000
6,4,2,185000000
5,4,12,95000000
7,6,1.3,145000000
5,3,9.6,23000000
7,6,1,100000000
5,4,12,57500000
5,4,1,102500000
0,0,3.2,2700000
3,3,6,13000000
6,7,10,60000000
0,0,9,45000000
7,7,4,350000000
3,3,12,90000000
6,6,2,220000000
6,6,1,102500000
4,6,4.8,13500000
6,6,1,125000000
2,2,4,4800000
5,5,4.8,22500000
0,0,8,19500000
1,1,1.9,2200000
4,3,11.4,31000000
6,6,1,160000000
3,3,5.8,9500000
3,3,6.7,13000000
6,5,1,92500000
0,0,8,15500000
0,2,3.1,4200000
5,5,16,30000000
2,2,3.2,3600000
0,0,4.8,16000000
0,0,4.8,6200000
3,2,5.3,6800000
3,3,7.8,15000000
2,3,4,4500000
3,3,8,12000000
3,4,3.4,3500000
2,4,3.2,4000000
2,2,3.6,4000000
7,6,1,130000000
6,6,1,34000000
3,3,7.3,9500000
0,0,4.8,15000000
0,0,3.8,6700000
4,3,4.4,9800000
2,3,4.8,4800000
0,0,1.3,90000000
3,6,4.8,6000000
4,5,6.9,11500000
3,7,4.8,20000000
4,4,8,11500000
0,0,8,13500000
4,3,5.3,14500000
3,3,5,5500000
6,10,5.6,30000000
6,6,16,47500000
0,0,15.2,31000000
3,3,4.8,25000000
3,3,1.2,90000000
0,3,7,15500000
6,5,4.8,15500000
2,2,4.7,5200000
3,3,12.4,9000000
4,4,4.8,13200000
5,3,16,31000000
4,4,4.8,13500000
3,4,8,9000000
3,3,5.3,8500000
3,4,4.4,14000000
0,0,6.4,15000000
5,4,6.6,17000000
1,0,4.8,12500000
2,2,4.8,12100000
6,10,11.5,25000000
5,5,4,32500000
2,2,3.6,2500000
3,5,6,12000000
0,3,8.4,28500000
2,2,2.8,5500000
4,4,8.6,16000000
6,6,1,150000000
9,7,1.2,160000000
3,3,7.6,35000000
2,3,7,8700000
3,3,9.8,52500000
3,4,10.4,25000
2,2,4,38000
4,4,2,170000
4,4,4.8,130000
1,2,2.6,16000
3,2,4.8,18000
2,2,4.8,20000
0,0,8,35000
2,3,4.8,25000
3,3,1,130000
1,0,4,18000
6,6,1.2,300000
3,3,9.6,48000
2,2,4.8,20000
5,3,10.7,105000
4,3,1,39990
4,3,9,26000
0,0,12,35000
1,1,7,28000
0,0,4,24000
2,2,4.8,34000
6,5,1.3,280000
4,3,1,130000
4,3,6.7,26000
5,4,1,250000
2,3,5,50000
4,3,1.3,75000
5,5,1.1,200000
4,4,1,50000
2,2,11,30000
3,3,1,57000
2,2,5.6,36000
3,2,12,25000
3,3,1,60000
10,11,1,400000
6,7,7,10000
2,2,5,35000
1,1,5,10000
3,3,1,45000
4,4,1,80000
6,6,14,160000
3,4,10,26000
4,3,11,60000
1,1,0.8,10000
5,4,5,10000000
0,0,5,3600000
7,7,10,19000000
6,6,16,38000000
5,5,8,16500000
4,4,11,18000000
6,6,16,25000000
0,0,1,28500000
3,2,6,15000000
3,2,5,4800000
0,0,7,13500000
0,0,6,13500000
4,4,5,7600000
6,6,1,33500000
7,5,5,12500000
0,0,12.4,16000000
5,5,4,17500000
3,3,5,5500000
4,4,4,12200000
6,6,5,5100000
0,0,3,4979000
4,4,5,10500000
3,4,5,17000000
1,1,2.7,3300000
2,2,5,5000000
6,6,8,26500000
7,6,1,15500000
3,3,10,12000000
6,6,7.2,13500000
6,7,6,12000000
2,3,4,3800000
0,0,5,9500000
2,2,4.6,7500000
0,0,5,22000
0,0,13,30000
3,3,1,60000
5,4,10,63000
5,6,6,90000
2,2,3.1,30000
3,3,11,120000
3,2,7,18000
4,3,10,30000
3,2,13,70000
3,2,13,70000
2,3,5,15000
4,4,5.6,28000
3,3,1,30000
0,0,7,28000
2,2,8,22000
3,2,10,22000
3,0,5,36000
2,2,4.4,50000
3,2,6,18000
1,1,1.2,18000
0,10,3,470000000
0,0,3,5000000
5,6,11,14900000
4,4,12,25000000
7,6,1.4,46500000
3,3,3,260000000
5,4,10,23000000
8,5,1,65000000
1,1,4.2,5100000
0,0,3,3100000
0,3,3,4500000
0,3,3,4000000
3,4,3,7000000
4,3,4,9500000
2,2,3.5,4200000
0,3,3,7200000
4,4,5,7500000
5,6,1,35000000
6,5,10,26000000
2,2,6,6000000
2,2,10,11000000
5,4,10,19500000
5,4,10,18500000
6,5,10,29000000
1,3,6,10000000
5,5,10,26000000
1,1,2,3000000
1,3,5,3000000
5,5,1.2,65000000
2,3,8,40000000
4,4,5,9000000
3,2,10.5,14900000
4,3,6,14500000
3,3,3,5500000
4,4,4,12000000
0,0,3,5200000
4,3,5,8800000
3,3,2.5,4500000
0,0,8,14000000
0,0,3,30000000
3,2,11,27500000
4,4,5,10500000
5,4,5,10500000
4,4,5,27500000
4,3,6.2,30000000
5,5,5,10000000
4,4,5,8500000
3,3,3,7000000
2,3,10,11000000
4,3,3,6500000
3,3,1,12500000
5,5,2.4,120000000
6,5,1,30000000
4,3,3.4,6800000
3,2,2.5,3200000
3,3,10,15200000
5,5,2,115000000
4,3,6.2,24000000
4,4,3,10000000
4,3,5,11000000
3,3,4.5,7500000
4,4,12,21500000
5,5,5,11500000
4,4,7.5,20000000
6,5,1,69000000
0,0,2,210000000
3,3,3,7000000
0,0,10,20000000
3,3,5,8000000
6,5,1,40000000
10,11,18,34000000
4,3,5,18000000
5,5,5,12000000
6,5,5,14000000
5,4,1,35000000
4,4,5,10500000
4,4,3,6500000
6,5,5.2,13000000
4,3,16,15000000
3,2,3,6500000
5,4,7,14000000
5,6,17.5,30000000
1,2,2.5,2000000
2,3,4,3500000
2,3,3.5,6700000
3,2,4.5,5200000
5,7,5,12500000
6,5,1.3,42500000
3,3,5,4000000
4,3,5,9000000
2,1,3.7,6400000
2,2,2.5,2000000
3,5,5,6500000
3,3,10,18500000
3,4,8,2500000
4,6,5,17500000
5,9,6,8500000
7,7,5,12200000
4,4,17.6,29000000
6,6,8,14200000
0,0,8,2500000
3,3,4,3500000
6,6,10,26000000
7,6,1,42500000
0,0,1,36000000
6,8,7,13500000
3,3,4,3500000
5,5,4,13500000
0,0,7,15000000
6,5,5,10000000
4,3,6,19500000
5,6,7,10000000
0,0,7,13500000
7,7,10.2,11000000
3,2,6.7,6700000
2,4,5.3,20000000
10,11,10,27000000
2,3,2.2,3000000
3,5,12,15500000
3,4,10.2,20000000
3,3,13.3,13000000
10,11,6,25000000
0,0,7.2,14000000
3,3,4,42500000
4,4,4.8,13500000
3,3,6.7,9900000
3,3,9.8,15000000
3,3,12.4,39000000
2,2,2.9,3200000
7,8,1.5,135000000
2,2,4,10000000
8,8,9.3,45000000
8,8,9.3,43500000
2,3,3.3,5500000
3,3,5.2,11500000
2,2,4.8,13600000
5,4,4.8,9000000
6,9,10.4,8000000
0,0,3.8,6000000
4,3,3.2,6800000
5,3,3.2,13500000
1,2,4.2,2000000
3,3,3.2,3500000
4,5,4.8,12000000
2,2,3.1,2200000
2,2,8,7000000
2,2,3.8,7000000
2,2,3.6,4000000
2,2,4.2,5800000
0,3,8.9,25000000
2,2,4.9,4100000
8,6,12,78000000
0,6,1,120000000
5,4,16,73500000
0,5,1,115000000
3,3,6,7000000
3,2,4.8,5500000
5,6,6,62000000
4,3,12,25000000
6,6,8,50000000
6,6,4.8,16000000
6,5,1,68000000
6,5,1,68000000
5,4,16.7,74000000
3,3,8.4,21000000
3,5,4.4,6900000
0,12,9.6,48000000
3,4,6.2,7200000
2,2,3.3,5200000
3,3,6.2,9500000
8,8,1.2,47500000
5,4,12.2,20500000
3,2,3.2,4000000
3,3,3,15000000
4,5,11,64000000
2,4,3.2,15000000
3,2,4,7000000
2,2,6.4,10500000
0,0,9,28000000
3,3,9.8,15000000
10,10,16,50000000
4,3,5,9000000
8,6,2,230000000
3,3,5,9500000
3,3,1.1,60000000
0,0,3.1,4000000
3,3,8,11500000
6,6,9.6,22000000
2,2,3.2,4250000
2,2,4.2,6000000
2,2,5.7,11000000
2,2,4.8,5200000
3,2,7.3,42000000
4,4,16,80000000
3,3,5.3,4500000
0,0,4.4,4500000
0,0,5.1,14000000
3,3,8,20100000
2,2,3.7,4200000
3,3,6.2,5000000
2,4,5.2,10700000
7,6,1,125000000
2,2,2.7,2700000
5,4,10,55000000
8,6,1,115000000
0,0,11.1,40000000
3,2,3.5,4500000
4,3,10.7,62500000
2,3,3.1,3500000
3,5,6.2,16000000
0,3,7.6,9900000
3,3,4.7,7500000
4,3,12,16500000
2,2,4,4600000
3,3,5.1,14500000
3,3,6,40500000
4,6,16,15000000
3,4,5.1,12000000
3,3,5.3,14000000
7,6,5.2,8000000
4,4,10.7,16000000
2,2,3.4,6500000
0,0,13.2,20000000
3,3,7.6,70000
2,2,4.4,60000
3,3,7.3,50000
4,4,12,75000
2,2,4.8,29000
2,2,10,50000
4,4,10,100000
0,3,1,130000
4,4,3,22000
3,3,14,40000
3,3,6.7,60000
3,3,1,45000
0,0,5.6,10000
2,2,7,43000
1,2,5.3,17000
1,2,5.3,15000
3,3,13.3,42000
2,2,6.5,200000
8,5,1,350000
0,0,5,25000
3,3,8,55000
2,3,14,53000
2,3,14,55000
1,1,10,30000
4,4,7,40000
3,3,5,25000
4,3,1,60000
1,1,10,12000
5,4,5,32000
3,2,5,20000
6,6,1,275000
2,3,10,55000
6,6,1,100000
4,4,1,70000
3,2,4,23000
3,3,10,26000
2,2,5,10000
2,2,5,12000
2,2,5,50000
2,2,4.9,38000
2,2,4.7,65000
3,3,10,120000
5,7,3,6200000
5,3,11.7,52000000
6,4,5,10500000
5,5,10,22000000
3,3,11,9500000
3,3,5,13500000
5,5,3,75000000
1,1,2.3,4600000
3,2,5,6000000
3,2,4,5500000
3,4,5,4000000
0,2,4.5,7200000
2,3,6,5200000
4,4,5,10000000
6,6,1.3,130000000
6,6,1,43000000
4,4,7.6,14400000
3,3,8,4500000
6,10,14.2,58000000
4,5,10,10500000
4,4,14.7,31500000
2,3,9.8,43000000
1,1,3.5,4500000
2,2,8,6500000
6,6,5,10500000
6,7,5,11000000
7,7,7,10500000
4,4,6.7,27500000
7,6,5,10500000
6,6,10,37500000
4,3,12,16500000
5,6,5,10500000
5,5,4.5,8500000
6,6,5,10500000
7,7,4,9500000
5,5,14.2,26000000
3,2,5,3500000
0,2,1.4,25000
0,0,5,35000
7,6,1,80000
2,2,7.5,14000
6,5,10,65000
4,3,10,25000
2,2,5,25000
1,2,5,13000
3,4,10,24000
2,2,6,10000
3,4,10,24000
2,2,4.4,50000
2,2,4.4,25000
2,2,5,17000
3,4,12,40000
2,2,5,22000
3,2,8.5,28000
2,2,3.8,30000
3,3,1,50000
6,4,1,18500000
4,6,6,7900000
4,4,3,4000000
4,3,5,15500000
6,6,11,25000000
3,3,8,18000000
5,5,6.2,15000000
4,3,8,14500000
6,4,10,20000000
1,2,3,3500000
4,3,2.5,6500000
3,2,3,6000000
8,8,2,85000000
3,3,12,30000000
5,5,10,21000000
3,5,6,7000000
5,5,10,21000000
3,2,10,12500000
6,5,10,18000000
5,5,3.2,6500000
5,3,20,15000000
10,10,15,27500000
4,3,5,11000000
3,2,7,12000000
3,2,6,7800000
3,3,4,5600000
7,5,10,20000000
3,6,9,11000000
6,5,13,34000000
3,3,2,2800000
5,5,10,13000000
5,4,3.5,6500000
5,5,14,39000000
6,5,5,9000000
9,8,1,31800000
4,5,6,15000000
3,3,5,17000000
2,2,2.5,3800000
5,3,5,11500000
3,2,10,13000000
5,3,5,12500000
5,5,8,24000000
6,5,1,39000000
4,4,10,20500000
4,5,9,22500000
6,4,10,24000000
2,2,2.2,3500000
4,9,9,15000000
6,5,1,29800000
10,0,10,26000000
5,5,1,30000000
6,5,12,23000000
3,3,3,5500000
5,4,7,16500000
2,3,1.7,3800000
5,4,5,9650000
3,3,6,14000000
3,3,3,4000000
3,4,3,4500000
5,5,3.5,6500000
0,0,5,12500000
2,2,6,7800000
5,4,5,8500000
0,0,3,3800000
2,4,2.5,6500000
4,3,1,21500000
2,4,3,5000000
6,5,10,18000000
6,6,5,16200000
2,2,4,5000000
0,0,10,19800000
2,3,5,10500000
3,3,7,11000000
3,3,11,18500000
3,3,10.5,20000000
0,5,10,22900000
4,4,6,7800000
3,5,4,8500000
3,3,6.5,7500000
1,1,2,1300000
2,5,10,7500000
4,3,6,12000000
3,1,2.5,3000000
1,1,1,3800000
3,5,5,9500000
0,0,4.5,7500000
6,6,5,16000000
1,2,3,6000000
6,4,8.6,15500000
7,5,8,12500000
8,6,2.1,126000000
0,3,8,7500000
5,4,7,19000000
4,3,7,8500000
6,4,8,15000000
4,2,5,12500000
6,5,1,48500000
1,2,5,3700000
4,4,7,14500000
3,2,6,4900000
2,2,3.5,5000000
4,5,7,5000000
6,7,5.5,19000000
5,5,10,21000000
3,3,4.8,35000
3,2,5.3,35000
3,2,4.4,37500
3,3,9.6,38000
6,6,1,300000
7,6,1,230000
4,4,9.8,75000
4,4,12,200000
2,2,3.1,25000
2,2,9.6,30000
2,2,4.4,25000
3,3,8,55000
7,7,2,325000
2,2,4,35000
2,2,4.2,35000
2,2,4.2,18000
2,1,0.7,11000
3,3,8,90000
1,1,9,16000
3,3,9.6,45000
2,1,3.2,11000
6,5,1,275000
0,0,5.8,20000
6,6,1,350000
2,2,2.9,18000
4,3,10.7,55000
2,2,2.4,14000
4,4,8.6,45000
6,7,1.3,490000
2,2,2,32000
4,4,5.6,48000
6,6,1.2,330000
4,4,14,250000
0,0,2.7,4500000
3,3,2,180000000
2,2,3.2,5500000
0,0,6.1,14500000
2,4,6,15000000
2,2,4.4,7000000
3,3,8.6,34000000
4,3,10.7,16000000
3,3,5.8,8000000
3,3,5.9,8500000
6,6,14.8,62500000
1,2,2.2,5500000
5,3,5,25000000
3,4,2,7000000
2,4,4.8,4700000
3,3,6.2,11000000
4,2,4.8,5350000
4,2,9.1,42500000
4,3,7.2,6500000
2,2,2.2,3500000
6,6,5.4,17500000
2,2,4.2,5300000
0,3,5.3,8000000
0,0,12,35000000
3,3,8,14500000
2,2,4,6500000
4,4,5.8,13000000
3,2,4.8,4500000
7,9,3.3,11000000
2,2,3.6,7000000
6,6,5.8,12000000
1,1,1.8,1775000
0,0,4.8,10000000
0,2,2.4,5000000
2,2,2.2,1250000
2,2,4.2,3750000
2,2,3.1,3200000
7,6,2,350000000
6,0,16,49500000
2,2,4.2,5800000
1,2,1.8,2100000
8,8,1.2,54000000
3,3,6,7500000
3,4,4.8,6500000
0,0,7.6,13000000
3,3,9.1,9500000
3,6,3.2,15500000
3,2,4,4200000
4,4,4.8,38000000
3,3,6.2,7000000
4,9,4,13500000
3,3,9.6,37500000
0,0,4.8,15000000
0,0,10.2,45000000
6,9,3.2,5500000
0,0,4.8,9200000
3,3,6.4,12000000
2,2,4,6500000
2,2,2,6500000
0,0,4.2,5900000
3,3,8.9,32500000
3,3,4.8,3800000
3,3,9.3,47000000
2,2,6.7,13500000
3,3,8.8,12500000
3,3,8.9,42500000
2,2,4.8,8000000
2,4,4.9,6800000
5,4,1,90000000
4,4,4.8,12000000
2,2,3.6,5000000
3,4,3.8,3000000
1,2,1.8,2300000
0,0,9.6,25000000
0,2,4,9500000
2,2,3.6,2700000
0,0,4.4,9200000
2,2,5.6,9000000
7,6,1,112500000
2,2,4.2,3100000
0,0,8,20000000
0,0,8,20000000
4,6,4,6800000
4,4,16,22500000
2,2,2.7,3500000
5,4,4,7800000
2,2,2.9,2000000
3,3,3.1,4000000
3,3,9.6,35000000
4,4,9.6,10500000
2,2,4.7,7800000
7,6,1,150000000
7,6,2,285000000
2,2,4,3800000
0,0,3.4,5300000
4,4,19,140000000
3,3,8,15500000
5,4,4.8,28000000
3,3,6.4,9700000
3,3,12,57500000
3,3,5.3,7500000
2,2,5.2,4800000
0,0,2.4,2500000
4,4,4.8,9500000
5,4,4,32500000
2,2,0.6,10000
3,3,8,55000
2,2,3,35000
0,11,4,600000
0,0,5,18000
2,3,5,18000
3,3,1.3,150000
2,2,8,25000
3,3,1,40000
3,3,8,18000
3,3,12,50000
2,2,5,20000
0,0,10,40000
3,4,12,50000
4,4,12,32000
5,5,5,29000
4,4,1.3,250000
4,3,3,100000
2,3,6.9,25000
3,3,14,65000
3,3,10.9,38000
2,2,5,20000
4,4,1,200000
4,3,10.7,28000
2,2,3.6,17000
0,0,5,3500000
1,1,2.7,2400000
0,8,1,45000000
3,3,5,17500000
5,4,14,35000000
4,5,1,75000000
0,1,2.3,3500000
7,6,1,67500000
8,8,10,16000000
0,0,1,29000000
2,3,5,6500000
2,2,3.8,7000000
3,3,5,12500000
4,4,5,12000000
4,4,6,13500000
4,4,6,14500000
5,5,7,16500000
5,5,7,17000000
3,3,7.6,11200000
2,2,3.4,5350000
1,1,5.3,31600000
4,4,5.5,22500000
6,5,8,11200000
6,5,6,13000000
3,4,3,4500000
5,4,6,13000000
3,2,7,10500000
1,1,4,7500000
4,3,8,6600000
5,5,1.3,75000000
10,11,2,125000000
3,2,5,6500000
2,1,3.8,8500000
7,6,13,28000000
5,4,5,8000000
4,3,11.6,16500000
5,5,1.3,117000000
0,0,20,110000000
9,9,1.3,95000000
2,2,10,7500000
0,0,4,8500000
4,3,1,70000000
0,0,7,19000000
5,8,5,13000000
4,8,5,7500000
6,6,8,14000000
5,5,6,7500000
5,6,6,15000000
6,5,10,21300000
5,4,16,28000000
5,4,12,26000000
5,4,12,28500000
5,4,10,21000000
6,6,6,11000000
3,2,5,3500000
5,3,5,14000000
0,0,7,11200000
0,0,5,5700000
5,4,18,28500000
6,6,14,28000000
2,6,4.5,7000000
5,5,7,14500000
0,2,7,20000
4,3,15,45000
0,2,10,35000
3,2,4,17000
0,0,2,1000000
1,1,2.4,30000
0,0,7,45000
1,1,2.7,15000
2,2,5.6,50000
3,3,1,25000
4,4,1,55000
4,5,10,75000
2,2,3.7,16000
1,1,3.1,27000
4,3,3.5,10500000
2,3,3,4500000
9,10,10,16000000
3,3,10,14500000
1,2,3.5,5500000
5,3,5,9500000
5,4,5,7300000
6,6,12,32500000
6,5,10.5,23500000
0,3,5,17000000
0,5,1,69000000
2,2,5,6500000
4,3,5,15000000
5,5,10,26000000
4,3,5,11500000
5,5,10,19000000
7,8,12,23000000
3,4,5,6000000
0,0,2.1,80000000
3,3,3,6500000
6,6,1.9,120000000
6,10,3,85000000
0,0,5.1,15500000
4,3,4,8500000
5,5,5,15000000
3,3,5,11000000
2,5,3,5200000
5,4,6,12500000
3,4,9,11000000
4,5,10,18500000
0,7,2,100000000
4,5,6,15000000
4,7,1.1,36000000
3,3,3,3700000
4,3,5,8500000
4,5,5,12500000
3,3,5,9500000
6,5,1,63000000
7,7,1,31000000
4,3,5,11000000
7,6,1,35000000
4,3,5,11000000
2,4,3.7,4500000
6,4,8,14000000
2,3,5,7000000
5,4,10,15500000
0,0,10,16000000
5,6,7.1,11400000
7,6,2.1,57500000
6,4,10,22500000
3,5,5,7500000
8,10,5,10000000
2,2,2.2,4200000
7,5,10,18000000
5,3,4,6500000
2,4,5,12500000
6,4,1,32500000
6,4,10,16500000
2,2,2,3500000
5,5,10,28000000
2,4,6,7500000
4,3,12,21000000
2,2,3,7000000
3,3,5,11000000
5,5,1,29800000
6,5,10,23000000
6,5,10,22500000
5,5,1,55000000
0,0,3,4500000
6,5,4,11000000
6,4,5,15000000
3,3,3,6600000
8,8,2.2,150000000
5,5,1,50000000
0,0,6.3,12000000
0,0,6,12500000
1,0,6,11500000
0,0,5,8500000
3,3,1,130000
3,3,1,110000
3,3,8,60000
2,2,5.3,27000
3,3,4.9,26000
3,4,16,55000
3,3,6.4,25000
2,2,4.8,27000
2,3,9.6,40000
4,3,6.2,33000
2,4,5.3,30000
3,2,5.2,21000
6,6,1.2,320000
4,3,16,45000
2,2,4.9,48000
2,3,8,42000
3,3,5.3,32000
2,2,4.2,20000
3,3,9.6,35000
0,0,6.2,40000
3,2,4.8,25000
2,2,9.6,35000
3,3,12,110000
4,4,14,170000
2,2,4.7,55000
3,3,9.6,35000
2,2,4.4,45000
0,0,4.2,20000
4,4,16,140000
4,4,4.8,75000
3,3,9.6,45000
3,3,1.2,120000
3,3,2,185000000
3,5,4.8,8800000
0,9,8,31000000
2,2,3.3,3400000
3,3,9.3,14000000
6,6,9.6,19000000
2,2,4,4500000
0,3,5.8,6800000
2,2,4.8,4000000
6,5,4,370000000
4,4,12,37500000
7,6,9.6,29000000
6,6,1,90000000
2,3,2.7,3500000
7,6,2,300000000
1,2,2.4,5000000
2,4,3.8,7000000
2,2,4,12000000
6,6,8,17500000
3,3,7.1,11000000
3,3,6.3,9500000
2,2,4.5,12000000
6,6,1.2,41000000
2,2,2,4500000
0,0,2.6,3700000
1,1,2.7,3000000
0,0,4.8,13000000
2,3,5.3,15000000
4,4,3.3,11000000
2,2,2.7,2800000
6,6,4.8,17000000
5,4,4,35000000
2,2,5.6,7500000
3,3,6.4,6600000
2,2,4.4,3000000
8,8,4.8,17500000
4,4,4.8,35000000
2,2,3.6,10500000
0,4,10,65000000
0,4,6,42500000
2,2,4.2,5600000
2,2,4.2,5400000
2,2,4.2,5500000
2,2,2,1300000
2,2,4.2,6300000
3,3,8,9000000
3,3,10.7,47000000
2,2,4.8,13000000
2,2,4.9,7500000
3,3,5.1,11500000
2,2,4.2,4800000
1,4,10.1,42000000
5,5,1,95000000
0,2,6.2,12500000
2,2,4.4,5500000
2,3,4.8,8500000
5,5,14,95000000
5,5,14,85000000
2,2,5,5500000
3,3,6.4,9500000
2,3,3.2,5800000
3,5,4.8,8500000
5,5,4.8,45000000
10,6,6.4,17000000
6,6,1,105000000
0,0,4.2,6500000
2,3,6,13000000
4,6,3.2,10500000
3,4,4.8,36500000
5,5,1,80000000
6,5,16,91500000
2,2,4.2,6000000
4,3,10,52500000
5,4,4.8,8000000
9,9,8.8,21500000
2,2,3.6,4200000
3,3,5.8,12500000
2,3,9.5,27000000
1,2,2.4,6000000
2,3,2.4,5000000
3,3,6.2,9200000
3,3,6,9000000
7,6,1,101500000
5,4,4.8,13500000
8,6,2,220000000
5,3,12.2,35000000
0,0,4.8,15000000
7,6,4.8,17500000
6,10,5.6,6500000
3,3,7.1,13200000
3,5,4.9,7000000
1,1,2.1,2200000
2,2,3.6,6000000
6,6,1,150000000
5,3,6.4,20000000
3,3,5.4,7500000
5,5,6.4,7000000
2,2,4.7,8416000
2,3,9.7,46000000
2,2,4,7000000
5,5,17.1,65000000
5,6,3.2,6200000
2,2,5.6,9500000
6,4,10.7,25000000
0,0,4,30000
1,1,5,12000
10,11,2,1000000
6,9,1,200000
7,6,2.4,700000
2,3,5,20000
3,3,5,60000
4,4,6,60000
3,3,7,50000
2,2,13,25000
5,5,10,45000
5,4,1,90000
5,4,12,275000
0,0,4,30000
2,3,5,27000
6,5,2,500000
0,1,2,25000
6,8,1,220000
3,3,8,18000
3,3,6,33000
3,3,4.4,45000
0,0,12,60000
3,3,1.1,70000
3,3,12,65000
3,3,1,35000
3,2,4.4,25000
0,0,14,70000
5,4,6,9000000
4,4,1,70000000
1,1,4.4,4900000
7,7,1,45000000
6,6,10,25000000
0,0,8,10000000
3,5,9,12500000
6,8,1.2,68000000
4,4,8,26000000
2,2,6.8,8400000
0,0,4,8300000
3,2,4.9,5100000
4,5,4,15000000
2,2,2.4,6000000
4,5,4,6000000
4,4,1,17500000
8,9,1,29000000
5,4,5.6,11500000
8,7,1,35000000
10,10,1.4,81000000
6,8,1.2,88000000
6,10,1.2,91500000
6,6,14.2,56000000
6,6,14.7,38000000
7,7,4,16000000
9,7,14.2,42000000
2,2,7,13700000
2,2,3,3400000
4,4,10,16000000
3,2,5,9500000
2,4,2.3,3300000
3,3,5,15000000
2,2,2.5,3500000
5,5,4,15000000
2,2,6,14500000
3,3,3,5000000
3,5,1,16000000
3,3,3,5000000
3,3,3,5600000
3,4,5,3000000
5,5,7.5,15000000
4,3,1,18500000
6,5,10,21000000
6,8,1,32500000
3,3,10,9700000
4,5,10,20000000
1,1,1.3,2860000
5,4,4,11000000
2,5,6.5,13000000
3,4,3.5,4500000
4,6,7,40500000
0,0,7,13500000
2,2,7,4500000
4,5,12,85000000
6,6,7,12000000
5,6,5.6,21000000
5,4,10,20000000
4,4,5,10500000
5,5,14,35000000
2,2,2.8,2600000
8,10,11,100000000
5,4,7,11900000
6,7,1,32000000
2,2,5,5200000
3,6,5,11500000
2,2,4,3600000
6,7,7,40000000
5,11,0.5,10000
0,0,13,50000
2,2,8,40000
2,2,4.5,25000
2,2,10,35000
2,1,3.7,45000
0,0,2,10000
3,3,10,30000
2,2,10,25000
4,4,1.3,80000
8,6,1.2,150000
1,2,5,20000
6,7,9,57000
8,7,2.3,210000000
5,4,10,24500000
3,5,5,7200000
7,5,10,22800000
3,6,5.5,11000000
2,3,6,9000000
4,3,5,9000000
5,5,12,18000000
5,6,5,8000000
5,8,5,10000000
4,4,5,11000000
5,4,5,9000000
5,4,5,9500000
4,3,5,8500000
3,3,5,12800000
6,6,10,14000000
5,8,8.5,15500000
3,3,3,5800000
1,1,2.5,3000000
4,2,16,27200000
3,3,3.5,4700000
5,3,5,9400000
2,1,2,2200000
0,0,5,15000000
5,6,5,11000000
0,0,10,21500000
4,4,10,36000000
2,2,5,7000000
6,8,11.5,27800000
5,5,1,50000000
4,4,12,19900000
2,3,2,2600000
4,5,5,8800000
9,7,1.5,500000000
4,2,2.5,6000000
1,2,3,4500000
4,3,5,6200000
6,4,8,16500000
6,5,6.6,13000000
5,3,5,11000000
6,5,10,31500000
6,6,15,27500000
0,0,5,5500000
3,3,5,12000000
5,4,5,13500000
4,4,5,13500000
5,5,5,15000000
4,4,5,11500000
4,3,6,8000000
7,6,15,24000000
0,0,7,22500000
4,3,3.5,5800000
3,3,3,6800000
7,5,10,29600000
4,3,5,12000000
0,3,5,11000000
2,1,4,3150000
4,4,1,15000000
3,3,3,6500000
1,2,5,4500000
2,2,4.4,40000
0,0,4.4,25000
2,2,4.8,20000
2,2,4.2,40000
6,5,4,1100000
0,0,4.8,30000
1,2,4.8,27000
3,5,9.6,40000
2,3,6,40000
0,0,10,90000
2,2,4,20500
2,2,3.8,21000
2,3,7,26000
0,0,2.2,90000
6,5,10,170000
2,2,2,8000
3,5,5.8,18500
5,5,2,325000
4,4,1,130000
2,3,1.5,36000
8,8,2,650000
3,3,9.6,45000
1,3,8,55000
0,0,4,35000
3,3,5.8,75000
3,3,5.8,75000
3,3,6.2,75000
2,2,4.9,29000
3,3,5.1,28000
8,7,1.6,350000
0,0,9.8,85000
1,1,1,18000
3,3,7.6,75000
5,4,14.2,165000
2,2,12,75000
5,5,1,250000
2,2,4,50000
4,7,18.4,200000
2,1,2.9,25000
3,3,8,100000
3,4,4.8,8500000
1,2,2.8,3600000
4,4,5.1,7000000
2,2,4,3300000
6,0,2.9,5500000
7,6,1,165000000
3,3,6,13900000
2,2,2.9,2900000
1,1,3.2,2300000
3,3,6.4,15000000
0,0,14,13000000
3,3,8.6,12500000
6,0,4.8,35000000
3,3,12,18000000
3,3,7.4,16000000
3,3,7.4,16000000
3,3,6,9500000
2,2,2.9,3200000
3,3,10.2,39500000
1,3,4.8,14000000
4,4,4.8,20000000
2,4,4,4100000
2,2,4.7,5000000
4,3,11.4,35000000
5,5,14,155000000
6,5,14,90000000
0,0,8,32500000
3,3,7.6,15000000
2,2,7.3,35000000
2,2,3.6,6000000
3,3,8,15000000
3,3,5.8,7000000
2,2,3.2,3000000
0,0,1,130000000
3,4,10.4,49000000
2,2,4.7,7800000
1,3,3.2,2200000
2,3,11.5,23500000
5,7,1.2,102500000
0,0,14,63500000
3,3,7.8,29000000
2,2,4.8,8000000
3,3,6.4,24000000
2,2,4.2,11000000
2,2,2.4,4200000
3,3,8.9,22500000
3,3,7.3,22500000
2,2,4.8,8500000
3,2,4.8,10500000
0,0,4.8,12500000
3,3,5.1,11000000
2,2,2.9,2000000
4,4,16,58500000
5,7,4.8,3000000
3,3,8.4,10500000
5,4,16,58500000
3,3,5.7,8500000
5,4,10.7,35000000
7,7,16.9,45000000
3,5,4.8,7500000
0,0,4,5550000
3,3,6.7,23000000
2,4,4.8,12500000
2,1,1.6,1950000
0,0,1,70000000
3,3,6.4,7500000
3,3,4.8,6000000
6,8,9.6,35500000
3,3,6.2,9000000
3,3,6.4,18000000
2,2,4.4,10000000
3,4,6,41000000
4,4,3.2,13000000
3,3,9.6,19500000
2,1,2.8,1600000
5,4,12,58500000
3,3,9.8,5000000
2,3,3.2,4000000
3,3,5.8,12500000
1,1,1.8,1700000
2,2,4,8000000
3,3,3.5,6800000
2,3,4.6,7500000
3,3,6.5,16000000
3,3,7.1,15000000
5,6,6.9,35000000
4,4,8.5,25000000
3,3,10.4,7500000
2,2,5,4000000
4,3,1,27000
5,5,20,850000
3,3,1,55000
4,4,12,28000
3,2,6.7,18000
6,5,1,110000
2,2,8,55000
8,9,1,140000
6,5,1,150000
1,1,6,130000
0,0,3.8,110000
2,2,3.8,75000
2,2,5,12000
4,4,10.9,28000
6,4,7,32000
3,2,7,16000
3,2,7,19000
3,2,12,65000
3,2,7,28000
0,0,9.2,70000
2,2,7,18000
3,3,1,45000
6,5,2.4,500000
3,5,5,65000
4,4,10,45000
2,2,4.4,26000
3,3,10,39000
2,2,5,25000
4,3,11,100000
5,5,5.6,12000000
5,5,10.1,15000000
4,6,4,5600000
10,7,1,52500000
2,2,5,6000000
3,3,3,8600000
2,2,5.1,3900000
7,5,10,21500000
3,3,3.6,3400000
0,3,1,70000000
0,0,6,5200000
0,0,6,21500000
0,0,3.6,45000000
2,3,6,21000000
3,3,10.2,12000000
3,4,1,75000000
4,4,8,12000000
8,8,1.8,40000000
7,7,10,17500000
3,3,4,3800000
7,5,5,10500000
6,5,7,19000000
6,6,1.2,70000000
2,3,4,7200000
0,0,1.3,75000000
5,4,5,11000000
6,4,5,10500000
5,5,5,9800000
0,0,3.5,3000000
3,4,1,20000000
3,5,3,6000000
4,3,4.8,6200000
1,2,2.5,2500000
6,6,1.4,45000000
0,0,7,39000000
5,4,10,31500000
3,4,12,11500000
6,5,10,27500000
2,4,5,12000000
2,2,3,3300000
2,2,3,3800000
0,0,5,9500000
6,8,4.1,8500000
5,5,10,19000000
2,3,5,5000000
4,4,7.8,14000000
2,3,5,3650000
8,5,14,24500000
6,6,7,13000000
6,6,10,15500000
6,7,8,15000000
5,4,8.2,14000000
2,4,5.8,15000000
6,7,4,9000000
3,5,6,8500000
6,6,6,10000000
4,4,5,13500000
2,2,12,17000
3,3,1,55000
3,3,8.9,100000
3,3,8,30000
2,3,12,32000
2,3,12,32000
1,1,3.1,25000
2,2,2.9,16000
2,1,4,45000
0,0,12,35000
1,2,3,18000
2,2,5,15000
2,2,5,7200000
4,4,5,5800000
3,2,2.5,5200000
4,4,4,4600000
0,5,1,45000000
0,0,3.3,5500000
5,5,5,11500000
5,5,5,13000000
3,3,3,6500000
7,7,1,42500000
5,5,10,18000000
3,3,3,6500000
6,5,1,60000000
4,4,4.5,10500000
9,11,4,230000000
3,3,5,14000000
1,1,2,4200000
3,3,5,13000000
3,3,5,15000000
7,5,15,15000000
4,4,3,9500000
3,3,10,13600000
0,0,2.5,3600000
0,6,7.5,16000000
7,5,1,24500000
0,0,2,5500000
6,8,1,33500000
2,2,8,15000000
3,3,5,8000000
3,4,8,10500000
4,4,5,12000000
5,5,11,20000000
5,5,4,8500000
5,4,6.2,12500000
6,6,1,30000000
0,0,2.5,5500000
1,2,3,4500000
5,5,6,15000000
7,6,6,17000000
3,3,9.5,18000000
0,5,1,25000000
0,5,2,55000000
0,4,7,20000000
3,2,1.5,2800000
5,6,5,9500000
4,3,4,7500000
6,5,4,6500000
4,4,5,11500000
0,6,2.2,75000000
2,2,4,12500000
5,5,5,11500000
6,5,1,66000000
5,4,3,3600000
0,0,5,6700000
3,3,3.5,7000000
4,4,5,9000000
6,5,10,22000000
0,0,10,17000000
2,1,2.7,3500000
0,0,1,35000000
5,5,6,13500000
4,4,5,14000000
6,6,2,105000000
0,0,8,18000000
3,4,5,11200000
3,3,2.5,3700000
4,4,5,11000000
4,4,1,50000000
3,3,10,30000000
5,4,6,7600000
3,3,2.5,3700000
3,3,1.3,35000000
8,7,7,16000000
0,0,2,315000000
6,5,1,34000000
4,3,2,4000000
2,3,4.5,6500000
2,2,2,4700000
3,4,2,4000000
5,5,8,16000000
3,2,4,6500000
6,5,1,62500000
6,5,1,55000000
5,3,5,9500000
4,3,5,9000000
2,4,3.5,5000000
3,3,1,30000000
3,3,3.5,7000000
6,5,12,23000000
3,3,10,20500000
6,7,11,45000000
5,4,10,19000000
6,7,16,35000000
5,4,9,9800000
0,0,1.2,42500000
0,6,10,17500000
2,2,2.1,33000
2,3,8,45000
2,2,4.8,28000
2,2,4.8,25000
1,2,3.1,20000
1,2,5.3,25000
2,2,4,55000
2,2,2.8,6500
2,1,2.8,5000
2,3,1,45000
3,2,7.6,60000
0,3,6.7,65000
5,4,4.8,120000
5,5,1,325000
6,6,2,825000
3,3,9.3,75000
2,2,3.2,23000
3,3,5.1,50000
2,2,4.2,32000
2,2,4.2,40000
3,3,5.3,55000
0,5,1,100000
0,3,11.4,65000
3,3,8.9,120000
3,3,5.6,35000
2,3,6.7,40000
0,0,7.2,43000
6,2,3.2,28000
3,3,5.6,30000
10,10,2,1000000
3,3,8.4,42000
4,4,11.1,85000
5,6,5,30000
6,6,8,32000000
3,3,4.8,10500000
2,2,5.3,14000000
6,6,1,95000000
6,6,1,90000000
3,3,8,4900000
3,3,4.9,15000000
2,3,5.1,6300000
3,3,5.3,6800000
8,11,3.2,10500000
4,3,10,29500000
4,3,11.4,28500000
2,2,3.1,4800000
3,3,5.6,13500000
10,8,16,47500000
4,4,8.2,15000000
2,2,3.2,3400000
6,6,7.2,18800000
2,2,3.8,4500000
4,4,8.2,15500000
3,3,6.2,11800000
0,0,5,13500000
2,1,3.8,3000000
2,2,2.9,4500000
3,3,5.6,10000000
2,2,4,12000000
2,2,2,1350000
6,6,1,77500000
3,3,8,12500000
7,5,1,115000000
5,4,10,25000000
2,4,4.8,7500000
2,2,3.2,2700000
4,3,3.2,5300000
2,2,4,5100000
3,3,9.6,32500000
6,5,10,60000000
2,0,5.3,4700000
3,3,4.4,5800000
2,2,3.4,3000000
2,2,3.6,3200000
3,3,6.7,9300000
6,6,16,55000000
6,6,9.6,35000000
2,2,4.8,7000000
2,2,4.8,7500000
4,4,4,27000000
6,8,2,200000000
2,3,4,4600000
4,3,6.7,15500000
2,2,4.7,8800000
3,3,6.2,12000000
6,6,14,47000000
5,4,19.1,32500000
2,4,7.2,7000000
0,0,6.2,25000000
2,2,4.2,8500000
3,3,4.8,8000000
3,3,5.4,6800000
3,3,8,27500000
8,0,4.8,8000000
0,3,5.5,8000000
7,6,1,110000000
5,4,10,25000000
2,2,4.4,9000000
3,2,4.9,6600000
2,2,3.3,4500000
5,6,4.8,17000000
8,6,1,32500000
4,4,10.4,10500000
0,0,4.5,35000000
8,7,12,39500000
3,3,10.9,12700000
2,2,3.8,3000000
6,6,14.2,18900000
2,2,5,3500000
4,7,5,17500000
0,0,10,25000000
5,5,8,15000000
1,1,4.3,5800000
5,4,10,27500000
4,4,1,75000000
6,6,4,7500000
0,0,8,6800000
6,5,1,66000000
3,3,7.3,5900000
6,5,8,26000000
5,5,1,30000000
2,2,5,6000000
7,4,8,32500000
3,2,5,5500000
2,3,4,50000
2,2,1,30000
2,2,19,80000
2,3,6,35000
1,2,4,20000
3,3,12,70000
3,2,8.4,190000
3,4,1,105000
10,7,7,100000
2,2,11.6,60000
2,2,4,20000
2,2,4.4,30000
3,2,8,45000
0,0,5,16000
2,2,11,34000
2,2,6.8,22000
3,3,6.7,66000
2,2,4,35000
2,2,3.3,23000
4,3,11,33000
10,11,17,110000
2,2,4.4,18000
4,4,1,100000
4,4,1,40000
2,2,4.4,23000
4,4,1,60000
2,2,2.8,12000
2,2,4.4,20000
2,2,4,32000
6,4,10,90000
1,3,10,7000
0,10,1.2,42500000
8,10,10.6,22000000
0,0,1,100000000
6,10,14.3,58000000
5,5,1.6,135000000
2,3,5,4100000
6,4,5,11500000
6,4,5,12500000
6,8,1.2,90000000
6,6,1,13200000
3,2,5,4500000
2,2,7.3,6500000
2,2,2.5,2800000
8,2,7.1,16000000
6,6,10,31500000
3,3,5,5500000
6,6,17,13000000
5,5,1,32500000
3,2,5,3500000
7,6,1,69000000
6,5,8,12800000
3,3,5,4500000
2,2,9.6,12000000
6,4,5,8500000
2,2,4,6700000
0,3,5,14000000
5,5,1,45000000
2,2,5.9,9000000
0,6,1,40000000
3,6,5,11000000
4,3,5,8500000
5,5,8,12500000
0,5,1.6,40000000
2,3,2,3700000
3,2,3,6500000
0,0,1,5000000
5,4,15,25000000
2,4,4,2600000
6,5,8,13500000
2,4,5,3500000
0,0,5,28000000
2,4,10,11000000
6,5,8,14000000
6,5,10,22500000
6,6,10,8000000
4,4,6,11500000
3,8,3,8000000
4,4,5,9500000
7,6,1.2,39500000
10,9,1,33000000
5,5,6.7,9000000
3,3,10,15000000
4,3,5,9000000
3,3,5,9000000
4,3,5,8500000
3,2,6.9,5800000
4,4,11.1,8000000
5,5,7,15500000
2,2,4,3800000
2,2,4,4500000
4,7,5,7800000
2,1,3.7,8400000
9,8,5,11000000
3,3,5,3200000
4,5,6,5000000
6,6,12.4,20000000
4,4,5.3,8000000
0,0,3.5,5500000
6,6,6,9000000
6,5,10,21500000
4,4,7,12000000
4,6,6.5,26500000
2,2,6,5500000
2,2,3.1,3700000
4,4,1.1,55000
1,1,1.3,7000
2,2,7,27500
7,6,13,50000
2,2,10,25000
3,3,10,35000
2,2,8,40000
2,2,5,22000
0,0,5,24000
1,2,3.5,18000
6,7,1,130000
2,3,5,30000
2,1,3.7,43000
2,3,10,25000
0,0,10,22000
5,5,10,55000
4,4,10,20000000
3,4,8,10000000
6,5,10,18500000
3,3,17,26000000
1,2,2.5,3500000
0,0,4,170000000
5,6,10,22500000
5,6,6,8000000
5,6,5,7600000
4,4,5,9000000
5,5,5,14500000
6,4,10,14000000
0,0,4.1,4500000
0,0,12.7,30000000
5,5,10,22500000
4,3,5,14000000
2,3,5,9700000
0,2,1,21700000
0,3,3.5,10000000
4,3,1,82500000
6,5,1,55000000
6,7,1,67500000
2,4,4.5,7000000
0,2,4,2500000
3,3,5,12000000
3,3,10,17500000
6,8,1.6,40000000
2,1,2,2800000
2,2,15,12500000
0,0,1,29000000
5,4,4,12500000
5,4,4,12500000
5,5,1,32000000
2,2,2.7,6500000
0,4,3,9000000
5,3,10,20000000
4,3,5.8,13800000
5,4,5,7300000
5,5,10,19500000
0,0,4,8500000
4,3,4,10500000
4,2,3,8400000
5,6,13,20500000
5,5,1,47500000
8,8,1,62500000
3,2,2.5,3600000
6,5,9,20000000
7,5,1,70000000
0,0,7,7000000
3,3,2,4500000
6,4,10,17800000
2,2,7,7500000
5,4,5,10000000
2,3,6,4000000
2,3,5,6700000
3,3,3,6000000
5,4,1,70000000
2,4,2.5,5500000
7,7,2,132500000
2,1,5,47500000
5,5,1,42500000
5,5,10,25800000
5,5,10,23000000
4,3,5.5,13200000
4,3,5,9800000
0,0,11,20000000
5,4,10,15000000
4,4,5,7500000
5,5,1,50000000
4,5,5,9500000
2,3,5,9800000
2,2,5,7500000
5,5,6,14000000
3,3,10,17500000
5,5,6,15000000
3,3,3,6200000
5,5,10,17500000
5,6,10,17000000
4,3,5,14000000
3,3,6.8,13500000
1,2,1.7,1750000
2,2,4,7000000
6,5,1,25000000
5,5,10,13500000
6,5,1,37000000
0,0,3,3800000
4,4,6,9500000
3,3,3,8200000
1,2,4,1800000
3,3,5,11800000
2,2,5,5500000
3,2,3,6500000
0,0,9.2,12500000
4,4,10,23000000
7,6,10,19500000
6,5,10,18500000
0,0,2,80000000
4,4,6,18000000
0,0,4.2,30000
5,5,4,1200000
2,2,4.8,28000
3,3,9.6,50000
3,3,12,55000
5,4,8.2,60000
2,2,4.8,26000
1,0,2.4,18000
2,2,3.3,22000
3,3,5.3,32000
3,3,9.6,50000
3,3,9.6,50000
4,3,16,40000
1,1,8.8,65000
1,1,6.2,50000
4,3,4,100000
6,6,9.6,85000
1,1,1.6,22000
3,3,3,12000
3,3,6.2,40000
5,3,10,140000
3,3,14,90000
3,2,14,85000
3,3,1.2,120000
2,3,4.8,18000
5,4,16.4,200000
6,7,16,140000
2,2,1,80000
3,3,5.6,30000
2,2,4.3,30000
2,2,4,5100000
2,2,2.8,4050000
2,2,4.4,7500000
2,2,3.3,3700000
7,6,1,155000000
3,3,5.2,7900000
3,3,7.8,22000000
6,5,1.2,120000000
3,3,8,13500000
3,3,9.6,15000000
9,8,2,170000000
4,5,8,27500000
3,3,8.4,10500000
3,3,8,32500000
3,3,6.1,10500000
4,3,6.2,23000000
5,5,13.3,43000000
4,3,8,15300000
3,3,6.7,17500000
9,7,12,27000000
7,5,1,115000000
3,3,6.2,8500000
3,3,7.6,32500000
6,5,1,70000000
3,2,7.3,40000000
2,2,4,16500000
0,6,10,17500000
6,5,8,12500000
3,3,6.7,6400000
0,0,1,40000000
2,2,5,3200000
3,3,10,9500000
6,6,7,13000000
2,2,5,3500000
4,6,10,17000000
2,2,7.6,397000
2,2,4,18000
4,3,11,110000
4,3,12,35000
0,0,1,150000
6,4,5,55000
1,1,5,20000
0,0,2.5,135000
0,0,7.1,25000
0,0,1,23000
2,2,4.2,33000
1,1,1.6,23000
2,2,3.6,26000
4,4,14.2,45000
2,2,4,17000
6,6,6,85000
7,6,2,500000
4,3,2.4,500000
0,0,10,30000
2,2,4.1,35000
4,5,1,150000
10,6,2,1200000
4,4,16,60000
2,2,5,20000
4,3,10,100000
5,3,10,95000
2,3,7,40000
1,1,14,15000
6,6,7,45000
6,6,2,300000
3,2,2,130000
2,2,3,4800000
3,2,8,36000000
5,5,10,25000000
5,4,11,20000000
4,5,5,6500000
0,5,7.5,21000000
4,6,10,13000000
3,3,5,9500000
5,6,10,22500000
2,3,4.5,11000000
2,3,3,6000000
4,3,4,5500000
3,4,4,7000000
4,4,12,9000000
3,2,4,5000000
0,0,7,13000000
9,8,5,23000000
4,8,5,13000000
5,4,6,6500000
5,7,5,8500000
6,4,8,17000000
6,5,10,18000000
3,2,3.3,3700000
6,7,1.2,35000000
3,3,10,9500000
6,5,10,27000000
4,8,5,9500000
8,9,9,25000000
7,6,1,27000000
4,6,1,30000000
4,4,1,35000000
6,7,1.2,50000000
0,0,6,11500000
4,4,5,11000000
8,7,1.5,20000000
3,3,4,3200000
5,5,7,13500000
5,5,5,11500000
6,6,7,13000000
2,3,7,9000000
2,2,3.6,4850000
0,6,12,22000000
4,4,5,10500000
4,4,7,14500000
5,4,5,11500000
5,4,15,45000000
2,2,4.5,1500000
5,5,8,16500000
3,3,10.9,11600000
5,4,5,11000000
6,6,11,13500000
5,4,5,9500000
4,4,10,8600000
2,3,4.5,2300000
5,4,1,47500000
5,4,5,7000000
5,4,5,8500000
5,5,1.5,55000000
3,3,12,12000000
3,4,6,8000000
5,6,8,11000000
2,2,8,19000000
6,6,1,52500000
6,6,1.3,300000
0,0,5,35000
2,2,3.6,45000
2,2,10,30000
1,1,2.7,40000
3,3,7,24000
4,3,12,35000
3,2,5,17000
0,0,7,25000
2,3,5,25000
6,5,10,80000
7,6,1,95000
6,6,7,60000
2,3,7,30000
2,3,5,25000
2,3,1.3,40000
2,2,5,35000
2,3,10,15000
2,2,6,17000
0,0,13.3,60000
2,3,3,18000
4,10,1,200000
3,3,9,30000
6,6,1,52500000
2,5,6.5,10500000
6,5,10,17800000
5,5,8,21000000
5,5,8,22500000
3,3,2.5,5500000
6,6,8,16000000
3,3,3,5800000
0,0,1,50000000
4,3,5,11200000
6,6,5,14000000
6,5,5,14200000
0,3,5,11000000
4,3,6,10000000
6,5,10,25000000
5,5,5,7500000
4,8,4,10000000
6,6,1,37500000
6,5,1,36500000
2,2,3,2600000
0,0,7,15000000
0,0,3.5,4500000
5,5,9,20500000
7,5,15,23000000
3,3,3,7000000
6,5,1,62500000
3,3,2,35000000
6,8,10,25000000
3,2,4,4700000
2,2,6,12000000
1,2,3,3500000
3,2,5.5,11500000
6,5,5,12000000
3,3,10,13500000
6,5,1,56000000
2,4,4,7000000
6,5,10,18000000
2,3,5,7000000
6,5,10,17000000
6,6,5,7500000
7,6,16,18500000
4,4,10,17500000
0,0,5,9200000
6,6,5,11000000
6,9,15,30000000
6,8,5,12000000
4,3,5,8500000
4,3,4,8500000
5,3,5,12800000
4,3,5,11000000
6,6,5,18500000
3,3,5,11500000
3,3,5,11500000
3,3,5,11500000
3,3,5,11500000
8,7,1,45000000
4,2,3.5,8000000
6,5,9.3,22000000
2,3,2,4200000
0,0,10,15000000
4,3,5,9000000
4,3,1,20000000
2,2,2,4000000
3,3,5,9000000
3,3,5,3200000
2,2,5,5000000
3,3,10.7,33500000
6,5,10,24500000
4,8,10,17000000
0,3,6,8200000
1,2,3,3050000
6,4,1,85000000
6,8,2,62000000
6,8,1,77500000
5,4,1,38500000
6,4,8,12500000
3,3,5,9600000
4,3,1,33500000
2,2,2,2100000
7,8,1,31000000
6,4,10,25000000
3,3,10,18500000
5,5,10,19500000
7,7,5,13000000
2,2,3,3500000
2,2,2,3500000
2,2,5,5800000
5,4,10,25000000
3,3,10,13000000
6,5,1,57500000
2,3,3,3000000
3,3,5,8200000
4,5,4,30000000
2,3,2.5,3150000
4,4,3.5,7500000
3,2,2.1,2700000
1,1,7,4500000
6,5,10,19800000
3,7,5,9500000
3,6,5,7800000
3,4,5,9000000
6,5,10,17500000
4,4,10,21000000
6,8,1,40000000
6,5,10,21500000
6,7,1,21200000
6,4,6,13000000
5,4,10,24500000
3,6,5,7000000
4,3,4.8,100000
4,4,10,250000
2,1,2.2,34000
4,3,4,22000
3,3,12,130000
2,2,3.6,22000
3,3,11.2,55000
0,0,6,70000
2,3,8,30000
2,2,4,13000
4,5,4,90000
4,5,4,90000
4,4,12,100000
3,3,9.8,85000
5,4,1,369000
3,3,6.2,70000
2,3,8,45000
4,3,7.1,42000
2,3,5.3,24000
4,3,9.8,80000
2,2,4.8,240000
3,3,9.6,38000
6,5,1,275000
4,3,1.3,140000
2,3,4.8,18000
2,2,4.8,24000
5,3,10.8,140000
3,4,16,50000
0,0,6,17000
2,2,2.4,12500
6,6,1.2,115000000
5,5,1,76500000
5,5,1,76000000
5,5,1,76000000
5,5,1,76000000
3,3,4,36000000
4,4,11.1,32500000
0,0,13.3,40000000
0,3,8,15500000
2,2,3.3,3200000
4,4,8.4,22000000
4,3,7.6,21000000
8,8,12,44500000
4,4,7.8,15000000
4,6,8,28000000
0,9,8.4,24000000
0,3,7.1,25000000
6,7,4,520000000
6,7,4,400000000
3,5,3.2,6200000
6,7,4,400000000
2,2,3.8,5010000
7,6,1,132500000
6,6,1,87500000
6,6,1.3,135000000
5,5,9.6,45000000
3,3,8,15000000
6,5,16,89500000
7,6,2,162500000
3,3,5.6,7500000
6,6,12,20000000
2,2,5,6500000
3,2,5,5000000
0,0,5,4000000
3,2,5,3400000
7,5,7,19500000
3,2,5,3300000
2,3,3,3000000
9,9,1.2,90000000
4,7,1.2,17500000
0,0,10,16500000
0,4,20,25000000
6,5,1,50000000
4,4,5,6500000
3,3,6.2,3400000
6,6,12.4,43500000
6,6,18.2,16000000
3,4,1,80000000
4,3,3,6800000
7,5,14.7,9000000
7,6,1.2,26000000
0,9,12,32500000
2,2,4.3,7950000
0,0,2.2,2800000
3,3,7.8,12900000
6,6,12.4,46500000
3,3,12,14800000
6,4,14,19500000
6,5,10,18500000
6,4,8,16000000
5,7,10,15000000
7,6,1,325000
2,2,4,25000
4,3,10,30000
2,3,7.8,65000
4,4,10.7,32000
2,1,3,15000
5,4,10,75000
5,4,10,65000
1,1,1.8,20000
5,6,14,65000
3,3,10,25000
0,0,6.7,50000
2,2,3,15000
4,4,10,40000
3,2,5,36000
3,3,8,150000
2,2,2,35000
3,2,12,25000
3,3,1,120000
2,2,0.9,10000
2,2,0.9,10000
3,3,4,60000
4,4,1.3,140000
10,11,1.6,800000
4,3,1.3,100000
4,4,4,50000
2,2,4,24000
4,4,10,95000
3,3,7,18000
0,0,2,345000
1,1,2.5,10000
0,0,1,85000
3,3,8.9,28000
3,3,11,60000
4,4,18.6,140000
6,5,5,8500000
1,3,5,2500000
5,4,10,11000000
4,3,4,8000000
3,3,3,4500000
0,4,5,8500000
4,4,2.5,4800000
0,0,4.5,12000000
4,6,5,6500000
4,3,10,20000000
0,0,7,11500000
5,4,8,8500000
1,2,5,2500000
4,3,5,8500000
3,3,3,4000000
3,6,5,10000000
5,4,12.4,11000000
2,5,3.5,6500000
4,5,3,6500000
7,6,1,47000000
3,3,10,9500000
3,3,5,5500000
4,4,7,13500000
1,2,2,3000000
5,5,8.2,12000000
0,0,7.5,16000000
1,2,5,2500000
6,8,1,65000000
4,4,4,11500000
9,8,1.1,21900000
3,4,6,35000000
2,3,11.6,14000000
2,2,7.3,15000000
5,5,18,44500000
4,4,6,8500000
6,8,5,6300000
6,6,12,14500000
4,5,5,17000000
3,3,10,11000000
0,0,7,14500000
3,2,3.5,4000000
4,4,5,8000000
3,2,5,5200000
4,4,6,12500000
3,3,8.9,8000000
0,0,5,5000000
2,2,2,2000000
6,7,5,9500000
2,2,5.8,11000000
6,6,1,45000000
6,4,12,22500000
5,4,8,40000
2,2,5,35000
3,3,10,30000
1,1,2,23000
1,1,2.9,30000
0,0,10,52000
2,3,5,10000
3,2,10,38000
3,2,10,38000
3,3,1,55000
7,11,12,125000
7,7,1.2,110000
2,2,3.7,11000
2,2,5,16000
2,2,6,17000
0,0,5,18000
3,3,10,25000
3,4,12,40000
5,5,10,19600000
4,3,3.5,5800000
3,2,3.9,8500000
2,2,3,3800000
3,3,5,8000000
7,5,10,17000000
4,3,5,9500000
4,4,10,24500000
0,0,10,12500000
4,4,10,27500000
4,2,10,12500000
5,4,10,19500000
0,0,2,60000000
5,5,3,5500000
0,0,5,8000000
5,8,18,30000000
3,2,3,6250000
9,7,1,35000000
4,4,5,10800000
7,7,10,25900000
4,5,5,7500000
3,3,3.5,8500000
6,5,10,14000000
3,3,5,11000000
3,3,3,6550000
0,0,3,4000000
0,0,6,8500000
3,3,3,5600000
4,4,3,7000000
6,6,10,30000000
0,0,5,5200000
4,3,4,7600000
4,8,11,23000000
0,0,2,78000000
6,5,1,38000000
3,2,3,4800000
4,3,3,8500000
0,5,7,20000000
3,4,6,8600000
3,2,3,5500000
0,5,1,45000000
4,4,12,15300000
5,4,1,19500000
3,3,3,4490000
6,6,1,22500000
3,4,5,11000000
6,6,10,21300000
3,6,6,6500000
6,6,1,39500000
6,6,1.3,55000000
1,1,2.1,5000000
5,7,8,24000000
7,6,10,16000000
5,6,5,12000000
5,4,5,15000000
3,3,8,16000000
0,3,2,8500000
6,5,10,25000000
7,6,10,18000000
4,8,2,36000000
3,3,5,13000000
7,6,1,69500000
2,2,10,35700000
6,8,16,22500000
6,5,10,19500000
3,2,10,13000000
6,4,10,13000000
3,5,2.5,5000000
1,2,2,1750000
8,7,6,17000000
4,4,6,11800000
5,6,1,20500000
8,8,1,83500000
6,5,2,150000000
2,2,4,25000
3,2,5.2,27000
3,2,5.2,27000
4,3,8.8,10000
6,4,8,70000
0,0,1,75000
0,2,4.2,60000
3,3,7.7,70000
3,3,6,45000
2,2,1,55000
2,2,3.4,25000
2,3,4,23000
1,1,1,20000
4,4,12,150000
2,2,5.3,37000
3,3,4.8,30000
4,3,16,80000
10,11,6,1290000
1,0,1,20000
3,3,10,60000
3,3,1.2,70000
0,0,2,1000000
4,5,7.6,40000
2,2,5.6,37000
3,3,7.3,40000
2,2,3.3,22000
6,6,1.3,400000
2,2,4.8,30000
2,2,1,52000
2,2,1,50000
2,2,2.7,18000
4,4,1,115000
3,3,9.6,50000
4,4,16,75000
2,2,9.6,80000
5,5,1,130000
3,3,8,32000
3,3,8,25000
2,2,4.8,38000
4,4,9.6,60000
3,4,16,50000
5,5,4.8,37500000
8,8,2,145000000
3,3,5.6,6800000
5,5,1.6,90000000
4,5,5,18000000
3,7,4.8,15000000
3,5,4,5500000
1,1,2,1800000
1,2,1.6,1200000
4,4,11.2,8000000
3,3,6,16000000
3,3,8,16000000
4,5,6.4,14000000
3,3,4,40000000
7,6,1,85000000
3,3,9.6,16000000
6,5,9.6,22500000
6,6,1.1,70100000
4,4,16,50000000
2,2,4.4,10500000
6,5,1,108000000
6,4,4.8,17000000
4,3,3.2,9500000
2,2,3.6,5200000
3,3,8,7500000
4,4,8.9,16500000
2,2,4,6000000
4,3,12.2,38500000
3,3,4.9,5500000
3,3,5.6,8500000
2,3,3.2,3800000
1,2,3.2,1700000
2,2,4.2,13000000
5,4,1.2,65000000
2,2,4.7,13000000
6,6,1.1,82600000
3,3,7.3,16000000
4,3,11.4,30000000
3,5,4.8,16000000
6,6,2,280000000
2,3,3.8,6500000
2,2,5.9,20000000
5,4,4,31000000
5,5,1.9,100000000
2,2,3.3,4600000
2,2,3,5200000
8,6,1,107500000
3,3,10.5,11500000
3,3,8,35000000
6,7,16,32500000
3,3,4.8,7000000
3,3,6.4,12000000
2,2,4,5000000
2,2,2.4,4500000
6,9,4.8,17000000
5,5,1,115000000
6,6,8,26000000
3,5,8,8000000
7,6,16,41000000
2,2,4.2,5500000
2,3,6.2,9000000
3,3,4.8,15000000
0,0,3.4,3500000
2,2,3.1,2600000
4,4,3.2,4000000
2,2,4.9,8500000
2,3,2.6,3200000
4,5,10,14000000
2,3,6.7,19000000
1,1,1.6,3000000
6,5,10,26000000
0,0,5,15000000
2,2,5,4000000
6,5,8,16000000
6,7,8,20000000
9,9,1.2,35000000
4,4,6,9500000
4,4,10,8000000
3,6,7,26000000
2,2,4.4,13500000
4,3,4,17000000
5,5,10,26000000
3,3,6,55000000
8,7,1,27000000
6,5,10,17500000
4,4,5.5,11000000
6,7,12,32500000
1,1,3.5,3000000
6,6,8,16000000
3,3,6,5000000
4,5,3,9000000
6,6,1,50000000
6,6,1,47500000
6,6,1,45000000
5,5,6,16000000
3,3,5,4900000
0,0,16,50000000
8,6,1,32500000
6,8,8,17500000
3,5,3,7000000
2,3,5.6,9100000
3,3,6,15000000
4,3,14,12500000
7,7,10,40000000
6,8,12.4,58000000
2,2,10,39000
2,1,10,26000
4,4,13.3,80000
3,3,8.9,69000
6,5,6,38000
3,3,11,60000
2,2,3.1,25000
6,5,1,180000
4,3,8,45000
1,1,3.4,80000
1,2,3.6,26000
3,3,16,75000
3,3,16,70000
3,3,8,34000
2,2,4,18000
2,2,5,35000
0,0,3.2,20000
3,3,1,95000
1,1,2,48000
2,2,6.7,100000
3,3,8,300000
3,3,14,110000
2,2,3.1,25000
5,4,1.2,450000
2,2,4,34000
3,3,1,110000
3,3,14,55000
1,1,3.3,25000
3,2,5,23000
4,3,9,28000
8,6,1,110000
5,5,10,15000000
0,0,6,13000000
5,4,7,12500000
4,3,12.5,17500000
1,3,5,7500000
3,5,10,17500000
2,2,3.7,5500000
6,8,14,11000000
2,7,5,10000000
2,2,4,5500000
4,3,5,9500000
6,6,1,45000000
4,4,14,29000000
5,5,10,12500000
4,4,5,7000000
6,6,1,39500000
4,4,4.6,12000000
2,2,5.8,8000000
6,10,10,17500000
7,5,10,17500000
6,6,11,14000000
4,4,5,9000000
2,3,4.5,5200000
3,3,3,3000000
5,5,7,15000000
5,6,4,7000000
3,3,1,17500000
1,1,4.4,2700000
4,4,5,11000000
5,11,5,30000000
3,3,8,6000000
5,5,7,16000000
2,2,4,4500000
3,4,5,11500000
4,2,7,6000000
3,2,5,3800000
6,5,1,130000
1,1,1.3,35000
1,2,0.8,12000
3,2,10,35000
2,2,6,17000
0,0,1.2,75000
6,7,5,70000
2,2,7,26000
5,5,7,130000
4,4,1,45000
5,5,7,50000
4,8,3,50000
2,3,5,30000
2,3,5,15000
3,2,7,19000
3,2,7,19000
2,3,5,9800000
6,5,1,36500000
4,3,5,11700000
6,5,10,16000000
0,0,5,10000000
5,5,10,21500000
0,0,10,24000000
3,3,10,16000000
5,4,10,41500000
6,5,6,9000000
5,4,5,10500000
0,0,10,14500000
9,8,2,100000000
1,2,2,3500000
1,2,2.2,2800000
5,5,7,13000000
5,4,10,23000000
1,1,2.2,2395000
2,2,3,2490000
4,3,8,60000000
6,5,10,24000000
4,3,3,3500000
2,1,3,2500000
3,2,5,9500000
4,2,3,6500000
2,2,8,12000000
6,6,10,21000000
3,3,5,11000000
3,4,2.5,6000000
4,2,4,6800000
1,2,8.7,14600000
8,7,1.1,40000000
3,4,4,5800000
3,3,3,5500000
2,4,10,30000000
0,0,3,5200000
2,0,2.5,6500000
9,6,6,15000000
4,5,10,23000000
4,4,5.7,11500000
2,2,2,10000000
4,4,7,12500000
5,5,1,45000000
5,4,10,28500000
4,3,5,11000000
3,4,5,9000000
4,3,5,9500000
0,0,1.2,27600000
5,4,10,31000000
0,4,5,12500000
5,4,1,35000000
6,7,2,55000000
0,0,2.5,2500000
3,3,5,15500000
0,5,10,16000000
6,5,1,44000000
3,3,5,15000000
0,0,5,14000000
2,2,5,6500000
3,3,10,21000000
3,3,3,4500000
6,5,10,24500000
7,6,15,25000000
5,4,5,6000000
6,5,10,15000000
0,0,5,11500000
2,4,4,7500000
0,0,7,15000000
0,0,9.5,35000000
6,5,10,20000000
0,0,10,19000000
3,4,4,8200000
6,4,1,36000000
0,3,5,9500000
5,5,10,26000000
4,4,10,20000000
3,3,10.2,39000000
0,0,10,13000000
3,3,12,60000000
2,2,4.8,12500000
0,3,9.7,55000000
2,2,4.9,8500000
2,2,4.4,10000000
2,2,3.6,6000000
5,0,1,94000000
5,5,1,98500000
4,4,9.3,25500000
0,4,12,29000000
4,4,11.1,32500000
4,3,8.4,22500000
5,4,11.1,35000000
2,2,4,5500000
6,6,4.8,18000000
2,2,3.2,4600000
3,3,8,15500000
3,3,8,13000000
3,3,8,13000000
3,3,8,13000000
3,6,9.6,24500000
6,5,4.8,21000000
2,2,3.4,2800000
0,0,5.2,9500000
6,6,2,230000000
6,5,1,80000000
6,5,1,90000000
6,6,2,147500000
2,2,4.7,10000000
6,5,1,80000000
6,6,8,35000000
0,0,9.6,30000000
2,2,4.4,4600000
2,2,4.8,8000000
3,2,1.6,65000
2,3,4.8,40000
4,4,2,135000
1,1,3.6,12000
4,3,12.4,85000
4,3,9.3,90000
3,3,8,26000
3,3,4.8,40000
3,3,12,45000
5,4,1.2,125000
2,2,4.9,33000
2,2,4,17000
2,2,3.8,22000
3,3,1,120000
3,3,1,120000
0,2,4.8,35000
0,2,3.2,25000
3,3,12,125000
3,3,12.7,150000
2,4,4.8,19000
3,3,5,25000
2,3,3.2,28000
3,3,6.9,40000
3,3,12,70000
3,3,1.4,130000
3,3,1,120000
3,3,8,60000
2,2,9.6,35000
3,3,9.6,43000
3,3,12,37500000
6,7,14.2,21000000
4,4,5.8,6500000
3,3,6.2,6800000
7,6,9.6,26000000
0,0,3.3,3000000
0,0,3.7,2100000
1,2,3.3,6000000
3,3,5.8,8500000
1,2,3.2,3000000
4,2,4.4,12000000
3,3,8.8,65000000
2,3,5.1,6500000
2,2,2.7,2500000
4,4,2,27500000
0,2,6.3,3000000
3,3,9.6,25000000
2,2,4.9,9000000
3,3,6,5000000
0,0,3.2,8000000
3,4,10.2,17500000
3,3,8,13500000
0,0,1.8,5000000
0,0,2.9,2500000
4,3,5.6,7000000
5,4,12,65000000
3,2,4,13000000
2,2,3,4600000
5,5,8,29500000
7,6,9.6,26000000
2,2,4.7,8000000
6,6,9.3,39000000
7,6,1,109000000
10,11,1.2,65000000
3,4,4.8,5700000
0,0,2,2200000
2,2,3.6,2500000
6,6,9.6,27500000
2,2,4.9,12500000
2,2,2.6,2500000
1,1,2.4,4200000
0,0,1.6,3500000
3,3,16,77500000
2,2,4,3600000
2,2,3.2,2200000
2,2,3.6,3100000
7,5,10,24500000
2,3,5,14000000
8,8,1.2,29000000
3,3,10.1,10500000
2,2,9.3,14500000
3,3,11.1,16500000
6,8,7,30500000
6,5,7,15000000
4,5,9,6500000
2,2,3.1,2800000
8,6,14.2,32500000
1,1,4,3500000
5,4,1,20000000
2,2,5.7,5500000
3,3,5,3500000
1,1,2.7,2450000
3,2,7.9,7800000
6,5,16,119000000
5,4,4,5500000
3,3,11.6,16000000
3,3,10.2,15000000
3,2,4,4500000
2,2,6.7,10000000
3,2,3,1900000
0,0,11,9000000
3,2,6,6000000
0,0,10,29000000
0,0,6,25000000
2,2,5.2,6800000
1,1,2,24000
2,2,12,55000
5,5,1,150000
2,4,1.8,350000
2,2,6.8,25000
3,3,6.7,42000
3,3,10,23000
3,2,9.3,200000
1,2,10,28000
3,2,9.3,200000
3,2,9.2,180000
3,2,9.2,180000
1,1,1,16000
3,3,13,80000
3,3,13,80000
3,3,13,80000
1,1,14,18000
2,2,5,40000
3,4,1,100000
3,3,10,38000
2,2,4,22000
4,4,4,45000
2,2,1.3,80000
6,5,8,60000
6,5,1,230000
2,3,8.4,140000
6,6,1.7,250000
2,2,3,28000
3,3,1.3,120000
4,4,1,42000
2,4,4,3300000
3,2,3,3250000
4,5,5,8500000
2,2,4.5,3300000
4,4,10,16000000
5,4,7,13500000
2,2,5,5500000
2,4,3.7,9500000
3,3,2.5,3800000
5,4,6.5,7500000
3,2,5,4000000
3,2,5,3300000
6,6,1.2,26000000
5,4,10,9500000
2,3,5,4200000
1,2,3.5,2800000
0,0,2.2,5000000
2,2,5,5600000
4,4,2.2,90000000
2,2,4,4300000
6,5,16,34000000
6,5,1,45000000
7,5,1,47500000
4,3,5,11000000
4,8,4,55000000
4,4,8,15000000
6,6,1.5,18500000
4,4,3,9500000
5,5,8,10000000
6,5,8,13000000
5,5,7,15000000
6,6,10,23000000
6,6,8,13000000
5,5,10,24500000
6,5,10,18500000
6,4,5,8500000
3,4,12,11000000
6,5,6,6500000
4,6,4.8,8000000
5,4,10,25500000
3,3,10,7800000
5,3,5,30000
4,3,1,60000
2,2,7,27000
1,3,4,15000
2,2,10,35000
1,1,4.4,32000
5,5,7,45000
4,3,5,38000
3,2,6,15000
4,4,7,25000
2,2,5,15000
5,4,12,70000
4,7,3,6500000
1,1,5,8200000
0,0,4.8,7500000
0,0,6,6300000
5,4,3,5500000
4,3,5,10500000
3,3,4,7500000
5,10,16,120000000
4,4,5,8700000
2,2,7,10500000
10,10,2,55000000
5,4,5,12000000
5,5,10,21000000
3,4,4,8000000
2,2,2,3990000
4,5,8,16900000
2,3,4,8000000
0,0,3,6000000
2,2,3,4000000
0,0,2.5,4000000
5,5,1.1,41500000
6,5,5,11000000
2,3,3,5500000
2,3,3.5,7500000
5,4,5,9800000
2,4,18,58000000
4,4,7.5,13500000
5,4,5,12500000
3,3,5,7800000
4,3,6.5,9500000
4,3,4,8350000
7,5,1,57500000
4,4,5,12500000
4,4,5,8000000
4,3,5,11500000
1,2,2.7,2400000
1,2,7.5,22700000
5,4,12,24500000
5,5,10,21500000
3,3,3,5200000
3,4,4,8500000
6,4,10,32000000
4,4,10,16000000
2,2,5,6500000
6,6,10,19000000
3,3,3.5,6000000
3,3,3,5000000
3,3,10,16200000
5,5,10,20000000
3,4,4,6500000
3,3,3,6300000
5,4,2,5600000
2,3,3,3190000
4,3,6,14500000
0,0,1.6,120000000
2,5,5,9500000
4,2,1,25000000
4,3,15,15000000
2,2,2,3600000
3,3,10,11000000
4,4,5,6300000
3,3,10,20500000
4,5,4.5,9500000
0,0,7,9000000
5,8,5,11500000
2,2,4,5800000
6,5,10,23500000
0,1,3.7,11000000
2,2,5,7800000
3,3,7,13000000
2,3,5,6000000
1,3,3.1,5000000
4,6,5,10000000
3,6,5.5,8500000
5,5,5,12900000
3,3,3.5,5700000
0,4,10,19000000
6,6,1,39000000
4,4,5,7200000
5,5,10,16000000
4,3,10,11000000
4,3,8,12000000
3,3,12,18000000
2,2,3.3,3400000
1,2,2.6,3200000
3,3,6.2,7000000
5,5,13.2,80000000
8,6,4.8,23000000
2,2,3.6,7500000
4,4,4.8,13800000
4,3,5.6,7000000
0,3,8,11500000
3,3,8.6,15000000
3,3,6.7,15000000
6,6,9.2,13500000
2,2,3.2,2900000
6,6,1,60000000
3,2,4.4,9800000
3,3,5.3,15500000
0,5,16,19000000
2,2,4.8,7300000
3,3,10,15200000
3,3,4.2,7000000
3,3,6.8,10000000
3,2,5.2,6200000
2,2,3.4,14500000
2,2,4.9,9900000
2,2,10,42000000
4,4,7,15000000
6,5,1,87500000
0,0,4.1,5800000
2,2,3.1,6200000
0,3,2,28000000
0,5,8.8,70000000
2,2,3.6,5600000
3,3,4.8,8500000
0,0,3.6,3300000
1,1,1.8,4500000
6,5,1,120000000
2,2,4.2,12000000
3,3,5.1,13500000
2,3,5.3,20000000
5,5,14.6,55000000
3,2,4.7,12500000
2,2,4.7,4200000
0,0,9.6,8000000
3,3,6.2,7100000
3,3,4.9,14000000
0,0,4.4,5000000
1,2,4.8,16000000
4,3,13.3,15000000
0,0,4,6000000
6,6,1.8,100000000
2,2,4,4800000
2,3,4.4,4500000
4,4,4.8,12000000
3,3,8.6,22500000
3,3,6.2,25000
2,3,6.2,30000
4,4,4.8,42000
2,2,4.2,40000
2,2,3.1,16500
4,4,1,150000
4,3,9.6,40000
4,4,10,105000
2,2,10,50000
3,3,6.7,45000
3,3,8,36000
3,3,5.6,22000
2,2,3.2,13000
2,2,4,32000
2,2,5,20000
4,3,1,135000
3,3,3.1,18000
0,0,3,30000
4,4,8,37000
0,0,6,20000
3,3,10.8,45000
3,3,9.6,45000
2,2,4,45000
0,8,2.2,650000
1,3,8.8,65000
0,0,4.8,20000
4,4,7.1,65000
3,3,1.3,165000
3,3,1,135000
6,5,1,225000
6,5,12,600000
4,4,12,60000
4,3,12,80000
3,3,8.9,37500000
3,3,8,9500000
0,9,11,29300000
8,11,4,15000000
3,3,7.1,8000000
2,5,9.6,23000000
3,3,5.3,7500000
3,3,5.8,8500000
2,2,4.9,6800000
3,2,5.4,6800000
3,3,4.8,12000000
5,5,3.8,3000000
3,4,4.3,6000000
3,3,5.3,8000000
3,3,5.3,9500000
2,3,3.8,5500000
6,9,4.8,15000000
4,3,8,13500000
2,2,3.2,3600000
0,0,3.3,5200000
4,4,4.8,11000000
3,3,5.6,6000000
3,3,10.4,30500000
3,3,6,4500000
2,2,5.6,12500000
6,5,1,105000000
3,3,5.3,9500000
5,7,5.8,7800000
6,5,1,82500000
5,3,8.2,18000000
2,2,3.3,2300000
1,3,3.2,3800000
10,11,1.2,65000000
3,3,8,13000000
5,4,9.8,17500000
5,5,12,42500000
7,6,1.3,90000000
0,0,1,36500000
2,3,5,6000000
0,0,7,10200000
6,5,8,30000000
4,2,5,7000000
8,8,1.6,180000000
0,0,33,175000000
0,0,3.5,15000000
5,4,5,18500000
0,10,1.2,33000000
2,2,10,11000000
9,9,13,15800000
3,4,3,4500000
3,3,9.3,21000000
3,3,9.3,8500000
0,10,1.2,33000000
0,0,2.8,3000000
0,0,7,17000000
0,0,6,13000000
2,2,7.2,31000000
4,4,6,19000000
3,3,10,10500000
7,6,8,28000000
6,5,2.2,55000000
4,4,14,39000000
1,1,2,2800000
2,3,5,14000000
6,5,1,40000000
6,5,20,160000000
2,3,3,3500000
3,2,5,6000000
7,5,9.3,29500000
2,2,5.6,9000000
0,0,12,29000000
5,4,4,16500000
6,5,1.1,40000000
5,5,1,46000000
2,2,6,30000
5,4,1,45000
3,3,1,90000
2,2,4,45000
4,6,5,35000
3,2,7,21000
2,2,4,12000
2,2,4,12000
2,2,5.5,35000
2,2,6.7,50000
0,0,12,60000
4,4,8,45000
0,0,12,50000
0,0,5,26000
0,7,1.2,120000
2,1,5,13000
4,4,4,30000
4,4,4,50000
7,7,3.8,750000
2,1,5,26000
1,1,5,13000
0,6,14,90000
2,2,9.3,60000
2,2,8,300000
1,3,12,39000
3,0,1,35000
5,4,1,250000
6,5,1,270000
3,2,8,175000
4,4,10,75000
0,0,1,35000
2,1,5,25000
6,6,2,270000
6,6,2,270000
1,1,3.9,140000
1,1,1,40000
2,2,3.6,45000
4,3,10,28000
4,3,1,35000
1,1,1,15000
1,1,5.8,65000
4,4,1.3,100000
3,3,1,45000
3,3,1,45000
5,4,2.5,7800000
4,3,5,8800000
3,2,4,5800000
2,2,2,5999000
4,5,10,13500000
4,4,5,9000000
4,3,3.3,7000000
2,4,14,15000000
4,2,6,5900000
6,5,10,12000000
6,5,13,30000000
6,6,5,18000000
4,4,5,12500000
2,3,3.2,2600000
3,4,4,10500000
6,4,5,8500000
5,4,5,8500000
7,7,10,16800000
4,5,13,21500000
2,2,5,5200000
3,2,4,3200000
5,4,5,6500000
6,5,7,16000000
3,3,10,7800000
4,5,5,6800000
4,4,5,7500000
3,2,5,4700000
0,0,8,16500000
3,4,9,7500000
1,1,2,3300000
6,5,10,22500000
0,6,11.5,22000000
4,4,7,12000000
3,4,10,10500000
2,2,2.5,3500000
5,4,10,37500000
5,2,15,50000000
0,0,7,10000000
4,2,5,3900000
7,6,12,15000000
0,6,1,42500000
0,0,4,25000
0,0,5,35000
3,3,10,95000
1,1,4.4,25000
3,4,10,36000
3,2,5,40000
3,2,5,20000
3,3,8,50000
3,2,7.3,60000
2,2,6,23000
5,4,9,70000
3,3,8,50000
0,0,7,38000
1,2,5,18000
1,2,5,25000
6,4,1,32000000
4,3,5,10500000
4,5,4,11000000
0,0,10,18500000
6,5,10,18200000
3,5,6,6000000
2,4,2,2200000
2,2,2,3800000
4,4,5,16000000
4,6,7,8200000
5,4,11,22000000
6,4,8,13500000
5,5,5,12900000
3,3,3,8500000
3,3,2,8500000
3,3,2,8500000
2,2,5,5500000
2,4,3,3500000
4,3,4,220000000
0,0,18,31500000
6,6,18,31500000
3,3,5,15000000
3,3,5,15000000
0,0,5,3500000
3,2,10,26500000
4,5,5,7100000
0,0,1,32500000
3,3,5,8500000
6,5,10,30500000
6,5,10,30500000
3,3,10,14200000
4,5,6,15000000
1,2,2.5,2000000
5,5,1,35000000
6,6,1.2,60000000
6,4,7,17000000
0,0,5,10000000
5,4,2.5,4500000
4,4,2,50000000
1,1,3,1800000
2,3,5,9800000
6,6,2,75000000
6,5,1,53500000
2,4,3,6500000
1,6,5,4700000
4,4,10,22000000
0,0,6.4,1270000000
5,5,4,7800000
3,3,5,9500000
0,5,1,25000000
0,5,2,55000000
0,4,7,20000000
3,3,5,14500000
2,3,5,6500000
3,3,5,11500000
4,3,5.5,11000000
4,3,10,10000000
4,3,3,8500000
6,4,15,28000000
6,6,1,28000000
3,3,3,7000000
5,5,10,18500000
4,4,5,9900000
2,4,3.7,4500000
6,4,5,7000000
2,5,3,5500000
1,2,3,2200000
5,4,5,7500000
7,5,1.3,40000000
5,3,5,12500000
0,0,5,11000000
4,3,5,8000000
3,3,8,13000000
2,2,4.2,9500000
2,3,4.7,6000000
3,3,8,19000000
0,3,8,15500000
3,4,4.3,7000000
2,2,3.2,3700000
0,0,9.6,45000000
2,2,4,6500000
2,2,4,7000000
6,5,6,17500000
2,2,3.6,2900000
6,6,4.8,17000000
2,2,2,1500000
2,2,4,3200000
4,4,3.2,8300000
2,2,4.8,7500000
3,4,5.7,4900000
3,2,5.6,4200000
2,3,4.8,5500000
6,6,9.6,36500000
9,9,9.6,45000000
2,4,3.8,7500000
0,9,9.6,45000000
3,3,4.8,6300000
3,2,4,5000000
0,0,8,75000000
2,2,4.2,4200000
3,3,8,22500000
4,4,12,62500000
2,3,3,3000000
0,0,3.8,3600000
2,2,4,7000000
0,9,8,20000000
6,5,10.4,35000000
10,10,1,105000000
0,0,16,22500000
0,0,5.1,6000000
5,4,16,28000000
0,0,4.2,11500000
3,5,5.3,23000000
3,3,9.7,48000000
0,0,4,310000000
8,11,9.6,38500000
2,2,3.4,3500000
0,3,6,7000000
5,7,4.8,21000000
4,4,10,55000000
8,8,12,90000000
2,2,4.8,7500000
3,3,8.6,15200000
0,2,4,12500000
0,0,4,4800000
2,2,4.2,6000000
2,2,3.1,4500000
2,2,2.5,3000000
1,2,1.8,1900000
2,3,4.4,6000000
2,2,2.4,2300000
3,2,4.7,10000000
2,2,3.6,4500000
2,2,3.3,2800000
0,0,5,5500000
0,2,4.4,8500000
6,5,9.6,22500000
8,6,5,106500000
5,5,1.2,100000000
5,5,1,145000000
6,6,2,240000000
2,2,2.4,58000
3,2,4.8,23000
2,2,4.4,19000
3,3,10.4,85000
3,3,17,75000
1,2,4.8,15000
4,4,8,38000
6,5,1,295000
2,2,4.4,30000
2,2,3.6,25000
5,5,1,325000
0,3,12,45000
3,0,8.4,40000
6,6,2,850000
2,3,5.8,35000
2,1,2,32000
3,3,6.2,25000
3,2,8,35000
0,0,2,200000
4,3,5,25000
0,5,1,110000
3,3,16,85000
5,4,6,135000
0,0,4.8,24000
2,2,4.8,24000
2,2,4,25000
1,1,1.9,12000
1,2,2.9,10500
1,2,2.7,12000
2,2,4.7,27000
3,3,6.7,60000
2,2,4,22000
2,2,5.3,45000
3,3,8.9,70000
4,4,10.7,52000
2,2,3.6,4000000
6,7,4,420000000
2,2,4,7000000
4,6,3.2,8000000
4,4,8.9,27500000
3,2,4.7,6500000
5,5,12,102500000
2,2,4,9800000
0,2,2.9,4000000
3,3,5.6,13000000
3,3,4.8,4000000
5,5,14,118000000
0,4,13.3,39500000
0,0,7.6,6500000
3,2,4.8,8000000
0,0,2.9,3000000
3,3,6.2,18000000
4,6,4.8,9000000
0,0,3.1,2500000
2,2,4.4,8700000
7,6,1,125000000
3,3,5.3,3200000
2,2,4.4,6200000
5,6,4.8,17000000
9,8,1.2,180000000
1,1,2.7,4500000
5,5,7,17000000
1,1,4,8000000
2,2,7.6,16000000
6,5,7,14500000
4,4,7.3,21000000
6,4,5,14500000
8,7,14,57500000
8,10,1,25000000
5,6,5,11000000
2,3,4.4,55000000
2,2,5,3400000
9,8,10,16000000
2,2,5,6000000
2,2,3.8,3800000
6,6,1,45000000
6,5,1.3,28000000
2,3,5,3000000
6,7,5,9800000
0,0,7,200000000
3,2,6,5500000
2,2,3.3,5180000
3,3,4.6,7294000
5,6,10,28000000
2,2,4,140000000
6,6,9,17000000
8,10,1.2,25000000
3,3,4,16000000
5,3,10.7,15500000
1,2,15,10000000
3,4,6,21000000
0,0,2.2,3500000
5,5,11,33000000
0,0,40,200000000
4,4,10.7,10000000
1,1,1.4,18000
3,3,1,39000
3,3,14,45000
4,4,1,110000
0,2,1,200000
3,2,8,30000
6,6,1,12000
2,2,5.8,65000
6,5,1,100000
2,2,1,70000
3,2,6.4,100000
10,9,1.3,300000
0,1,1.3,30000
4,3,10,50000
3,3,1,85000
7,7,7,20000
4,4,1,60000
0,0,4,53000
4,4,1,60000
2,2,12.7,85000
0,1,5.6,40000
0,4,14.2,105000
2,2,2.2,15000
0,0,3.6,30000
6,8,1,300000
3,3,12,70000
4,4,1,100000
0,0,12,70000
3,3,1,100000
3,2,10,25000
6,6,7.5,20000000
6,4,1,32500000
4,3,5,7500000
5,5,5,8200000
0,0,3,5500000
6,5,10,50000000
3,2,7,5500000
0,6,1,37500000
2,2,2.5,3500000
6,6,5,18000000
4,3,5,9000000
2,2,3,9000000
4,4,10,20000000
4,3,62.5,6800000
5,5,1,45000000
0,4,7,15500000
0,6,10,17500000
6,8,5,7500000
6,10,9,32000000
3,3,10,6000000
0,0,4,4000000
5,6,7,11500000
0,0,7,30000000
6,6,10,16000000
6,6,10,23000000
2,2,3.3,1900000
3,3,7.1,10000000
3,3,10,14500000
1,1,2.7,2200000
5,5,1,42500000
1,2,3.5,2200000
8,8,10,47000000
6,7,5,13000000
5,5,10,22000000
1,3,5,7000000
3,2,4,4000000
6,4,10,11000000
2,2,12,78000000
1,2,2.7,4000000
2,1,3,4800000
2,1,10,20500
0,0,1.4,25000
0,0,5,35000
5,3,10,60000
6,4,16,65000
5,4,12,150000
0,0,5,30000
0,3,10.8,55000
6,6,7,45000
3,3,7,25000
7,7,10,50000
5,5,10,18500000
4,4,10,23500000
5,4,5,7500000
5,5,10,21500000
7,9,8,13000000
5,4,8,14000000
2,5,4,5000000
4,3,4,8000000
6,5,1,60000000
4,7,2,66000000
5,5,1.7,42500000
1,2,2.1,2400000
0,0,5,12500000
4,5,4.5,18000000
4,5,12.1,35000000
7,5,6,9500000
1,3,10,3500000
3,2,7,15000000
4,7,6,7500000
3,3,2.5,4400000
4,4,5.5,12000000
4,4,10,18000000
2,2,5,5500000
4,4,4,8000000
7,6,7,12500000
4,5,10,25000000
6,6,12,27500000
5,5,3.8,4500000
4,5,10,19000000
1,1,3,3000000
5,4,10,18000000
5,3,3,9600000
5,4,3.5,9500000
4,3,1,31500000
4,4,6.2,11500000
0,0,5,12500000
3,6,3,50000000
4,0,10,23000000
5,5,10,13500000
3,3,3.5,6500000
2,3,5,4500000
4,4,5,13200000
3,4,6,9500000
2,2,6,10000000
6,5,7,14300000
8,6,1,28500000
5,6,4,14000000
6,4,7,12000000
4,3,2,8000000
5,4,5,8000000
2,3,3,9000000
4,7,2,95000000
1,2,5,8000000
5,4,6,13000000
3,4,3,6800000
4,3,3,6000000
6,7,1.2,50000000
2,0,6,6500000
5,5,10,16500000
6,6,6.2,6000000
3,2,5.4,23000000
6,4,6,6000000
5,5,14,31500000
4,3,3,6000000
2,5,2.4,4500000
10,3,3,3800000
0,0,1,90000000
0,0,5,4000000
0,0,10.7,15000000
6,5,7,13100000
3,5,6,11000000
6,5,10,16500000
4,4,1,16500000
4,4,6,13000000
3,3,5.4,6000000
5,5,9.6,8000000
3,2,5.8,13000000
0,0,4.8,4750000
2,2,4.7,4000000
3,3,6.4,4200000
3,3,3.4,2500000
4,4,4.8,10000000
2,2,4.8,7000000
3,3,4.8,7000000
3,3,6.2,13000000
6,8,2,205000000
1,2,4.8,6000000
4,3,4.9,14500000
6,10,4.8,12000000
2,3,2.6,3500000
3,2,5,7500000
0,0,2.4,2800000
4,4,4.8,14000000
0,2,4.2,6000000
0,0,10,11000000
3,3,8,14000000
3,3,5.1,9000000
1,2,2,2000000
1,2,5.1,8050000
0,0,8.8,11000000
3,3,8,16500000
0,0,4,2600000
7,6,1,105000000
0,3,6.4,7000000
3,3,8,12000000
0,0,16,43000000
3,2,3.8,5700000
7,6,2,200000000
0,0,8,21500000
2,2,2.8,4500000
6,6,1.1,40000000
4,4,4,35000000
2,2,4,4500000
3,3,8,18500000
3,3,5.8,7500000
0,0,4.8,37500000
0,0,4.2,10000000
3,4,6.4,7500000
8,7,9.6,31000000
2,2,2.7,2700000
2,2,4.8,7000000
2,2,4.8,7000000
2,2,4.8,7000000
4,3,10.7,21000000
5,4,1,120000000
3,3,12,47500000
3,2,4.8,10000000
1,2,4.9,8500000
3,3,7.8,26500000
5,6,6,75000000
2,3,3.8,3650000
3,3,9.8,7900000
2,3,4.4,5500000
1,1,3.4,4800000
0,0,2.2,6600000
0,0,8.9,16000000
3,3,8,13000000
3,3,5.3,6500000
0,0,4.8,14000000
0,0,10.7,24500000
4,4,4,34000000
6,6,1,108000000
10,8,3.2,10500000
2,2,2.4,2700000
5,7,3.2,7800000
0,0,2.7,2800000
2,1,2,5000000
6,5,12,80000000
3,3,7,16500000
2,2,1.8,5000000
7,7,2,280000000
2,3,4.2,7500000
1,1,2,2100000
7,6,2,140000000
3,3,6.2,22500000
2,2,4,10500000
5,4,18.2,105000000
5,4,6,40000000
4,4,4.8,22500000
10,9,9.6,55000000
6,6,2,220000000
2,4,4.8,23000000
8,6,1,95000000
2,3,2.4,29500000
7,6,1.2,180000000
3,2,7.3,33000000
2,2,4.4,6000000
3,3,5.3,9800000
2,2,2,25000
1,1,1.6,10000
2,3,4.8,20000
2,3,4.8,10000
3,3,5.7,28000
4,4,1,130000
3,2,1,100000
4,4,1,150000
2,2,4.2,20000
2,3,9.6,35000
0,2,4.2,20000
3,3,8,30000
2,3,8.4,26000
1,1,1,50000
3,3,8,75000
1,1,2.2,30000
0,0,1,235000
4,4,1.2,150000
3,3,10.8,30000
2,2,4.8,30000
5,3,8,35000
2,2,4.2,22000
5,4,1,325000
0,3,12,150000
4,4,12,135000
3,3,10,35000
5,4,6,130000
0,0,12,160000
3,5,6.2,28000
0,0,1,130000
2,2,4.4,18000
7,7,1,25000000
6,4,7,14500000
3,3,5,8700000
5,4,14.6,12500000
3,3,5,20000000
6,6,12,33500000
2,2,4,3500000
6,5,1,49500000
3,3,7.2,15000000
10,12,1.4,51500000
6,4,4,7000000
6,6,1,60000000
4,4,8,36500000
7,5,1.4,40000000
6,5,8,25500000
3,3,7.6,11100000
2,2,4.2,3200000
3,2,4.9,5000000
6,8,1.2,68000000
8,10,1,62500000
3,3,5,6000000
1,2,3,2600000
2,2,5.1,7500000
5,5,4,6300000
1,3,5,7000000
9,9,1,63000000
2,2,3.6,3700000
0,0,6.7,22000000
0,2,5,6000000
8,8,17.8,38000000
0,1,2,2800000
2,2,7.6,3300000
7,8,6,13500000
2,2,8.5,45000000
0,4,14.2,50000000
8,4,11,20000000
2,2,4.1,8500000
9,9,1,28000000
4,3,1,125000
2,2,3.4,30000
0,0,1.2,300000
3,3,1,145000
6,5,1,220000
2,2,5.3,50000
3,3,14,65000
4,3,14.2,60000
0,9,1.1,400000
3,3,1,100000
4,4,8,45000
1,1,1.2,9000
3,2,5,17000
3,3,14.2,40000
6,4,8,55000
0,2,4,16000
5,4,15.1,300000
6,5,1,300000
3,3,14.2,70000
3,3,18.7,85000
0,3,7.1,35000
2,3,4.4,45000
2,2,6.5,170000
3,3,7,13000000
4,4,5,12000000
4,3,5,10500000
6,5,10,21000000
3,3,3.5,7000000
0,0,3.5,7600000
2,1,3.9,16700000
4,3,7.2,29000000
6,7,2,55000000
6,5,8,14500000
4,3,3,5500000
6,4,7.1,19000000
4,4,4.4,8000000
0,0,5,8300000
4,4,6.5,17500000
3,3,5.4,30000000
6,7,7,20000000
4,3,5,12000000
2,2,3,4800000
6,10,1,46000000
3,3,5,7000000
5,5,10,11000000
2,2,4,6200000
6,6,3,15500000
4,4,6,13000000
3,4,5.3,7000000
3,3,14,15500000
5,5,10,24000000
0,0,10,24000000
0,0,5,5000000
4,4,10,15000000
0,0,10,23500000
2,2,4.2,4500000
2,2,3.5,3000000
3,3,6,7500000
4,6,7,20000000
3,2,7,6400000
1,1,1.2,2200000
4,4,8,11500000
7,5,5,12000000
3,3,5,9100000
0,0,5,4600000
5,5,10,24000000
6,6,10,25000000
5,5,7,14000000
4,4,10,35000
0,0,7,30000
3,4,12,35000
3,3,5.6,22000
2,2,10,32000
3,3,10,30000
0,0,3.5,5800000
6,8,2,120000000
4,3,5,15000000
5,4,1,32500000
4,4,10,29000000
4,3,2.5,8200000
5,4,1,30000000
2,3,7,6500000
0,0,8,27500000
4,4,5,12500000
3,3,3,7300000
0,0,3,6800000
0,0,3,4200000
4,4,3,8500000
5,4,5,6000000
5,4,5,10000000
10,11,1.6,80000000
3,3,5,8000000
5,4,5.2,11000000
1,1,3,3600000
4,3,5,10500000
2,4,3.5,4500000
5,5,5,14500000
2,4,5,7500000
1,2,6,5000000
3,3,3,5500000
2,2,9,15500000
1,2,2,1850000
1,1,1.7,3500000
3,3,2,5100000
5,5,6,12500000
5,4,5,10500000
5,5,10,20000000
3,3,3.5,7200000
0,0,5,8000000
4,4,5,9000000
2,3,2,4500000
1,2,4,2550000
2,2,2,2700000
2,2,7,10000000
7,5,6,8000000
4,6,5,17000000
9,7,1,45000000
2,3,5,9000000
6,5,1,50000000
6,5,6,10000000
2,2,4,6300000
4,3,8,17500000
5,4,10,20500000
4,3,5,11000000
5,4,10,24000000
6,5,4.8,9500000
4,3,9,15000000
3,2,8,20000000
7,7,2,95000000
3,3,9.6,32500000
9,9,4.4,135000000
3,3,6.7,10000000
4,4,10,11000000
0,6,1.3,150000000
2,2,4,14000000
2,2,3.2,2800000
2,6,4.8,9800000
2,2,4.2,6200000
0,0,9.6,24000000
2,3,4.7,4000000
3,3,8,12600000
3,3,10,45000000
2,2,8.5,26000000
3,3,4.8,14000000
3,3,5,9000000
1,2,3.6,4000000
3,2,4.8,2550000
2,2,3.6,4200000
3,3,6.2,7900000
6,6,9.6,35000000
1,1,1.3,1400000
3,3,7.6,17000000
3,4,4.8,14500000
0,0,4.8,25000000
5,4,3,7000000
3,3,8,9900000
3,3,3.2,7000000
2,2,3.8,5000000
2,2,2.6,2500000
5,5,4.8,25000000
2,2,2.4,5000000
3,3,8.9,45000000
0,0,2.9,3600000
4,9,3.2,9000000
0,0,3.8,10000000
3,3,6.7,12500000
0,0,4.8,9500000
3,4,5.4,8500000
2,2,4.4,6200000
3,3,6,9500000
0,0,3.2,9800000
3,3,4.8,9000000
6,8,4.8,19000000
3,2,6.2,7800000
6,6,1.1,115000000
8,8,1,110000000
2,2,9.6,7800000
4,4,15.6,45000000
3,5,4.8,7900000
0,2,2.8,3000000
2,2,4.2,9900000
3,3,8,15000000
6,6,8,40000000
3,4,16,27500000
3,3,8,14300000
5,6,4.8,17000000
2,2,4.1,6000000
3,3,8,31000000
6,9,3.6,9500000
7,6,4.8,9900000
2,3,1.1,53000000
7,6,1,126000000
4,4,10,47000000
4,3,8,17000000
3,3,8,14500000
2,2,1.7,4000000
4,4,4.8,21000000
3,3,6.2,10800000
4,3,8,27500000
0,0,4.7,4800000
0,0,11.1,35000000
4,3,8.7,23700000
2,4,2.4,4600000
0,0,4.8,4595000
3,6,2.4,6500000
0,0,9.6,19000000
6,5,1.3,110000000
2,2,4.4,5500000
3,3,5,6642000
2,2,2.8,3000000
6,6,1.3,132500000
5,7,16,70000000
4,5,9.6,32500000
2,2,2.8,3000000
7,6,1,82500000
3,3,10,10000000
3,3,4,11500000
3,3,5.8,13500000
7,7,4,340000000
3,3,6.4,25000000
4,3,3.2,9300000
2,2,2.2,1850000
4,4,9.3,14500000
6,10,2.4,4200000
2,3,9.6,15500000
4,4,4.8,16000000
5,4,9.6,17000000
2,2,4.2,6000000
2,2,4,5500000
2,2,4.9,5800000
3,3,10.7,37000000
3,2,4.8,9000000
3,3,6,6000000
3,3,10.7,35000000
0,0,8.9,18500000
6,6,8,24500000
3,3,5.3,10200000
4,3,16,23000000
3,3,7.8,23500000
5,4,6,135000
3,3,6.7,42000
3,2,4.8,25000
2,2,4.2,25000
3,3,8,35000
2,1,4.8,22000
2,2,4.8,22000
5,4,4,1200000
0,0,3.2,16000
0,0,0.9,7500
0,0,8.9,85000
4,3,16,35000
3,3,16,45000
2,2,2.1,100000
3,4,16,50000
0,3,16,50000
1,1,2.7,15000
4,4,1.1,225000
2,2,3.1,18000
1,1,5.4,10000
3,4,5.2,29000
3,3,9.6,44000
3,3,4.9,52000
5,4,1,315000
3,3,6.7,40000
3,3,4.8,26000
4,5,1,275000
2,2,4.2,35000
6,5,1,225000
4,0,12.7,85000
0,0,10.7,65000
4,4,1,70000
4,4,1,260000
6,6,1,315000
6,6,1,300000
2,2,5.3,20000
2,2,4.2,20000
6,9,12.4,58000000
0,0,2,180000000
4,4,4,4500000
4,3,13.3,28000000
5,4,6,11000000
0,0,5,9200000
10,11,8,200000000
4,4,7,31000000
4,6,5,4000000
0,0,7,14500000
6,6,8,60000000
6,6,8,65000000
4,4,1.2,29000000
4,4,4,6500000
8,8,1.2,28500000
3,4,6.6,6500000
4,4,6,7000000
10,7,10,80000000
2,3,3,4200000
5,6,14.2,42500000
3,3,12.9,32500000
2,2,5.1,7500000
1,1,3.3,6500000
0,2,5.3,10200000
0,3,6.2,11900000
0,3,8,15300000
0,3,8.4,16100000
3,3,8,20500000
4,4,5.6,24500000
7,6,1,45000000
4,4,4.4,17500000
0,0,8,7000000
7,5,5,14000000
6,5,5,9000000
6,6,1,29000000
3,4,3,6000000
8,6,1,38000000
2,2,3.9,3100000
7,5,5,12500000
5,5,10,21000000
0,16,2,140000000
4,3,12,50000
10,11,1.5,140000
2,3,5,50000
2,4,8.9,54000
3,3,1,45000
0,0,1.1,200000
1,1,2.4,25000
6,9,1,500000
1,1,2.9,70000
1,1,2.4,50000
2,2,5.6,17000
4,4,12,45000
3,3,12,60000
4,4,1.2,80000
3,3,1,85000
3,3,1,80000
4,5,1,110000
2,2,10,85000
4,3,1,55000
8,10,2,175000
3,3,6,21000
3,3,13.3,75000
3,3,17.8,72000
1,1,1.8,34000
2,6,1.3,325000
0,0,10,28000
3,3,18.2,164000
0,0,4.2,13500000
3,5,10,19000000
6,5,1,55000000
4,3,5,8300000
4,3,1,22500000
4,3,10,14000000
3,7,5,7500000
3,0,5,7000000
4,3,5,11700000
0,0,5,7500000
6,4,10,18000000
5,4,10,16500000
2,4,4,8400000
10,8,1.3,60000000
6,6,15,27500000
4,3,2.5,4000000
3,2,6,11800000
3,6,7.2,12000000
5,5,8.8,17000000
4,4,5,10500000
5,4,4,8000000
5,5,10,19500000
3,3,5,14000000
2,2,6,7000000
0,0,10,17500000
3,2,5,6200000
2,4,5,7500000
3,9,5.5,12500000
2,5,3,7500000
4,5,3.5,5300000
0,0,3,5000000
3,3,3,4000000
4,3,7,11500000
4,3,10,15500000
5,4,6,8500000
3,4,5,5000000
6,4,8,11000000
4,6,7.3,45000000
6,6,7,14500000
1,3,3.2,4700000
1,1,3,3150000
6,5,10,25000000
6,7,6.5,10500000
4,4,5,9500000
6,6,1,15000000
6,10,8,20000000
4,4,5,9500000
9,7,1,42500000
3,3,10,21500000
5,5,10,20000000
6,5,10,21000000
6,5,10,22500000
5,4,10,20500000
3,3,10,14800000
4,4,12,28500000
6,5,1.5,49000000
5,5,16,49000000
4,4,18,31000000
3,2,5,4000000
4,5,5,9500000
5,5,10,18500000
4,3,10,28000000
4,4,11,10000000
4,3,6,8000000
6,6,10,26000000
0,5,10,24700000
4,4,3,6500000
6,5,9,19500000
6,5,7,15000000
3,7,3,6000000
3,3,10,12500000
10,11,2.2,35000
7,7,1,160000
0,0,5,10000
3,3,7,30000
3,4,10,40000
3,3,12,40000
0,4,11,100000
3,2,5,15000
5,5,10,60000
3,3,10,35000
5,4,10,22500000
0,4,8,20000000
8,6,1,50000000
5,4,9,13500000
5,3,6,12500000
3,2,10,9000000
3,4,4,8000000
3,4,3,7200000
4,4,7,10800000
3,4,3,6000000
4,6,10,32500000
2,2,3,7000000
4,2,3,2600000
1,2,3,1600000
5,5,11,27500000
2,2,2,3900000
3,6,3,15000000
8,8,1,38000000
0,4,5,17800000
2,2,3,4800000
2,4,2,3200000
6,5,14,140000000
2,2,2,4600000
6,5,1,30000000
0,0,5,7000000
6,6,1,82500000
4,4,5.5,11500000
4,3,10,15000000
2,4,2.5,4800000
8,7,1.3,37000000
0,0,12.4,8000000
7,6,5,8000000
2,2,4.9,7000000
2,2,2.7,2400000
4,4,12,16500000
4,4,8,21000000
2,4,4,4200000
4,3,9.8,17000000
1,2,3.2,1500000
3,3,9.6,12500000
3,3,8,17000000
2,2,3.6,7500000
0,0,10.1,2000000
3,6,6,19000000
6,6,16,45000000
5,5,1,65000000
4,4,4.8,19000000
2,2,4.9,3600000
3,5,7.1,10500000
2,3,2.7,3500000
6,9,3.2,8500000
3,2,6.2,25000000
3,3,8,16000000
2,2,4.7,6000000
5,4,4.8,21000000
6,5,4.8,18000000
0,4,4.8,35000000
3,3,12,37000000
2,2,5.1,6500000
2,2,3.3,6500000
2,2,4.8,7200000
3,2,4.1,3900000
3,3,8,12500000
4,6,2,160000000
0,0,8,20000000
2,2,2.5,2850000
0,5,8,20000000
3,2,5.3,8500000
0,0,8,26000000
2,2,3.8,4500000
3,2,4,4600000
0,0,4.8,19000000
3,3,5.6,13200000
3,3,4,4000000
3,3,3.3,3800000
0,0,3.2,2630000
0,3,5.3,15000000
1,2,4.8,2800000
2,2,4.2,6000000
3,2,4.8,4200000
0,0,3.1,5500000
9,9,6.3,47500000
3,3,6,11000000
2,2,4.2,4000000
2,2,1.9,1900000
2,2,4,6500000
2,2,3.2,5200000
3,3,6,11500000
3,3,6.7,10000000
6,5,1.2,125000000
5,5,3.2,7000000
0,0,16,29500000
2,3,4.4,4500000
2,2,4,8500000
3,3,12,22500000
5,4,4.8,14000000
2,2,2.9,3400000
2,3,3.8,4000000
3,2,4,9500000
3,3,3.2,8800000
3,3,3.2,9200000
7,6,8,35000000
2,2,2.7,2500000
3,4,4.2,3500000
2,2,7.8,28000000
3,3,4.8,8000000
2,2,3.8,9700000
4,3,12,24500000
5,6,5.6,4400000
5,4,6,7500000
2,2,4.5,9000000
2,2,4.9,9000000
6,0,17,60000000
6,6,16,55000000
2,2,3.6,3500000
3,5,5.6,15000000
2,2,2,6500000
3,4,6.4,11000000
6,6,5.6,17500000
4,4,4.8,15500000
10,7,2,250000000
2,3,4.4,4000000
3,3,6.2,7500000
2,2,4.7,5400000
3,3,9,13500000
0,0,9.6,23500000
9,9,9.6,28500000
2,3,16,18500000
3,3,6.2,20000000
6,6,1.2,195000000
2,2,4.4,3000000
2,2,4.2,5700000
1,1,2.2,2700000
3,3,7.3,11500000
8,6,4.8,22000000
0,0,10,62500000
4,4,10.7,38000000
3,3,7.6,25000000
6,5,1,132500000
3,2,5,13000
2,2,8.9,60000
0,4,10.7,90000
2,2,16,70000
4,4,3,75000
2,2,6,35000
2,2,4.2,60000
2,2,2.2,25000
0,0,4.8,25000
4,4,1,180000
4,6,1,120000
2,2,3.8,35000
3,3,2,140000
0,0,4.8,27000
0,2,4.2,40000
2,2,8,40000
3,3,5.1,55000
3,3,8,75000
4,4,13.2,75000
2,2,4.9,35000
2,2,3.1,30000
2,2,2.9,22000
2,2,2,32000
0,0,4,45000
3,3,7.1,40000
10,10,1,300000
2,3,4.9,28000
3,3,1,115000
5,4,1,350000
2,2,5.6,22000
2,2,2,27000
2,2,5.3,39000
2,2,2.9,15000
3,3,16,60000
2,2,5.3,90000
8,5,1.2,350000
3,3,1,135000
2,2,4.2,25000
10,11,2,140000000
4,4,15.1,31000000
6,6,11,42500000
10,11,4,300000000
10,10,1.4,80000000
0,3,12,45000000
6,6,8,35000000
5,5,10,37500000
9,9,16,60000000
5,5,1,65000000
4,4,1,91500000
2,2,3.6,4500000
1,1,2.7,3800000
6,6,12,19000000
5,5,1,250000000
5,5,10,15000000
6,6,1,56500000
5,5,1.3,105000000
3,6,4,13500000
1,1,2.9,3500000
2,2,4.4,4000000
4,4,8,23500000
7,5,7,14500000
3,2,6.7,6000000
0,0,40,120000000
2,3,3.2,3500000
6,4,7,13500000
3,3,7.1,5500000
3,2,4.2,5200000
3,3,9.1,12000000
6,5,14,35000000
0,0,1.1,1700000
4,4,17.8,17500000
4,4,3.5,7500000
0,0,1.3,82500000
2,2,5,2800000
2,2,4.6,7500000
7,6,12,19900000
3,6,6,15500000
3,2,6,9500000
0,0,1,150000
2,2,4.9,38000
3,3,12,28000
6,6,1.1,180000
0,0,1,200000
2,0,13.3,10000
3,3,14,70000
5,4,1.2,600000
5,5,1,100000
0,0,3.2,35000
3,3,3,130000
4,4,12,45000
5,5,10,68000
3,2,10,45000
6,5,1,420000
3,3,1,80000
4,5,1,300000
3,3,7.1,39000
3,4,12,48000
6,5,1.2,325000
4,3,14,40000
1,1,3.6,19000
0,0,2.7,17000
0,0,1,90000
1,1,1,16000
8,10,9,100000
2,2,5.3,30000
6,6,1,100000
3,3,1,50000
3,3,14,60000
4,4,1,50000
0,0,1.2,150000
2,2,8,25000
6,5,1.2,350000
5,4,4,55000
2,2,5,10000
7,6,2.6,1500000
0,0,1,48500000
4,3,5,11800000
4,3,5,10500000
6,4,8,16500000
4,3,5,11500000
6,8,6,8000000
3,2,5,7000000
2,4,3,4600000
4,3,6,7000000
3,4,6,8500000
2,4,5,8500000
4,5,10,12500000
5,4,5,9500000
4,3,3,3800000
1,2,5,3500000
6,5,10,23500000
6,5,7.5,24500000
0,0,7.5,24500000
0,0,1,40000000
1,2,4,3500000
6,7,1,30000000
2,3,4,8900000
6,5,10,18000000
4,4,10,26000000
2,2,4,4500000
9,8,2.2,60700000
2,2,10,17000000
0,0,2.5,2600000
2,4,3,4200000
2,2,5,4000000
0,0,2,160000000
6,5,10,15000000
1,1,3,3600000
6,5,5,24000000
3,3,5,12000000
3,3,5,12000000
3,3,5,12000000
3,3,5,12000000
3,3,5,12000000
3,3,5,12000000
3,3,5,12000000
3,3,5,12000000
3,3,5,12000000
3,3,5,12000000
3,3,5,12000000
3,3,5,12200000
3,3,5,12200000
3,3,5,12200000
3,3,5,12200000
0,5,13,22000000
5,4,7,10500000
6,5,5,11500000
4,3,1,24000000
5,5,1,58500000
4,3,5,12500000
3,4,3,7500000
4,5,6,12500000
6,5,1,60000000
2,3,3,3000000
6,5,7,16500000
5,4,6.2,11000000
4,4,3,4800000
2,4,3.5,8000000
3,5,4,16000000
5,5,13,21000000
7,5,15,35000000
4,4,5,80000000
3,3,5.8,4000000
7,9,5,5500000
4,4,16,22500000
7,5,10,15000000
4,4,5,8000000
4,10,8,20000000
6,5,6.5,12500000
6,5,7,13000000
5,10,3,7500000
4,5,7,15000000
9,6,1,30000000
6,7,3.5,7500000
6,4,7,13000000
5,5,4,12000000
7,5,1,25000000
6,6,11,30000000
1,2,4,3500000
2,3,2.5,5500000
4,4,4,18000000
3,4,12,15000000
3,2,6,5500000
2,2,5,5500000
6,5,8,12500000
3,3,5,9000000
4,4,7,11000000
6,5,10,24000000
3,3,7,11000000
3,3,5,8500000
9,6,9,22500000
2,2,6,4400000
0,0,5,2900000
8,6,10,25000000
1,1,3.5,4500000
3,3,5,7000000
6,6,17,35000000
4,4,11.8,12200000
0,4,14,18000000
0,0,4,25000
0,0,5,35000
5,4,10,80000
4,4,2,110000
3,3,10,32000
2,2,7,24000
3,3,12,50000
4,3,10,30000
3,3,1,30000
3,3,1,32000
2,1,3.6,48000
3,2,5,18000
1,1,1.6,11000
4,4,1,45000
1,2,2,3500000
4,6,6,8900000
6,8,8,10000000
6,6,1,32000000
3,3,8,13000000
2,2,3,2290000
6,5,1,47000000
3,3,10,19500000
7,6,2,48000000
8,8,1.2,65000000
2,2,4.8,8600000
3,3,5.6,9800000
3,3,3.4,5500000
2,2,5.3,25000000
2,2,4.3,18500000
6,6,11.2,45000000
0,0,17,60000000
5,4,1,95000000
4,9,3.2,8600000
6,5,1.2,180000000
7,0,8,30000000
3,4,2.6,3600000
3,4,6.4,2700000
2,2,4.8,6500000
2,3,3.6,4500000
7,6,1,95000000
2,2,4,16000000
1,2,2,2400000
2,2,2.8,5500000
3,3,6.2,6500000
4,3,1.2,115000000
6,8,6,11000000
0,0,3.8,7000000
5,6,16,27700000
4,4,12,32500000
4,4,3.2,8000000
4,6,12,18000000
3,3,9.6,25000000
4,3,6.9,25500000
0,0,4.9,19500000
3,3,3.6,3500000
3,3,7.6,20000000
4,4,8.4,25000000
0,0,5.1,7750000
3,3,6,15500000
7,6,1,95000000
2,2,4.8,4800000
5,5,14,96000000
7,6,1.2,180000000
2,2,4.2,5500000
3,3,4,45000000
3,3,7.8,22500000
4,4,4.8,8000000
2,3,4,7000000
4,3,4.8,7300000
1,2,1.8,2700000
6,10,7.5,13000000
7,10,4,14000000
3,3,12,28000000
3,3,5.8,8500000
2,2,4,4500000
4,4,4,47500000
1,1,2.8,4000000
2,3,2.4,6600000
6,7,4.8,12500000
3,3,4.8,6000000
3,3,5.3,9900000
5,5,4.8,17500000
2,2,4.2,7500000
2,2,2.9,7800000
9,9,6.3,47500000
6,10,10,40000000
0,0,1.6,2500000
6,6,4.8,13500000
4,3,4.8,9500000
2,4,5.3,3200000
4,8,3.2,8000000
2,3,4.4,5000000
4,6,3.2,9000000
3,6,5.1,17500000
2,5,5,6500000
4,6,3.2,8600000
3,2,5.2,4700000
2,2,4.9,5000000
0,6,9.6,28500000
0,6,4.8,16000000
0,3,7.6,7900000
0,3,5.3,7800000
0,2,5.9,11500000
6,5,1.2,170000000
5,4,12,60000000
7,7,2,150000000
7,6,1,119000000
4,4,8.9,30000000
7,6,1,90000000
6,5,17,115000
0,4,4.9,35000
2,2,4,23000
4,3,16,52000
2,2,3.3,25000
0,0,5.2,22000
1,2,2.8,25000
4,3,1.2,150000
3,2,4.8,28000
3,2,6.4,35000
5,4,12,200000
5,5,14.4,200000
2,2,12,90000
6,6,2,1450000
2,3,1,250000
3,3,9.8,35000
5,3,16,60000
5,3,16,60000
2,3,4,22000
2,2,4.8,25000
2,2,4.8,18000
2,2,4.8,28000
2,2,4.4,22000
6,5,2,400000
2,2,4.8,25000
2,2,3.2,15000
4,4,2.4,200000
0,3,5,15000000
10,10,2,75000000
3,3,14,66000000
2,2,8.4,50000000
4,3,5,9100000
4,4,8,32500000
3,3,4,8700000
7,5,7,16500000
6,6,10,15000000
4,3,10,16500000
5,4,5.6,12000000
3,2,6,4800000
4,4,5,25500000
3,3,8.5,12800000
8,6,1,38000000
3,3,10.7,9800000
3,2,7,9500000
2,2,3,3100000
1,1,3,4000000
4,5,14.2,41000000
5,7,11,18000000
4,4,1.2,120000000
2,2,3.3,5500000
8,6,10,16500000
3,3,1.3,110000
3,3,1,80000
3,3,14,38000
3,3,1,40000
3,3,1,45000
4,4,1.2,55000
4,3,4,55000
3,3,10,45000
3,3,10,45000
3,3,12,60000
10,8,1,260000
6,6,2,350000
4,3,4,300000
3,6,10,45000
3,2,3,12000
6,5,2,300000
10,9,1.3,800000
6,5,2,300000
6,5,2,300000
3,2,7.8,25000
1,1,1.8,32000
6,5,2,300000
3,3,1,50000
4,3,1,110000
5,4,1,60000
3,3,10,45000
2,2,9,15000
3,3,1,50000
8,6,1,90000
2,2,7,25000
4,5,1,180000
5,4,1.1,350000
6,5,6,90000
0,1,1,20000
6,10,1,150000
3,3,5,60000
5,4,5,57000
2,2,5.6,15000
2,2,5.6,16000
5,4,5.6,35000
4,4,11.4,70000
3,3,16,38000
3,2,1,40000
7,5,12,23000000
0,0,2.5,3000000
7,7,2.3,200000000
3,5,5,11500000
8,8,10,22000000
2,3,5,11500000
2,3,5,9000000
2,0,4,8500000
4,3,3.5,9500000
3,4,6.5,12700000
5,5,10,27000000
3,3,5.5,12000000
3,3,10,28000000
4,3,3.3,35000000
6,5,10,28000000
5,5,1,37500000
4,3,5,11000000
3,3,5.6,21000000
3,3,4,9000000
3,3,4,7000000
6,5,10,18500000
6,5,10,19000000
2,4,2.5,5000000
4,4,5,11000000
4,3,5,9700000
5,5,3,5500000
7,6,1.1,53500000
7,5,1,25000000
5,4,15,24500000
0,0,5,6500000
1,2,5,4800000
3,2,5,9200000
0,0,10,16600000
3,2,3,3600000
2,2,3,7900000
0,0,3,3500000
5,4,10,37500000
4,3,4,8300000
5,4,3,8800000
3,3,10,22000000
6,5,10,15500000
1,1,1,1300000
3,2,5,4600000
1,1,4,2600000
1,2,3,3100000
3,4,4,10000000
4,3,5,12500000
6,6,10,19000000
5,5,5,12500000
1,2,3,2500000
6,5,10,19500000
3,3,3,7000000
6,5,2,60000000
3,3,3,7500000
6,5,1,55000000
2,2,2.5,4000000
0,0,1,60000000
3,3,2.5,4600000
6,5,2,47500000
4,3,5,11800000
2,3,10,13000000
4,4,6,8700000
4,3,5,12500000
5,4,10,15500000
4,3,5,11000000
5,5,1,28000000
2,2,3.5,4200000
4,3,10,27000000
5,4,10,18500000
3,3,3,4000000
2,1,3,4200000
6,5,1,47500000
5,7,7,9500000
3,2,8.5,36500000
2,5,5.2,7000000
2,4,5,7500000
0,4,7.5,25000000
6,5,10,13500000
1,4,4,2700000
4,4,5,6900000
6,5,8,16500000
4,0,7,7500000
3,5,4,9000000
0,0,2.2,3000000
4,3,7,12500000
2,2,2.5,2800000
4,5,10.3,35000000
6,4,7,10500000
6,5,7,13500000
2,2,3,9800000
5,5,12.1,21000000
5,6,6,7500000
5,4,5,9000000
7,10,1,40000000
5,4,5,9000000
6,5,7,14000000
4,5,5,17000000
5,5,10,23500000
2,6,5,12500000
2,2,2.8,3200000
5,4,10,24000000
2,2,2.7,3800000
3,6,4,8500000
5,5,7,13200000
1,1,3.4,4000000
2,2,4.7,5900000
2,2,4.9,5500000
6,6,6,9500000
3,2,5,8000000
8,8,1,25000000
0,0,1,60000
2,2,5,45000
3,3,10,24000
0,0,7,65000
3,3,1,50000
4,4,10,27000
0,1,1,10000
0,1,1,10000
0,1,1,10000
7,7,1,60000000
2,3,7.6,7900000
1,2,1.6,2500000
7,6,1,100000000
2,3,2.9,4500000
0,0,4.8,15500000
2,2,3,5400000
6,6,4.8,35000000
9,9,4.8,29000000
2,3,3.8,6000000
7,6,18.3,110000000
3,3,5.6,7500000
3,3,9.2,16000000
5,5,6,12000000
7,6,2,200000000
0,5,2,145000000
2,3,6,9500000
3,3,6.1,13500000
6,10,2.6,90000000
6,6,1.1,140000000
4,5,4.8,28000000
3,3,6.4,8200000
2,2,4.2,5200000
5,5,16,56000000
6,6,1,75000000
2,2,4.8,7200000
8,8,16,75000000
2,2,4,4700000
3,4,3.2,4700000
2,3,4.4,6000000
0,0,7.1,27500000
0,0,3.2,9000000
0,0,4.8,22000000
0,0,12.9,35000000
1,2,3.1,3400000
1,1,1.6,2500000
0,0,9.6,39500000
4,6,3.3,7500000
3,3,4.8,6000000
3,7,2.4,12000000
5,3,5,6500000
3,5,5.3,13000000
5,4,12.4,45000000
4,4,5.8,13000000
8,8,16,48500000
3,3,8,50000000
3,3,10.7,22500000
2,2,4,7600000
2,2,4.1,6500000
4,4,9.1,29000000
2,2,3.8,6500000
2,2,4.4,4600000
5,6,8,21000000
4,4,1.2,41000000
2,2,5.6,12500000
10,11,11.5,36500000
2,4,4.8,8500000
2,2,2,6300000
2,2,3.4,4200000
7,7,2,120000000
7,7,16,37500000
2,4,2,5800000
1,1,1.6,3000000
5,8,12.6,20000000
2,2,3.1,3750000
3,3,9.4,12000000
3,3,8,26500000
6,4,4.8,18500000
0,0,4.9,6800000
3,4,6.8,6000000
3,3,6,8800000
0,0,1.3,220000000
2,1,3.6,4500000
8,10,16,41000000
1,1,2.9,3250000
3,3,6.2,16000000
2,3,3.6,12500000
6,9,7.2,10000000
2,3,2.7,3500000
5,4,14,215000000
2,4,4.4,7000000
0,3,6.6,55000
3,3,1,65000
4,3,8,50000
3,3,9.6,45000
4,4,16,50000
4,4,16,50000
3,3,5.8,35000
4,3,1,135000
2,2,4.2,28000
5,6,4.8,32000
0,0,4.2,25000
3,2,6.7,35000
0,0,7.8,65000
4,4,4.8,125000
3,3,8,50000
3,3,8,50000
3,3,8,65000
3,3,5.2,40000
3,2,4.8,35000
4,4,8,70000
3,3,4.9,55000
2,3,16,35000
5,5,2.2,140000
2,2,3.2,10000
3,3,6,35000
6,6,9.6,70000
2,2,3.1,23000
5,4,5,11000000
0,0,4.2,8500000
6,6,14,26500000
4,3,20,100000000
4,4,7.3,24000000
3,3,5,5200000
4,2,3,2500000
0,7,14.2,40000000
5,5,12,41000000
2,2,3.1,3100000
2,3,4,3500000
6,4,5,5500000
6,6,16,85000000
5,5,6,10500000
5,5,1,38000000
3,3,6.1,6300000
7,6,10,15000000
2,2,3.6,5800000
5,5,10.9,20000000
6,7,14.2,26000000
4,4,7,13500000
4,3,5,14500000
0,3,9.8,18000000
2,2,5,4500000
2,2,6,5600000
2,2,8,32000
3,2,7,19000
3,3,5,25000
5,5,15,25000
6,4,6,45000
3,3,5,20000
3,3,12,17000
3,3,14,38000
3,5,4.4,37000
2,2,12,60000
3,3,8.5,48000
2,2,5.5,35000
2,2,7,23080
1,1,2,15000
3,3,5,12000
2,2,7,23000
6,6,1,120000
4,3,1,90000
5,5,1,240000
3,4,4,50000
3,3,14,70000
4,4,5,33000
0,0,7.2,30000
2,2,4,12000
3,2,11.1,75000
0,0,4.9,32000
2,2,5,35000
2,2,6.7,35000
5,5,1,145000
3,2,12,30000
2,3,10,28000
3,3,1,40000
2,2,5.3,80000
3,3,2.2,6500000
0,0,4,9800000
5,5,2,120000000
4,3,3,9000000
4,3,1,24000000
4,3,3,5500000
6,6,1,29500000
4,3,3,9000000
4,5,8,32500000
4,5,1,47500000
7,8,1,65000000
2,4,5,7500000
2,3,5,9500000
5,6,10,11000000
2,0,3,3000000
2,2,6.5,22500000
3,4,3,6500000
1,2,5,4500000
3,3,5,11000000
6,6,2,95000000
4,6,5,17000000
8,7,1,29000000
5,4,5,9000000
6,5,1,25500000
2,1,3.5,5000000
3,2,10,13000000
5,6,10,17500000
6,5,10,17500000
8,5,10,17500000
4,5,10,16000000
5,4,6.5,18500000
2,3,3,4500000
5,4,14,36500000
6,5,1,60000000
5,4,12,17800000
5,4,8,13800000
0,0,10,35000000
4,3,4.5,7800000
3,3,5,8900000
4,5,1,47500000
4,10,4,9000000
2,3,5,10000000
6,5,8,18500000
4,3,5,11600000
4,3,5,11700000
3,6,5,9500000
3,2,3,4300000
3,4,4,8000000
5,4,1,32500000
3,3,2,5500000
5,4,1,37500000
6,5,1,35500000
1,1,3,3850000
3,4,3,5000000
3,6,5,6500000
3,3,7,12500000
6,5,10,19000000
8,7,1,52500000
5,5,10,17000000
4,3,8,12500000
6,5,10,16500000
6,5,10,22500000
3,3,4,6000000
4,3,5,11500000
3,3,5,10700000
3,3,3.5,9300000
0,0,5,7000000
1,1,5,7000000
3,3,5,8500000
5,7,11,15000000
3,3,5,13200000
5,5,10,16500000
5,4,5,10500000
5,5,5,9500000
3,3,6,6000000
1,2,4,3000000
2,3,3,9000000
2,2,6,8500000
4,4,3.5,13000000
2,2,11,23000000
3,2,10,12500000
3,3,10,12500000
6,5,15,32500000
1,2,5,4200000
4,5,10,35000000
7,6,1.1,77500000
5,4,4,7500000
5,4,1,45000000
6,5,5,8000000
1,2,3,4000000
6,6,11.6,21500000
6,4,10,14500000
5,5,10,20000000
0,0,5,8500000
3,4,5,3500000
6,4,14,30000000
3,2,5,5000000
6,4,7,15000000
4,6,10,22500000
4,3,5,11000000
5,11,10,12500000
6,7,5,11000000
4,4,10,22500000
4,4,5,10500000
5,4,10,20700000
6,10,1,37000000
3,2,5,6900000
4,4,6,10000000
6,6,1,36000000
5,6,8,15000000
3,2,5,7000000
2,2,5,4250000
6,5,10,21600000
1,2,2,2900000
2,2,4.2,6300000
2,3,3,3000000
2,2,5,4800000
6,5,7,13500000
5,6,10,27500000
2,4,9,5000000
3,3,7,4500000
7,6,10,23000000
7,6,11.5,18500000
2,3,9.5,5000000
6,6,6,8500000
4,4,19.8,23000000
5,4,7,12000000
4,4,5,6500000
7,6,1,135000000
8,6,9.6,42500000
3,3,9.6,24000000
4,4,5.9,18500000
2,4,4.8,3700000
3,3,3.2,5200000
2,2,2.4,1500000
7,6,9.6,26000000
3,5,3.6,8200000
7,6,1,95000000
3,3,7.8,27500000
3,3,4.8,6548000
0,0,4.8,13000000
0,0,4.8,48500000
3,3,9.6,14000000
0,0,4.8,10500000
4,4,4,39500000
2,2,4.8,8500000
4,4,4,38000000
5,4,4.8,42500000
5,5,2,125000000
5,5,4.8,42500000
4,3,4,29500000
3,3,4.8,44500000
3,3,5.8,7000000
9,8,6,14000000
5,4,14,97500000
5,5,4.8,31000000
0,0,6.7,2850000
0,0,8,13500000
4,8,5.9,17000000
8,6,1,134500000
5,5,6,40000000
2,2,2.7,3300000
0,0,4.2,12000000
2,4,4.8,6500000
6,8,16,48000000
8,8,16,45000000
7,6,4.8,14000000
6,10,4.8,19000000
2,3,3.3,3900000
2,2,3.2,6500000
2,2,4.7,5000000
2,2,4.2,7800000
0,0,5,6500000
4,4,4.8,45000000
2,2,4,4500000
2,2,3.8,6000000
4,4,4.8,19500000
4,6,4.8,23000000
3,3,4.3,6500000
2,2,4.1,7500000
3,4,16,38000000
0,0,4.8,8500000
8,8,16,55000000
0,0,1.8,140000000
2,2,2.6,1900000
3,2,4.8,3000000
2,2,4.8,6800000
2,2,5.3,8000000
5,5,8,25000000
4,3,4,28000000
2,2,3.5,3400000
3,3,8.9,14000000
3,3,6.7,17000000
2,2,3.8,4200000
4,6,3.2,7500000
2,2,3.5,3400000
2,2,4.4,4500000
2,2,3.2,5400000
10,10,2,230000000
3,3,7.6,16500000
5,4,3.2,6500000
2,2,2.8,2400000
3,4,9.6,10000000
2,3,8,64500000
3,3,6.7,6900000
2,2,5.2,12000000
2,2,5.1,9200000
6,6,2,250000000
0,0,5.3,17500000
6,6,1,116000000
3,3,8,14500000
6,6,4.8,23500000
2,2,4.8,16500000
3,2,4.8,7500000
7,6,8,40000000
3,3,4,6000000
4,4,14,101000000
3,4,8.4,15000000
0,0,4.8,42500000
2,2,4.4,6200000
2,2,2,1350000
3,3,8.9,60000000
3,3,4.9,8500000
4,3,8.9,21000000
2,3,4.6,7200000
2,3,6.2,22000000
0,2,2.4,5800000
3,3,9.3,40000000
2,2,4.8,10200000
3,3,5.6,7200000
3,3,5.8,13000000
3,3,16,18500000
2,2,4.1,8500000
0,2,4.9,5500000
2,2,3.6,2000000
2,2,2.4,2500000
2,2,4.2,4400000
3,8,3.2,9500000
2,2,3.1,32000
7,6,1,350000
0,0,1,150000
4,3,1,160000
2,2,4.8,25000
3,3,9.6,30000
7,6,1,265000
3,2,4.8,25000
5,5,2,350000
3,3,9.6,35000
3,3,9.6,37000
2,2,4.2,20000
3,3,5.6,28000
0,0,4.8,23000
3,3,6,35000
3,3,6,35000
3,3,9.6,45000
2,2,5.6,20000
0,2,4,30000
0,2,4.3,35000
3,4,16,50000
3,3,5.1,40000
3,4,4.8,30000
2,2,3.6,21000
3,3,5.6,45000
5,5,14,170000
3,3,4.8,50000
3,3,6.4,35000
2,2,4,25000
4,3,10.7,60000
2,3,6.2,45000
0,0,6.7,17500
2,2,3.1,5300000
3,2,5,4500000
2,3,3,2800000
8,8,4,340000000
7,6,1.2,49000000
6,6,1.3,100000000
3,4,1,18000000
2,2,3,3300000
6,5,7,15000000
3,2,4.9,4500000
8,4,9.3,11700000
0,0,28,600000000
2,2,9.4,19000000
3,3,8,17000000
4,4,10,26000000
6,4,5,9800000
6,6,10,165000000
3,3,8,4500000
3,3,4,3900000
1,2,4.6,6500000
0,0,10,16000000
6,5,6,9000000
6,5,5,9000000
6,5,1,34000000
0,2,4.9,8000000
0,2,4.9,8000000
0,2,3.3,7000000
0,1,2.5,3600000
0,3,4.4,8000000
0,3,4.4,8000000
0,2,12.7,18500000
2,2,3,3000000
3,2,1.6,30000000
4,4,7,14000000
2,3,5,4400000
0,0,6,13500000
2,4,2.5,3000000
2,2,3.1,30000
7,7,1,99000
1,1,5,15500
3,3,12,65000
5,5,14,110000
2,2,1,125000
4,4,3,120000
2,2,6,20000
0,0,5,35000
0,0,4,25000
0,0,5,35000
4,3,5,35000
3,2,5,25000
4,3,3,25000
4,3,5,35000
5,4,6,38000
5,4,10,62000
3,3,15,35000
2,2,7,26000
3,4,7,25000
1,1,2.2,12000
5,5,10,65000
3,3,1,45000
3,2,10,35000
2,3,11,25000
6,5,10,65000
2,2,8,27000
2,2,5,32000
1,1,1.5,3006000
1,1,2.2,4392000
1,1,2.3,4581000
1,1,2.3,4635000
1,1,2.1,4248000
1,1,2.1,4340000
1,1,2.2,4500000
1,1,2.2,4410000
1,1,2.1,4240000
3,3,5,12000000
3,3,5,12000000
3,3,5,12000000
3,3,5,12000000
3,3,5,11500000
3,3,5,11500000
3,3,5,11500000
3,3,5,11500000
3,3,5,11500000
3,3,5,11500000
3,3,5,11500000
3,3,5,11500000
3,3,5,11500000
3,3,5,11500000
3,3,5.8,14000000
0,0,15,32500000
4,4,5,6500000
3,4,3,4800000
6,5,10,22000000
4,3,5,12300000
3,6,4,11000000
6,6,10,18500000
2,2,2.5,3200000
3,3,10,13500000
4,3,5,9000000
4,4,5,11500000
5,10,7,9500000
5,10,7,11000000
4,3,12,22500000
4,4,12,27500000
6,4,12,15500000
6,4,10,25000000
0,3,3,5000000
5,4,10,16000000
3,3,10,14200000
4,6,5,6500000
4,3,3,4800000
3,4,3,7500000
1,4,5,5000000
2,1,4,5000000
6,6,12,21000000
6,6,1,32500000
3,3,4,6000000
5,4,5.5,10000000
5,4,5,13000000
2,5,3,5500000
5,5,10,24000000
5,5,10,24000000
2,2,3.3,6700000
0,0,10,200000000
3,2,5,9000000
0,0,3,6700000
2,3,3,5200000
2,1,3,2200000
4,4,7,16500000
4,3,6,11000000
0,0,9.4,11000000
4,5,4.5,9000000
2,3,2.7,5700000
5,4,3,8500000
3,5,1,20000000
5,4,5,10500000
3,3,1.2,50000000
6,5,1,55000000
3,3,3,6000000
2,2,2.5,2500000
5,4,5,11000000
5,5,10,24000000
4,3,5,10500000
3,3,5,12000000
3,3,5,12000000
3,3,5,12000000
3,3,5,12000000
3,3,5,12000000
3,3,5,12000000
3,3,5,12000000
3,3,5,12000000
3,3,5,11500000
3,3,5,11500000
3,3,5,11500000
3,3,5,11500000
3,3,5,11500000
4,3,5,9500000
4,4,3.5,8000000
6,4,1,25000000
0,0,10,17500000
2,4,2.5,3800000
7,5,1,27500000
5,4,10,11500000
1,2,2,2500000
5,4,10,25000000
4,4,3,9800000
3,3,2.5,4300000
0,0,4,6500000
2,2,6,9000000
4,3,2.5,7800000
3,3,2,4000000
4,6,5,11000000
4,2,2.7,3450000
3,3,3.5,5000000
3,4,3,9500000
1,1,2.4,3300000
2,3,2,2650000
4,3,5,9200000
3,3,5,7500000
4,6,9,8500000
5,5,1,40000000
1,3,3,5500000
0,0,6,6000000
0,0,15.3,25000000
3,3,2.5,2700000
9,9,7,15000000
5,4,3,5000000
5,6,7,9500000
6,7,10,14500000
1,2,5,2500000
2,2,1.8,2800000
5,6,7,13000000
6,7,4,8900000
2,1,3.6,7500000
5,5,10,13500000
5,11,7.9,15000000
5,5,4,7500000
5,3,5,11000000
0,0,4,10000000
2,2,5,4200000
6,5,3,10000000
4,4,10,27500000
7,6,10,24900000
4,4,3.3,4800000
6,7,10,15000000
6,6,9,16500000
2,2,4,8500000
3,3,5,9500000
3,2,4.8,5000000
3,2,4.8,5000000
6,4,10,23500000
4,6,8,16000000
4,10,3.7,12000000
0,0,18.8,47000000
2,2,4.8,6500000
2,2,4.8,5950000
6,6,8,25000000
5,4,14,55000000
6,6,4.8,14000000
5,5,4.8,11700000
4,4,10.2,12000000
2,2,1.8,2300000
5,5,4.8,11700000
0,0,8,3600000
7,6,2,250000000
7,6,2,280000000
2,2,3.6,5400000
2,3,5.3,8200000
3,3,6.7,25000000
3,3,2.4,2700000
4,4,4.8,15000000
4,3,8,17500000
3,4,4.8,9500000
2,2,2,2800000
4,6,3.2,5000000
3,3,8,16000000
3,3,6.7,10700000
3,3,5.1,6000000
7,6,6.4,7200000
2,2,4.4,7800000
2,2,4.2,4450000
2,2,4,5200000
3,3,16,30000000
2,3,9.6,13000000
2,2,3.6,3000000
4,4,8,30000000
2,2,2.8,6000000
3,3,6.7,14000000
0,0,1.2,25000000
6,4,4.8,4000000
3,3,4.7,3100000
4,4,5.3,18000000
3,2,4.2,4600000
3,4,5.1,3400000
5,4,12,76500000
3,4,12,25000000
5,7,1.2,61000000
6,2,3.3,9000000
2,2,3.1,3500000
3,3,9.8,19500000
3,3,4,29000000
4,4,4.8,11000000
3,3,9.8,18500000
5,5,1,102500000
4,3,12,38000000
2,2,6,14000000
4,4,3.2,7100000
2,2,4,4500000
7,6,2,300000000
5,5,9.6,33500000
2,2,4.8,6200000
6,6,16,50000000
6,6,1,125000000
2,2,4.8,7000000
3,3,6.7,19500000
2,2,3.1,2800000
2,2,3.9,4000000
4,7,4.8,18000000
5,4,17,67500000
2,2,4.7,5500000
1,3,5.3,5000000
0,3,5.8,16000000
3,3,6.4,9500000
2,2,4,8500000
3,3,16,40000000
0,0,12,50000000
2,2,4,6700000
8,7,9.6,45000000
6,6,9.6,21000000
3,3,7.1,16500000
3,5,4.9,7000000
0,0,4.2,13000000
4,4,4.8,10500000
2,2,4.8,10500000
4,4,4.8,12500000
4,4,4.8,13500000
2,2,1.6,2500000
0,0,5,12500000
4,4,4.8,14000000
6,6,9.6,23500000
4,4,4.8,13000000
0,0,3.6,6000000
6,6,9.6,32500000
4,4,11.6,11000000
2,4,3.2,2700000
6,5,4.8,5000000
2,2,1.6,2500000
6,5,4.8,5000000
2,2,5.6,9500000
6,5,1.2,164900000
5,4,4.8,48000000
2,3,8.4,9300000
3,0,9.6,25000000
2,3,3.4,2100000
3,3,16,29000000
6,6,2,185000000
10,11,4.8,26500000
2,3,3.1,2500000
5,4,1.2,41000000
2,2,4,5000000
1,2,3,15000
0,0,4.8,23000
2,2,1.2,150000
3,3,8.2,58000
0,3,8,45000
0,0,1.2,700000
2,2,2,27000
3,3,12,100000
4,4,16,40000
6,6,16,135000
3,3,4.8,40000
4,3,4.8,38000
3,3,3.8,30000
1,2,3,15000
4,4,4,100000
3,3,8.9,90000
0,0,8.9,65000
5,5,10,130000
4,4,8,70000
2,2,3.6,20000
2,2,4.8,23000
2,2,5.3,25000
0,0,10,150000
3,3,4.2,55000
4,3,1,80000
2,4,4,20000
3,3,8,40000
0,0,3.2,15000
5,5,4,65000
3,5,6.7,35000
2,2,4.2,45000
2,2,4.2,45000
2,2,5.3,13000
2,2,4.8,28000
2,2,4,30000
2,2,6.4,25000
1,1,13.3,20000
5,5,1,170000
3,3,10,36000
7,6,1,190000
2,3,5.6,33000
6,6,2.4,400000
1,2,12,18000
2,2,4,40000
4,3,1,45000
3,3,12,120000
4,3,13,110000
3,2,5,25000
3,4,10,75000
4,3,4,45000
2,2,7,40000
2,2,1.3,250000
3,3,15,45000
3,3,9.1,10000000
2,2,3.5,4000000
0,0,6,8500000
5,5,4,16000000
4,4,15,25000000
0,0,5,9500000
6,6,1,70000000
8,7,10,31500000
3,2,4.9,8300000
6,4,5,9500000
8,8,1,30000000
5,5,10,37500000
0,0,13.9,52500000
0,0,4.4,14500000
2,4,5,4500000
3,2,5,6500000
5,7,5.4,10000000
3,5,6,21000000
5,6,10,9500000
3,3,5,4500000
6,4,12,29000000
6,7,7,28000000
1,1,0.9,10000
5,4,1,40000
2,3,5,17000
2,3,5,17000
3,3,7.5,25000
0,0,5,23000
0,2,10,18000
2,2,9,30000
3,3,14,30000
2,2,5,20000
4,4,1.2,40000
3,3,1.2,38000
4,3,12.4,34000
5,9,15,150000
4,3,12.4,33000
2,2,5,10000
2,3,10,35000
6,5,10,55000
4,3,1,55000
6,5,10,52000
6,5,11,21000000
0,0,4,7300000
4,4,4.5,8000000
3,3,2.5,4300000
2,4,5.5,8500000
3,4,3,6000000
0,0,5,5000000
4,4,3,3400000
4,3,3,6500000
6,6,5,11500000
5,5,1,55000000
0,0,2.1,4645000
2,4,2.5,3350000
3,4,12.5,27000000
8,7,2,95000000
4,4,11,48000000
5,5,9,25000000
6,6,5,12000000
3,3,10,20000000
6,6,2,75000000
3,3,16,27500000
2,2,5.9,12100000
6,5,5,9600000
6,6,4,7500000
7,6,1,44000000
4,6,5,17500000
3,3,3.5,7000000
3,4,5,12500000
3,3,2,6800000
5,4,5,13500000
3,2,18,27500000
4,6,9.2,18000000
5,4,1,28500000
7,5,1,53500000
7,5,5,16800000
7,7,5,11000000
5,3,6,15000000
0,0,1,22500000
6,6,1.1,40000000
7,6,2,125000000
6,6,2.6,115000000
2,3,2,3800000
6,7,1,22500000
5,4,10,23000000
3,2,2,5500000
5,4,10,25500000
5,4,10,23000000
6,5,10,52500000
3,3,5,8000000
4,3,3,5500000
5,4,1,32500000
6,5,10,22000000
0,3,7,9000000
10,11,2,132000000
4,3,1.1,35000000
5,4,14,30000000
3,3,5,6000000
6,5,10,14000000
1,2,5,6500000
1,2,2.5,3300000
6,5,1,42500000
4,3,5,8500000
6,5,1.1,45000000
0,0,1,35000000
2,3,5,12000000
4,3,5,9000000
6,5,5,12000000
2,2,4,16700000
6,5,18,40500000
4,3,5,9150000
2,2,2.5,2485000
3,2,3,30000000
0,4,7,19000000
3,5,3.5,5500000
3,4,4.5,9000000
3,4,4,9000000
4,3,3,6000000
5,4,5,7500000
0,0,5,7800000
0,0,3,12500000
2,3,8.9,40000000
0,0,5,8000000
0,0,7,15000000
3,3,10.5,12000000
3,7,6,15000000
6,5,10,23000000
5,9,1,198000000
4,4,6.5,9500000
5,5,10,22000000
5,5,10,22000000
2,2,5,6000000
0,0,12,20000000
1,2,3,1900000
10,9,1,40000000
0,0,7.5,6500000
1,1,5.3,4200000
4,4,10,22500000
7,5,10,21000000
0,0,5,10500000
0,5,10,23500000
4,4,5,8000000
6,5,7,12000000
6,4,6,8500000
2,2,5,6000000
5,5,7,13500000
10,7,16,20000000
4,4,5,7000000
7,5,5,8000000
4,4,4,7700000
4,4,5,8800000
6,5,1,55000000
2,2,5,10000000
7,5,5,8000000
2,2,3.3,5000000
3,3,8.6,25000000
2,3,5,6100000
3,2,4.8,5000000
3,6,10,17000000
3,4,6,8500000
10,10,1,20000000
6,6,8,9900000
4,8,10,40000000
0,0,8,17500000
3,3,5,6342000
3,3,8,12500000
4,4,4.8,9000000
6,5,10,82500000
2,2,3.4,4100000
6,10,9.6,36500000
0,3,3.6,4000000
3,2,4.8,6500000
2,2,4,7200000
2,2,4.4,7400000
2,2,4.8,7700000
4,3,7.3,5000000
2,2,4.7,18500000
2,2,3.4,5000000
0,4,11,50000000
3,3,8.4,25000000
5,9,12.2,80000000
4,5,8,23000000
4,3,6.4,9990000
3,3,4.9,7000000
7,7,16,50000000
1,2,2.4,6000000
6,5,12,97500000
2,2,4.8,7600000
3,3,4.9,9000000
3,5,8,17500000
3,3,6.7,14500000
3,6,4,8000000
3,3,8,26500000
6,5,1,127500000
5,4,4.5,14000000
3,3,5.7,5200000
3,3,6,7500000
8,7,1.2,90000000
3,3,8,22500000
5,5,1.2,25000000
8,8,9.6,40000000
3,3,6.4,21500000
2,3,5.6,6000000
3,3,4.8,9000000
3,3,6.4,11000000
3,3,6.7,11500000
3,3,7.1,11500000
0,0,3.2,32000000
3,3,10.2,35500000
6,5,1,102500000
7,6,4.8,10500000
0,0,4,7000000
3,3,8,7500000
2,3,4,4700000
2,2,4.2,8500000
2,2,4.2,7500000
2,2,2,6000000
3,3,8,13000000
3,3,8,13000000
3,3,8,13000000
3,3,9.6,22500000
4,4,8,22000000
6,5,8,700000000
2,2,4.2,8500000
2,2,3.8,8000000
2,4,4.8,14000000
6,5,1,70000000
4,4,16,45000000
3,3,4.8,4200000
2,2,4.8,7000000
2,2,3.1,4200000
3,3,5,3125000
1,2,4.4,7000000
2,2,3.4,5500000
8,8,14,73500000
2,2,4.2,4500000
3,2,5,6000000
9,9,9.6,32500000
3,4,5.9,13500000
2,2,4.2,11000000
6,6,1,115000000
5,4,4.8,16500000
0,2,4,7500000
0,3,8.4,22500000
4,4,4.8,12500000
7,6,8,40000000
3,2,4.3,5400000
3,5,4.3,7500000
0,6,1.1,79000000
2,2,3.8,4000000
0,0,8,13000000
2,3,4.9,12500000
3,3,7.6,18000000
2,2,4,4500000
6,5,1,72500000
8,6,9.6,25500000
4,4,14,103000000
3,3,5.1,7500000
3,3,4.8,6000000
0,0,3.6,2000000
3,2,4.8,10000000
2,2,4.4,46000
3,3,7.1,50000
2,2,4.4,23000
3,2,4.7,35000
0,8,1,600000
4,3,10,40000
0,0,8,22000
2,2,1.6,45000
2,3,1,110000
3,3,5.6,15000
5,5,10,85000
3,3,10,30000
2,2,4,12000
3,2,4,70000
4,3,1.1,60000
2,2,8,36000
3,3,14.2,65000
4,3,1,150000
2,3,5,68000
3,2,10,25000
3,3,5,55000
3,2,8,35000
6,4,5,9500000
6,4,5,9500000
3,3,5,2600000
6,6,12,20000000
7,5,8,15500000
3,3,8,15000000
3,3,4,7600000
8,6,5,8500000
5,4,12,25000000
3,2,4,11500000
5,5,10,27000000
6,6,1,40000000
8,8,1,50000000
4,4,5,11500000
2,2,7.6,6000000
3,3,4.4,18000000
3,3,12.4,25000000
1,2,5,13500000
5,5,1,100000000
4,4,15.6,45000000
5,5,5,7800000
0,0,2,1700000
4,4,10.7,7500000
4,4,5,15400000
6,4,4.2,7500000
5,5,7,17000000
2,2,3.1,3600000
6,5,1,33000000
6,6,1,40000000
2,3,3,5000000
0,0,1,45000000
2,4,3.6,10500000
4,4,14.6,12500000
1,1,1.3,13000
0,0,10.5,100000
4,6,10.5,100000
0,0,4,25000
0,0,5,35000
0,0,1,40000
3,3,10,18000
3,4,1,32000
2,2,7.6,40000
2,3,10,28000
0,1,3.6,60000
3,3,7.5,38000
0,0,5,35000
5,5,10,55000
1,1,1,18000
2,3,5,16000
6,5,10,75000
0,0,1,115000
6,5,10,85000
2,2,6,15000
2,2,6,16000
3,2,4,22000
3,3,1,16500000
1,1,3.5,6200000
0,0,5,7000000
7,5,2,69500000
0,0,10,25000000
3,5,5,15000000
5,4,5,19000000
5,5,16,22500000
3,3,6,9500000
4,3,3.5,7500000
3,3,6,9500000
3,3,5,10500000
6,5,1,30000000
3,3,5,13500000
2,2,2.1,4200000
4,4,12,22000000
5,4,7,16500000
3,3,3,7500000
5,6,5,11000000
6,5,10,18200000
6,5,10,17500000
2,3,3.2,4500000
2,3,5,7200000
3,3,6,6000000
5,7,11,19500000
4,4,1,45000000
6,5,17,41500000
2,2,2,2600000
2,2,3,2500000
3,3,5,11500000
3,3,5,11500000
3,3,5,11500000
3,3,5,11800000
3,3,5,12000000
3,3,5,12000000
3,3,5,12000000
3,3,5,12000000
3,3,5,12000000
3,3,5,12000000
3,3,5,12000000
3,3,5,12000000
3,3,5,12000000
3,3,5,12000000
1,1,3.9,17100000
4,3,5,7000000
0,5,10,19900000
5,5,10,17500000
0,0,1,1550000
5,3,5,12000000
5,6,5.4,12000000
6,5,10,18200000
5,3,4,6500000
4,3,3,8100000
3,3,5,12000000
2,2,3,4100000
4,0,9,15000000
4,6,3.5,19000000
6,6,1,55000000
4,3,5,12000000
4,3,5,12000000
3,3,3,4800000
5,9,7,37000000
7,5,8,9900000
5,4,5,9000000
6,5,7.5,15000000
5,4,3.7,8000000
5,4,10,40000000
6,5,7,15000000
3,4,11,7500000
7,6,2,102500000
3,3,5,8500000
8,6,16,27500000
4,3,5,9300000
5,5,8.4,12500000
0,0,10.7,35000000
1,2,1.2,1550000
4,5,10,21000000
6,4,8,11700000
2,3,2.5,5500000
5,4,5,5500000
3,4,2.5,4800000
4,4,11,30000000
6,4,10,18000000
2,3,7,12000000
3,3,11,9000000
3,3,5,9500000
5,4,6,9000000
2,5,5,6500000
1,2,2,2800000
2,3,3,3500000
3,5,10,9500000
0,0,6,13500000
4,4,7,6500000
2,4,2.5,4500000
1,4,5,5000000
5,4,10.6,20000000
4,4,5.7,10500000
3,3,5,8000000
1,2,3,4000000
2,4,1,35000000
6,5,10,24500000
6,6,10,21500000
2,4,5,8500000
0,0,3.5,3700000
5,4,7,11000000
3,6,3.5,6500000
5,4,7,12000000
4,4,5.2,10200000
2,2,4,3200000
3,2,5,4800000
1,2,5,2800000
2,2,5,3500000
4,3,10.5,15500000
4,4,7,19500000
3,6,9,20000000
2,4,5,8500000
8,7,12,16000000
0,0,4,2500000
7,5,17.8,20000000
3,2,5,4500000
1,2,2.5,2500000
5,9,10,13000000
2,2,4.2,6500000
5,5,8,15000000
2,2,3.8,5000000
5,5,10,21500000
6,6,7,12900000
4,4,16,55000
3,3,5.1,30000
3,3,6.7,70000
3,3,8,65000
5,4,14,85000
0,0,6.2,30000
2,2,3.1,14500
2,2,3.6,20000
1,1,5,10000
3,3,1,130000
1,1,2.2,13000
5,4,2,290000
3,3,5.2,42000
3,3,9.6,32000
3,2,4.9,28000
3,3,1,80000
3,3,8,34000
3,3,12,45000
3,3,9.6,35000
2,2,1,45000
3,3,5.6,32000
3,3,8,70000
3,3,5.8,25000
2,2,2.9,16000
7,6,2,220000000
7,6,2,170000000
4,3,12,36000000
10,11,11.5,36500000
3,4,4,8500000
3,3,5.3,15000000
2,2,7.1,5500000
2,2,4.9,12200000
5,5,4,32500000
5,4,4,34500000
4,4,4,33000000
4,3,10.7,33000000
3,3,4.4,7300000
2,0,2.9,2600000
1,2,3.2,5500000
1,2,2.8,4500000
2,2,4.4,8500000
3,0,4.8,15000000
3,3,4.3,6300000
2,0,3.1,5000000
3,3,4.8,15000000
2,3,3.2,5500000
2,3,4.2,6600000
2,3,4.4,6000000
4,3,6.4,7500000
0,3,8,9000000
2,2,3.7,6500000
7,6,4,380000000
3,3,4.8,5000000
3,3,10.9,8500000
3,3,6,16000000
6,6,4.8,17500000
3,3,6.6,32500000
2,4,4.8,6500000
0,2,4.8,20000000
2,2,4.8,5500000
2,4,4.8,3500000
6,6,3.3,10500000
2,3,3,5500000
2,3,9.6,16000000
2,2,4.4,5000000
5,4,4,6300000
2,2,4.8,4500000
0,0,4.8,4500000
0,0,4.8,4500000
3,2,6.4,3500000
3,3,16,44000000
2,2,4.4,6200000
2,2,4.4,7000000
5,4,10.6,42500000
6,6,9.6,35000000
6,6,9.6,45000000
7,6,1,102500000
7,6,1,107500000
0,2,4.2,7200000
5,5,4.8,14500000
1,1,2.2,2600000
2,4,3.6,3000000
6,6,9.6,20000000
2,2,4.8,8500000
2,2,2.9,2400000
5,5,8,10000000
3,3,6.4,12500000
8,7,9.6,45000000
4,4,8.9,36000000
3,2,10.7,42500000
4,4,12,40000000
0,0,3.6,5000000
2,2,5.1,8200000
5,4,4.8,10000000
2,2,2.2,5800000
0,0,8.4,3500000
3,3,8,26000000
4,4,1,77500000
3,6,4,8300000
3,3,8,13500000
2,2,4.8,7000000
0,0,6,5500000
6,6,8,25000000
1,1,1.9,4200000
4,4,9.3,15500000
4,5,9.5,22500000
2,2,3.1,4200000
4,5,16,45000000
3,3,10,5900000
3,5,4.8,3750000
6,10,4.3,8000000
2,2,4.7,4500000
2,3,3.8,1350000
8,7,16,47000000
3,3,6.4,17500000
3,3,6.4,19000000
3,3,6,13500000
2,2,3.6,6200000
3,3,4.7,3200000
4,2,5.1,7000000
2,2,3.1,3200000
1,1,2.4,1300000
5,4,1,87500000
2,2,3.6,2750000
2,2,3.3,2450000
3,3,11.6,29000000
5,4,1,38000
4,4,10,45000
1,1,3.6,40000
3,3,12,60000
3,3,5,25000
1,1,10,17000
6,6,12,130000
6,6,1,160000
3,3,5,28000
5,4,1,90000
5,4,1,300000
4,3,1,150000
7,6,1.3,180000
6,7,10,75000
2,3,12,55000
4,4,8,35000
2,2,7,65000
5,4,5,40000
3,3,4,11000
2,2,7,18000
3,3,7,30000
2,2,7,19000
3,2,7,18000
3,2,7,26000
3,3,12,36000
2,2,3.1,16000
4,4,1,50000
1,1,5,13500
0,0,1,65000
3,2,2.4,140000
3,2,2.4,140000
6,5,8,17500000
6,5,8,13500000
2,2,2.9,4100000
3,3,4,8500000
6,5,10.7,12500000
2,2,3,4000000
2,4,7,13000000
0,0,8,16000000
0,0,8,16000000
0,0,8,18500000
4,4,7.5,28500000
0,9,4.5,60000000
1,1,2.5,4500000
3,2,5,5420000
6,6,1.4,42500000
7,6,12,40000000
2,2,5,2800000
6,6,2.1,185000000
5,5,2,200000000
3,3,1.9,200000000
6,6,1,63000000
8,8,16,180000000
2,2,9.4,13500000
7,5,5.6,11500000
0,0,5,7800000
4,4,5,12000000
1,1,2.2,3700000
9,8,1.2,65000000
6,6,1,42500000
6,5,1,190000
5,5,10,75000
7,5,1,200000
0,7,11,40000
3,3,3,16000
5,4,10,60000
3,3,5,25000
0,0,10,35000
0,0,8,35000
2,2,8,32000
3,2,10,15000
2,2,10,20000
3,3,6.7,65000
5,5,10,130000
3,3,14,75000
3,3,5,30000
2,2,7,25000
5,5,10,70000
3,2,10,28000
9,8,1.2,300000
0,0,10,65000
3,3,10,7500000
6,5,1,48000000
4,3,5,12500000
5,4,17,39000000
4,6,4,6000000
5,8,3,8500000
6,5,1,38000000
6,5,10,17900000
6,6,2,75000000
6,5,1,45000000
6,5,1.2,52500000
4,3,8,5400000
6,6,1,47000000
4,3,4,8500000
1,6,5,4700000
0,0,3,5000000
2,4,4,3700000
4,3,9.5,18000000
4,3,5,9000000
2,3,5,9150000
4,3,6,14500000
5,4,5,14000000
5,5,7,20000000
5,3,6,16000000
3,4,2.8,8500000
6,6,10,25000000
3,6,8.5,14000000
3,6,5,9800000
4,3,5,14500000
3,3,6,12500000
1,2,2,3517000
3,3,3,7200000
0,0,8,13500000
5,5,1,55000000
3,4,3,5200000
5,5,10,24500000
2,3,3,7500000
6,5,1,55000000
6,5,1.1,38000000
4,6,12,15000000
4,3,4,10000000
2,2,6,6000000
6,7,5,15000000
3,5,8,16000000
6,5,9,14600000
5,3,5,13000000
0,3,5,12000000
0,4,5,13500000
0,4,5,11500000
0,4,5,13500000
0,5,5,15000000
3,3,2.5,3650000
3,3,2,3650000
2,2,2,2650000
4,4,5,12500000
2,3,6,8000000
6,6,7.5,22500000
7,5,10,22000000
0,4,4,7000000
2,2,1,2150000
3,3,3.5,9500000
3,3,2.5,5100000
3,3,3,4700000
1,2,5,2900000
4,6,10,14500000
4,3,5,15500000
0,5,11,25000000
7,5,10,23000000
4,3,1,7000000
3,3,5,7000000
8,7,18,25000000
4,3,5,8800000
6,5,1.1,38000000
6,5,1.1,38000000
4,4,7,17000000
3,3,4,10000000
0,0,5,10000000
3,2,5,7000000
5,3,5,12500000
4,4,4,4600000
5,6,14,25000000
6,5,1,60000000
5,4,5,11000000
4,4,5,9500000
6,6,16,130000
0,0,6,3000000
3,3,1,100000
1,1,1,35000
10,8,2,1000000
0,0,4,3000000
0,0,2,1500000
3,3,14.4,50000
10,11,6,4000000
10,11,4,3000000
10,11,2,1500000
2,3,4.4,20000
2,2,6.2,32000
0,0,4.4,35000
4,3,1,170000
1,1,7,15000
6,5,1,225000
3,2,4.9,35000
3,3,16,60000
5,6,16,125000
2,2,2.2,22000
3,3,12,45000
3,3,12,45000
2,2,4.4,30000
2,3,9.6,40000
2,2,4.9,55000
5,5,9.6,100000
3,3,4.8,35000
1,1,4,35000
6,6,1.2,120000
4,4,2,100000
3,3,16,50000
3,3,1.3,140000
3,3,8,35000
2,2,2,4800000
3,3,6,22000000
6,4,4.8,11500000
0,0,2.7,2700000
1,2,2.4,1550000
3,3,6.4,5600000
3,3,8,13000000
3,3,8,9500000
2,3,2.9,2450000
7,6,2,170000000
3,8,5,8000000
0,0,3.2,4000000
0,2,4,13500000
3,3,6.7,8000000
3,4,5.2,3600000
3,5,6.2,7000000
4,3,8.6,16000000
1,2,1.9,3500000
2,4,4.8,4950000
6,5,1.8,180000000
0,0,6.3,7300000
3,3,12.2,36500000
0,0,4.2,7500000
4,4,8.9,14000000
3,3,7.6,10000000
3,4,3,7500000
3,4,4.4,4500000
3,3,6.7,6000000
2,3,3.6,3200000
2,2,3.1,4000000
3,3,5,12000000
1,2,2.4,1850000
2,2,4.4,5000000
0,0,4.2,3000000
2,2,4.2,7000000
3,3,7.8,11500000
8,7,1.2,78000000
3,3,8,15500000
3,3,7.8,17500000
2,2,4.2,7500000
2,2,4.2,8500000
2,2,2.2,6000000
8,8,10,85000000
10,10,1.2,160000000
4,4,8.9,35000000
5,5,8,57500000
2,2,4.4,8500000
4,3,8,16000000
6,5,6,6000000
0,0,10,9000000
1,1,1.6,1800000
5,5,1,110000000
0,0,18.8,55000000
3,3,7.3,21000000
3,3,4.8,7000000
3,3,7.6,10000000
0,0,4,9500000
0,0,5.6,9500000
2,2,2.4,2700000
3,3,6,24000000
2,3,2.7,3000000
3,3,8,12000000
2,2,4.2,6000000
2,2,3.3,4500000
0,0,4.8,27500000
3,3,8,13000000
0,0,6.4,11700000
6,5,1.2,110000000
4,4,7.3,39000000
0,0,9.8,35000000
5,5,4.8,13000000
2,2,4.8,6000000
7,6,3.3,13500000
2,2,5.3,4200000
6,6,10.6,25000000
2,2,4.4,6000000
4,4,13.3,24000000
2,2,3.1,3450000
3,3,4.4,9000000
2,2,4.7,5500000
2,4,5.3,9000000
2,2,2.4,1800000
3,2,4.9,9500000
3,3,5.3,10000000
1,1,1.8,2400000
2,2,1.9,2700000
3,4,3.2,11500000
3,6,3.2,3100000
2,2,4,6000000
3,3,7.9,16000000
6,8,10.4,40000000
0,0,4.8,13000000
3,3,5,15000000
2,2,4,6500000
5,4,4.8,13000000
3,3,2.4,12500000
0,9,1.3,120000000
1,1,1.6,1600000
3,3,5.3,10000000
2,2,3.8,9000000
3,2,4.8,8500000
3,3,9.6,28000000
4,3,6,6500000
2,2,3.6,5500000
4,3,2.6,4000000
6,5,14,130000000
0,0,7.2,18000000
4,4,10.8,32500000
3,3,4.9,8200000
2,2,4.3,8200000
2,3,4.8,7000000
2,2,5.3,11000000
3,3,6.1,14000000
2,4,4.4,9500000
3,4,6,21000000
2,2,5.6,6500000
7,6,1,75000000
5,6,6.7,28000000
6,5,8,13500000
5,5,1,42500000
5,5,1,42500000
4,6,10,33000000
2,3,4,4000000
8,6,2.2,65000000
2,1,3.9,20000000
0,1,2.6,17500000
2,2,4,4250000
0,0,1,67500000
2,3,4,3400000
4,4,10,10500000
2,2,1.2,20000
0,0,10,25000
5,4,10,225000
2,2,6.2,30000
3,2,20,150000
4,4,1,150000
3,4,7,28000
3,3,1,45000
6,6,14,100000
3,3,14,65000
2,2,5.2,36000
7,6,1.1,500000
2,2,8,32000
0,6,7,65000
0,2,8,28000
0,6,10,65000
2,2,10,50000
3,3,2.5,4200000
3,3,10,8000000
3,2,3.5,3400000
5,5,19,40000000
3,4,5,7500000
5,4,6,9500000
5,4,1,30000000
3,3,5,11000000
3,3,10,11000000
4,5,4.6,7000000
5,3,1,16500000
0,0,1.8,55000000
2,2,3.2,2600000
5,4,7,19000000
4,5,5,8500000
1,3,3,2500000
0,0,7,13500000
3,5,4,3600000
3,3,5,5900000
2,2,5.8,7200000
3,4,7,6500000
5,4,10,29000000
2,2,2.8,3300000
3,3,6,5200000
2,2,2.5,2800000
4,7,2.2,10700000
8,6,2.2,65000000
8,6,2.2,65000000
8,6,2.2,65000000
4,4,7,7000000
2,4,10,23000000
5,5,10,18500000
5,7,1.7,67500000
0,0,5,13000
3,3,10,43000
0,0,4,25000
0,0,5,35000
4,6,1.2,80000
3,3,13,40000
0,0,5,35000
4,3,5,35000
3,6,4,15000
2,2,5,17000
6,5,1,130000
5,4,10,50000
4,3,5,30000
3,2,10,40000
3,3,10,30000
2,2,10,16000
2,1,3,5500000
6,5,10,22500000
6,5,10,22500000
5,4,5,12000000
4,3,5,11200000
4,6,4.8,14000000
0,0,3,7500000
3,3,4.5,9000000
3,3,10,13500000
3,3,8,11500000
6,5,10,16000000
5,4,1.2,100000000
7,5,1,31000000
0,0,10,23000000
0,5,1,30000000
0,3,3,7600000
5,4,5.4,15000000
0,0,1,50000000
2,2,2.5,6000000
5,4,5,13000000
3,3,5,9500000
3,3,2,4000000
4,5,11,20000000
4,2,5,10500000
1,2,2.5,3800000
4,4,5,11500000
3,2,5,6000000
8,6,1,25000000
5,4,2.1,105000000
3,3,4.5,8000000
4,4,12,25000000
4,4,4,11000000
3,5,3.5,9700000
6,5,1,52500000
3,4,2.8,3500000
7,7,1.1,80000000
4,4,4,12500000
2,2,3,2000000
5,4,5,11500000
0,0,1.5,1950000
2,2,2,4200000
6,6,10,20000000
3,3,7,7000000
6,0,1,45000000
5,4,4.5,7500000
5,4,1,50000000
6,6,10,14500000
6,5,12,21500000
5,4,10,22000000
2,2,4,4700000
4,10,9.5,9000000
4,3,3,5800000
5,5,6,16000000
5,5,5,12500000
4,3,3,5000000
8,6,1,47000000
4,3,5,9000000
4,3,5,9500000
1,2,5,3700000
4,4,6,15000000
6,6,4,8000000
4,3,5,14000000
1,2,2,2500000
2,4,1,25000000
3,3,3,4500000
2,4,1.8,5800000
2,1,2.5,2000000
4,3,7,15500000
5,5,10,22500000
4,3,7,15600000
4,4,10,30000000
4,4,10,30000000
4,3,5,12500000
5,5,5,17000000
5,5,5,14500000
5,5,5,13000000
5,5,7,21000000
4,3,5,12500000
4,3,5,12000000
4,3,3,8500000
4,3,7,11500000
5,5,11,35000000
4,3,1,23000000
4,3,1,32500000
4,3,3,8000000
4,3,3,10500000
5,5,7,19000000
6,5,1,45000000
5,4,7,16500000
2,2,10,330000
2,3,7.6,58000
2,2,4,25000
2,2,3.1,27000
2,2,1,60000
10,10,3.6,1500000
0,0,1,85000
6,5,2.4,1000000
4,4,2,160000
4,4,2,100000
3,3,10,35000
2,3,3.8,2500000
3,3,8,12000000
3,3,8,11000000
3,3,8,11500000
3,3,8,6200000
0,0,5.6,2800000
3,3,6,6600000
3,3,12,62500000
4,4,4.8,16200000
6,6,4.8,15200000
2,3,4.4,3500000
3,3,5.3,17500000
6,6,9.6,25500000
3,3,6.9,11500000
3,3,6.7,13500000
3,3,6.4,9000000
2,2,4.2,6000000
5,4,12,75000000
2,2,5.3,4000000
0,6,1,95000000
3,3,10.2,16500000
3,2,4,5500000
3,6,3.4,4800000
3,8,5,8200000
2,5,3.2,2100000
2,2,4.4,9500000
2,2,5.3,4500000
2,4,4,6500000
2,2,4.4,5200000
2,2,4.4,4000000
3,3,16,62500000
2,2,4.4,4500000
8,6,4.8,17000000
3,3,6.7,13500000
4,4,8.1,36000000
2,2,4.4,4500000
3,3,6.6,7500000
4,3,14.2,45000000
3,5,6.4,7800000
3,3,8,24000000
3,3,5.3,11500000
2,2,2.5,3000000
3,3,4.8,4900000
2,2,4.4,5400000
0,0,2.7,1500000
2,2,4.2,5500000
2,2,4.2,5500000
2,2,2.1,5900000
2,2,3.3,2400000
7,6,1.2,179000000
3,5,9.3,35000000
6,8,4.8,16000000
2,2,3,4700000
4,4,4.8,16000000
0,0,3.1,3800000
6,6,12,75000000
4,4,12,74000000
0,0,2.4,3000000
6,5,1,120000000
2,2,4.7,7600000
5,5,1,127500000
6,6,1,115000000
4,3,8,19000000
4,3,7.4,20500000
4,5,7.6,25000000
0,2,4.5,16000000
3,3,10,10500000
3,3,10,10500000
3,3,10,10500000
3,3,10,10500000
3,3,10,10500000
3,3,10,10500000
5,4,16,35000000
4,2,3.2,9000000
2,3,3.3,3500000
0,0,2.7,5000000
0,5,4,8000000
6,6,8,52500000
2,2,4.8,5000000
6,8,8,29500000
2,2,4,7000000
3,3,8.4,20000000
4,3,10.9,53500000
7,2,5.1,3800000
3,5,6.4,7700000
2,2,2.4,3400000
2,2,4,11000000
2,2,5.8,4800000
2,2,3.3,2900000
2,2,4,6000000
2,6,4.9,8200000
7,6,1.2,180000000
5,4,12,31000000
3,3,7.3,11500000
3,3,4.8,3200000
2,2,4.4,4800000
5,4,8,26000000
5,5,1,66000000
3,3,10.4,7500000
1,2,1.8,1800000
2,2,4.4,5800000
2,3,2.6,4200000
4,7,2.4,9000000
4,4,10,30000000
5,5,4.8,14000000
2,2,3.8,5000000
3,2,4.8,8000000
3,3,8.2,12500000
2,2,3.6,4200000
2,2,2.9,4700000
3,2,4.8,7500000
2,3,8.8,8000000
7,6,1.2,125000000
8,8,12,82500000
3,3,9.3,15500000
2,2,4.8,16000000
2,2,4.4,4500000
2,2,1.6,2400000
4,3,4.8,12000000
6,10,4.8,10000000
0,7,6.8,29800000
3,3,6.7,13500000
1,2,2.6,3400000
2,2,4.8,4500000
3,2,4.8,15000000
3,3,10,11500000
5,6,8,30000000
1,2,2.6,3200000
6,6,10,14500000
0,0,8,16000000
10,12,1.6,150000000
2,2,6.7,18500000
2,2,5,7100000
4,4,4,16000000
6,5,1,32500000
0,0,7,26500000
2,2,5.3,4500000
2,2,5.1,4700000
2,4,2.5,3500000
1,1,3.2,3400000
6,7,16,47000000
1,1,3.3,7500000
0,0,16,22500000
3,3,8.4,16500000
6,4,7,15000000
7,5,5,14500000
5,4,10,14000000
4,4,7,11500000
1,1,2.9,6500000
5,5,8,32500000
7,7,1,34000000
6,9,5,9000000
6,6,1,52500000
4,4,5.6,9500000
6,4,5,7000000
7,6,1,38000000
9,8,2,50000000
2,1,3,3300000
2,2,6.7,33000000
4,4,12.7,18500000
2,2,4,25000
6,10,2,400000
2,2,5,25000
1,1,0.6,20000
1,2,5,16000
1,2,5,25000
4,4,1,65000
3,3,6.7,30000
0,9,1,380000
3,2,6,22000
2,2,2.7,35000
5,5,1.3,190000
3,3,1.3,90000
3,3,1,170000
3,3,10.9,45000
4,3,1,95000
2,3,5,45000
0,0,4,20000
3,2,12,210000
3,2,5,14000
2,2,3,13000
4,4,8,110000
4,3,12,65000
6,6,5,9500000
5,6,6,6500000
1,2,5,4900000
0,0,2.5,5000000
1,2,3,2900000
4,3,5,9500000
1,1,5,8000000
4,4,5,9000000
7,7,1.2,24000000
6,6,12,24500000
3,2,6,5500000
4,4,5,6500000
4,4,5.5,9000000
7,6,10,22000000
3,3,3.5,7000000
2,3,6,4500000
6,6,10,15500000
6,6,1,25000000
3,3,5,4900000
6,6,12.2,21000000
4,4,4,12500000
4,3,5,10500000
5,4,5,9599000
4,4,5,6500000
0,4,8.5,12000000
0,4,7,4500000
0,5,10,13000000
0,3,12,15000000
3,4,3.5,6000000
4,4,10,23000000
6,6,12,27500000
3,3,10,17500000
0,0,1,39000000
4,3,5,6800000
2,3,3,4800000
4,4,7,12000000
2,2,2.7,2800000
4,4,2.7,5000000
1,2,4,2500000
2,2,3,15000
0,0,5,23000
0,2,10,18000
0,5,7,42000
0,2,7,35000
0,6,1,110000
0,6,1,120000
0,6,1,175000
3,3,7,50000
6,7,1,120000
2,0,15,35000
4,3,1,35000
3,2,5,25000
2,2,5,20000
2,2,5,25000
2,2,5,25000
1,2,5,15000
3,3,13,42000
4,4,5,16000
5,4,12,20000000
4,3,5,10500000
4,4,7,17500000
3,3,4.5,16000000
1,2,5,5000000
2,4,3,4800000
2,4,2.5,5500000
4,3,4.5,9000000
4,3,5,6800000
5,8,6,20500000
4,3,5,11500000
4,4,10,32500000
5,5,6,12500000
2,4,3,6500000
5,4,11,20000000
4,3,5,12000000
4,3,5,13500000
3,5,5,7000000
5,4,5,15500000
6,6,5,14500000
4,3,5,10500000
4,4,5,12000000
2,3,5,14500000
4,3,5,10500000
3,3,12,24000000
3,3,2,6350000
3,3,5,12500000
1,1,1.5,1600000
6,4,10,28900000
1,1,2.1,4400000
4,4,10,22500000
2,3,2.5,9000000
4,5,1.1,85000000
0,0,1,45000000
0,0,1,45000000
5,4,1,42500000
0,0,1,25000000
4,4,5,4500000
3,2,5,8800000
5,3,10,13000000
5,4,5,14500000
0,0,1,59000000
3,3,3,7000000
0,5,10,26000000
4,3,5,14500000
6,5,5,15000000
5,5,10,20000000
3,3,3,4200000
4,4,3,8400000
5,5,5,9500000
1,3,5,9500000
0,0,8,16000000
2,2,5,6000000
7,5,1,22000000
7,5,1,22000000
3,3,3,4200000
4,3,6,14500000
6,5,5,14500000
2,2,5,5000000
5,4,4,8500000
4,3,3.5,8000000
7,10,9,17500000
5,5,1,39000000
4,4,3,8000000
6,5,1.2,52500000
4,4,4,7800000
0,0,1,60000000
0,5,10,35000000
0,4,10,25000000
6,5,10,24000000
4,6,10,20000000
2,3,2,4000000
2,2,1,1950000
6,5,10,20000000
2,2,3.5,4500000
2,5,7,10500000
3,5,5,8500000
0,0,19,40000000
5,5,5,13500000
2,4,3,10000000
3,3,12,53000000
3,3,6,13500000
2,1,2.4,2500000
2,2,6,26000
3,3,7.6,70000
0,3,7.1,70000
0,3,7.3,75000
3,3,5.3,50000
7,6,9.6,150000
2,2,4.4,6800000
3,3,5.1,6200000
0,7,1.2,135000000
1,2,2.2,4800000
3,3,5,6900000
2,2,4.2,4600000
7,6,3.9,8000000
3,3,4.8,6500000
0,0,4,38000000
0,0,6,16500000
6,8,8.4,8200000
2,4,4,5600000
2,3,4,6000000
4,3,7.8,9800000
5,4,10.4,8500000
1,1,3.1,1500000
2,3,4.3,6500000
6,6,12,82500000
3,6,3.2,6000000
3,3,7.3,35000000
4,4,8,24000000
0,10,1,32000000
3,3,5,12500000
3,3,9.3,25000000
1,1,3,3200000
2,2,3.5,4400000
1,2,2.7,4800000
3,3,4,6500000
7,6,1,115000000
2,2,4,9500000
2,2,4.8,8000000
7,6,1,105000000
0,0,2.9,5500000
0,0,4.8,17000000
2,2,4.2,4200000
1,2,3.2,6500000
3,3,12,16000000
3,4,6,5000000
3,3,6.2,12500000
7,6,1,121500000
7,6,2,180000000
3,3,5.1,6500000
2,2,4.4,6000000
2,3,4.8,8500000
2,2,4.2,5800000
5,6,2,255000000
3,3,8.9,40000000
6,6,12,95000000
4,4,6.4,60000000
8,7,8,80000000
4,4,8,27500000
2,2,4.3,3800000
3,3,5.8,8000000
0,0,2,5500000
3,2,8,9000000
6,5,1,110000000
3,3,7.1,9500000
9,11,4.8,20000000
4,4,8.9,24500000
3,3,5.3,6500000
1,6,1.2,61500000
4,4,4,36500000
3,3,4.8,8600000
8,7,4,420000000
2,3,3.2,2600000
0,0,1,110000000
0,0,1,120000000
4,4,12.4,50000000
6,5,1,115000000
3,2,6,5500000
7,6,1.1,140000000
3,2,9.6,45000000
1,0,3.6,2600000
2,2,3.2,4000000
3,3,8.7,9500000
2,2,4.4,8500000
3,5,3.4,7500000
4,4,4.8,9000000
7,6,9.6,35000000
6,6,9.6,35000000
1,2,2,2000000
3,3,5,8000000
8,6,1,122500000
8,7,9.6,45000000
2,0,3.6,5500000
8,8,4,380000000
7,6,3.9,8000000
5,4,14.2,25000000
2,2,2.4,3600000
1,3,5.6,6800000
0,0,4.3,6500000
6,5,1,97500000
0,2,4.2,9000000
5,5,1,127500000
2,3,6.4,22000000
6,5,1,102500000
3,5,5.5,12500000
2,2,4.2,5000000
4,4,12,67500000
3,2,4.8,5500000
0,0,7.1,39500000
2,2,3.2,2100000
2,2,3.8,5700000
5,4,12,62500000
3,3,10.9,49500000
7,6,1,105000000
1,1,2,2100000
0,0,1,95000000
0,0,11.5,30000000
3,3,7.6,15000000
3,3,6.2,7500000
4,4,14.2,21500000
4,4,8.4,13500000
4,4,8.4,13500000
2,2,4.2,4800000
3,3,9.6,36000000
4,7,4.8,13000000
4,4,3.2,7600000
2,2,2.9,3500000
2,2,3,4700000
5,4,8,25500000
2,2,4,4700000
7,6,4.8,15000000
2,6,3.2,12000000
4,3,4.6,8200000
2,2,4.4,5500000
2,2,4,4500000
0,0,12,20000000
9,9,1,110000000
0,4,5,12500000
0,4,5,12500000
5,5,11,29000000
2,3,4,3800000
6,6,5,12500000
6,6,7,16000000
3,3,5,10000000
2,2,5.7,3800000
3,3,5,4200000
2,2,2.2,2500000
0,7,1,34000000
5,5,1,82500000
3,3,9.3,20000000
6,6,1,65000000
3,3,8.9,7900000
2,2,5,3500000
3,3,8,6500000
4,4,3.3,220000000
3,3,1,18000000
4,4,6,11000000
4,3,10,9500000
0,0,5.6,13500000
4,5,7,31000000
4,3,5,9900000
8,8,2,180000000
3,3,7,12500000
6,5,5,14000000
4,4,6,6200000
1,1,2.4,2600000
4,4,5,8500000
9,7,12,23000000
5,4,13.3,19000000
6,6,10,33000000
6,6,10,100000
3,2,4.9,45000
10,9,14,180000
4,4,1,300000
2,2,4,25000
2,1,5,20000
0,0,3.3,23000
3,3,7,25000
9,9,17.8,500000
2,2,6,18000
6,6,10,60000
1,1,5,15000
1,1,12,16000
4,4,1,175000
2,3,5.3,30000
6,6,1.1,220000
4,4,10.7,45000
3,2,12,200000
6,0,2,500000
2,2,12,45000
6,6,7,40000
6,6,1,150000
5,5,1,110000
5,5,1.3,170000
3,3,1.3,70000
2,2,10,47000
1,1,10,20000
8,8,2,250000
2,2,4.9,22000
2,2,14.2,36000
7,6,1,250000
5,4,1,55000
3,3,8,45000
0,2,3.3,12000
3,3,12,50000
3,3,12,50000
3,3,12,60000
0,0,1.8,18000
6,5,1,120000
2,5,5,9200000
2,4,3,4000000
0,0,2.7,7800000
6,8,15,32500000
7,5,13,40000000
4,4,4,9000000
6,5,6,10000000
6,4,8,14000000
2,5,3,5500000
6,6,10,22000000
3,3,8,3800000
6,5,5,11000000
6,8,10,17000000
3,2,5,5800000
5,4,7,14000000
4,3,12,23000000
0,0,5.8,4700000
8,8,11,45000000
4,6,5.5,8500000
0,0,4.2,4800000
7,6,1,49500000
2,2,5,5800000
6,6,6,6000000
3,3,12,10000000
5,4,8,15000000
2,2,5,3000000
6,8,1.2,53000000
4,3,4,6000000
6,6,2.1,100000000
2,4,5,8000000
0,0,5,35000
4,8,7,40000
0,0,16,75000
2,2,5,25000
0,0,10,40000
0,0,16,75000
0,0,5,35000
0,0,8,55000
1,3,4,15000
4,3,7,33000
0,0,4,25000
0,0,5,35000
1,2,3.3,35000
2,3,8.9,25000
1,1,2.4,17000
1,1,2.2,15000
1,1,2.2,20000
3,3,11,40000
2,3,5,22000
0,5,10,70000
6,5,10,62000
2,2,5,23000
0,0,1.5,290000
3,3,5,8500000
6,6,1,30000000
6,8,8,35000000
6,5,1,37000000
6,5,14,22200000
4,3,8,16500000
5,4,10,41500000
4,4,3.5,5500000
4,3,4,9700000
5,4,10,22000000
4,3,5,15500000
1,2,2,2100000
6,5,10,17000000
4,4,10,17500000
7,7,2,120000000
7,7,14,35000000
1,2,3,3000000
3,3,5,9800000
4,3,3,4500000
0,5,5,15000000
0,4,5,13500000
0,4,5,11500000
0,4,5,13500000
0,3,5,12000000
4,3,3,5900000
4,3,5,12500000
3,3,12,17500000
6,5,14,29000000
7,5,1,47500000
4,4,10,21100000
3,3,3,6500000
4,4,10,22500000
0,0,6,12000000
0,0,2,5800000
3,3,5,11000000
3,3,3.5,6700000
3,3,5,6000000
2,2,3,1250000
3,3,14,21500000
4,4,5,6200000
1,2,5,2900000
2,3,2.8,4000000
4,3,5,9000000
4,4,1,40000000
3,3,2,5000000
0,0,3,6000000
5,4,1,25500000
1,1,2,1800000
5,4,9,15000000
2,2,5,10000000
6,6,10.2,24000000
3,2,5,3500000
3,2,10,17000000
3,3,4,8200000
3,3,10,16000000
1,2,3,3600000
0,0,1,22000000
7,6,2.1,110000000
5,6,12,23000000
2,2,4,7000000
3,3,3,6000000
6,5,12,24000000
7,5,8,15000000
6,5,1,54000000
6,5,5,11000000
5,4,5.2,6500000
4,4,4,6800000
2,2,7,12500000
2,2,6,9500000
3,3,5,14000000
5,4,14,13500000
3,3,6,8000000
2,2,4.8,7800000
4,4,3,162500000
8,8,2,575000
3,3,7.1,46000
2,2,4.4,33000
4,4,15.2,120000
5,4,16.7,300000
0,2,4.2,35000
3,4,8,27500000
0,0,3.2,3500000
3,3,6.5,5600000
10,9,14.4,60000000
1,1,1.6,1900000
0,0,2.6,4000000
0,0,3.3,4300000
2,2,3.8,5300000
2,7,4,4500000
2,2,3.6,4800000
2,3,4.8,12000000
6,10,9.6,26500000
4,4,8.4,11000000
3,4,5.8,8200000
2,2,4.4,5500000
2,2,3.2,5000000
2,4,4.8,8000000
2,2,4,4500000
1,1,1.4,2000000
6,6,1.1,135000000
3,3,7.6,23000000
6,6,1.3,120000000
4,4,8,14000000
6,5,1.2,91500000
3,6,6.4,20000000
2,2,4.2,11500000
6,5,1,135000000
3,3,5.6,6300000
7,6,1.2,180000000
4,4,8,15000000
5,5,4.8,19000000
4,4,9.6,22000000
3,3,5.1,8500000
6,4,4.8,16000000
2,2,4.8,9500000
0,8,4.8,14000000
3,2,4.9,9000000
2,2,2,1500000
3,3,4.9,9000000
1,0,2.3,4000000
2,2,4,5500000
5,5,8,27000000
6,5,1,117500000
2,4,4,4500000
5,5,4.8,20000000
2,2,4.3,4200000
4,3,7.6,26000000
4,3,4.8,12500000
2,2,4,5900000
2,2,4,6300000
5,5,12,40000000
5,5,8,62500000
4,4,9.8,19000000
2,3,2.8,3200000
4,3,9.8,45000000
2,2,4,10500000
3,3,8.9,20000000
3,3,7.3,35000000
1,1,1.6,1500000
0,0,5.8,9500000
3,4,4.8,7000000
0,0,4.8,17000000
5,5,2,200000000
4,4,8.9,30000000
4,4,4.8,13000000
2,2,2.4,4600000
5,4,8,25500000
2,3,4.4,2500000
2,3,4,2000000
1,2,1.6,1500000
2,2,4.2,8000000
0,0,3.2,3600000
3,5,5.9,10000000
5,5,14,95000000
3,3,6.4,6100000
6,6,1,155000000
4,4,4,38000000
1,2,3.6,1900000
3,3,5.8,12500000
3,3,7.6,27500000
6,5,1,84000000
4,4,13.6,21000000
4,4,8.8,16500000
6,9,8.6,32500000
3,3,6.4,13500000
3,3,6.2,13500000
9,6,9.6,21000000
2,3,4,5500000
3,3,8,12500000
5,4,1.2,110000000
4,4,1.2,65000000
3,3,5.3,12000000
2,2,4.9,5500000
1,1,3.6,3400000
3,3,6.9,13500000
3,3,8.4,35000000
2,3,3.6,6500000
2,4,6.2,7500000
0,0,4.9,5600000
2,2,3.8,5200000
3,3,3.6,4450000
2,4,9.6,30000000
5,5,1,120000000
3,3,5.3,12000000
0,2,2.4,2500000
3,3,8,11500000
2,2,3.6,8550000
4,5,6.4,9500000
0,0,4.2,2600000
3,2,4.8,8000000
4,3,8,8500000
3,3,3,4000000
2,6,3.2,7000000
2,2,4.4,4500000
3,3,16,45000000
0,3,5,4500000
1,1,3.8,8000000
6,4,1.6,130000000
3,2,11.4,56000000
3,2,9.1,55000000
3,3,5.5,8000000
4,4,1.2,100000000
6,5,10,28000000
4,6,5,12000000
5,4,6,11000000
7,6,17.8,105000000
8,6,1,49000000
3,3,5,14000000
0,4,5.6,7500000
4,4,10,26000000
6,6,1,85000000
7,6,1,52500000
0,0,5,17500000
8,10,1,62500000
0,0,10,41200000
1,1,3.8,5400000
6,6,1,85000000
2,2,3,3200000
6,6,12,43500000
0,0,6,3000000
0,1,2.5,1500000
3,3,5,8000000
2,2,3,3700000
1,0,5,17800000
10,8,1,55000000
3,3,5,11000000
3,3,12,58000
2,2,5,16000
6,6,8,60000
2,3,4.4,45000
4,4,10.7,27000
4,3,1,45000
4,4,6,45000
2,2,5,27000
1,1,1.8,25000
3,4,6,50000
3,4,6,50000
3,3,1,70000
6,5,10,125000
4,2,10,250000
2,2,4,22000
2,2,8,36000
2,2,4.4,23000
3,3,1,42000
2,2,1,55000
6,6,1,100000
4,4,1,280000
2,2,1.2,65000
3,3,12,50000
2,2,6.7,35000
3,3,1,90000
3,3,4,45000
0,0,4.8,33500
4,3,5,11000000
2,3,4,12500000
2,3,3,3500000
1,2,2,2800000
0,0,1,33000000
4,3,4,6000000
1,2,2,2100000
5,5,10,15000000
6,5,12.4,16500000
4,5,1.7,50000000
4,3,5,7000000
3,4,5,10000000
4,4,5,12500000
3,6,5,7500000
5,5,10,21000000
3,3,5,10500000
4,3,5,10000000
6,5,10,21500000
3,3,10,9500000
4,4,5.6,7600000
4,4,5,6800000
7,6,7,16000000
4,4,5,8000000
3,3,10,14000000
2,2,4.2,4800000
1,2,5,4500000
3,3,5,10000000
1,1,2,3700000
5,5,10,25000000
5,5,10,21000000
4,6,2.5,6000000
4,4,2.5,6000000
3,4,3,5500000
2,2,5,6000000
0,7,10,25000000
1,1,3.4,3500000
1,1,2.4,3300000
3,8,5,8500000
7,6,7,15500000
3,3,10,14000000
0,0,3,25000000
2,7,5,4500000
3,3,3,18000
3,3,5,30000
0,0,3,15000
2,3,2,14000
3,3,5,23000
3,2,10,28000
0,0,5.3,75000
3,4,10,24000
2,2,5,25000
3,2,5,17000
2,2,8,20000
3,2,14,35000
2,3,6,14000
3,3,10,26000
1,3,2.5,13000
0,0,1,8000
3,2,10,19000
1,1,1,7000
1,1,2.4,20000
4,3,1,55000
1,1,2.4,17000
3,3,9,11000000
2,3,5,8500000
4,3,4,7500000
0,0,4,22000000
2,3,3.5,7900000
4,4,10,26500000
0,2,3.5,4800000
4,4,5,14500000
6,6,1,41500000
4,4,5,12500000
4,3,6,11200000
7,6,2,55000000
4,4,7,14000000
6,4,5,12600000
6,5,1,45500000
5,5,1,45000000
7,6,1,31000000
4,6,5,8800000
5,4,10,23000000
7,5,1,50000000
2,4,4,15000000
1,1,2.5,1500000
2,4,6.4,12000000
4,4,10,30000000
0,0,1,32500000
5,4,5,12000000
4,3,5,12000000
6,5,10,13500000
2,4,5,6800000
5,3,3,3200000
2,2,2,3300000
5,4,9,21500000
3,2,5,7900000
4,3,5,15500000
5,5,1,47000000
6,5,10,21000000
6,7,1,32500000
2,5,2,8000000
4,4,7,10800000
0,3,5,14800000
7,5,10,17000000
4,5,5,9200000
0,0,1,37200000
3,4,10,21000000
6,5,1,31500000
3,3,5,8500000
6,5,12,19000000
5,4,10,21500000
4,5,3,4200000
6,5,1,30000000
4,5,9,22500000
3,3,11,22500000
3,6,6.5,12000000
1,3,4,5600000
4,3,5,15500000
4,3,3,9000000
3,5,3,11000000
0,0,1.7,3000000
3,3,3,5800000
3,4,5.8,11000000
6,6,16,47500000
3,3,16,45000000
3,3,5.3,5800000
2,2,2.4,2550000
0,0,1,31000000
4,4,1,35000000
4,4,1,32500000
3,3,7.6,8800000
3,3,7.6,11500000
0,0,3.2,12000000
0,0,11.6,50000000
7,11,4,9000000
0,0,3.2,11200000
6,4,6.6,12500000
5,3,4.8,22500000
6,6,16,140000
0,2,4.4,27000
2,2,4.2,50000
0,0,4.4,50000
4,3,8,39000
2,2,2.7,20000
1,2,1.6,1650000
4,4,5,14500000
3,3,8,11000000
2,2,1.9,3900000
4,6,16,30000000
2,2,4.8,6000000
2,2,2.7,3350000
3,3,6.4,8500000
2,2,4.2,10500000
4,2,3.2,8200000
10,6,8,32500000
2,3,4,7500000
3,2,4.4,12000000
5,4,8.4,17500000
2,2,6,14000000
2,2,4.9,5000000
2,2,4.4,2000000
5,4,12,80000000
5,5,1,65000000
2,2,4,4500000
4,4,12,72500000
0,3,13.3,27000000
0,3,10.2,26000000
0,3,10.2,36000000
0,3,10.2,32500000
0,3,12,42500000
0,3,10.2,31500000
0,3,10.2,38000000
0,3,12.2,43500000
0,3,12.2,28500000
3,3,5,6642000
3,4,3.8,2800000
3,3,5.3,12000000
4,5,4,18500000
4,3,4.8,13500000
5,0,9.6,28000000
4,3,16,45000000
6,6,16,47500000
3,3,16,45000000
2,2,3,2650000
0,0,3.2,30000000
3,2,5.3,6200000
6,6,4.8,18000000
1,2,3.1,4000000
4,4,10.7,17500000
2,4,4,5500000
2,2,4.2,5500000
3,3,7.1,13000000
4,3,3.7,26000000
3,3,6.4,5800000
2,2,4.2,9000000
2,2,4.7,4650000
0,3,8,22500000
2,2,4.2,8500000
2,2,4.2,7500000
3,3,8,15500000
4,4,4.8,14500000
2,3,6.7,9300000
4,4,18,45000000
3,3,5.3,8000000
0,0,1.2,180000000
3,3,8,9000000
4,4,8.2,30500000
3,3,9.7,45000000
6,6,9.6,25000000
5,5,4.7,15000000
5,5,1,69000000
2,2,6,15000000
1,3,3.2,6000000
4,8,7.2,9000000
6,4,4.8,10000000
3,3,12,62500000
5,6,4.8,20000000
2,2,4.2,5000000
5,6,9.6,30000000
4,4,1.5,7500000
2,3,4.8,7500000
3,3,12,9500000
3,3,11.4,31500000
3,3,11.1,26500000
3,3,10,25000000
3,3,10,27500000
3,3,11.1,31500000
3,3,12.3,26500000
3,3,11.1,31500000
4,4,13.2,36000000
4,4,13.2,37000000
4,4,13.2,35000000
3,3,10.2,25000000
2,2,4.4,5800000
3,3,7.6,14500000
3,5,3.2,6500000
6,5,1.2,115000000
3,4,3.2,9000000
2,3,4.8,8500000
8,7,16,47500000
0,0,1.6,152600000
0,0,3.2,7000000
3,3,6.2,8500000
3,3,5.8,12000000
2,2,3.8,9000000
5,4,14,14500000
5,8,9.6,23000000
3,4,4.8,13000000
6,6,17.3,77000000
4,4,12,62500000
3,3,6.8,9500000
7,4,5.6,11000000
2,2,4,7500000
2,2,7.6,11000000
5,5,10,30000000
6,6,10,17000000
7,6,14.2,43000000
3,3,6,8500000
4,4,6,15500000
4,3,5,14000000
0,0,7.3,24500000
6,6,2,130000000
2,2,7.2,16600000
3,3,6.9,10000000
5,5,5,16500000
3,3,8,14000000
4,7,6,8500000
3,3,7,11500000
0,2,5.3,10200000
0,3,6.2,11900000
0,3,8,14400000
0,3,8.4,15200000
2,2,4.2,8000000
0,0,5,9900000
5,4,6,12000000
3,2,5.6,6300000
6,6,1,52500000
5,5,1.3,90000000
3,3,11,19000000
10,8,11,53000000
4,4,5,25000000
11,11,1,70000000
4,4,14,40000
3,5,5,43000
3,3,6,36000
2,2,8,30000
0,0,2,350000
6,6,1,165000
1,1,10,20000
4,4,2.4,350000
5,5,4.4,500000
5,5,1.4,450000
4,3,1,68000
3,3,8,20000
3,3,8,28000
3,2,8,65000
10,10,1,345000
1,1,1,12000
3,3,1.3,65000
4,4,2,120000
5,4,14,50000
4,3,1,60000
2,2,5.5,28000
3,2,7,20000
6,5,5,35000
10,7,1,215000
3,2,10,25000
4,4,1,130000
2,2,5.5,29000
2,2,1,60000
5,5,1.3,280000
2,2,5.5,29000
1,1,2.7,20000
2,2,4.1,23000
2,2,3.8,45000
4,4,14.6,50000
3,4,10.9,35000
0,0,1,135000000
4,3,2.5,5000000
0,5,10,30000000
2,4,2.8,3300000
2,2,5,7500000
3,3,6,7000000
0,0,8.6,10000000
0,0,5,9500000
2,3,2,7000000
4,4,7,12500000
3,3,4,7500000
5,4,4,6800000
2,2,5,6000000
5,6,6,9850000
3,3,4.9,5500000
3,6,5,9000000
4,4,4.5,7500000
5,7,7,33000000
6,5,7,14000000
0,0,3,10000000
2,2,4.2,8000000
2,3,5,5500000
0,8,1,22000000
5,5,1,30000000
0,4,10,20500000
0,3,10,18500000
0,4,10,17800000
0,5,10,22500000
0,5,12,25500000
0,3,10,11400000
0,3,10,18500000
0,3,10,20000000
0,4,12,28500000
0,4,10,26000000
6,5,10,22500000
1,1,2,1800000
3,6,12,18000000
2,2,11,11000000
0,10,14,20000000
3,3,14,38000
6,7,1,80000
3,2,6,32000
1,3,5,15000
1,3,6,22000
4,3,1,35000
3,3,8,45000
3,2,10,50000
3,3,10,32000
1,1,2.7,28000
0,4,10,55000
0,3,10,50000
5,5,7,50000
6,6,8,13000000
0,4,4,7000000
4,3,10,16500000
4,3,3,4490000
4,3,5,11500000
2,2,3,3650000
6,5,1,32000000
4,3,5,7200000
3,3,3.5,5200000
4,5,4,5600000
6,4,10,24000000
1,1,1.2,2000000
3,3,3.2,7200000
6,5,18,30000000
6,5,3.5,10500000
3,4,5,12000000
6,5,8,10500000
7,5,11,18000000
3,3,10,12500000
2,2,2.5,3500000
1,2,4,41000000
1,2,19,20000000
0,0,5,8000000
2,5,3,7000000
0,3,6,12500000
4,4,5,10500000
0,5,1,37500000
4,3,3.5,6400000
3,4,2.5,4200000
4,6,19,34500000
2,2,3,3300000
6,5,1,39000000
6,5,1,47000000
6,5,1,44000000
0,0,6,12500000
0,0,2,86000000
6,5,10,16800000
5,3,5,9800000
6,5,10,21000000
7,6,1,33500000
6,5,1,40000000
2,2,4.4,13200000
6,6,1,36000000
5,5,10,21000000
6,5,17,43000000
6,6,1,32500000
6,6,1,42500000
1,6,2,3500000
6,8,12,25000000
0,0,3,4500000
4,4,10,12800000
0,0,3,5500000
0,0,1,55000000
4,3,3,3090000
5,4,1,64000000
6,5,10,19800000
4,4,2,115000000
4,3,6,10600000
0,0,4,240000000
1,2,3,3500000
0,3,3,5800000
6,9,7,16000000
1,3,6,6000000
0,10,4,260000000
2,1,2,2800000
2,3,5,9500000
7,7,1,27500000
5,7,11,22000000
4,8,12,30000000
4,6,10,14500000
2,2,3.1,5025000
4,4,10,18500000
7,5,10,21500000
7,6,1,35000000
3,3,3,8500000
5,5,10,22500000
2,4,5,8500000
1,1,1,1790000
5,4,1,34000000
4,5,5,15000000
4,5,11,28000000
0,0,5,25000000
5,4,5,14000000
0,0,4,5200000
0,0,2,4000000
4,3,3.5,6900000
5,5,10,21000000
2,2,3.1,2200000
2,3,3.2,6000000
3,3,4.8,12500000
3,2,4.4,7500000
3,3,6.2,6500000
2,2,4.4,4200000
3,2,4.7,4800000
0,0,12,85000000
5,6,9.6,30000000
2,3,4.8,5000000
7,6,8,20000000
2,2,3.3,7000000
2,2,3.6,3900000
3,5,4.8,6000000
7,6,1,149900000
5,5,1,150000
3,3,8.9,85000
3,3,8.9,115000
4,4,12.4,170000
2,2,3.1,4800000
2,4,3.2,7000000
2,2,2,7000000
2,2,2,1800000
6,6,12,75000000
2,2,3,2700000
6,6,1,135000000
2,2,4.2,3500000
3,3,10.9,41000000
5,5,1,160000000
3,3,4.8,9000000
3,3,10,19000000
3,5,6.4,11000000
2,2,3.3,2200000
4,0,6.2,15000000
2,4,4.9,6000000
3,3,7.1,27500000
7,6,4,350000000
2,2,3.8,4500000
0,0,9.9,37500000
2,2,3.6,4500000
4,4,8,13500000
2,2,4.8,7800000
0,0,4.4,8500000
0,0,5.8,17000000
7,6,1.6,100000000
0,0,3.3,2400000
3,2,4.8,7000000
6,4,8,22000000
0,0,2.9,5500000
4,4,8,17000000
4,4,2.4,12000000
2,2,4.9,5000000
4,6,4.8,11500000
2,3,4.7,6350000
3,2,2.4,4000000
4,4,4.8,17000000
3,3,4.8,12500000
3,3,5.3,21500000
6,8,7.8,35000000
7,6,2,190000000
3,3,6,13000000
0,0,4.8,9500000
0,5,6.4,35000000
6,6,7,25000000
2,2,8,8600000
5,4,4.4,18500000
9,9,12,30000000
10,7,1,65000000
2,2,3.1,2400000
6,5,5,9200000
9,9,12,31000000
0,0,7,9000000
3,2,3,3800000
1,2,8,15000000
1,2,3,6800000
4,4,14,43000000
6,6,3,6500000
6,8,10,12000000
4,4,8,15000000
6,6,8,27500000
5,4,6,10000000
2,2,2,4700000
5,5,7,26000000
0,0,12,22000000
4,4,14,27000000
6,6,1.1,125000000
6,5,12,29900000
5,4,6,20000000
2,2,5.3,3200000
9,8,2,95000000
4,4,5,15000000
6,9,1,90000000
2,2,4.2,6000000
0,9,1.3,185000000
6,9,14.2,55000000
4,4,3,3500000
3,3,5,15000000
3,3,4.9,9500000
2,0,3.6,12000000
7,5,5,9000000
6,5,5,4500000
5,5,10,23500000
1,1,2.9,9600000
3,5,5,23000000
2,2,3,3500000
0,0,4.4,20600000
0,0,3.8,7000000
6,5,1,67500000
5,4,1,60000
6,5,12,250000
2,2,5,25000
2,2,5,25000
4,5,5,35000
3,4,1,40000
0,0,5,17000
3,2,5,18000
5,5,10,170000
3,3,1.3,120000
2,2,1,55000
6,9,1,300000
2,2,3.7,25000
0,0,12,60000
0,0,13,75000
2,2,4,35000
2,2,5.5,29000
0,0,5,65000
2,3,10,15000
4,4,12,50000
4,2,5,60000
4,4,1,90000
3,3,10,45000
4,3,5,60000
6,6,1,220000
3,3,5,25000
3,3,5.4,18500
4,4,1.1,350000
7,7,2.1,1000000
2,3,4.1,5000000
5,5,6.6,10500000
0,0,2.7,5000000
6,7,10,60000000
2,2,2.5,3000000
4,8,10,12500000
3,4,6.5,6000000
1,2,5,6000000
6,6,13,35000000
4,3,5,12500000
5,4,7,11000000
6,5,1,60000000
2,2,3,3700000
1,2,4,6000000
0,0,8,22000000
3,4,3,4000000
7,6,10,25000000
6,6,10,25000000
10,11,1,20500000
1,1,1.6,3400000
3,3,8,11000000
3,2,5,6900000
3,3,8,7200000
1,1,4,3500000
3,2,5.5,4500000
5,5,5,15000000
0,0,4,9000000
4,3,4.5,7500000
0,6,5,12000000
6,4,12,22000000
2,2,4,3500000
6,6,1,47500000
2,2,5,3000000
3,3,5,8400000
2,2,4.4,6500000
5,6,5,5500000
3,3,4.2,8500000
2,2,5,2300000
3,3,5,4500000
2,8,5.5,17000000
6,5,11,17000000
0,0,1,35000000
2,2,4.5,3500000
0,0,11,17500000
5,4,6,9000000
0,0,5,35000
0,0,4,25000
0,0,5,35000
3,3,1.2,35000
0,0,5,18000
4,3,1,35000
3,3,4.2,35000
1,2,5,12000
0,0,6,70000
3,3,1,90000
1,1,4.8,60000
4,3,5,11500000
2,2,5,8500000
7,6,1,40500000
6,5,1,49000000
2,4,5,8000000
5,5,4,7700000
0,0,4.2,8000000
6,5,10,22500000
5,5,1,65000000
5,5,1,65000000
3,2,10,15000000
7,7,1,100000000
6,5,10,23000000
4,4,1,28000000
3,3,5.5,5600000
2,2,10,13500000
3,2,8,13000000
4,6,14.5,22500000
3,2,3,2300000
6,11,13,24500000
1,3,4,4500000
0,0,4,240000000
0,0,5,10000000
7,6,1,15500000
3,3,5,11500000
1,1,1.8,6169000
5,3,3,8600000
6,4,10,18500000
6,4,10,18500000
3,2,5,4200000
2,2,3,5700000
7,6,10,22500000
0,0,10,21500000
6,5,1,45000000
6,7,1,39000000
6,4,5,11000000
3,2,1,23000000
0,0,2.6,180000000
4,3,4.4,7400000
3,2,5,7500000
3,4,3,4500000
5,3,3,8700000
5,5,10,19200000
0,0,3,1300000
3,3,4,7800000
0,0,1,30000000
3,4,5,10000000
5,4,5,9500000
3,4,2.5,7500000
2,2,3.5,3500000
3,3,5,8600000
3,3,10,12500000
5,5,6,12500000
5,4,10,22500000
5,3,3,5000000
4,6,5,8500000
10,11,3.8,150000000
4,6,5,9200000
6,5,2,50000000
4,5,10,32000000
2,2,17,30000000
2,2,5,8500000
3,3,3.5,2800000
6,5,8,13000000
4,4,5,7550000
4,3,3,5500000
2,3,5.3,5100000
3,3,6.4,12000000
2,3,4.8,15000000
3,3,3.2,3900000
0,2,5.3,9500000
4,4,8,60000000
4,3,5.3,10000000
2,2,3.6,2900000
5,4,4.8,13800000
3,3,7,11500000
5,5,1.2,120000000
3,3,7.1,11000000
3,3,8,12200000
1,3,3.2,4200000
4,4,12,70000000
3,3,6,11000000
0,0,4.8,17000000
4,4,12.2,27500000
0,0,9.6,35000000
4,4,4.8,15000000
6,5,1,122500000
6,7,4.8,35000000
0,0,7.6,23000000
0,0,9.6,11500000
2,3,3.4,5200000
3,3,7.1,21000000
2,3,3.3,4500000
3,3,6.2,6500000
3,3,6.2,6600000
3,3,6.2,7200000
4,4,14.2,61500000
2,2,4.4,6500000
1,1,2,1950000
2,2,3.8,3600000
6,6,18.3,112500000
0,3,8,11500000
3,2,4.2,3200000
0,6,4.8,11000000
2,2,3.6,10000000
0,3,4.3,8000000
5,8,4.9,16500000
2,2,4.9,6200000
3,2,4.8,3500000
4,4,10.6,22000000
3,3,5,7500000
1,2,1.9,2700000
10,9,16,30000000
1,2,2.4,1400000
4,3,11,38500000
2,2,4,10000000
6,10,2,140000000
2,3,5.3,6000000
2,0,2,6500000
1,2,2.4,2500000
3,3,8,26000000
3,3,5.3,10500000
3,2,5.3,5800000
3,3,8,6500000
2,2,3.8,4500000
2,2,4,4500000
2,2,4.2,4800000
3,5,4.8,11000000
0,0,5.3,12500000
0,2,4.9,8500000
0,2,4.9,8500000
2,2,3.7,6500000
2,2,4.8,8500000
2,2,4.4,3500000
2,2,4.4,6000000
3,3,8,13000000
4,5,5,7500000
4,4,10,175000
0,3,2.2,35000
0,2,2.2,45000
3,3,10,100000
2,2,3.6,5500000
3,4,6.2,8500000
3,3,16,23000000
2,2,4,8500000
2,2,5.3,15000000
2,2,2.4,2150000
3,3,6.8,9500000
6,4,11.6,11000000
9,9,1.4,140000000
4,4,12,67500000
4,4,12,74000000
2,4,4.7,5950000
2,2,4.4,5500000
2,2,3.3,4200000
3,2,3.9,12000000
2,2,5.2,15000000
3,3,4.9,5500000
5,6,5,12700000
2,2,4.7,8400000
3,3,6.2,9200000
2,2,4,6000000
3,4,10.4,10000000
7,6,16,55000000
3,4,6,12000000
2,1,2,2200000
2,2,4.2,12000000
2,2,3.3,2200000
2,3,4.9,3500000
3,3,8,12000000
6,6,1.2,230000000
1,2,4.8,15000000
1,2,2.4,2000000
0,0,2.4,6000000
2,2,3.2,4000000
5,6,1.2,65000000
4,4,11.2,7500000
3,4,6.2,8500000
4,4,8,19500000
2,2,4.7,8000000
3,3,7.3,21000000
0,0,8,18000000
2,2,2.4,2600000
2,2,3.6,5500000
2,2,4.8,11500000
2,2,3.6,4000000
3,3,4,7000000
1,2,4.8,15500000
6,8,1,65000000
0,0,10.2,35000000
3,5,6.9,9500000
2,2,2.9,5000000
3,3,6.2,20000000
0,0,4.8,26000000
6,6,2,200000000
0,0,3.2,6200000
5,4,4.8,14000000
6,5,1,105000000
7,5,9.6,32500000
0,0,10.2,25000000
2,2,4.7,5500000
3,3,7.6,15000000
3,5,6.4,7450000
2,2,3.2,3500000
2,3,5,5500000
6,8,18,17000000
0,5,5,11500000
4,4,8,12100000
4,4,2.4,270000000
4,4,11.6,18500000
4,6,1,20000000
2,2,5.3,9000000
6,6,5,13000000
2,3,3.5,2900000
4,4,6.6,21000000
4,4,5,10500000
7,6,1,52400000
3,3,10,11000000
2,2,2.9,2650000
3,3,4,15500000
6,6,17,39000000
5,4,8,12000000
5,4,5,5900000
10,11,1,125000000
4,4,3,23500000
6,5,6,16000000
6,4,1,22000000
3,2,4.9,5400000
6,6,10,10500000
0,2,3.9,4000000
0,3,5.4,6000000
0,2,3.2,2500000
0,3,4.5,4000000
0,2,3.2,2500000
0,1,2.5,1500000
3,2,5,5600000
3,3,9.8,23000000
4,4,12,23000000
3,3,10,20000000
4,4,5,16000000
4,5,6,17500000
4,5,6,17500000
4,4,6,13500000
3,3,1,54000
4,4,7,80000
8,9,6,70000
3,4,13,75000
4,3,2,50000
0,0,3,90000
6,5,1,155000
4,4,1.1,350000
3,3,1,42000
2,2,6.4,18000
2,3,3.6,20000
3,3,1.6,125000
4,3,10,45000
3,3,7,23000
3,3,7,22000
3,3,12,38000
2,2,12,20000
6,6,16,60000
0,3,12,45000
3,3,5,60000
3,2,8,37000
3,3,8.9,95000
3,2,5,20000
3,2,4.9,22000
1,1,2.7,13000
3,5,6,80000
3,2,8,40000
7,9,2,525000
3,3,7.6,75000
2,2,6.7,60000
2,2,6.7,60000
2,2,5.6,50000
3,2,5,20000
2,1,6.7,150000
4,3,10,40000
1,1,3.9,130000
0,0,1,45000
4,4,3.3,8500000
2,3,4,5500000
1,1,2,2000000
6,5,11.8,30000000
0,0,4.5,26000000
4,3,5,8000000
4,3,10,9000000
1,2,6,5500000
3,2,4,6500000
4,4,7,18500000
2,2,5,5000000
2,3,5,4500000
0,5,10,23500000
3,3,5,3000000
6,5,12,24000000
6,6,8,31500000
2,2,5,5500000
5,5,6,8500000
0,9,1.1,36000000
0,0,2.5,4500000
2,3,10,5500000
3,2,7,6000000
3,5,7,4700000
0,1,5,1450000
7,6,9,21000000
6,4,5,7000000
5,5,1,36000000
0,0,5,9000000
3,3,7,5200000
6,5,7,16000000
5,8,12,29000000
0,0,11,55000
4,4,5,33000
0,0,5,32000
0,0,11,38000
4,4,7.5,50000
3,3,7,17000
0,0,10,33000
2,2,12,35000
4,3,18,100000
1,1,3.1,28000
4,4,12,65000
5,5,10,55000
5,5,12,75000
2,2,4.7,70000
1,3,5,15000
3,3,5,11200000
4,3,3,5500000
4,3,3,5500000
5,5,10,21000000
4,3,9,19000000
5,4,5,9000000
5,4,5,9000000
5,4,5,9000000
4,3,3,5500000
5,4,5,8700000
5,4,5,9000000
5,4,6,9500000
4,3,3,5000000
3,3,3,5000000
2,3,1.6,14000000
0,0,3.7,5800000
4,4,10,19000000
2,2,5,4800000
6,5,1,55000000
3,3,8,13000000
4,7,13,17000000
4,3,10,11800000
3,4,5,12900000
3,5,5,12000000
0,0,11,21000000
2,2,2,2800000
2,0,3,3800000
3,3,1.5,3500000
4,3,4,8200000
7,5,1,45000000
3,3,3,4490000
0,0,10,14000000
7,6,1,39500000
0,10,2,80000000
6,5,1,65000000
3,5,10,21500000
0,0,6,4500000
4,4,10,19000000
5,5,1,30000000
4,4,5,15000000
1,1,4,23000000
5,5,10,22500000
5,5,5,12500000
6,5,18,32500000
3,4,2.5,3700000
1,1,3.9,14500000
2,3,3,3500000
6,5,10,21000000
6,5,1,55000000
8,7,1,120000000
5,4,14,35000000
5,4,14,29000000
5,4,10,19000000
5,4,10,21000000
5,5,6,12500000
5,4,10,24000000
2,2,5.5,7500000
2,3,2,6000000
4,3,3,8700000
4,3,8,13000000
4,4,8,13500000
4,3,5,14800000
6,6,2,75000000
0,0,1,20000000
6,6,1,45000000
6,5,1,44000000
2,2,4.2,6500000
10,11,13.6,12000000
0,2,4.7,5500000
5,4,4.8,12000000
1,2,3.1,3100000
2,2,3.3,3600000
7,6,1,126500000
3,6,2.8,13500000
3,4,4.8,14000000
3,5,8,7500000
2,2,4.2,5500000
3,3,6.4,5500000
0,0,1.2,100000000
2,2,1.8,3500000
0,5,12,102500000
0,4,1,125000000
0,3,10.2,36000000
3,3,6.4,7450000
2,2,3.3,4700000
2,2,3.3,4700000
2,2,4,4200000
2,2,4.4,2700000
2,2,4.2,5600000
6,5,9.5,65000000
2,2,4.2,5800000
4,3,6.8,9800000
3,3,8,32500000
5,5,9.6,35000000
7,2,4.9,8000000
0,3,8.2,25000000
4,4,11.6,32500000
0,2,2.2,6500000
0,2,4.7,6500000
4,3,4,17000000
3,3,6.4,7000000
0,8,2,400000000
6,6,1,125000000
7,11,17.8,45500000
2,4,4.8,4000000
6,6,1,86000000
3,3,8.6,11000000
2,6,5.4,9500000
3,4,11.5,22500000
0,0,3.8,8800000
2,2,2.4,4000000
2,2,4.2,5200000
5,5,12,45000000
3,3,7.6,19000000
7,6,1,120000000
6,5,1.3,165000000
2,2,5.3,7000000
7,6,1.3,180000000
2,2,4.9,3600000
4,4,8,17000000
7,6,1.2,195000000
7,7,16.9,50000000
8,8,9.3,28000000
2,2,4.2,7000000
2,2,4,9000000
3,3,6.7,5800000
4,4,9.6,14500000
2,2,4.4,15000000
2,2,4.9,16000000
2,4,3.6,5600000
3,2,5.9,11800000
9,7,1.4,85000000
2,2,4.7,9000000
5,4,10,150000
3,3,7.6,85000
4,4,10,150000
0,2,8,26000
5,4,8,16500000
0,2,4.9,7950000
0,2,4,5850000
0,1,1.6,3975000
0,3,5.3,9650000
0,2,4.9,8600000
0,1,1.7,4700000
0,1,2.2,5200000
0,2,3.3,6325000
0,1,2.3,6200000
8,6,1.2,35000000
0,0,10,28500000
4,4,10,12000000
2,2,7.1,45000000
0,0,10,20000000
5,4,6,20000000
3,2,5,7000000
4,5,11.1,12000000
2,2,4.6,4900000
5,4,4,16000000
7,6,14.2,67500000
0,0,4,3800000
6,6,14.2,47500000
7,5,8,14000000
4,5,10,12000000
4,4,5,12500000
3,3,8,5600000
6,4,5,11500000
0,0,6.7,21000000
3,4,4,5500000
0,6,16,52500000
7,6,14,55000000
2,2,4,6000000
6,5,5,9300000
7,5,1.3,56500000
1,1,5.1,135000
0,0,12,40000
2,6,4,40000
2,2,5,16000
6,6,2,500000
3,2,9,220000
4,3,13.3,300000
3,2,10.9,200000
3,3,7,28000
3,3,12,50000
3,3,12,45000
1,2,5,25000
1,1,4,8000
0,0,8,35000
3,2,10,210000
4,3,12,300000
0,0,14.2,62000
3,2,10,250000
2,3,5.3,29000
2,2,8,42000
0,0,1,100000
0,0,1,150000
2,2,4,35000
3,3,12.4,50000
6,10,1.2,500000
6,6,1.1,180000
1,1,2.9,15000
4,3,8,13500000
2,4,3,3700000
5,6,7,30000000
3,4,3.5,11000000
0,4,5,12000000
0,4,5,12000000
2,5,3,9000000
3,3,2.5,5200000
7,5,7,15000000
5,5,9.4,18500000
4,6,11,16500000
0,0,3,6500000
6,7,4,7200000
2,2,2.7,4500000
1,2,3.5,2200000
3,3,5,4000000
3,3,11,18500000
4,4,4.8,10500000
2,3,5,6000000
4,4,4,7000000
4,5,7,24000000
5,5,10,22000000
5,8,5,37500000
4,6,10,250000000
2,2,4.7,12500000
4,5,3.5,5000000
4,4,5,7800000
7,6,12,14000000
3,3,7,6500000
5,7,5,10500000
5,4,1,40000000
9,7,10,20000000
6,6,10,19500000
5,5,7,16500000
10,6,1,55000000
1,1,3,25000
3,3,11,38000
1,2,5.5,15000
3,3,5,25000
2,3,7,35000
3,3,10,30000
4,4,12,75000
6,5,10,55000
2,1,4,35000
3,2,10.7,20000
0,0,2.3,4500000
4,3,5,10500000
6,4,5,9200000
10,10,3,85000000
5,4,15,49500000
6,5,1,33500000
6,5,1,30500000
6,5,1,31000000
4,10,1,50000000
3,4,5,8800000
6,5,1,66500000
2,3,2,2200000
4,3,5,14800000
3,3,4,9000000
4,3,5,9200000
2,2,1.5,2200000
4,4,4,4900000
4,4,5,10500000
6,5,1,52000000
5,5,1,47500000
0,6,1,26500000
0,5,1,29500000
7,7,5,12500000
2,2,2.5,3500000
4,4,5,10500000
0,0,5,13500000
1,2,1.5,2500000
5,4,6,10000000
7,6,1,36500000
4,6,3,4950000
5,5,6,12500000
1,1,4,2000000
6,6,14,14000000
6,5,10,20000000
5,4,4,14500000
6,5,1,45000000
8,6,2,93000000
4,4,6,10500000
5,3,5,13500000
6,5,1,32500000
5,4,10,21000000
7,7,2,45000000
4,3,10,13000000
6,5,1,32000000
6,5,1,33000000
6,5,1,33200000
5,4,10,20500000
6,5,16,33000000
6,5,1,56000000
2,1,3,5000000
0,0,9,25000000
4,3,9.8,17500000
4,4,8.4,8500000
2,2,3.8,8500000
2,2,4,4200000
2,2,3.1,3500000
4,3,9.3,46000000
5,4,12,65000000
3,3,8,11000000
0,0,9.6,45000000
3,3,5.8,12500000
2,2,4.8,9000000
4,4,7.1,16000000
6,5,12,75000000
3,3,4.8,17500000
4,4,4.8,16500000
3,3,6.2,6000000
3,3,5.1,5500000
2,2,4.4,12500000
1,4,4.8,4500000
5,5,9.2,67500000
6,6,9.3,30000000
2,2,4,8500000
3,3,5.1,9100000
0,2,4,4500000
5,5,14,149000000
3,3,7.1,11500000
2,2,3.6,5500000
2,2,3.6,5000000
3,3,4.9,12000000
0,0,7.8,22500000
7,6,8,25000000
7,6,9.6,23500000
2,2,5.3,9500000
6,5,9.6,19000000
7,6,8,20000000
4,3,9.6,16000000
6,0,4.8,18500000
7,6,8,20000000
6,6,16,35000000
2,4,6.4,6500000
3,5,9.6,12000000
3,2,4.2,9500000
2,2,4,5499000
0,0,6.2,7200000
1,2,2.8,9200000
5,5,9.6,20000000
6,7,4.8,22000000
7,6,9.6,27500000
4,3,8.8,17000000
4,8,9.3,16500000
4,7,4.8,8000000
0,3,8,14500000
4,4,5,18500000
0,0,14,100000000
3,3,5.6,8000000
3,3,4.2,10000000
4,3,12,72500000
2,2,4.4,8500000
4,3,5.8,9000000
5,5,1,115000000
5,4,4.8,17500000
3,3,4.4,20000000
1,2,3.6,2000000
5,5,10,80000000
4,4,3.4,6800000
2,2,2.4,2800000
3,3,11.1,32500000
6,7,1.6,170000000
2,1,3.2,2000000
3,3,5.1,9000000
3,3,6.4,9200000
3,3,6.4,8500000
6,10,8,32000000
3,3,4.8,25000000
2,3,3.2,3500000
6,6,1.2,230000000
3,3,3.6,4500000
2,2,3.2,3800000
2,2,2,3100000
2,2,3.2,5500000
3,2,4.8,10000000
7,5,12.9,32500000
4,4,8.9,27000000
3,3,4.8,6500000
3,3,4.8,6500000
1,2,1.6,2300000
3,3,4.8,6000000
3,3,5.3,7200000
4,9,3.2,9000000
0,0,4.8,4500000
2,2,2.9,4800000
2,2,3.8,5900000
3,2,4.8,9700000
1,1,2,1950000
3,3,4.8,8000000
2,2,4,4000000
2,3,4.2,7400000
3,3,4.9,12000000
8,6,1.1,82500000
0,4,4.8,16500000
3,3,4.9,12000000
4,9,5.5,14000000
0,0,3.6,5200000
6,6,11.1,9000000
0,2,4.4,27000
4,3,9.3,145000
5,5,1,300000
3,3,5.3,20000000
3,3,6.7,14000000
2,2,4.9,8500000
4,4,8,16500000
0,0,5,14500000
5,6,10,11000000
2,4,6.7,18000000
5,5,1,39900000
7,6,1,105000000
5,5,1.4,90000000
6,6,8,15500000
3,2,7.6,15000000
3,2,5.3,4000000
7,7,2.1,120000000
8,7,2.1,150000000
0,0,4,390000000
0,0,3,5200000
6,5,5.6,11000000
4,4,6,18500000
4,4,7,15000000
2,2,2.9,2700000
0,3,4,4500000
5,4,5.6,12000000
2,2,4,5500000
5,4,5,6900000
3,3,5,4500000
2,2,4.4,6900000
5,5,6,9500000
4,4,52,75000000
6,4,8,15000000
3,3,5,4300000
5,5,5.3,15000000
2,2,3.3,5800000
5,5,10,22500000
7,6,7,12500000
0,3,9.1,17500000
7,6,1,180000
4,4,10,45000
8,9,1.3,350000
3,3,12.4,50000
2,3,12,50000
3,2,12,50000
4,3,12,55000
6,6,1,200000
6,5,1,350000
4,3,12,110000
3,3,12,60000
3,3,10,55000
4,4,1,75000
4,4,1,150000
3,3,1,90000
0,0,1,65000
3,3,7,100000
4,3,10,40000
1,1,5.1,130000
1,2,5,22000
5,5,20,600000
4,3,10,45000
1,1,1.2,15000
6,9,2,425000
6,6,10,75000
4,4,1.3,100000
2,2,10,50000
5,5,3.5,7000000
7,7,1.9,60000000
2,2,4.1,4500000
5,4,7,13500000
2,6,5,10000000
2,2,2,2500000
3,5,7.5,50000000
6,7,7.5,25000000
3,6,5,3500000
2,2,2,2800000
4,5,3.6,5250000
6,6,7,12500000
2,2,4,4000000
0,0,9,18500000
6,5,7,14500000
4,3,5,10000000
2,4,5,3500000
3,3,5,11000000
1,1,3.2,4400000
2,4,2.5,6500000
2,2,8,7800000
5,4,7,15000000
6,6,6,11000000
5,5,1,15000000
5,5,7,16500000
4,3,11,20000000
0,10,1.5,15000000
1,1,3,3000000
2,2,2.5,2400000
2,2,4,5100000
3,4,5,12500000
5,6,5,6000000
0,1,1.7,2300000
2,2,5,6000000
5,6,1,9900000
7,5,1.2,43000000
3,2,5,5000000
6,6,8,16000000
6,6,14,20000000
3,3,4,8500000
5,6,6,14500000
0,0,10,40000
0,0,16,75000
0,0,5,35000
0,0,8,55000
0,0,4,16500
2,2,12,18000
4,5,10,55000
2,2,2.5,15000
2,2,2.5,15000
3,4,12,35000
0,0,5,18000
4,4,10,36000
4,4,7,45000
2,2,4.4,65000
2,2,6,25000
4,4,1,50000
5,5,7,40000
1,1,3,12000
3,2,1,45000
4,4,4,14000000
5,3,4,5800000
5,5,5,15500000
0,0,3,2500000
6,0,1.3,40000000
4,4,10,25000000
4,3,5,11900000
4,3,5,9800000
4,3,4,6500000
4,8,5,7800000
2,2,3,5200000
2,5,7,19000000
2,3,3,9900000
5,3,5,6500000
5,4,5,11000000
6,5,8,16900000
4,4,3,4600000
3,3,5,11500000
3,3,5,11500000
3,3,5,11500000
3,3,5,11500000
3,3,5,11500000
3,3,5,11500000
3,3,5,11500000
3,3,3,6500000
0,0,10,16000000
5,5,10,42500000
2,3,5,5500000
1,3,5,5500000
2,2,3,2490000
2,2,2,3450000
5,4,10,40000000
3,4,12,22000000
1,1,1.3,2500000
5,5,4,175000000
3,3,12,17000000
6,5,1,30000000
0,0,1.2,50000000
5,3,5,16500000
4,4,4,6000000
5,5,5,7700000
2,4,3,5000000
4,5,4.5,15000000
2,3,4,3300000
3,3,2.5,6000000
4,4,5,11000000
2,4,3,8200000
6,6,5,11500000
5,5,11,32500000
6,6,10,16500000
5,4,5,10000000
4,4,11,18000000
3,4,4,9000000
5,4,15,27000000
4,3,5,10500000
4,3,5,11800000
4,3,5,10300000
5,5,1,45000000
6,5,1,36500000
3,3,1,31000000
4,4,4,10000000
4,3,5,8800000
5,4,10,24000000
7,6,1.2,52500000
6,5,10,23000000
6,4,7,14500000
0,0,3,5800000
0,0,4.8,8000000
3,3,4.6,6500000
6,6,10.9,32500000
3,4,8,8000000
2,2,3.3,3300000
2,2,4.4,6500000
2,2,4,9000000
3,3,3.6,4000000
2,2,4.8,12500000
7,6,1,112500000
2,4,3,2600000
0,0,3.1,4200000
0,0,4,35000000
2,6,5.3,10500000
0,0,10.8,43000000
2,2,4,9000000
2,2,4,6500000
2,3,3.4,2400000
6,6,5.2,18000000
5,4,7.6,30000000
2,2,4.2,10000000
0,3,5.3,15000000
0,8,1,125000000
5,4,11.2,39000000
6,6,9.3,42500000
9,9,10.2,57000000
3,3,10,10500000
3,3,10,10500000
3,3,16,45000000
0,2,4,8500000
3,3,7.2,13500000
6,6,2,170000000
0,3,7.3,26500000
0,0,6.2,9500000
2,2,4.7,7350000
3,3,4.3,7000000
3,3,6.7,18500000
7,6,9.6,26000000
2,3,4.9,7500000
3,3,3.2,5500000
7,6,1,95000000
3,6,6.8,12300000
3,3,9.8,35000000
3,3,5.8,9500000
2,4,3.1,3200000
2,2,2.7,4200000
4,3,8.9,19000000
2,2,4.8,7700000
2,2,4.2,5000000
2,2,3.8,4500000
3,3,4.8,7000000
5,7,16,31500000
3,4,8.9,20000000
2,4,5.3,10500000
2,2,3.4,3400000
3,3,9.6,14000000
3,3,8,21000000
1,1,1.2,2150000
0,2,4.4,9000000
0,2,3.8,5000000
0,2,5.6,5000000
4,5,2.4,4500000
2,2,3.1,3000000
2,2,8,9000000
2,2,4.7,15000000
3,2,3.8,9500000
3,3,6.9,11500000
5,4,14.5,35000000
4,4,4.8,45000000
4,3,4.8,44000000
6,7,4.8,15000000
4,4,4,47500000
10,6,16,45000000
4,2,5,6500000
2,2,2.7,5000000
2,2,2.9,5000000
2,3,3.2,12000000
2,2,5.3,9000000
3,6,3.2,5000000
0,0,16,57500000
6,8,4.8,21500000
3,2,2.8,4200000
0,0,1.8,2200000
2,2,3.3,7500000
0,3,12,33500000
9,6,4.8,22000000
0,0,4.8,6500000
2,2,3.8,5000000
4,3,9.1,33500000
6,6,1,86000000
3,3,6,40000
7,6,2,480000
5,4,4,1400000
6,5,2,450000
4,3,8.9,110000
4,3,8.4,130000
5,6,9.6,90000
3,3,1.2,85000
3,3,16,63000
7,6,12.4,22000000
4,4,5.6,11000000
4,3,5,15500000
6,7,10,17500000
4,4,5,7800000
2,2,4,3600000
5,5,11,45000000
4,5,10,9500000
7,7,14.2,55000000
3,3,6,13200000
3,3,5,5300000
2,2,3.3,2900000
0,0,10,30000000
0,0,5.2,7500000
4,3,8,17000000
2,2,3.6,3800000
5,4,10.1,15500000
2,3,5,4000000
4,4,4,6500000
2,2,5,3500000
6,8,1.3,100000000
6,6,1,46500000
5,5,7,25000000
1,1,1.6,6125000
3,2,7,12500000
3,3,4,13800000
4,3,6.7,6650000
2,2,5,16000
3,2,5.6,18000
3,2,5.6,17000
5,4,5,45000
3,3,14,55000
4,3,13,50000
3,3,13,45000
3,3,1,60000
4,3,10,45000
3,3,13,60000
2,3,5,32000
3,3,6,43000
2,3,6,28000
3,3,1.1,175000
6,6,10,110000
3,3,1.3,80000
2,3,5,18000
0,0,5,36000
3,3,12,37000
3,3,1,100000
0,0,10,45000
3,3,1,120000
5,4,1.2,85000
3,3,1.2,150000
3,2,5,25000
4,3,6.7,28000
4,5,8,15000000
0,0,10,23000000
0,0,10,25000000
4,3,3.5,7500000
4,5,9,15000000
4,6,5.3,7500000
3,3,4,8500000
5,4,5.5,13500000
4,3,5,9500000
7,7,2,56000000
6,5,1,36000000
4,5,2.3,6500000
6,5,1,30800000
0,4,9,16500000
7,4,10,37500000
4,3,11.8,12000000
5,4,10,25000000
3,3,5,11000000
4,3,4,6400000
7,5,7,14500000
5,4,5,3500000
1,2,2.5,3400000
5,5,5.3,11500000
0,3,4,9200000
7,6,9,29000000
2,3,2.5,3000000
4,3,3.8,7000000
3,5,4,9500000
4,5,5,5300000
6,7,7.8,14000000
2,3,5.5,5000000
5,4,10,13000000
0,1,1.6,2395000
2,2,5.8,12500000
2,2,4.9,7000000
7,6,11.5,18500000
6,6,10,15000000
0,0,1.2,70000000
4,4,11,14500000
4,4,1,47500000
3,3,10,14500000
3,3,10,13500000
6,6,1,42900000
6,5,10,19700000
2,3,13,75000000
3,7,3.5,5200000
6,6,10,14000000
6,5,10,30000000
3,3,5,18000
5,4,1,60000
0,0,3.5,35000
0,0,5,35000
3,3,11,30000
0,0,1.1,275000
5,5,1,250000
4,3,8,28000
3,3,12,35000
4,4,15,50000
5,5,1.5,250000
0,2,7,45000
2,2,2.7,22000
4,4,5,35000
4,3,5,13200000
0,3,5,10000000
2,3,6,12000000
2,3,2.5,5500000
3,4,5,10500000
6,5,1,61000000
4,3,3.5,8500000
0,0,2,80000000
2,2,16,65000000
2,2,1.5,2880000
4,3,5,11000000
6,5,1,35000000
0,0,5,8800000
4,4,3,4600000
2,2,2,2700000
4,3,5,13000000
2,4,3,5000000
2,2,4,5200000
4,3,5.5,12500000
3,3,3,6600000
0,0,5,11500000
0,4,3,6500000
1,2,5,4800000
3,4,5,8500000
5,4,10,15500000
4,3,8,10000000
2,4,3,5000000
6,5,7,140000000
3,3,2.5,4800000
4,4,10,19000000
4,5,5,14000000
0,6,3,180000000
1,2,3,3900000
7,6,3,4500000
3,3,1.5,75000000
0,5,1,59000000
7,5,17,41000000
0,0,7,15000000
2,3,2.2,3900000
5,4,5,13500000
2,5,3,3600000
8,8,1,55000000
2,4,5,5000000
4,3,5,9500000
6,5,17,43000000
2,2,3,3800000
2,2,3,7500000
3,3,3,6500000
3,3,5,7500000
3,3,5,7000000
3,3,4,6300000
4,4,4,8000000
3,3,2,3800000
5,4,4,8000000
3,3,4,6300000
0,0,5,5500000
4,4,9.8,28000000
0,3,4.4,5000000
3,3,6,6200000
3,3,6,6500000
3,3,6,6200000
4,4,12,58500000
0,0,4.1,6800000
3,3,4.8,38000000
4,5,8.4,18000000
4,3,7.1,8500000
1,1,1.4,2100000
5,5,12.8,45000000
2,3,4,6500000
10,9,9.6,47500000
0,0,5.8,9000000
6,6,1,120000000
2,0,3.2,4600000
4,4,4,30000000
2,2,4.9,6200000
3,3,6.7,7500000
5,5,2,132500000
4,4,4.8,6500000
4,8,5.2,13500000
2,4,3.4,3800000
2,1,2.8,3800000
3,3,6.4,6500000
2,2,4.2,6000000
4,5,9,13500000
3,3,7.6,9500000
0,0,18,68500000
4,4,5.3,7500000
3,3,6.1,12500000
3,3,6.5,7200000
0,0,12,45000000
4,6,4,9500000
6,6,4.8,25000000
3,3,6.4,12500000
6,7,2,150000000
5,5,2,132500000
2,2,2.5,3100000
0,2,4.7,5500000
6,6,9.6,35000000
4,4,4,43000000
3,5,5,4500000
3,3,2,4700000
8,7,1,65000000
0,0,4.8,6500000
4,4,10.8,25000000
6,5,1,100000000
3,3,9.2,16000000
2,1,2.4,5000000
3,3,5.6,7500000
2,2,3.3,2500000
2,3,4.8,5500000
3,2,4.8,6500000
3,3,12,13500000
0,0,10.9,55000000
0,0,8.2,14000000
0,0,8.8,15000000
2,2,3.2,4500000
4,4,9.6,14500000
2,2,5,2500000
0,0,8,17000000
6,6,10,18000000
0,3,8.9,16000000
0,3,8.9,25000000
0,3,8.4,37500000
0,3,9.8,45000000
0,2,6,23000000
0,3,8,17000000
0,3,10.2,50000000
0,3,10.4,26000000
0,3,10.7,24500000
0,3,9.8,45000000
0,3,8.4,31000000
0,3,7.8,22500000
0,3,8.9,25000000
0,3,10,52500000
3,3,7.1,6000000
2,2,3.3,6000000
6,6,9.6,39000000
4,3,10.7,35000000
4,4,9.3,45000000
6,5,1,140000000
2,3,4,5000000
3,3,4.8,7000000
2,2,3.2,4700000
2,2,3.3,5600000
3,3,6,14500000
3,3,10.7,20000000
2,2,3.6,3500000
5,5,1,115000000
3,3,7.3,17000000
5,4,4.8,10500000
3,3,7.6,10000000
4,4,7.1,23000000
5,3,8.2,105000
4,4,12.4,150000
5,4,2,400000
3,3,7.1,65000
7,7,10.9,37000000
3,2,5.1,4700000
9,9,1,24000000
3,3,7.8,36000000
6,7,72,270000000
6,6,1,47500000
6,5,12.5,30000000
6,5,8,21000000
5,5,7,25000000
2,3,5,9500000
5,5,1,25000000
1,1,1,2600000
1,2,3.4,7500000
4,5,14,33500000
7,5,6,13000000
3,3,11.5,19000000
4,4,5,6500000
5,5,1,58000000
0,0,8,11500000
5,4,15,21000000
6,6,7,14000000
6,6,7,14000000
6,6,1,49000000
6,6,1.2,93000000
4,3,5,7700000
3,3,8.9,65000
6,6,12,80000
3,2,5,16000
3,3,7,30000
1,2,2.7,35000
6,6,7,65000
1,1,5.3,25000
8,8,1.3,300000
6,6,16,160000
1,1,1.3,18000
5,5,1.3,250000
6,6,12,100000
3,2,8,26000
0,0,5,13000
2,2,2.7,18000
3,3,12,30000
4,3,1,40000
4,4,1,30000
4,4,5,35000
5,4,7,32000
2,2,7,18000
3,3,14,37000
5,4,7,35000
2,2,10,38000
3,3,13,60000
5,4,1,50000
1,2,3.8,60000
5,4,5,35000
2,2,6.4,135000
3,4,11,25000
6,8,11,50000
8,8,1,270000
5,3,10,65000
3,3,14.2,65000
0,0,2,4000000
0,0,2,4000000
0,0,3,3500000
2,3,2,9000000
4,6,9,23000000
5,4,4.2,11000000
4,4,1,30000000
4,3,5,12000000
2,5,5,9000000
4,3,5,13000000
3,3,3,8000000
5,5,10,24000000
5,5,10,15500000
6,5,1.5,100000000
3,3,3,5800000
0,3,5,15500000
2,2,3,4500000
4,3,10,19000000
5,5,4,58500000
0,0,7.5,19000000
6,5,1,29000000
2,2,3,3800000
2,3,2,3800000
2,3,3,4500000
2,3,3,3050000
0,0,3.2,10000000
2,2,3.5,3400000
4,4,8.2,16000000
6,5,10,22000000
2,2,1,2250000
6,4,9,16000000
2,3,5,4500000
6,4,5,7500000
3,4,6,9500000
5,4,7,25000000
2,2,5,4500000
2,2,4.9,6900000
2,2,5,5900000
3,2,5,4800000
3,6,3.7,7000000
0,3,11,15800000
6,5,10,22000000
7,5,12,25500000
4,5,7,13500000
2,2,5,12000000
4,5,7.3,7800000
3,2,5.7,7200000
4,6,6,9000000
2,2,3.5,2800000
3,3,5.6,3500000
7,5,14,25900000
7,9,5,12000000
7,6,10,28000000
6,7,13,31500000
5,5,7,13000000
0,5,10,21500000
2,3,3.5,4200000
2,3,2.5,3500000
6,8,6,13000000
3,3,10,35000
0,0,4,25000
0,0,5,35000
7,6,1,160000
7,6,1,160000
6,5,10,55000
3,3,7,25000
1,1,1.6,20000
1,2,3.5,12000
5,5,8,15000000
3,3,4,6250000
0,4,5,13000000
0,4,7.5,16000000
7,6,10,25500000
5,6,10,20500000
3,4,5,11600000
7,6,1,35000000
4,4,5.7,11000000
0,0,1,27000000
5,5,8,11000000
3,3,6,7500000
6,8,3.6,300000000
4,3,3.5,7500000
3,3,5,8500000
6,5,17,40500000
3,6,5,20000000
3,3,5,6500000
7,6,10,17000000
6,4,10,16000000
6,4,5,6700000
2,3,5,14500000
4,4,5,13900000
3,4,5,14500000
3,3,3,3500000
2,3,5,5600000
3,3,5,12000000
2,3,3.5,6200000
3,3,3,6200000
0,0,12,18500000
6,5,1,34000000
4,5,4,10000000
0,0,4,250000000
7,6,1,38000000
5,5,7,20000000
7,5,7,20000000
1,2,4,5000000
5,4,1,32700000
6,6,1,37500000
7,6,1,35000000
6,5,1,50000000
3,3,4,6299000
6,5,1,61500000
2,2,2,3500000
3,6,6,18000000
1,2,4.4,8500000
2,2,2.3,6000000
4,3,8,13000000
3,3,7.3,13500000
2,2,4.4,5500000
0,0,3.8,4200000
0,0,4,4500000
3,3,6.9,10500000
6,6,4.8,18000000
3,4,4.4,14500000
2,2,1.6,2600000
3,3,5.3,5500000
1,1,1.8,1700000
2,3,4.8,3500000
1,2,2,1500000
4,5,8,14500000
3,3,16,42500000
6,10,5.8,30000000
3,3,6,4200000
4,4,12,70000000
4,4,8,18000000
2,2,3,4500000
6,5,1,95000000
6,5,1.2,115000000
6,11,18.6,41500000
2,6,4.8,12500000
3,3,6.4,7000000
3,3,6.4,13500000
2,2,3.8,4500000
6,6,2,175000000
4,3,10.7,21000000
2,2,4.7,7000000
2,2,3.1,4500000
2,2,6,6500000
2,2,4,11000000
2,2,4.4,12000000
5,4,4.8,20000000
2,2,4.5,5500000
6,9,16,28000000
9,6,9.3,40000000
4,3,1.6,5200000
0,0,10.9,80000000
2,2,4.7,3900000
6,8,3.2,6500000
1,2,2,1300000
5,4,3.2,11000000
0,0,3.4,6000000
0,0,9.6,10800000
3,2,2.9,3200000
2,1,4,15000000
2,1,2,7000000
2,2,4.7,4800000
9,9,8,12000000
3,3,8.4,11000000
3,3,6.9,12000000
2,2,4.9,7200000
3,3,6.7,20000000
3,3,7.3,22500000
2,2,4.2,4500000
3,3,6.4,14000000
4,3,8.4,15000000
5,5,9.6,28000000
2,2,4,15000000
3,3,5.6,3400000
2,4,4.8,10000000
2,2,3.2,4500000
2,2,4.2,11500000
3,3,8.2,12000000
2,2,2.4,1350000
2,2,3.1,4700000
4,4,12,37500000
8,6,6.8,12500000
2,3,6.2,11000000
3,3,4.8,4300000
4,3,7.3,25000000
0,0,9.6,20000000
9,9,9.6,35000000
0,0,4.8,15500000
2,2,4.2,6000000
3,3,8.4,10500000
3,4,5.4,100000000
0,0,3.4,18000000
3,3,15.2,23500000
4,3,9.8,34000000
3,3,6.7,18500000
3,3,10.7,70000000
3,3,4.9,45000
2,2,3.3,15000
3,3,1.3,165000
3,3,1,115000
3,3,1,115000
2,2,15.2,28000
3,3,4.8,25000
3,3,6.4,35000
0,0,6.4,250000
6,6,1,200000
2,2,4.2,22000
3,3,8.9,85000
2,2,2.1,30000
3,3,8,40000
3,3,8,35000
4,4,17.8,130000
2,4,8,140000
3,3,9.6,55000
4,4,4,8000000
0,0,5.6,7000000
0,3,30,90000000
0,0,10,19000000
5,5,2,80000000
5,4,15,21000000
2,2,3,4600000
4,3,11.6,6500000
2,2,3,3800000
3,3,7,8000000
4,3,5.2,13500000
6,7,18,27500000
10,7,1,60000000
0,1,1.2,4300000
5,6,15,46000000
6,6,1,50000000
3,4,2,4600000
6,5,1,87500000
0,0,14.2,55000000
2,4,10,8000000
4,5,5,9000000
2,3,3,2000000
6,9,7,18000000
4,4,11.3,12500000
5,5,4.5,86500000
2,2,3.3,5600000
0,0,6.8,35000000
4,4,3,4000000
2,2,8.3,17800000
3,3,11,57500000
0,2,8,25000000
3,4,1,17000000
2,2,10,50000
2,2,5.1,65000
3,3,13,58000
3,3,13,50000
0,0,4,35000
6,6,7,48000
3,3,10.9,50000
10,9,1,250000
3,3,12,47000
6,6,10,70000
2,2,5,14000
3,2,5,20000
1,2,3.8,55000
0,0,1,20000
2,2,3.6,35000
3,3,10,25000
4,3,1,36000
2,2,3.6,201000
2,2,1,85000
3,4,5,45000
0,0,2,25000
3,3,14,75000
2,2,5,15000
2,2,5,15000
3,3,14,70000
2,2,5,12000
0,0,2,10000
6,5,5,38000
6,4,5,15000
7,6,12,190000
3,3,7.6,55000
1,1,1.9,35000
3,3,5,13000
2,2,5,11000
2,2,5,10000
2,2,5,12000
3,3,5,13000
3,3,11.4,45000
2,2,14,60000
3,3,10,20000000
4,3,2,295000000
5,5,3,6000000
0,5,1,35500000
2,2,2.5,3500000
5,4,10,36000000
6,5,16,27500000
0,8,1.1,47500000
0,3,5,12800000
3,3,3,9000000
6,6,1,37500000
5,4,5,11000000
4,3,6.5,10000000
0,5,5,11000000
0,0,7,12000000
5,4,6,21000000
2,4,5,5000000
6,6,8,20000000
2,2,3.1,6372000
0,0,11,25000000
3,5,2,7500000
7,6,16,37500000
5,3,4,8500000
3,2,2,5000000
2,3,3,3800000
3,2,2.7,3800000
3,3,5,8000000
6,6,1,23000000
3,8,3.4,9000000
3,4,5,6400000
6,8,6.5,27000000
3,3,5.5,3800000
0,0,5,4200000
4,5,10.8,17500000
2,2,5,3200000
3,3,4,3300000
2,2,6.7,5500000
4,4,5,8500000
6,6,12.4,21500000
2,2,3,2200000
6,6,5,11500000
6,5,5,8500000
2,4,7,25000000
5,5,1,48500000
6,4,8,15000000
3,3,7,5500000
6,6,6,15000000
1,2,3.2,2200000
7,5,11,24000000
3,3,4,3200000
5,5,10,15000000
2,1,3.6,6500000
3,2,5,20000
3,3,7,22000
0,0,3,22000
0,0,5,38000
0,0,5,35000
3,3,8,21000
3,3,10,25000
2,3,2.7,22000
1,1,3.6,10000
2,2,5.3,13000
2,2,5.3,25000
7,4,10,70000
2,2,5,30000
3,3,1,50000
0,0,7,28000
2,2,5,50000
2,2,5,50000
1,1,4.3,15000
1,1,4.3,15000
6,5,18,65000
5,4,6,50000
0,0,15,50000
3,3,7.8,35000
4,4,7.8,35000
2,2,3.6,13000
2,2,3.1,13000
3,3,7.8,24000
1,1,2.2,10000
5,5,10,29000000
4,3,5,11000000
1,2,3.5,4800000
5,4,10,12500000
6,4,5,9500000
5,2,4,4000000
7,6,1,48000000
3,3,6,7500000
6,5,10,35000000
4,3,1,29500000
5,4,10,12500000
5,5,1,33000000
7,6,1,28000000
4,3,5,16000000
5,4,1,75000000
5,4,12,18500000
3,3,5,9500000
3,4,5,9500000
6,5,10,13500000
6,5,10,22500000
6,5,10,25500000
6,5,5,13000000
3,3,5.8,7500000
5,5,6.1,18500000
0,0,2.2,2500000
3,3,6.4,13000000
4,4,2.4,6000000
2,2,3.4,4800000
3,3,8,45000000
2,2,3.2,3200000
10,9,9.6,32500000
2,2,4,4500000
2,3,3.6,4500000
4,4,10,70000000
0,0,6,13500000
4,5,3.2,3700000
3,3,4.7,13500000
3,3,6.1,16000000
4,4,10,47500000
4,4,16,74500000
4,4,11.6,52500000
2,2,4.4,8500000
3,3,6.4,17000000
4,4,13.3,58000000
0,0,12,16500000
0,0,3.2,9500000
2,2,4.2,6300000
3,3,5,12500000
0,0,12,65000000
0,0,9.6,5500000
5,5,1,127500000
4,4,4.8,18000000
2,3,4.8,13500000
2,2,3.5,4800000
0,0,1.2,5000000
3,3,6.7,8500000
2,2,4.2,6000000
3,2,6,8200000
3,3,8.9,7500000
5,5,4.8,15000000
3,3,6.6,7000000
0,0,2.3,3200000
3,3,4.8,8700000
3,3,4.9,10500000
2,2,4.4,6500000
3,3,5.6,6500000
6,6,1,80000000
3,3,4.9,7500000
2,2,2.7,4200000
7,7,5.2,14000000
0,0,3.2,3000000
3,3,9.6,55000000
2,3,3.3,7200000
0,1,3.5,3100000
6,4,13.3,41000000
6,7,9.6,35000000
2,5,2.4,4500000
7,6,1.2,80000000
1,2,2.4,2000000
3,3,6.7,8500000
3,2,4.8,7000000
2,2,5.6,5000000
0,0,3,3000000
2,2,3.6,4500000
3,4,3.2,8200000
2,2,4.4,5500000
4,4,8,21000000
2,2,4.8,16000000
2,3,4.8,4800000
5,6,9.6,43500000
0,0,5.8,4500000
5,4,14,5000000
0,0,8.9,30000000
2,2,3.3,3500000
2,2,6,5000000
0,0,8,65000000
0,0,9.6,10000000
5,5,16,57500000
2,3,4,6300000
2,2,4.2,6000000
5,4,4.8,13500000
2,4,4.2,6000000
4,5,10,5000000
6,6,2.8,7800000
2,2,3.8,4500000
2,2,3.2,8200000
2,2,3.6,3000000
3,3,5,14000000
2,2,3.6,3300000
3,3,6.3,16000000
6,6,10.6,44800000
0,0,4.8,6500000
2,2,4.2,4500000
6,6,1.2,69500000
0,0,2.9,5600000
3,3,6,5500000
5,5,1,84500000
3,3,8,14500000
5,3,4.8,11500000
3,3,4.7,3200000
2,2,2.6,3600000
2,2,4,4550000
9,9,1.1,140000000
0,0,2.4,2150000
2,2,4,42000
1,2,2.4,12000
2,2,8,38000
0,4,4.8,22000
1,1,9.6,80000
3,3,8,35000
3,4,8.2,30000
3,3,7.1,55000
2,2,9.6,40000
0,0,4.4,34000
1,1,1.2,8000
3,3,8,55000
3,3,3.6,70000
2,2,4.9,60000
2,3,5.3,32000
4,3,9.6,85000
2,2,8,60000
4,3,7.3,60000
2,1,4.8,10000
0,0,3.2,25000
0,0,3.2,24000
4,4,1.4,160000
4,4,9.8,90000
6,5,1,300000
2,3,3.2,13000
2,2,4.7,20000
3,3,6,50000
6,8,1.2,200000
3,2,1.3,175000
3,3,6,42000
3,2,8,28000
3,3,10,55000
3,2,7,7000000
0,6,4,13500000
6,4,7,15000000
6,6,5,13000000
3,3,5,3800000
6,5,1,45000000
5,6,5,9500000
2,3,4.9,10000000
5,4,6,10000000
6,6,12,24000000
6,5,1,47500000
4,3,5,14000000
6,5,1.3,122500000
4,4,5,10500000
0,0,5,14000000
0,2,7.4,8600000
0,0,40,160000000
4,4,10,13200000
3,2,3.3,2800000
3,2,3.3,2800000
7,5,1.1,80000000
4,4,12,22000000
4,3,5,8000000
3,3,4,15500000
2,2,5,3500000
2,2,5,4650000
6,5,1,75000000
6,6,12.4,50000000
6,6,12,58000000
6,6,12.4,46000000
4,3,4,16500000
6,6,1,44000000
6,6,14.2,54000000
7,7,8,29900000
6,6,14.2,50000000
0,0,14.2,42500000
0,0,40,180000000
1,1,3.3,4000000
2,2,3.3,2450000
3,3,4,2850000
5,4,5,15500000
6,6,6,14000000
4,3,1,40000
5,5,1.3,200000
5,5,1,190000
5,4,5,32000
4,4,6,28000
4,3,11,115000
2,2,10,25000
3,3,1,35000
2,2,8,46000
3,3,7.3,150000
2,2,5,45000
2,2,5,23000
4,3,1,115000
1,2,5,12000
5,4,5,48000
5,4,5,52000
3,3,6.7,40000
3,3,5,12500000
3,3,4,4500000
3,3,10,17500000
4,3,5,15000000
3,3,5,3000000
7,4,1,30000000
4,3,5,14000000
4,3,3.2,7900000
5,4,5,9600000
6,5,15,32500000
4,3,1,25000000
2,3,5,6790000
5,5,11,19000000
4,3,5,7500000
4,3,5,12500000
3,3,5,9500000
3,3,5,9000000
4,3,5,12000000
0,0,5,13500000
5,4,10,23500000
4,4,5,13000000
3,3,5,13500000
7,5,1,35000000
0,5,10,24000000
0,5,10,23000000
6,5,10,18000000
6,4,10,17000000
6,5,10,22000000
6,5,10,21500000
6,5,10,19000000
4,3,5,11000000
4,3,5,12000000
4,3,5,11500000
4,3,5,10800000
4,3,5,11500000
5,5,8,17500000
5,4,8,16000000
6,5,1,45000000
6,5,1,46000000
7,6,8,15000000
2,3,5,13000000
1,2,4,5200000
0,0,1,35000000
4,4,3,5600000
4,3,5,12000000
6,5,1,45000000
6,5,10,17500000
2,3,4,8800000
1,3,4,8800000
5,4,10,21500000
2,3,3,9000000
3,2,6,10000000
2,3,5,9150000
1,1,3,1500000
8,5,10,22500000
5,4,10,30000000
2,4,3,3000000
4,4,5.7,10500000
1,2,2.5,3000000
3,3,8,14000000
4,7,10,14000000
2,3,2.5,5200000
3,3,2.5,5000000
2,9,6,12000000
2,2,4,5000000
2,3,3,7800000
0,0,1,85000000
1,1,2,3600000
4,8,6.5,8000000
6,5,10,21000000
0,0,7,14000000
6,6,7,15000000
3,7,4,9000000
2,2,4,4000000
6,5,10,22000000
0,0,10,50000
0,0,7,30000
0,0,12,35000
2,2,1,50000
4,3,5,31000
2,2,5.3,16000
4,5,1,35000
5,5,1,30000
8,10,1,65000
0,0,5,13000
5,4,10,65000
5,4,10,50000
5,5,7,45000
0,0,3.5,12000
3,3,10,32000
0,1,10,7500
4,4,7,14000000
0,0,10,25000000
2,2,2,2500000
4,3,5,13000000
0,0,3,3500000
5,6,10,20500000
1,2,3,1725000
2,3,1.5,4500000
8,7,1.9,110000000
0,0,2,4600000
4,4,4.5,9600000
6,6,1,35000000
3,3,8,13000000
2,2,3.3,3000000
2,2,4.8,4000000
4,4,4,37000000
7,6,2,180000000
7,6,1.2,150000000
7,6,1.3,180000000
5,5,1,125000000
2,3,4.8,5300000
9,8,2,220000000
3,5,4.8,9700000
4,4,4,42500000
3,2,2.4,9900000
2,2,2.9,4500000
2,1,2.4,2700000
3,3,7.8,10000000
7,6,2,160000000
2,2,5.3,11000000
3,3,5.8,7500000
2,2,4,5000000
3,3,6.7,10000000
3,2,3.6,3200000
2,3,3.8,7500000
5,5,15.6,120000000
5,5,14,102500000
2,3,3.8,7500000
6,5,10,67500000
2,3,2.8,5800000
2,2,6.2,1800000
1,2,4.8,5500000
2,2,3.1,8000000
4,6,3.2,8600000
1,2,2.4,1500000
4,4,2.6,2750000
8,7,1,110000000
2,2,4,4500000
5,4,12,77500000
6,6,1,115000000
4,4,1,95000000
2,2,3.8,4000000
0,0,9.6,19000000
2,2,2.9,4800000
5,5,8,65000000
3,3,1.1,120000000
4,3,8,18000000
4,4,4.8,42500000
5,5,12.8,95000000
3,3,4.8,7500000
2,2,6.7,67500000
8,8,2,210000000
2,2,5.3,7600000
3,3,6,15500000
2,2,4.8,13500000
3,3,8,33000000
3,3,4.8,4000000
6,6,8,37500000
4,3,11.4,33000000
3,3,5.8,15000000
3,3,10.2,36000000
2,2,3.8,5000000
3,3,5.1,9200000
7,7,19.2,135000000
5,4,10.4,42500000
3,3,6.6,6600000
2,4,4,6500000
3,3,4.9,15500000
3,3,6.7,24000000
2,2,4.2,6700000
5,3,9.6,16500000
8,7,2,200000000
0,0,11.4,33000000
3,3,9.6,30000000
3,2,4.8,7000000
3,3,5.6,7000000
4,3,15.6,26000000
3,4,2.4,5200000
2,4,5.1,9900000
6,5,10,65000000
6,5,11,62500000
8,8,2,220000000
4,4,16,25000000
4,4,16,30500000
4,4,4.8,13000000
2,2,3.1,3400000
2,0,3.4,2300000
2,2,3,10000000
1,1,1.9,2000000
4,6,3.2,9500000
3,3,6,12000000
3,3,6.2,6800000
8,7,1,125000000
0,0,4.8,9000000
3,2,9.7,12500000
2,3,5.3,4200000
5,5,14,95000000
2,2,4.4,9000000
2,2,4.4,13500000
4,5,5.8,9000000
4,6,3.2,7200000
4,3,6,13000000
0,0,6.4,9000000
2,3,4.9,25000
3,6,8.9,150000
3,3,9.6,30000
2,2,2.4,14500
2,2,4.2,29500
2,2,4.2,28500
3,3,8,35000
2,3,6,20000
2,2,4,55000
7,8,9.6,100000
1,1,12,60000
3,3,9.6,55000
4,3,1,105000
2,1,3.1,30000
10,11,2.3,400000
4,4,4.8,120000
2,2,4.4,20000
3,3,10,35000
4,4,13.1,45000
3,3,8,50000
5,4,12.4,150000
7,6,2,450000
2,2,4.8,25000
2,2,3.6,22000
3,3,6,28000
0,0,4.8,40000
2,2,4.8,20000
2,3,4.9,35000
3,3,16,55000
2,2,3.2,10000
2,2,4.5,36000
3,3,14,45000
2,2,8,45000
2,2,4.2,22000
2,3,5,4000000
3,3,8.9,22500000
6,6,4,17000000
6,6,1,85000000
4,4,10,18000000
2,3,5,4100000
0,0,14,31500000
2,2,7.1,50000000
5,5,7,10000000
4,3,9.6,14500000
0,2,3.7,5700000
4,4,5,12000000
6,6,12.4,41500000
7,6,7,14500000
4,4,14.2,40000000
0,0,14,19000000
3,3,5,8500000
2,3,5,4000000
3,2,4,7000000
2,2,7.3,15000000
6,5,8,14500000
3,4,5,18000000
5,5,14,22500000
1,1,2.7,2250000
1,1,2.7,14000
3,3,16,100000
3,2,5,18000
2,2,5,18000
3,3,10,40000
4,4,1,65000
3,3,13,50000
3,3,10,31000
6,5,7,80000
6,6,1,200000
1,1,5,15000
5,3,11.6,70000
0,1,2,8000
6,8,1,120000
2,2,8,40000
2,1,2.9,52000
6,6,1.3,180000
6,6,1.3,220000
6,6,1.3,220000
3,3,2,45000
0,3,33.3,80000
0,3,33.3,130000
6,6,1,200000
6,6,1,220000
6,6,1,60000
2,2,7,25000
6,6,8,80000
0,0,5,20000
1,1,5,15000
6,6,10,80000
4,3,12,37000
4,3,12,29000
4,4,6,10500000
4,4,7,16000000
3,3,5,13000000
3,3,6,13000000
3,3,5,11500000
3,3,6,13000000
5,5,12,22500000
4,3,5,9500000
4,3,6.3,11000000
4,4,5,10000000
7,5,1,44000000
5,9,5,10000000
0,5,1,30000000
5,4,5,15500000
6,5,1,49500000
6,5,1,42500000
6,5,2,155000000
6,5,2,77500000
4,3,5,13500000
5,3,5,12000000
5,4,10,23000000
4,3,10,12000000
4,3,5,15500000
5,4,10,30500000
4,3,5,15000000
7,6,1,40000000
1,3,16,7000000
4,3,7,70000000
6,6,6,16000000
4,3,5,11500000
5,4,10,29000000
4,4,6,16000000
4,3,6,18500000
7,7,10,32500000
3,2,2.3,7500000
4,4,5,8500000
0,5,1,46500000
2,3,2,2800000
2,2,3.9,7613000
6,4,8,9700000
3,3,3,5000000
5,5,10,14000000
1,2,2.5,2800000
2,2,2,3500000
6,5,1,52500000
2,5,14,12000000
3,5,4,13000000
5,3,5,10500000
3,5,5,7000000
4,4,7,14500000
2,2,4,3300000
0,0,17.5,30000000
2,2,2,11000000
0,0,5,7000000
3,3,5,10000000
5,5,5,9500000
3,3,10,12500000
8,6,1,42500000
3,2,5,2950000
6,5,10,21500000
3,4,3,4000000
4,3,5.6,7000000
3,3,18,17000000
2,2,3.3,2300000
6,5,1.1,46000000
3,3,6,13500000
6,8,13,46000000
2,2,3.5,3500000
6,6,5,5500000
0,0,7,13500000
6,6,6.5,9500000
3,5,18,35000
1,1,1.2,7000
1,1,1,25000
1,1,2,8000
3,4,5,23000
2,3,5,18000
0,0,10,65000
6,5,10,65000
5,5,7,45000
3,2,10,28000
4,5,1,35000
3,3,4.8,9000000
1,2,3.1,3500000
3,3,8,11000000
6,6,9.3,33000000
4,4,4.8,14500000
9,6,4.8,20000000
3,3,6,5200000
4,4,12,60000000
2,3,2.6,1800000
6,8,1.2,85000000
0,0,7.6,23000000
7,6,1.2,190000000
0,0,3,280000000
3,3,4.4,4350000
2,2,4.4,5000000
3,3,10,33000000
4,6,3.2,8800000
7,11,4.8,15000000
6,6,2,290000000
4,4,6,11000000
3,3,4.8,20000000
5,4,1,105000000
3,3,8,9500000
2,2,3.8,4600000
8,10,10.2,32000000
4,3,8.7,19000000
2,2,5,13500000
1,2,1.6,1850000
0,0,4,4500000
6,6,8,25000000
2,2,6,6500000
6,6,1.2,195000000
8,6,1.1,85000000
3,3,8,22500000
3,3,8,27500000
3,3,8.9,47500000
3,3,8.9,46000000
0,0,3.2,7000000
4,6,3.2,7500000
4,4,4.8,13000000
3,3,8.9,36000000
3,3,7.6,10000000
0,2,4.4,9000000
0,2,3.8,5000000
0,2,5.6,5000000
7,6,2,135000000
10,10,4,360000000
7,6,2,165000000
2,2,2.8,15000000
0,3,5.3,8500000
1,2,2,1800000
2,2,4.2,6000000
0,5,1,71500000
7,6,1,105000000
5,4,4,450000000
7,6,2,200000000
4,4,9.6,12000000
7,6,2,185000000
0,0,4.8,1500000
7,6,2,160000000
7,6,1,125000000
7,6,1.2,120000000
2,2,5,3800000
7,6,1,125000000
7,6,1,125000000
3,3,5,13000000
2,2,3.1,1650000
4,3,10,10500000
3,2,5.3,13000000
3,3,6.4,18500000
0,0,2,190000000
2,3,3.2,2700000
8,8,1.3,140000000
7,7,5.3,20000000
3,3,6,7000000
3,3,6.4,13000000
3,2,5,10500000
2,2,3.3,5000000
2,2,4.7,7000000
1,1,1.6,1600000
4,4,3.2,8000000
2,5,2.6,2800000
3,2,5.8,5000000
6,6,4.8,15500000
0,0,8,8000000
0,0,8,8000000
0,0,4,30000000
2,3,7.2,11500000
2,2,4,38000
0,2,8,32000
0,2,8,30000
0,2,8,33000
0,3,9.6,35000
0,3,6,35000
0,2,8,26000
0,0,8,35000
0,0,4,38000
3,3,8,75000
4,4,8.9,100000
3,3,8,70000
2,2,4.9,50000
0,3,7.1,70000
0,3,7.3,75000
0,3,9.8,125000
2,2,4,25000
2,2,4.4,32000
2,2,4,30000
7,6,2.2,690000
0,0,9.8,85000
2,2,4.4,20000
6,4,4.8,40000
3,3,7.2,30000
2,2,4,18000
0,0,4,23000
0,0,10.8,45000
3,3,9,47000
3,4,4.8,150000
3,3,6,55000
2,2,4.2,28000
0,0,4.7,18000
2,4,4,25000
0,0,9.6,10000
3,3,2,130000
3,3,6.4,45000
2,2,2.9,23000
2,2,3.8,30000
2,2,5.2,25000
5,5,2,450000
6,4,2,450000
5,4,2,425000
6,5,2,435000
4,3,6.7,6500000
1,1,3.6,6800000
6,4,5,8200000
6,10,7,26000000
4,3,5.6,7000000
10,11,2,260000000
4,6,4,6500000
1,1,2,5000000
0,8,8,30000000
6,6,10,46000000
4,4,5.6,9900000
5,4,6,13500000
2,3,3.5,3200000
10,11,1.3,80000000
1,1,3.8,5400000
3,2,8,9000000
1,1,2.4,1650000
3,3,1,90000000
2,2,3.2,6000000
0,4,10,15500000
4,5,5,12000000
2,2,4,8300000
2,2,4,6600000
5,5,10,32500000
6,5,1,47000000
6,5,1,47000000
2,3,6,32000
7,9,1,400000
6,6,1,200000
1,1,3,10000
1,1,2.4,15000
2,2,10,42000
2,2,10,25000
4,5,10,50000
2,2,10,25000
2,2,12,35000
3,3,12,30000
1,2,5,20000
3,3,7,19000
3,2,7,18000
3,3,8,35000
2,2,10,25000
5,5,10,50000
2,2,10,25000
1,1,4,8000
3,3,15,70000
4,4,10,50000
3,3,5.9,20000
8,9,1.5,65000
2,1,3.6,45000
2,3,5,20000
0,0,8,40000
5,5,10,19000000
3,4,7,7500000
6,5,6,9000000
5,4,10,23500000
6,5,1,37500000
4,3,5,12500000
2,2,5,5800000
2,2,7,9800000
6,5,1,37500000
6,5,1,44500000
5,4,11,22000000
4,4,4,5700000
5,5,12,24500000
2,2,1.5,3600000
6,5,1,82500000
6,5,1,55000000
3,3,1,65000000
7,6,1,73000000
6,5,1,71800000
6,5,1,42500000
6,5,1,42000000
6,5,1,39000000
5,4,1,63500000
6,5,1,59900000
6,5,1,47500000
2,2,7.5,12000000
6,5,1,49900000
3,3,4,9000000
6,5,2,137000000
6,5,1,41000000
6,5,1,52500000
7,6,1,45000000
6,5,1,39000000
3,3,5,9500000
2,3,3,5300000
3,3,5,7500000
4,4,10,16500000
2,3,2,4000000
4,3,4,7200000
3,3,5,15000000
3,2,5,17000000
6,5,10,24000000
3,3,5,15000000
0,2,5,5800000
0,0,5,8000000
6,5,10,17000000
2,4,5,9500000
5,5,10,22500000
0,0,1,65000000
6,5,2,190000000
3,3,6,12000000
6,5,1,50000000
6,5,1,50000000
6,5,1,47500000
6,5,1,47500000
6,10,3,175000000
5,5,10,30000000
2,2,5,4500000
2,5,3.5,4700000
2,5,5,7000000
2,5,3,8500000
4,4,5,9000000
4,4,5,11000000
3,6,4,8000000
6,8,4,7500000
2,2,3,12500000
3,3,12,15000000
3,3,7,14500000
6,5,14,23500000
1,1,3.8,6620000
6,6,14,45000000
3,2,6,3300000
5,4,7,15000000
7,4,10,18000000
3,3,10,11500000
0,0,7,14000000
3,2,4.9,4700000
5,5,7,11500000
5,5,10,21500000
5,5,7,14000000
0,0,12,15000000
4,4,5,8300000
6,6,1.6,80000000
6,5,10,23500000
6,5,1,47000000
6,5,1,47000000
6,5,1,47000000
3,5,5.3,30000
4,3,10,23000
3,3,9.6,13000000
5,3,10,23000000
2,2,4.2,3500000
2,2,4.2,3500000
4,3,11.8,59000000
3,3,5.6,25000000
2,2,2,5900000
2,2,6,14500000
7,6,1.2,179900000
7,6,2,289900000
5,5,2,150000000
5,5,1,75000000
0,0,14,56000000
4,8,4.8,25000000
3,3,10.2,18500000
2,4,2.6,6000000
6,5,2,179900000
4,4,12,15000000
2,2,3.3,3700000
3,3,6.4,7500000
0,0,3.2,5700000
2,3,3.3,5600000
3,3,6.2,26000000
3,3,5.4,3000000
4,5,4.8,10300000
2,4,8,8500000
3,2,5,9000000
0,0,6.8,15000000
2,5,1.6,2500000
0,0,9.6,8000000
2,2,4.8,3500000
0,2,3.6,4600000
6,5,1,124900000
3,4,4.8,12500000
3,3,5.9,7889000
7,4,5.8,16500000
3,2,6.2,11000000
2,2,4.4,6500000
2,2,4,8500000
4,3,9.8,34900000
3,3,6.1,13000000
2,2,2.8,4000000
5,8,4.8,20000000
2,2,3.3,4300000
4,4,8,57500000
2,2,5.1,6600000
2,2,4.2,6500000
3,3,10,11000000
3,3,9.3,13500000
3,3,5,10500000
3,3,5,9200000
4,4,12.9,12500000
3,3,8,20500000
6,5,4.8,18000000
3,3,4.4,7200000
3,3,5.1,12500000
4,4,4.8,20000000
3,3,9.8,34500000
0,0,1,65000000
2,2,2.4,1300000
2,4,5.1,3700000
3,3,8,18500000
3,3,5.6,8400000
3,3,4.8,8000000
3,3,4.8,23000000
3,3,6,8000000
2,2,4.5,14000000
3,3,3.2,8000000
6,6,4.8,17500000
2,2,4,30000
3,4,4.8,25000
4,4,2,450000
2,3,3.2,32000
4,4,9.6,50000
3,3,4.8,28000
3,3,4.8,28000
0,0,4.8,28000
3,2,1,99000
2,3,4,30000
3,3,1,135000
2,2,4,35000
2,2,3.2,11000
3,3,8,45000
1,3,3.2,14500
4,3,4,130000
4,3,4,130000
4,3,4,135000
2,2,3.5,24000
1,1,1,40000
3,3,16.9,40000
3,3,8,33000
2,2,4.8,18000
2,2,4.8,25000
2,2,15.2,45000
1,1,2.8,4900000
0,0,5,9800000
6,4,5,8000000
4,3,11.7,53500000
4,3,11.7,52000000
2,2,6.9,44500000
3,2,9.8,55000000
5,4,9.3,21500000
2,1,2.7,3500000
3,3,5,7800000
6,5,7,25000000
2,2,4,6000000
6,4,5,4500000
4,3,5,9900000
3,3,7.8,40000000
0,0,3.6,3650000
0,0,6.7,6500000
0,0,7,6500000
0,0,1,120000000
5,5,3.5,6000000
2,2,3,3800000
4,4,1.9,190000000
6,4,5,12500000
2,1,6.7,150000
3,3,10.9,45000
2,2,8,37000
2,2,7,35000
4,4,7,80000
3,2,10,34000
3,2,10,25000
3,3,10,50000
1,1,12,14000
4,3,5,40000
3,2,5,35000
2,2,7,38000
3,3,10,52000
6,6,13,120000
5,5,16,426000
6,6,1.3,210000
6,6,1,200000
2,2,3,13000
7,7,2,250000
5,5,1,180000
0,0,1,45000
4,4,10,70000
1,1,2.2,30000
4,4,10,65000
4,4,5,35000
5,5,5,40000
1,2,5,33000
3,2,10,32000
5,4,10,50000
3,3,10,30000
1,1,10,10000
5,5,10,85000
3,3,10,30000
2,2,4,22000
2,2,4.4,47000
7,6,2,120000000
3,6,5,7500000
6,5,10,24000000
6,4,5,7000000
6,5,14,37000000
4,4,5,5000000
3,3,3.7,5200000
3,3,2.5,4800000
4,4,10,18500000
0,0,4,9000000
0,6,4,10000000
4,4,1,30000000
5,6,10,18000000
3,3,5,11500000
3,3,5,12000000
3,3,5,12000000
3,3,5,11800000
3,3,5,11800000
3,3,5,12000000
4,4,10,18000000
3,3,5,11800000
3,3,5,11800000
3,3,5,11800000
3,3,5,11800000
3,3,5,11800000
3,3,5,12000000
3,3,5,12000000
3,3,5,12000000
4,4,6,10500000
6,5,1,45000000
6,5,1,90000000
6,5,1,47500000
7,6,1,37500000
2,1,5,8500000
6,5,1,39000000
6,5,1,42500000
6,5,1,56000000
2,1,2,4000000
0,5,1,55000000
6,5,1,38000000
6,5,1,34000000
6,5,1,61500000
6,6,10,13000000
2,2,2,4000000
5,3,3.5,7500000
4,6,13,32800000
2,5,6,6200000
7,5,10,18000000
5,5,6,13000000
2,3,3,2400000
5,4,7,18500000
7,5,18,40000000
5,5,8,15000000
4,3,3.6,8500000
5,3,5,11000000
9,9,11,27500000
0,0,4,6500000
3,2,7,8500000
0,0,5,8500000
6,4,5,8500000
1,0,5,3650000
5,5,10,26000000
2,2,5,5000000
2,2,4,4500000
3,3,10,14500000
3,3,8,13700000
0,0,4.8,6500000
0,0,4.8,16000000
0,0,3.4,3800000
3,3,8,9000000
3,3,4.6,7500000
3,3,12,55000000
4,4,4.8,17500000
3,5,4.8,20000000
2,2,4.8,6500000
8,6,9.2,35000000
5,4,12,17500000
2,2,4.4,3500000
4,4,6,10500000
3,3,6.2,6500000
6,8,11.5,26000000
5,6,4.8,13700000
4,4,4.8,11000000
2,2,5,5500000
3,3,8,13000000
3,3,8,13500000
3,3,7.3,15000000
5,4,4.8,13000000
2,2,2.9,4200000
3,3,8,11000000
1,2,3.2,4800000
5,9,4.3,11500000
4,3,8,8000000
2,2,4.8,7500000
3,3,10,9500000
2,2,3.3,3500000
0,0,4,4200000
1,1,2,1500000
3,3,4.8,15000000
3,3,8,10600000
2,2,5,4600000
6,8,4.8,11000000
3,3,8,9500000
2,2,4.2,5800000
2,2,4.2,6000000
4,4,14,15500000
4,4,14,15500000
4,4,14,15500000
4,4,14,15500000
3,3,7.6,27500000
4,4,9.8,37500000
5,4,12,17500000
2,2,3.6,4600000
4,4,8,20000000
2,2,4.2,4700000
2,2,4.2,4500000
3,3,7.1,25500000
6,6,9.2,12800000
0,0,6.7,24000000
5,6,6.1,22500000
3,3,8,10500000
2,2,3.6,5000000
4,3,10.7,57000000
3,3,2.9,6800000
6,6,1,75000000
2,2,2.7,4800000
6,6,1,75000000
3,3,16,55000000
4,4,14,15400000
2,2,4.7,6200000
3,3,6.2,8500000
5,4,16,57500000
2,3,5.6,7000000
6,6,9.6,36000000
0,0,4.8,9000000
2,2,3.3,5000000
3,3,5.8,15500000
6,6,9.6,35000000
2,0,4.4,9000000
3,3,5.1,15000000
2,4,8,50000000
3,3,8,6000000
4,4,14,15500000
4,4,14,15500000
4,4,14,15800000
6,6,16,55000000
2,2,3.6,4800000
2,3,3.3,5500000
6,5,12,25000000
3,3,5.3,50000
2,2,5,18000
0,0,1,150000
2,3,4,28000
2,2,4.8,26000
2,3,4.8,25000
2,2,8.6,28000
2,3,4.8,22000
3,3,16,52000
2,2,2.4,18000
0,5,1,120000
3,3,5.8,38000
0,0,8,10000
2,2,4,38000
2,2,1,90000
2,2,1.3,175000
3,3,8,45000
2,3,3.2,15000
3,3,8,40000
3,3,9.6,65000
4,4,1,135000
3,3,8,35000
5,4,2,500000
4,4,1,110000
4,4,8,20000
6,5,10,110000
6,6,1,220000
5,5,1,200000
6,6,1.3,210000
6,6,1.3,200000
7,5,1,300000
10,11,2.1,420000000
1,1,2.4,2000000
3,3,5,9500000
2,2,5,3800000
1,1,1.8,11000000
2,2,3.6,3500000
2,2,5.1,9000000
1,1,1.2,4900000
6,5,10,25500000
4,3,6,13400000
3,3,8,11500000
4,4,14.2,20000000
4,4,1,30000000
5,4,5,11000000
9,9,1,110000000
3,3,1,60000000
0,0,5,8500000
5,6,5,8500000
5,4,5,9500000
7,6,5,15000000
6,5,8,24000000
2,2,4,3800000
3,3,3,3000000
7,6,1,150000000
3,2,5,7200000
3,2,4,3300000
3,3,8,7000000
6,7,14,27500000
1,1,2.2,6500000
3,3,9.3,36500000
7,6,8,21000000
3,3,6,13200000
0,0,20,185000000
3,3,8,20000000
3,2,3.5,4350000
3,2,7,15000
3,3,10,48000
1,1,2,9000
1,1,2,9000
3,4,12,75000
3,3,16.9,120000
3,3,9.3,130000
3,3,7.6,75000
2,2,5.3,45000
3,3,7.6,66000
2,2,7.3,60000
3,3,6.7,50000
6,6,1.3,220000
5,5,1,180000
1,1,3,45000
3,3,7,17000
3,3,1,85000
3,3,8,35000
3,3,1,80000
3,3,12,60000
3,3,1,100000
3,3,1,90000
3,3,10,50000
2,2,3,12000
0,2,1,25000
1,1,0.7,10000
5,4,7,40000
4,5,10,60000
4,5,7,50000
3,2,10,37000
6,5,10,57000
2,3,1,47000
2,2,6,13000
6,4,5,18000
0,0,5.5,20000
2,3,5,35000
2,3,10,32000
1,1,0.6,7000
2,2,3.8,30000
2,2,3.6,15000
2,2,3.8,12000
5,3,5,15200000
0,3,5,13000000
2,2,5.5,6500000
4,3,3,8500000
5,4,10,22500000
6,5,10,13500000
2,2,1.5,3650000
3,2,10,14000000
5,4,10,18500000
6,5,10,13500000
1,2,2,2500000
3,2,10,14500000
5,4,7,22500000
6,5,5,16000000
4,3,5,13500000
6,5,1,70000000
3,3,18,100000000
5,3,1,19000000
0,0,2.5,3200000
2,3,4,2500000
5,4,1.1,60000000
2,2,2,2600000
9,8,2,135000000
7,8,16,70000000
5,4,1,47500000
2,2,3.5,3650000
5,4,10,17000000
5,3,5,13200000
3,3,2.5,6300000
2,2,5,8000000
3,3,5,10500000
4,3,10,17000000
0,4,1,72500000
0,4,1,70000000
4,3,5,9500000
6,5,2,130000000
3,4,3.5,9000000
3,5,6,11000000
0,0,19.2,16000000
1,2,5,4000000
3,3,5,8500000
2,2,5,7500000
2,1,2.5,2600000
4,4,5,8500000
4,0,5,5000000
5,5,1,38000000
5,5,10,30000000
2,2,4.4,2500000
0,5,10,22500000
6,4,7,13000000
6,6,14,45000000
6,5,7,15500000
2,2,3,11500000
0,0,12,23000000
5,5,1,50000000
0,0,10,17000000
5,4,5,5800000
5,7,8,14000000
2,4,3.5,4500000
3,2,5,7500000
3,4,5,7000000
4,5,9,14500000
2,2,4,4000000
5,4,4.8,16500000
5,5,10.4,66000000
1,1,2.4,4000000
1,1,3.2,3700000
2,5,3.3,6200000
4,4,1.9,150000000
2,3,4,8500000
3,3,6,5000000
2,2,4.2,4500000
0,0,4.8,6300000
0,2,4.2,4500000
2,2,5.3,3600000
2,2,3.8,6000000
5,4,1.2,95000000
3,3,8,16500000
2,2,4.2,7000000
5,9,5,8000000
7,6,2,239900000
2,2,4.4,5800000
0,0,4.2,9000000
3,3,4.8,15000000
5,9,5,80000000
0,0,12.8,20000000
2,6,4.8,1400000
2,2,4.8,22000000
2,2,3.7,6300000
2,2,2,5500000
4,4,9.8,22500000
4,4,7.6,16100000
0,2,3.6,3000000
4,3,6.4,7300000
2,3,4.8,10500000
4,3,10.2,36500000
3,3,8,10800000
2,2,4.8,7500000
2,4,3.6,8400000
4,4,8.2,16000000
5,6,3.2,11500000
3,3,8,16000000
2,3,5.5,12000000
2,2,3.1,4100000
2,2,4.7,14000000
2,2,2.9,4000000
4,4,4.8,13500000
0,0,4.8,5500000
3,3,8,11000000
2,2,3.3,3500000
2,2,4,5000000
2,2,4.2,12200000
4,5,8,14500000
3,3,8,35000000
6,6,1,142500000
0,0,4.8,9000000
2,2,2,6200000
3,3,6.4,24000000
3,3,5.2,4500000
3,3,7.5,14500000
0,5,17.1,65000000
0,4,1,54500000
0,5,1,80000000
0,5,1,65000000
0,6,1,82500000
3,3,12,97500000
3,3,8,6000000
0,2,9.1,42500000
3,6,4.8,11000000
7,6,2,279900000
2,2,3.6,5800000
1,2,2.4,4000000
2,5,3.3,6200000
2,2,4,5500000
2,2,4,4600000
6,6,2,200000000
6,2,4,7000000
3,3,8,30000000
3,3,10.7,38000000
3,3,4.8,8500000
3,3,6.7,16500000
6,5,1,118000000
6,6,1,125000000
2,2,2.7,3000000
5,0,11.9,4600000
6,6,1,120000000
3,3,6.7,7500000
2,2,2.2,1750000
3,3,7.6,75000
0,4,4.8,30000
4,3,16,55000
2,2,2,27000
3,3,14,60000
2,2,4.8,22000
1,2,2.4,17000
0,0,4.4,40000
3,3,6.4,45000
3,3,12.8,35000
6,0,3.2,14000
2,2,4.2,19000
4,3,1.2,420000
2,2,4.2,19000
3,3,6,39000
4,3,10,33000
3,3,6.2,50000
3,3,6.7,45000
3,3,12,60000
6,6,1.3,180000
5,6,1,130000
6,6,1,220000
2,2,6.7,28000
3,3,1,80000
3,3,1,75000
3,3,1,60000
6,6,1,110000
0,0,1,110000
7,6,1.1,500000
0,0,7,17000
7,6,4,60000
2,2,5,24000
4,4,6,38000
4,4,4,35000
4,3,10,28000
4,3,12,26000
2,2,7,18000
3,3,1,38000
2,2,3.6,18000
2,2,3.6,18000
3,3,1.8,300000
3,2,10,36000
3,3,10,65000
3,3,12.9,125000
0,0,5,25000
2,2,7.1,50000
0,3,15.1,32400000
4,4,17.8,52500000
0,1,6.7,37500000
0,2,8,25000000
1,1,5.2,40000000
0,10,3,70000000
3,3,10.2,10000000
0,0,3.5,7000000
5,5,1.6,100000000
2,2,3.6,4680000
6,6,14.2,47000000
5,7,5,26000000
6,5,10,25500000
6,5,10,25500000
5,4,6,11000000
6,5,10,22500000
6,5,10,22500000
7,6,1,46000000
7,6,1,46000000
0,0,5.9,7500000
3,3,5,5600000
5,3,4,14500000
6,5,7,15000000
3,3,4.9,5000000
3,2,4,35000000
3,3,10,11400000
2,2,5,3500000
5,4,4,3500000
5,4,5,12400000
3,3,6,7000000
5,1,1.8,2000000
0,1,2.4,4320000
0,0,3,22000
0,0,5,38000
0,0,5,35000
3,3,1,75000
1,3,6,13000
2,2,5.4,45000
2,2,4.4,40000
4,4,10,55000
5,5,1,100000
0,0,3.1,16000
2,2,3,12000
0,0,1,32500000
2,4,8,15500000
5,4,10,26500000
3,3,5,13000000
5,4,7,13000000
4,4,10,27000000
0,0,5,20000000
5,5,10,24000000
2,3,4,4000000
4,3,5,10700000
4,3,5,10700000
5,5,8,19500000
6,8,6,18500000
6,5,1,32000000
0,3,7,7000000
0,3,17,95000000
0,0,17,95000000
3,3,5,8500000
0,0,6,25000000
6,9,2,40000000
0,0,9,70000000
0,0,8,45000000
0,0,9,60000000
0,0,10,45000000
7,6,10.7,31000000
4,4,1,40000000
5,5,5,10500000
3,3,3.5,7500000
3,4,5.5,5000000
0,0,2,25000000
3,4,5,12000000
4,4,5,12000000
6,5,10,27000000
3,2,5,5000000
0,0,1.5,1700000
6,5,10.1,21000000
4,3,5,14000000
4,3,3,6000000
0,6,10,16000000
5,5,8.6,14500000
7,6,5,17000000
3,4,10,15500000
4,3,6,12500000
9,8,5,370000000
6,4,10,16500000
4,4,5,8000000
6,6,7,14000000
5,4,10,16500000
1,2,3,2000000
4,4,5,13500000
6,5,10,18000000
5,5,10,23500000
5,3,5,15000000
2,3,2,4000000
5,3,5,10000000
5,4,6,10000000
6,5,10,16500000
4,3,3,4800000
6,5,10,15500000
4,3,5,12500000
4,4,7,13000000
1,2,2,1980000
6,6,8,22500000
2,2,1.7,2300000
5,5,10,22500000
0,0,10,13000000
2,4,3,8000000
6,5,5,8000000
2,2,4,5800000
7,5,8,13500000
0,0,5,6170000
2,4,3,4200000
3,2,2.5,3700000
2,3,3,3500000
1,1,2.5,2500000
3,4,5,7000000
6,5,5,8500000
2,2,3,3200000
2,6,5,7000000
3,3,3.2,5500000
6,6,1,50000000
3,4,2.5,4900000
2,6,10,11000000
2,3,4,3000000
4,4,6,9500000
6,5,11,16500000
6,6,1,39500000
2,2,5,5600000
5,5,10,21500000
0,2,2.7,4000000
3,2,5,2800000
6,5,8,14500000
6,5,10,28000000
5,4,5,8800000
6,5,10,25500000
6,5,10,25500000
6,5,10,25500000
0,0,10,15000000
6,5,10,22500000
6,5,10,22500000
7,6,1,46000000
7,6,1,46000000
7,5,7,15500000
7,5,7,15500000
5,5,7,14500000
5,5,5,6200000
3,2,6,3650000
4,6,5,6500000
2,2,2.5,6000000
3,3,4,4200000
5,6,1.2,41000000
0,0,7,6500000
9,8,1.2,46300000
2,2,4.8,10000000
6,8,1.4,120000000
2,1,1.4,2000000
3,3,8,17000000
3,3,6.7,12500000
4,4,9.6,90000000
0,0,4.8,15000000
3,6,4.5,15000000
4,4,12,70000000
0,0,1.2,130000000
8,7,4,400000000
6,6,9.6,20000000
0,3,8,35000000
4,4,8,30000000
4,3,8,10000000
2,2,4.7,6000000
0,0,4.3,4600000
2,2,4.9,7000000
2,2,3.8,4000000
3,3,6.9,4300000
4,6,6,8000000
3,3,4.9,5000000
4,4,7.8,26000000
6,5,1,99900000
2,2,4.8,5700000
2,2,4.2,1000000
6,6,6.8,17500000
4,6,3.2,4200000
3,2,5.3,3200000
3,2,3.6,4000000
3,3,9.2,13500000
5,4,16,80000000
2,2,3.6,12500000
4,4,6,11000000
0,0,4.1,5800000
2,2,3.4,5500000
4,2,3.2,7000000
2,3,6.4,10500000
4,4,4.8,6500000
2,2,4.8,6500000
2,2,2.2,2500000
2,2,4,5000000
0,0,3.2,6500000
2,2,3.3,3000000
6,4,4.8,14000000
3,4,7.2,9500000
3,6,4,15000000
0,0,4.2,10500000
2,2,2.9,4000000
2,2,4.8,13000000
5,6,4.8,22500000
2,2,2.4,3000000
4,6,3.2,9000000
3,3,9.6,14000000
4,2,4.8,10000000
0,4,4,36000000
2,5,5,3500000
5,5,9.6,36000000
2,3,5.8,4500000
4,5,5.6,6500000
2,2,10,4900000
4,4,4,37000000
2,3,8,19000000
0,0,2.6,4200000
1,2,3,3600000
7,7,16,34000000
6,10,9.6,55000000
2,2,4,5000000
0,0,16,120000000
4,6,10.9,32500000
3,3,5.8,7500000
2,2,3.3,6600000
2,2,4.4,6200000
4,3,7.8,12000000
0,0,3.3,6000000
5,5,16,34000000
3,3,8,12200000
2,5,5.3,6500000
4,3,8.9,22500000
3,5,4.8,3500000
2,2,4.2,12000000
3,3,6.2,9000000
4,3,9.6,36000000
4,3,9.3,18500000
6,6,1,109000000
5,4,1.2,114900000
2,2,4.4,6000000
3,2,9.8,39900000
0,0,4.8,24000000
2,2,4.2,7000000
0,0,5,6642000
3,3,4.4,5500000
2,2,3,4200000
4,4,4.8,7000000
9,7,16,54000000
1,2,2,2000000
3,3,7.6,25000000
6,5,1,96500000
4,4,9.8,16500000
8,6,8,18200000
2,2,4.2,10000000
0,0,6.2,12500000
2,6,3.4,4800000
2,2,6.2,65000
7,7,12,165000
3,3,1,140000
2,0,8,450000
8,8,1.2,500000
3,3,1,95000
1,1,1.1,12000
2,2,6,16000
0,0,1,40000
2,1,3.1,14000
5,5,14,180000
7,6,1,100000
1,2,6,25000
3,3,10,25000
4,4,1,70000
3,3,2,60000
3,3,8,30000
3,2,10,200000
3,3,1,37500
3,3,1,100000
2,3,1,55000
1,1,2,35000
3,2,8,47000
3,3,12,40000
2,1,5,15000
3,3,10,24000
2,1,5,16000
2,2,12,27000
2,2,5,4500000
5,5,6,10000000
4,4,6,19000000
7,5,7,16500000
6,6,8,33000000
3,3,5,10500000
7,6,9.3,14500000
3,3,8,13000000
2,1,2.5,2500000
8,9,11,22000000
2,2,3.6,3500000
3,3,6.7,6600000
5,4,8.1,13500000
8,8,1.6,180000000
0,0,9.3,32500000
6,4,7,13000000
2,2,3.6,3400000
2,2,3.6,3400000
4,4,6.7,21000000
1,1,11.7,15700000
5,4,5,7500000
6,6,1,42500000
2,2,5,4000000
4,4,8,27000000
6,6,1,120000000
3,3,5.5,4800000
2,2,6,25000
0,0,3,36000
4,4,1,45000
0,0,5,30000
0,0,15,68000
2,2,2,3000000
6,5,1,72500000
1,1,2.2,4500000
5,3,1,19500000
6,6,1,35000000
6,5,12,20000000
5,4,10,20000000
3,3,5,9225000
10,11,4,320000000
0,0,5,3500000
3,3,4.7,12500000
4,5,5,10800000
5,4,18,45000000
4,3,5,11500000
6,5,8,16800000
4,3,4,6500000
5,4,9,11500000
3,2,2,4500000
3,3,5,11500000
3,3,5,12000000
3,3,5,12000000
3,3,5,12000000
3,3,5,12000000
3,3,5,12000000
3,3,5,12000000
3,3,5,12000000
6,5,10,23000000
7,5,2,70000000
5,4,7,17000000
0,0,1,30000000
0,4,12,15000000
3,3,5,8000000
2,2,4,9000000
6,5,1,36000000
6,5,10,19500000
4,3,5,12500000
6,5,10,24000000
4,3,5,8900000
7,5,1,39000000
2,3,3,10000000
5,4,5,12500000
3,3,5,10700000
5,5,10,27500000
4,4,5,8500000
5,5,10,20000000
3,3,2,140000000
8,7,1.1,60000000
4,4,11,32500000
3,3,2.5,5000000
3,3,5,10500000
4,4,3.5,9400000
0,4,10,25000000
0,0,12,35000000
0,3,8,7500000
4,4,3.5,6500000
7,6,1,30000000
6,5,2,92500000
6,7,1,27500000
6,5,1,39000000
2,4,16,62000000
6,9,4,12500000
5,5,5,14000000
2,1,4.2,8700000
4,3,3,5900000
3,2,3,3400000
5,5,6.5,6500000
3,3,3,2600000
1,2,2.5,2200000
6,5,18,40000000
6,7,10,25000000
4,6,5,8400000
6,5,18,35000000
4,4,7,5200000
3,4,10,10000000
9,6,12.4,19000000
0,0,3,6500000
2,2,6,5500000
5,5,1,35000000
3,3,5,5100000
2,2,3.8,5500000
4,4,13,55000000
3,3,6,5800000
6,6,1,17500000
6,5,7,14500000
6,8,9.6,120000
0,4,16,150000
6,5,2,500000
6,6,1.3,320000
3,3,7.6,85000
3,2,8,40000
0,0,4.8,27000
3,3,6.4,36000
2,2,3.2,15000
4,3,10,33000
4,3,10,33000
3,3,6,39000
2,2,4.2,19000
2,2,4.4,19000
4,4,16,52000
2,4,4.8,100000
0,0,2.7,16500
4,4,9.6,50000
3,2,4.2,23000
3,3,8.6,35000
2,2,4.4,50000
2,2,4.8,30000
2,2,4.2,45000
2,2,4.9,5500000
0,0,2.6,5000000
0,0,4,6500000
1,2,3.2,5500000
2,3,4.4,3700000
3,3,3.6,20000000
0,0,4,7500000
5,5,16,42000000
3,3,5.8,10000000
3,3,4,6800000
6,5,2,155000000
4,4,3.6,9500000
0,0,11.4,29000000
2,2,2.4,1600000
2,2,4.8,1500000
5,5,1,83500000
0,0,1.4,67500000
1,2,4,5000000
3,4,3.2,11000000
2,2,3,2800000
0,0,3.8,6500000
4,3,7.8,11500000
2,2,3,3400000
3,3,7.3,6000000
3,3,4.8,13500000
7,6,1,95000000
3,2,3.8,7200000
3,7,12.8,42500000
3,3,8,16500000
3,4,6.4,11500000
2,2,4.2,5200000
2,2,2.9,3050000
2,4,3.2,5000000
3,3,7.6,17000000
5,5,8.8,15000000
0,8,9.6,40000000
8,7,1,75000000
4,4,9.8,37500000
3,2,4.8,14000000
3,3,9.4,7800000
3,3,5,4100000
2,2,5.4,4800000
0,0,4.8,8000000
3,3,7.8,23000000
3,3,7.1,12000000
3,3,8.4,30000000
4,5,2.6,3800000
1,3,3.8,2500000
3,3,5,4100000
2,2,3.3,3600000
3,3,9.8,29000000
2,2,4,6500000
3,3,8,10000000
8,8,9.6,27000000
6,6,1.7,92500000
6,10,9.6,35000000
2,2,4,5250000
1,1,3.2,6000000
4,2,4.8,5500000
3,3,7.1,7000000
0,0,2.9,2600000
5,4,12,61500000
10,8,4.8,19900000
9,8,4.8,7500000
4,4,17.2,47000000
2,2,4,5800000
4,4,17.2,47000000
2,3,6.8,4200000
3,3,8,16000000
6,6,1.2,125000000
5,4,4.8,12500000
0,3,8.7,30000000
4,3,7.6,11500000
3,3,3.6,3500000
3,3,5.6,5500000
5,6,5.3,20000000
8,6,1,115000000
5,5,1,30000000
7,6,2,149900000
3,3,5.1,11000000
5,4,8.9,28000000
3,3,4.9,12500000
3,3,8.9,17000000
8,8,1,70000000
2,3,3.4,2800000
6,6,16,42000000
2,2,3.6,2000000
6,6,2,157500000
3,3,5.1,14500000
2,2,3.2,3600000
0,0,4.8,2510000
3,3,5.1,9000000
3,5,2.6,3500000
2,2,4.2,11000000
5,4,4,280000000
6,6,4.8,15000000
6,6,1,95000000
5,5,1,96000000
2,2,5,23000
2,2,4,15000
0,0,2.2,13000
2,2,3.6,20000
5,5,1,120000
2,2,4.9,60000
1,1,2.2,25000
4,4,11,20000
4,3,5,47000
1,1,2.9,24000
2,1,4,11000
0,0,5,18000
5,4,1,300000
8,7,4,600000
3,3,1,80000
3,3,1,85000
3,2,8,25000
3,2,8,25000
3,3,8,160000
7,6,1,85000000
0,0,1,120000000
3,2,6,8500000
5,4,5,7500000
3,3,5,10500000
3,3,8.4,16000000
2,2,3.3,4000000
0,0,8,18500000
6,4,1,29000000
5,5,1,29000000
6,6,1,45000000
6,6,5,23000000
4,4,5,19000000
3,3,9.6,10000000
1,1,2.8,2950000
6,7,5,12500000
4,3,5,12500000
4,4,7,14500000
5,3,4.4,13500000
0,2,5.6,5000000
2,2,6.5,6000000
2,2,4.1,2500000
2,2,4.7,7600000
6,6,5,8000000
6,5,10,32500000
0,0,19.7,75000000
5,4,5,9000000
6,5,5,60000000
3,2,4,5500000
3,3,5,2500000
4,4,10,17500000
4,4,5,6800000
4,3,5,35000
0,0,3,22000
0,0,5,38000
0,0,5,35000
1,3,3,9000
1,2,3,20000
2,3,5,25000
0,5,10,35000
0,0,5,35000
2,2,4,25000
3,3,7,47000
1,1,3.1,22000
2,2,2.4,27000
3,3,10,33000
1,2,4,12000
3,2,10,17500000
6,6,6,15000000
0,0,1,29000000
5,4,1,26500000
4,3,6,11700000
2,4,3,5500000
5,4,5,8000000
4,4,4,7200000
2,3,7.3,9500000
6,5,10,16500000
7,8,16,42500000
4,3,3,7000000
3,3,2,4000000
5,4,10,41500000
4,3,5,11500000
4,3,4,6800000
5,6,2.5,3500000
3,3,10,19000000
3,3,5,13000000
2,2,6,9000000
2,3,3,6800000
6,5,1,42500000
6,5,1,42000000
4,4,11,21000000
7,6,1,42500000
5,5,7.5,17000000
7,7,1,37500000
2,4,1.5,5000000
3,3,3,10500000
4,7,5,15000000
4,6,4,11000000
5,5,5,11000000
6,5,1,44000000
3,3,6,14000000
4,4,4,7500000
4,6,5,10000000
3,7,5,7500000
3,3,5,5000000
2,2,2,3000000
2,2,2,3100000
2,2,1,2500000
5,4,5,8000000
4,3,11,27500000
3,3,3.5,7000000
4,4,3,5500000
3,3,3,5000000
2,2,3,7500000
2,2,3.7,4700000
3,3,5,7500000
3,3,5,7000000
2,4,3,6000000
4,4,3.5,6000000
3,3,4,6000000
4,4,4,8000000
3,3,2,3800000
4,4,5,8000000
3,3,4,6300000
5,4,6,11000000
3,3,2.7,4800000
4,3,5,10000000
8,5,1,36500000
5,4,11,21000000
2,1,3,3800000
4,4,10,14500000
3,3,3,3500000
0,0,11,150000000
0,0,3.8,6900000
0,0,2.5,3800000
1,3,5,3500000
2,3,5,5500000
7,5,7,12000000
2,2,6,7000000
4,4,1,26500000
0,0,6,5500000
4,3,9.8,6500000
6,4,5,9000000
5,4,5,7500000
3,4,5,4000000
6,5,10,21000000
6,6,1,50000000
2,3,3,3000000
4,5,6,10000000
0,0,10,45000000
2,2,4.4,35000
2,2,2.5,12000
0,0,2.5,14000
4,4,12.4,85000
0,4,16,60000
2,3,4.8,22000
2,3,3.2,15000
3,3,5.8,46000
3,3,16,55000
3,3,9.6,55000
3,3,16,50000
2,2,4.8,26000
5,6,4,30000
6,6,1,325000
5,5,2,450000
2,2,6,30000
6,6,1,325000
3,3,1,125000
4,4,10,150000
4,3,8.9,100000
4,4,16,55000
4,4,1,62000
1,1,1.2,10000
3,3,6.5,50000
5,7,1.6,325000
0,0,5.3,52000
6,6,2,220000
3,4,4.8,30000
5,5,14,250000
3,3,1.6,300000
2,2,2.4,16000
3,3,5.8,40000
3,3,5.8,38000
3,3,1,115000
3,3,9.6,45000
3,2,4.8,30000
6,7,1.2,350000
4,3,10,90000
3,3,16,60000
3,3,4.2,60000
3,3,8,37000
2,2,4.2,20000
3,3,8,17000000
0,0,4,8300000
2,2,3.6,3000000
3,4,8,20000000
3,3,6.2,26000000
4,4,5.3,18000000
7,6,1,150000000
4,3,6.2,5500000
4,5,8.6,32500000
3,5,5.3,6800000
6,6,1,130000000
4,3,12,40000000
2,2,3.8,3200000
7,6,6.4,17000000
2,4,4.2,3300000
0,0,4.8,6500000
2,2,4,5500000
2,2,4,9000000
3,3,4.9,11500000
3,3,4.8,17500000
1,1,2,4500000
2,2,3.1,1700000
3,2,6,12000000
6,10,1.2,140000000
5,5,17.1,65000000
6,6,2,160000000
2,2,3.6,3000000
0,0,1.6,1600000
6,5,16,27500000
3,3,8.9,25000000
2,4,4.4,6000000
2,2,3.8,6500000
3,3,6.4,8200000
2,2,4.8,4500000
3,3,5.3,4500000
3,3,4.6,6500000
2,2,3.8,7500000
3,3,6,4500000
2,2,4,9000000
2,2,3.8,6000000
4,3,8.2,16500000
3,3,4.8,15000000
2,4,4.4,3490000
3,3,6.1,7200000
3,3,6.7,10500000
2,2,3.1,5500000
3,3,7.1,11000000
4,4,3.6,9000000
2,3,4.7,4000000
4,4,4.4,12000000
2,2,4.4,7500000
4,8,3.2,8000000
6,4,6,3500000
4,4,8,52500000
4,4,6.4,20000000
2,2,3.5,4000000
4,3,9.3,17000000
4,4,4.8,7000000
0,0,2.4,250000000
4,4,4.8,48000000
2,3,4.8,7500000
6,6,1.6,95000000
2,2,4.2,13000000
0,0,12,36000000
3,3,5.3,5900000
3,3,7.1,13500000
6,6,2.8,300000000
5,6,9.6,36000000
4,7,3.2,9200000
6,5,1,127500000
0,0,5.1,7000000
0,0,4.8,14500000
4,3,6,11500000
3,3,5.3,7500000
4,3,16,31500000
5,5,10,52500000
8,8,2,220000000
5,5,10,67500000
4,4,11.1,35000000
5,5,1.6,130000000
2,2,2.8,3600000
2,2,3.3,3800000
3,3,6.2,8600000
3,3,6.2,8200000
0,0,1,100000000
2,2,3.1,3500000
2,3,4.8,10500000
3,3,8.4,9800000
0,3,10.7,18500000
0,3,10.7,19000000
0,3,10.7,19000000
0,3,6.2,9000000
3,3,8.4,9400000
3,3,8.4,10700000
3,3,8.4,10200000
3,3,8.4,10500000
3,2,6.4,16500000
1,1,1.7,2500000
3,3,9.3,19000000
2,2,3.5,4200000
3,3,14.7,72500000
3,3,8,8100000
2,3,6,6500000
1,1,2,2875000
7,6,1,125000000
5,4,16.3,59900000
6,8,4,380000000
3,4,1,125000
4,4,1.2,150000
3,4,1,150000
6,10,4,700000
6,5,1,300000
6,10,2,400000
5,5,1,500000
6,6,2,350000
6,7,1,150000
6,5,1,280000
3,3,1,100000
1,1,1.8,25000
0,0,1,150000
0,0,12,90000
3,3,10,46000
0,0,2.2,23000
7,7,12.4,170000
2,2,5,20000
2,2,5,20000
2,2,3.3,35000
2,2,3.6,50000
3,3,5.3,40000
2,2,6.9,175000
3,3,1,45000
2,2,6,50000
3,2,5,20000
7,6,10,90000
3,3,4,24000
0,0,6,40000
2,2,6,30000
3,3,1,35000
8,9,1.6,700000
5,5,1.2,250000
6,6,1,450000
5,5,1.3,250000
7,5,1.4,400000
3,2,8,43000
2,2,9.4,80000
2,2,8,28000
4,4,10,25000
6,8,2,175000
5,6,8,23500000
3,3,9.3,35900000
0,0,5,8500000
7,6,10,40000000
4,4,1,125000000
4,4,4,16000000
4,4,4,15500000
4,4,4.4,15000000
8,8,10,34500000
4,4,4,15000000
4,4,14.4,40000000
1,1,3.1,5576000
1,1,2.2,3900000
3,3,4.8,7500000
3,4,5,20000000
3,3,6.7,4500000
3,3,6.7,4500000
3,3,6.1,6300000
3,3,10,8200000
6,6,1,53000000
4,6,5,8500000
6,4,7.2,8800000
6,4,5,12000000
2,2,3.6,4680000
2,1,3.7,3700000
1,2,2.5,2800000
4,3,7,9000000
6,5,8,15000000
10,11,1,90000000
3,2,5,20000
1,5,5,35000
0,0,5,35000
0,0,5,36000
0,0,5,30000
0,0,10,55000
0,0,10,45000
0,0,5,35000
0,0,5,30000
0,0,5,32000
0,0,10,55000
0,0,10,50000
0,0,5,35000
0,0,5,32000
0,0,10,45000
0,0,10,50000
0,0,5,35000
0,0,5,32000
0,0,10,55000
0,0,10,50000
0,0,5,35000
0,0,5,36000
0,0,10,55000
0,0,10,50000
3,2,5,16000
2,2,10,23000
1,2,5,38000
0,0,1,1800
3,3,12,30000
3,3,3,3700000
2,2,5,8000000
2,3,8,19000000
6,6,4,8500000
7,5,1,35000000
2,2,5,10000000
0,0,8,55000000
0,0,9,65000000
0,0,6,27000000
2,1,3,3800000
2,3,7,11500000
6,5,1,35000000
3,3,10,17500000
6,7,2,140000000
4,3,5,9500000
6,4,14,40000000
3,3,5,9500000
6,5,14,35000000
6,5,1,49000000
3,3,3,9000000
6,5,1,41000000
0,0,3,5000000
0,0,5,3800000
3,2,5,7500000
4,5,5,8500000
3,2,4,9000000
6,6,10,25000000
2,3,3,9000000
2,3,3,9000000
4,3,3.5,9000000
6,5,1,72500000
6,10,2.7,140000000
0,0,8,20000000
0,0,10,30000000
2,2,3,3000000
5,4,2,70000000
6,5,1,40000000
3,5,5,6500000
7,5,1,47500000
4,3,10.5,9000000
6,5,2,135000000
5,5,7.5,13500000
0,6,10,19600000
3,3,2.3,4300000
4,3,4,8200000
2,2,3.5,4650000
6,5,17,42500000
6,5,10,23000000
6,5,10,24000000
6,5,1,39000000
6,6,2,75000000
4,3,5,10000000
3,3,3,4800000
6,5,1,42800000
4,4,5,11500000
4,3,5,13000000
4,3,5,12000000
3,3,4,9000000
2,2,5,6500000
5,4,10,19000000
3,3,10,25000000
0,0,4.2,20000
3,2,4,45000
6,6,1,250000
3,3,1,125000
3,3,9.6,26000
2,3,12,80000
2,2,5.6,50000
5,5,6.4,90000
3,5,12,35000
3,3,6.7,38000
3,3,9.6,45000
2,2,4.2,21000
2,2,4.2,40000
2,2,2.4,26000
0,0,6.1,35000
3,3,8,35000
4,3,9.8,75000
0,0,2,500000
3,3,4.6,45000
5,5,2,400000
4,4,4.8,120000
5,4,4,500000
3,3,6.3,38000
6,6,1.7,150000
5,4,1,200000
3,3,8,50000
3,3,4.8,23000
4,4,12,90000
3,3,1,300000
3,3,14,250000
0,0,16,55000
2,2,4.8,25000
5,5,1,250000
3,2,4.2,50000
3,3,8,70000
4,3,7.8,85000
4,4,16,50000
2,2,4.4,4700000
4,2,9.8,39900000
3,3,4.4,5000000
0,0,8,11300000
4,3,14.2,45000000
2,3,4.4,4600000
2,2,6.4,11000000
4,4,8,37500000
5,4,4.8,47000000
1,3,4,4500000
3,3,7.6,8400000
3,3,7.6,8600000
3,3,6.7,24000000
4,4,13.3,30000000
0,0,3.7,3800000
2,3,5.3,7000000
0,0,4.8,7500000
2,2,4.8,12500000
3,3,5.8,5000000
4,4,12,58500000
6,6,1,115000000
0,0,4,5200000
5,5,2,150000000
4,3,9.7,61000000
2,2,3.6,5200000
0,0,16,16500000
3,4,2.4,40000000
2,2,3.1,3000000
5,5,17.1,65000000
4,3,4.8,15500000
5,5,17.1,64000000
0,0,5.8,11000000
2,3,2.4,3500000
2,2,4,5000000
3,3,5.3,7000000
4,2,4.8,7500000
5,4,7.8,23000000
2,4,4.4,5000000
6,6,12,62500000
5,4,12,35000000
0,0,3.1,4000000
2,2,4.4,4500000
0,2,2.4,2500000
2,2,4.4,6000000
2,2,3.8,3800000
3,3,5.3,10500000
2,2,4,12000000
3,3,5.8,8000000
2,2,4,8500000
9,9,17.6,75000000
3,3,12,17000000
6,6,1.2,60000000
2,2,4,5700000
3,7,3.2,9000000
0,0,4,6000000
8,8,9.3,43000000
4,4,8,40000000
6,6,4.8,14000000
4,5,10,58000000
3,3,6.7,16000000
6,4,9.6,75000000
4,4,4.8,15000000
3,2,4.4,5600000
4,8,4.8,20000000
3,4,5.1,15000000
3,3,10.8,48500000
2,2,3.3,2800000
2,2,2.8,5000000
3,2,3.2,4200000
2,2,4.8,7500000
3,4,8,13500000
4,4,10.1,11000000
1,4,3.6,4500000
4,5,10.6,17000000
2,3,5,7500000
3,5,6.4,9500000
2,4,4.4,5000000
3,4,5.3,8000000
2,2,4,8000000
2,2,8,10500000
3,3,10.7,19000000
3,3,6.2,16000000
0,5,1,65000000
0,6,1,82500000
2,2,5.1,7000000
5,5,3.2,4700000
3,4,6.6,7500000
6,6,1.3,180000000
2,2,4.3,5500000
5,5,1.1,72500000
4,4,12,65000000
0,6,1.1,139000000
3,3,7.6,17000000
3,3,12,47500000
4,3,16,49900000
3,3,6.4,11500000
2,3,3.1,4200000
0,10,3.2,8000000
6,5,5.6,9500000
5,5,5.6,12500000
5,5,1,80000000
7,5,8,31000000
2,2,6.7,5500000
6,6,1.3,151200000
1,1,1.5,2200000
3,3,5,16000
0,7,1,400000
3,2,4.9,21000
4,4,6.7,27000
3,2,6,25000
4,3,10,25000
2,3,12,65000
4,4,8,85000
8,8,1,275000
2,2,5.3,130000
4,4,1,50000
4,4,11.1,45000
1,1,2,16000
3,3,10,24000
3,3,7,21000
7,6,1,270000
0,0,1,300000
2,2,5,15000
3,3,1,115000
3,3,1,58000
6,0,5,32000
1,2,1.3,30000
1,1,5,11000
1,1,2,25000
1,1,1.6,29000
4,4,5,42000
4,3,12,110000
1,1,2,12000
1,2,2,10000
3,3,5,20000
3,3,8,16000
6,6,10,150000
6,4,5.6,10500000
2,2,4.1,2950000
6,6,12,26000000
3,2,7.1,7500000
4,4,1,32000000
6,5,10,18000000
0,0,5,13000000
7,5,1,60000000
4,4,5,7500000
5,5,12.4,30000000
5,5,17.8,25000000
4,3,12.4,30000000
6,6,10.3,22500000
2,2,3.5,3300000
5,5,10,22000000
5,4,10,15000000
1,2,2,2000000
5,5,8.5,12000000
10,8,11,27000000
6,2,1.3,29000000
3,2,5,4500000
3,3,10,18400000
4,4,10,13500000
2,2,4.4,4000000
4,4,5,8200000
2,2,3,3200000
2,2,1.7,2300000
6,7,14,26000000
6,4,7,12000000
3,4,5,4800000
2,2,4.2,7500000
6,5,1,45000000
3,4,8,15000000
4,4,4.2,7500000
6,8,2.4,60000000
5,7,4,60000000
2,2,10,6000000
3,3,10,13500000
3,3,12,12100000
3,3,12,12500000
3,3,1.1,25000000
8,7,10,27000000
9,9,10,350000000
4,4,18,60000
0,0,12.4,100000
3,3,13.3,30000
3,3,5,16000
3,4,3.5,21000
0,0,5,35000
0,0,2,8500
2,2,7,16500
2,2,2.1,35000
2,3,10,25000
3,2,5,14000
3,2,6,35000
6,5,1,25000000
2,2,1,32000000
4,3,6,12000000
7,6,1,50000000
5,4,10,22000000
5,4,10,21000000
6,6,1,39000000
6,5,10,21000000
4,3,5,12500000
4,3,5,12200000
3,3,8,19500000
5,7,5,13500000
2,2,5,2800000
0,0,5,5900000
5,4,5,12000000
5,4,5,8000000
6,5,10,31000000
9,9,10,23000000
0,0,4.2,210000000
6,5,1,35000000
6,5,1,42000000
6,5,1,42500000
6,5,1,38500000
3,3,5,12500000
5,5,10,23000000
4,3,5,13500000
3,3,3,4490000
4,3,5,14500000
2,2,5.4,2500000
0,0,10,22000000
0,4,10,25900000
0,4,12,35000000
0,3,8,7500000
0,0,10,45000000
3,3,5,13000000
5,4,10,30000000
6,5,1,31000000
4,3,4,8300000
0,5,1.2,75000000
8,8,4,120000000
6,5,10,20000000
4,6,12,25000000
4,3,5,12000000
3,3,5,11500000
3,3,5,12000000
5,8,4,5500000
2,3,4,4850000
0,0,10,15000000
6,5,1,65000000
4,3,3,7000000
4,5,5,13500000
3,3,3,7500000
4,4,3,6500000
2,4,5,10000000
3,4,5,7200000
3,3,12.5,17500000
6,5,1.3,375000
3,3,9.6,35000
2,2,4,30000
2,4,4.7,30000
1,1,1.1,16500
2,2,2.7,16000
3,3,8,55000
3,3,9.6,45000
5,4,2.3,498000
1,2,2.2,25000
3,3,5.8,50000
3,3,9,46000
5,5,14,170000
3,2,8.8,35000
0,0,4.8,35000
2,2,4.4,20000
3,3,5.1,60000
4,3,1,110000
2,2,4,30000
2,4,8,35000
2,3,3.3,20000
2,2,6.4,20000
5,5,1,215000
5,5,2,340000
0,0,4.8,42000
3,3,8,150000
2,2,3.3,4000000
3,3,6.2,15000000
3,3,6.4,8000000
3,3,5.8,8500000
5,4,6.6,13000000
6,6,16,46000000
3,3,6.4,9000000
4,4,12,58000000
6,6,1,87000000
2,2,4,8500000
2,2,4,4600000
4,3,14,49900000
4,2,9.7,39900000
4,2,12.1,45000000
0,0,2.4,3700000
4,6,3.2,7200000
3,3,5.1,13000000
6,5,1,125000000
4,2,2.2,52000000
6,6,3,6500000
6,6,1,100000000
3,3,5.3,8200000
7,6,9.6,23000000
2,2,4.4,4600000
3,3,4.9,13500000
6,6,1,80000000
6,11,17.6,75000000
2,2,3.2,2850000
7,7,16,28000000
6,5,16,89500000
4,6,4.8,3000000
2,2,3.1,4200000
5,4,4.8,11000000
3,3,10.2,52500000
2,2,5.6,16500000
2,3,3.1,3500000
4,4,8.2,10000000
4,4,10,47500000
4,4,13.3,65000000
4,4,12,58000000
4,2,9.7,39900000
0,0,9.6,22500000
4,4,6.4,33500000
2,2,4.9,7600000
0,0,1,140000000
2,2,3.2,3400000
2,2,4.8,12000000
6,5,1,127500000
5,4,4.8,15000000
6,6,1,122500000
3,3,6.5,21000000
6,6,1,125000000
4,4,12,5
2,2,4,6500000
2,1,2.8,4500000
2,2,4,8000000
7,6,1,112500000
5,4,4,32000000
5,4,5,37500000
0,0,2,200000000
1,1,1.9,3570000
3,4,5,20000000
4,4,10.5,8000000
3,3,10,13500000
4,4,12,19000000
6,4,5,10000000
0,0,3.5,6200000
2,2,6,10000000
6,6,5,5800000
3,3,8,16000000
4,4,10,45000000
2,2,5,6300000
1,1,5,26000
4,3,19,45000
4,3,12,33500
6,6,1,110000
9,1,2,350000
3,3,8,22000
4,4,1,100000
3,3,10,38000
3,3,10,35000
3,3,10,42000
3,3,10,35000
3,3,10,46000
2,2,5.3,130000
3,3,1,55000
2,2,8,40000
2,2,4,25000
1,1,1,16000
1,1,1,12000
2,2,8,32000
4,3,1,45000
0,0,20,550000
2,2,7,26000
2,3,2.5,2600000
3,3,7,7800000
2,1,3,1700000
3,7,1,50000000
0,0,10,30000000
4,5,18,35000000
1,2,2,3500000
7,6,1,30000000
6,8,1.4,18000000
4,3,8,13000000
5,5,7,15500000
2,3,6,10200000
2,3,5,3800000
3,3,10,18800000
4,4,10,25500000
5,5,16,35000000
4,4,12,23000000
3,3,10,20000000
3,3,10,20000000
5,5,10,22000000
4,4,12,23000000
3,3,10,11500000
3,3,10,12500000
3,3,10,10500000
3,3,10,11700000
3,3,10,14000000
3,3,10,13000000
5,5,10,20500000
3,3,10,17000000
5,5,7,15500000
2,2,6,10200000
3,4,3,6200000
3,3,5,11500000
0,7,10,15000000
2,2,2.5,2600000
0,0,5,3700000
3,3,5,9800000
3,3,5,10000000
5,4,7,15000000
6,6,5.5,8000000
2,2,5,6200000
0,0,3,22000
0,0,5,38000
0,0,5,35000
2,2,5.3,40000
5,5,10,60000
3,4,10,20000
0,0,5,17000
3,3,1,52000
3,3,5,12500000
2,2,1.2,2600000
4,4,2,70000000
5,4,10,18000000
0,3,10,30000000
8,6,1,35000000
6,5,1,45000000
5,4,1,35000000
5,5,10,14500000
0,5,9.5,20500000
5,3,5,12800000
6,5,1,70000000
5,4,5,7500000
5,4,5,7500000
6,5,1,57500000
0,5,1,55000000
0,8,2,50000000
0,5,1.6,49600000
3,3,3,6500000
5,4,5,12500000
4,3,7,16500000
3,3,11,16600000
6,4,17,38500000
6,6,10,25000000
4,3,5,12000000
0,0,3,3300000
3,3,10,20000000
5,5,5,10500000
7,6,2,117500000
0,6,1,50000000
5,3,8,39000000
0,0,10,15500000
4,4,5,8000000
4,4,5,11500000
4,5,10,30000000
3,3,5,12500000
7,6,10,35000000
3,3,5,11500000
3,3,5,11600000
3,3,5,11700000
3,6,5,8500000
3,3,5,11900000
3,3,5,12000000
3,3,5,12100000
3,3,5,12200000
3,3,5,12200000
4,3,5,12200000
4,3,5,12200000
3,3,5,12200000
4,3,5,15500000
4,3,5,11900000
5,4,10,23500000
2,4,2,4000000
3,3,10,12000000
6,5,1,44000000
1,2,4,1500000
2,8,4,4500000
10,8,1,55000000
4,7,5,6500000
0,0,7.5,11500000
3,3,5,14500000
1,4,5,5000000
4,4,5,8800000
4,4,10,19000000
0,0,8,39000000
5,5,5,15500000
3,3,1,25000000
4,3,7,22500000
2,2,4.8,30000
2,2,4.8,27000
2,2,2.4,30000
2,2,2,15000
3,3,8,75000
3,3,3.4,40000
2,2,3.6,27000
2,2,4,35000
3,3,6.5,35000
1,1,2.8,16000
3,3,6.2,42000
3,2,4.8,25000
3,3,11.4,60000
3,3,11.4,55000
3,3,11.4,65000
3,3,11.4,65000
4,4,9.8,70000
3,3,5.8,55000
5,4,6,125000
0,3,6,35000
0,3,6,35000
0,3,9.6,60000
4,3,8.9,85000
1,1,9.6,8500
3,3,6,50000
7,3,1,110000
2,2,4.4,40000
1,3,4.8,24000
2,2,3.6,18000
2,3,6.4,18000
2,2,4.4,4500000
2,2,4.4,4500000
2,2,3.2,6500000
0,0,4.8,15000000
6,7,4.8,15000000
1,1,2,2000000
2,2,4.2,4000000
3,4,7.8,7500000
7,6,1,149900000
5,6,3.2,16000000
3,8,3.2,9500000
3,3,7.1,13000000
0,4,9.8,15500000
0,3,8,8500000
0,4,11.6,11000000
0,3,6.4,13500000
0,3,6.4,12500000
2,2,4.7,8900000
2,2,2.9,5800000
6,6,9.6,36500000
8,6,1,95000000
6,8,12,13000000
3,2,3.2,4500000
5,4,12,67500000
3,2,8,25000000
5,4,2.1,170000000
3,3,12,20000000
3,5,6.7,12500000
5,5,1,98000000
3,6,3.2,9500000
2,2,4.3,5500000
4,4,13.3,65000000
2,5,3.2,3500000
2,2,3.7,6500000
0,0,9.3,17000000
4,6,17.8,11000000
2,2,3.6,4000000
2,2,4.4,12500000
6,0,3.2,9000000
2,3,3.2,5900000
2,2,4.8,8500000
2,2,3,4000000
2,2,4.2,9500000
2,2,2.2,3500000
3,9,4.8,15000000
0,0,4.8,3200000
2,2,2.4,2000000
3,2,5.3,8000000
0,0,4.8,12500000
0,0,4.8,13500000
0,0,4.8,14000000
0,0,4.8,15000000
0,0,4.8,12000000
0,0,4.8,13000000
0,0,4.8,14000000
0,0,4.8,11500000
0,0,4.8,12000000
0,0,4.8,13000000
3,3,6,8500000
8,7,1.3,35000000
2,3,5.6,5800000
4,4,4.8,14000000
4,3,9.3,40000000
7,5,1,85000000
3,3,8,16500000
2,2,4.4,5000000
2,3,2.6,3600000
4,4,12,39900000
5,4,10.2,39500000
5,5,1,67500000
2,2,2.4,5800000
0,0,2.4,5800000
4,4,4.8,12000000
3,3,11.4,32000000
3,3,10,25500000
3,3,4,6500000
2,2,3.5,2600000
0,3,8,10500000
0,3,8,10500000
0,3,8,10600000
0,3,8,10600000
0,3,8,10700000
0,3,8,10700000
0,3,8,10800000
0,3,8,10800000
0,3,8,10900000
0,3,8,10900000
0,3,8,11000000
0,3,8,11000000
0,0,5,20000000
5,4,5,9500000
1,1,3.1,5250000
2,3,3,4800000
3,2,4,5000000
6,6,1,36000000
9,7,12,16000000
5,4,1.2,26000000
0,0,13,45000000
5,4,8,15000000
4,3,5,9900000
2,2,8,12500000
4,3,11,21000000
5,5,7,18000000
4,3,5,9900000
0,0,1,35000000
8,8,1.5,105000000
3,2,5,4200000
6,4,5,8000000
0,7,12,60000000
0,0,2,130000
0,0,1,165000
0,0,2.2,95000
0,0,1.2,300000
0,0,1,135000
0,0,1,220000
6,7,1.2,400000
6,5,1.1,350000
6,5,1.2,400000
6,5,2.4,550000
3,3,7,26000
6,5,8,75000
3,4,5,70000
0,0,1,150000
6,4,8.4,55000
5,5,4,700000
1,1,2.7,14000
2,2,6.2,55000
0,0,1.2,300000
4,4,1,50000
2,2,6,20000
1,1,0.6,10000
2,2,5.7,50000
2,2,7.3,60000
3,3,12.9,125000
4,4,17.3,200000
2,2,6.4,125000
3,3,6.7,66000
1,1,1.8,34000
4,3,1,50000
4,3,8,66000
3,3,1,65000
5,4,5,8800000
3,7,6.4,11000000
0,0,2.5,3000000
0,0,2.5,3500000
10,5,15,25000000
0,0,15.5,8000000
8,5,1,39000000
3,3,5,4000000
6,5,1,31600000
3,3,5,10500000
2,1,3.7,7400000
2,1,3.6,7000000
1,1,2.2,3500000
3,3,5,10000000
2,2,3,2400000
3,3,5,10000000
2,2,4.4,3200000
3,2,5,5500000
4,4,5,15000000
2,2,6.2,15900000
7,4,16,30000000
6,0,5,13000000
5,4,10,15500000
2,4,4,9000000
0,0,4,5500000
0,0,11,25000000
6,0,10,24000000
4,8,14,20000000
2,3,3,5000000
2,2,2.5,15000
1,3,5,13000
0,0,4.5,35000
5,4,5,35000
5,4,5,38000
0,0,1,40000
1,2,2.9,15000
0,0,5,16000
2,2,5,18000
3,3,7,24000
3,3,10,30000
4,4,7,46000
3,3,5,15500
3,4,7,20000
3,4,7,20000
4,4,7,45000
4,7,5,20000000
5,4,5,9000000
5,4,5,8500000
5,3,5,8200000
5,4,5,8500000
4,3,3,5500000
4,3,3,5500000
4,3,3,5500000
6,6,1,27500000
5,4,5,8500000
2,4,3,6500000
6,5,5,11500000
0,3,6,16500000
6,6,1,36000000
5,4,5,11200000
3,3,5,70000000
6,5,1,45000000
6,5,1,34500000
7,6,1,88000000
4,4,5,10800000
6,4,12,17500000
3,3,5,15500000
4,4,7,8500000
5,4,5.1,14500000
3,3,6.5,21500000
5,5,1,60000000
6,5,1,45000000
4,3,5,9200000
3,3,7.6,13000000
2,3,2,5300000
4,3,5,10000000
8,7,10,24500000
0,0,2,6000000
5,4,11.7,30000000
6,6,1,25000000
6,5,10,17600000
4,3,10.2,12500000
6,5,2,92500000
6,5,10,25000000
4,3,5,7500000
6,5,1,55000000
6,5,1,45000000
2,2,2,4000000
6,5,1,50000000
2,3,3,3500000
3,2,3,5000000
0,0,1,37500000
5,5,1,65000000
0,0,2,210000000
0,0,5,11000000
3,5,7,8000000
6,5,1,34000000
0,0,10,25000000
0,3,8,11100000
0,3,8,11100000
0,3,8,11200000
0,3,8,11300000
0,3,8,11300000
0,3,8,11400000
1,9,9.3,51000000
1,2,3.8,20000
1,2,3.2,20000
2,2,16,30000
3,3,9.6,75000
2,2,14,50000
3,3,13,35000
3,3,8.9,85000
3,3,5.3,75000
0,0,12,200000
0,0,4.8,23000
0,0,4.8,22000
0,0,4.8,21000
0,0,4.8,22000
0,0,4.8,21000
0,0,4.8,20000
0,0,4.8,20000
0,0,4.8,19000
0,0,4.8,20000
0,0,4.8,19000
3,3,5.8,30000
3,3,12,110000
2,3,8,35000
0,0,8.9,100000
4,5,9.8,70000
2,2,4,35000
2,2,4.2,43000
2,3,8,35000
3,3,4.4,27000
4,4,8,65000
3,3,5.8,40000
4,4,12,90000
3,3,6.2,45000
2,2,10,50000
7,6,1,240000
2,2,4.4,40000
2,2,6.4,55000
2,2,2.9,19000
1,2,4.8,15000
7,6,1,260000
5,4,12,160000
4,3,12.8,43000000
0,0,3.2,2600000
2,2,4.2,7900000
4,6,6.2,14500000
1,1,1.8,2900000
3,9,3.2,6000000
6,5,17.8,110000000
3,3,9.6,15500000
2,2,2.8,3600000
6,6,8,26000000
8,8,1.5,55000000
4,4,16,72500000
6,8,4.8,16500000
2,2,4,5800000
6,6,2,275000000
2,2,3.8,6200000
3,6,4,7800000
3,3,5.6,8000000
5,5,11.1,13000000
5,4,10.7,29500000
2,2,3.3,6500000
2,2,2.8,3600000
6,6,8,21000000
0,0,4.4,4200000
5,3,10.7,46000000
6,6,4.8,12000000
0,0,4.8,7700000
0,0,3.2,4000000
4,4,14,14500000
0,0,2.6,3000000
0,2,4.2,11000000
6,6,1.1,140000000
0,2,4,9500000
0,2,2.4,6600000
6,6,1.2,180000000
0,0,3.3,2800000
2,2,4.9,6500000
5,5,4.8,16500000
2,2,4,4100000
2,4,2.4,4000000
6,6,2,290000000
5,10,5.6,18000000
4,4,4.8,7800000
4,3,4,38500000
5,6,9.6,38000000
2,2,3.2,5000000
2,2,4.9,13000000
3,3,8.6,13000000
8,6,15,71000000
3,3,5.7,8000000
6,6,4,275000000
3,3,4.9,15000000
2,2,4.6,14000000
3,2,4.8,9500000
0,2,4,5500000
7,7,6.6,61500000
2,2,2.9,3500000
0,0,4.8,6400000
6,6,1,160000000
3,3,5,6200000
3,3,7.8,25000000
3,3,5,5500000
4,5,4.8,7300000
2,2,4,9000000
6,5,4.8,21000000
3,3,5.2,7700000
0,0,2.6,2300000
6,6,1,70000000
5,5,1.2,120000000
2,2,4.7,9000000
6,4,12.9,25000000
6,6,2.5,200000000
6,5,10,21000000
0,0,4,28000000
6,6,14.2,50000000
2,2,3.6,3600000
5,5,13,42500000
6,6,10,33000000
2,2,3.6,3800000
2,2,3.6,3800000
3,3,5,2500000
2,2,6.2,16000000
3,3,5,13500000
7,6,1.5,35000000
3,3,9.3,22000000
4,4,15.6,30000000
2,2,4,3050000
6,6,6.6,32500000
2,2,5,5000000
6,6,1,45000000
6,6,10,22000000
0,0,20,80000000
2,2,3.6,3850000
2,2,3.3,5600000
0,0,3.3,5300000
2,2,2.7,2500000
2,2,5,3400000
2,2,5,6200000
0,0,4,450000000
6,3,10,40000
5,5,1,250000
6,6,3,1000000
6,6,1,350000
5,5,1,200000
0,0,1.4,300000
0,0,1.4,500000
3,3,1,95000
3,3,10,40000
2,2,6.3,60000
3,3,9.3,80000
3,3,1,45000
4,4,15.6,110000
4,3,1,40000
4,3,1,35000
3,3,10,30000
2,2,4,40000
5,5,1,85000
4,4,1,25000
3,2,9,220000
4,3,11.7,300000
3,3,1,70000
5,3,5,50000
3,3,1,80000
3,2,5.6,18000
2,3,7.5,9500000
0,0,5,7500000
4,4,13,26000000
5,4,5.3,8500000
3,2,5,6500000
3,3,3.6,6000000
0,0,3,3250000
2,3,1.6,180000000
0,0,3,7000000
8,6,10,18500000
7,5,10,24500000
2,2,5,3000000
0,0,5,3500000
3,3,4.4,3200000
6,5,7,15000000
6,6,10,14500000
4,4,5,9500000
6,6,12.4,25000000
2,2,3,2500000
6,4,8,12500000
4,4,5,8000000
6,4,8,13500000
0,0,6,4000000
3,5,3,5500000
3,4,5,7000000
8,6,10,23000000
5,5,12.4,21000000
6,5,1.1,62500000
3,4,3,5500000
4,3,12,22500000
6,9,1,39000000
6,5,6,21000000
7,5,10,20000000
7,7,10,19000000
3,2,5,17500
0,0,5,35000
4,3,5,32000
0,0,3,20000
4,3,10,45000
4,4,10,45000
1,2,4,15000
3,3,10,40000
2,2,5,18000
4,3,1,32000
4,3,10,30000
1,2,5,16000
1,2,5,16000
1,2,5,17000
4,4,6,45000
1,1,3,9000
0,0,3,10000
5,5,10,80000
5,5,10,60000
2,2,4.4,28000
3,2,6,26000
3,3,10,30000
2,2,5,10000
1,2,5,18000
5,5,8,20000000
0,0,1.5,52500000
9,8,2,34000000
3,4,2.5,6000000
2,2,1,60000000
3,3,6,9500000
6,6,1.2,55000000
6,5,1,32500000
0,2,3,1750000
4,4,5,11500000
2,2,3,4800000
4,3,5,8000000
0,0,1,42000000
3,3,3,3000000
5,4,4,11000000
3,3,3,5600000
5,5,5,12500000
6,4,5,8000000
5,4,10,17000000
4,4,5,8000000
0,0,5,3100000
6,5,10,13500000
0,0,11,11000000
2,3,6,17500000
1,2,5,3000000
3,3,5,8600000
4,5,1.2,49000000
3,3,5,6500000
6,5,16,23000000
4,4,10,15000000
4,4,11,19800000
4,4,10,21300000
5,4,12.2,9500000
0,0,10,22500000
1,3,2.5,4900000
5,3,7.5,15500000
4,3,5.5,11500000
3,3,4,17000000
6,5,10,29900000
3,3,5,10500000
4,3,5,15000000
4,3,5,15500000
2,2,4.4,5000000
3,2,10,20500000
3,4,7,12000000
6,5,1,45000000
0,3,10,12000000
0,3,10,14000000
5,4,10,14000000
4,4,10,24000000
0,0,1,40000000
3,2,5.1,17300000
2,1,2,7500000
2,1,2.6,8500000
6,5,2.4,105000000
6,5,10,27500000
0,0,10,15000000
5,8,2,130000000
4,5,9,11500000
0,0,5,12500000
6,5,10,16000000
3,3,4,4500000
3,3,2,4000000
4,4,4,5500000
4,4,3,4500000
4,4,3,5000000
4,4,3,4995000
6,4,12,17500000
4,3,10,23000000
6,6,10,27500000
4,3,5,9500000
3,3,4,5800000
4,3,5,12500000
0,5,1,52000000
3,2,10,7000000
3,2,3,8500000
8,5,1,45000000
5,5,1.2,120000000
3,3,7.6,11000000
1,3,1.8,6000000
0,0,16,32000000
3,3,5.8,5200000
2,2,4.2,5800000
4,4,3.2,6500000
2,2,3.3,2850000
4,8,4.8,11000000
2,2,4.4,7000000
6,6,2,300000000
6,6,2,320000000
4,4,12,67500000
2,2,5,20000
3,5,5.6,27000
4,4,1.3,250000
2,2,4.8,28000
4,4,4.8,42000
4,3,8,90000
2,2,4.9,30000
5,4,2,225000
6,5,1,350000
3,3,16,70000
2,2,8,25000
5,3,11.6,42000
3,3,1,110000
4,4,8.4,46000
3,3,8,30000
2,3,8,40000
3,3,6.7,32000
3,3,7.6,40000
7,7,1,300000
2,2,4.8,18000
3,2,4.8,16000
3,3,9.6,18000000
8,8,4.2,15000000
0,0,2.4,4000000
3,3,4.8,14000000
3,2,4.8,5500000
6,5,16,35000000
5,5,6,5500000
2,4,4.4,5850000
1,1,1.8,1600000
3,3,7.6,25000000
2,2,3.3,4000000
5,5,4,35000000
4,3,10,30000000
6,6,1.2,180000000
3,4,4.9,7800000
5,5,1,122500000
4,4,6,18000000
5,5,12,62500000
2,3,4.8,11000000
6,6,1,145000000
0,0,12,55000000
5,5,1,84000000
3,3,8,5700000
2,2,2.9,3700000
2,2,3.1,3500000
5,5,1,100000000
3,3,7.6,18000000
7,11,3.2,9800000
0,0,3.2,3200000
0,4,5.1,1700000
3,7,8,25000000
3,4,4.2,4700000
2,2,3.1,2700000
4,4,10.7,27500000
2,2,4.2,4500000
2,2,3.6,14000000
3,4,4.4,9600000
2,2,2.9,3300000
4,4,14,59500000
5,5,1,75000000
3,0,4.8,14000000
3,2,4.2,12000000
0,0,3.8,7700000
0,0,8.9,35000000
0,0,6.4,13200000
3,3,4.8,4000000
2,2,3.1,3500000
5,4,8.9,25500000
0,0,4.8,10000000
0,0,4.8,13000000
0,0,4.8,12000000
0,0,4.8,11000000
0,0,4.8,10500000
0,0,4.8,10000000
0,0,4.8,10500000
0,0,4.8,11000000
0,0,4.8,11500000
0,0,4.8,12000000
4,3,4,27000000
6,6,1,55000000
7,5,9.3,15300000
5,4,5,18500000
2,3,5,4200000
0,0,5,55000000
6,6,1,87500000
4,4,9,8500000
2,3,3.2,2200000
0,0,7,13000000
2,4,20,500000000
2,2,4,4700000
3,2,5,4800000
3,4,12,15000000
3,2,5,6500000
4,4,10,25000000
3,3,8.9,9200000
8,7,11,22000000
6,5,10,36500000
4,4,7,13000000
6,4,6,11800000
5,4,5,9800000
0,0,1.2,50000000
5,4,8,16500000
6,5,6.7,22500000
0,0,23,180000000
7,7,12,24000000
3,2,7.9,18600000
2,2,8.9,50000000
2,2,4.2,3500000
4,5,6,14500000
5,5,27,140000000
5,5,4.5,11000000
0,0,6,11300000
0,0,6.2,6600000
6,6,12,23000000
4,2,5,8500000
0,0,5,12500000
6,7,7,18000000
3,3,15.1,35000000
5,5,2,37500000
1,1,2.2,35000
0,0,1,45000
3,3,10,30000
4,4,5,70000
3,3,14,35000
4,4,6,60000
0,0,10,28000
3,3,14,40000
1,3,1,12000
0,3,7,25000
4,3,1,85000
1,10,10,58000
1,1,3,18000
4,3,1,45000
2,2,10,45000
4,3,1,38000
4,3,12,28000
3,2,10,25000
3,2,7,21000
4,4,1,200000
5,5,1,140000
8,7,1.3,500000
5,5,1,110000
5,4,5,9000000
0,0,12,25000000
3,7,8,20000000
6,4,10,18000000
2,4,4,9800000
4,3,5,8000000
6,5,11,20500000
0,0,2.4,3400000
3,3,3,3000000
3,3,5,11000000
3,2,4.8,4400000
3,3,10,17500000
2,2,3,3500000
5,6,5,9000000
4,4,5,9000000
4,3,5,10500000
6,6,4,3600000
6,7,1,38000000
2,2,5,4200000
6,4,5,7400000
2,2,7.6,15000000
2,2,7.6,15000000
5,5,13,23500000
3,4,1,100000000
2,7,12,30000000
2,2,4.4,6500000
2,2,5,5700000
5,6,4,5200000
1,2,5,6200000
4,4,5,7500000
3,3,4,3800000
5,5,8,12500000
3,2,5,4500000
6,6,10,23000000
3,5,5,6900000
5,6,4,5200000
4,5,5,20000000
2,2,3.3,3000000
6,5,12,75000
0,0,5,35000
0,0,5,35000
0,0,3,22000
0,0,5,38000
0,0,5,35000
6,5,10,60000
2,1,10,17000
3,2,1,50000
2,2,6,16000
6,5,10,60000
5,5,10,65000
3,4,9,25000
2,2,10,25500
6,5,10,60000
3,3,10,35000
3,3,10,31000
2,2,5,5500000
8,9,2.4,155000000
0,0,3.5,3775000
6,5,1,62500000
6,5,1,40000000
5,3,5,10700000
3,2,5,4500000
4,4,3,5500000
6,5,10,17500000
0,7,2,95000000
7,5,1,54000000
4,3,3,5750000
1,1,2.3,4500000
4,4,13,25000000
5,5,1,42500000
1,6,10,25500000
4,3,3.5,7800000
0,6,4,8000000
3,3,10.5,20000000
1,1,2,2200000
3,4,3,7500000
5,4,12,16500000
6,6,2.1,70000000
2,2,8,17500000
3,2,2,2700000
3,3,5,6200000
1,2,3,2100000
2,2,3,4500000
5,5,1,39000000
4,3,5,10000000
6,6,1,41000000
6,5,1,42500000
5,5,10,20000000
4,3,10,15000000
4,3,5,11000000
5,4,10,33000000
5,4,10,20500000
3,5,2.5,5550000
4,3,2.5,3000000
3,3,3,3500000
2,2,3,6000000
4,3,5,11900000
4,3,5,15500000
4,3,5,15500000
6,5,1,47500000
6,4,4,9500000
2,2,5,4700000
4,4,5,12000000
5,4,8,21000000
3,3,5,16500000
0,7,1,50000000
6,6,1,35000000
3,6,4,12500000
4,4,7,22500000
3,3,5,3000000
1,2,2,2800000
4,4,5,8800000
0,0,2.5,4500000
4,3,5,10500000
5,5,1,49000000
5,5,12,33000000
5,5,1,85000000
8,11,1.2,185000000
3,3,8,17500000
6,6,12,23000000
6,6,1,95000000
6,8,4.8,8000000
4,6,17.8,60000000
1,2,3.2,2600000
1,1,2.3,5200000
3,3,4.8,3800000
6,5,1,95000000
0,0,3.2,8200000
6,6,1.2,67500000
6,6,1.1,80000000
8,8,1.2,50000000
2,2,3.3,3700000
4,4,9.9,19000000
3,3,4.8,8000000
7,6,1,150000000
2,2,4.4,9000000
2,2,3.2,4200000
5,4,9.8,15500000
3,3,6.2,12000000
2,2,3.4,5500000
3,5,9.6,15000000
6,8,1,85000000
0,0,4,5000000
3,3,8,12500000
4,4,14,17000000
6,5,2,240000000
2,2,4,6000000
0,4,10,13500000
0,4,10,13500000
0,4,10,13500000
0,4,10,13500000
0,4,10,13500000
0,3,7.8,11000000
0,3,7.8,11000000
0,3,4.8,9000000
0,3,4.8,9200000
0,3,4.8,9000000
0,3,4.8,9000000
0,3,4.8,9000000
5,4,11.2,52500000
7,7,8,28500000
3,2,5.7,5000000
0,4,12,60000000
5,4,12,58500000
0,5,12,68500000
2,3,5.3,38000
7,9,1.2,800000
6,5,2,100000
0,0,16,50000
2,2,9.6,38000
3,4,4,40000
2,3,4.8,25000
2,2,4.4,22000
2,2,3.2,35000
3,3,6.7,45000
1,1,2.2,14000
0,0,4.9,30000
3,3,6.7,30000
4,3,8.4,55000
1,2,9.6,14000
2,2,3.8,22000
2,2,4.9,35000
0,0,2,130000000
3,3,5.8,12400000
6,6,1,85000000
5,4,10,55000000
2,2,2.4,5600000
3,3,6.9,8000000
7,5,1,115000000
2,2,2,5800000
3,3,6.4,15500000
7,6,2,270000000
3,3,5.9,5500000
7,6,1,127500000
2,2,4,4400000
4,3,9.6,45000000
3,3,6.7,13500000
0,0,3.3,8000000
2,2,4,4500000
2,3,2.6,1500000
2,3,3.4,3500000
2,2,3.4,5300000
4,3,10.8,8500000
2,2,4,5500000
3,2,4.7,6000000
2,3,6.7,11500000
2,2,3.2,4950000
2,2,5.6,6800000
4,3,8,16500000
2,2,9.6,6500000
6,8,9.6,39000000
2,2,2.4,3500000
5,5,1,105000000
5,5,1,99600000
3,3,6.4,7470000
0,0,3.2,6500000
2,2,2.4,2000000
5,4,4.8,17800000
3,3,7.1,17000000
0,0,4.9,3500000
5,5,1.3,55000000
0,2,5.3,2200000
3,2,5,6200000
6,6,2,240000000
6,6,1.2,185000000
6,6,2,290000000
7,6,1,127500000
5,5,1,65000000
2,2,2.2,3700000
6,6,12,23000000
2,2,4.8,4600000
2,1,3.4,5500000
8,8,12,29000000
0,0,20,115000000
4,4,10,28500000
2,2,4.2,4850000
3,3,7,8900000
0,0,2.8,3800000
0,0,2.2,6500000
0,0,1.2,30000000
0,0,3.6,9000000
3,3,4.7,5300000
2,2,2.5,1900000
7,6,7,14500000
5,4,7,18500000
5,5,14,52500000
5,4,5,26000000
5,4,3,3800000
6,7,1.4,34000000
2,3,5,5500000
9,9,7.1,7500000
6,10,2,250000000
0,0,1.5,2700000
3,3,7.6,9000000
4,4,5,11000000
6,6,7,16000000
0,0,8,16000000
6,6,5,11800000
3,3,5,8500000
5,4,5,10800000
7,7,9.3,35000000
6,6,10,16000000
6,5,10,13300000
1,1,2.8,2750000
3,3,8.5,13200000
2,2,5.1,4000000
2,2,5,2450000
4,4,5,25500000
0,0,5,13000000
4,4,4,15000000
1,1,3.7,4000000
4,4,1,110000
3,3,4,150000
2,2,5,30000
4,4,16,125000
2,2,7,21000
3,3,3,20000
1,1,2.4,25000
4,4,10,40000
8,7,7,100000
2,2,5,21000
4,3,1,40000
3,3,1.3,90000
2,2,6,22000
3,2,10,28000
3,2,6,23000
2,2,3,120000
4,5,5,35000
7,4,5,37000
1,1,8.9,22000
4,3,1,32000
1,1,3.4,13000
3,2,10,26000
3,2,10,23000
2,2,5,15000
5,5,10,70000
3,2,10,24000
3,3,5,40000
6,5,7,21500000
4,4,5,13500000
5,4,7,15000000
3,3,3.3,6000000
1,2,3,2500000
0,6,11,35000000
6,5,5,11500000
5,5,5,9000000
3,5,10,20000000
2,3,6,7000000
7,7,12,23000000
4,4,5,8500000
2,6,1.2,25000000
3,6,3,5600000
6,5,10,25000000
5,11,5,9000000
6,5,7,14000000
7,13,10,33000000
2,2,5,4500000
5,5,7,9500000
8,11,12,15000000
5,5,7,13500000
1,1,2,2600000
5,4,10,9600000
2,2,3,2850000
1,2,3.5,3400000
3,2,6,6200000
5,4,7,13500000
2,2,3.3,5200000
5,3,11,23500000
3,2,5,4000000
6,5,1,35000000
2,2,3.5,3300000
3,4,5,4000000
6,6,4,8000000
4,4,5,8000000
0,0,7,13500000
3,3,10,13500000
3,3,5,22000
2,3,10,17000
3,3,1,60000
1,1,4,25000
2,2,10,50000
2,2,5,14000
0,0,10,60000
3,2,18,28000
3,2,6,35000
3,3,8,25000
4,3,10,31000
7,7,1,120000
6,5,10,20500000
5,4,10,27000000
0,2,2,2700000
5,5,10,27000000
4,4,10,19000000
6,5,1,52500000
7,5,12,26500000
8,6,2,110000000
0,0,2.5,4500000
4,3,4,8000000
4,4,4,6500000
5,4,5,12000000
3,3,5,12000000
0,0,12,19500000
0,0,14,29500000
5,3,6,19500000
4,3,5,11500000
7,7,1.2,38500000
1,2,5,4500000
3,3,3.5,10000000
5,5,5,12500000
4,5,5,12500000
2,2,5,6500000
3,3,10,14500000
0,0,10,14000000
0,0,10,13500000
0,0,4,110000000
3,3,4.9,3500000
4,4,5,8800000
3,8,5,9000000
4,3,5,10200000
3,3,11,17500000
5,3,5,13000000
5,4,10,26000000
4,4,7,11500000
6,6,1,43000000
6,5,1,42500000
0,0,15,22500000
5,4,10,24500000
3,4,3,4000000
3,3,5,16000000
4,3,4,9500000
5,4,10,23000000
10,8,1.7,40000000
1,1,1.9,2400000
4,4,5,10500000
3,3,6.2,9500000
3,3,5,7000000
5,5,3,6800000
6,5,10,17400000
4,3,5,9900000
0,6,1,47500000
6,5,10,21000000
6,5,10,22000000
7,5,10,17500000
0,0,3,8500000
4,3,7,21500000
6,5,10,22000000
4,3,5,12000000
0,5,13,23000000
4,3,5,14500000
5,4,10,32000000
5,4,10,25000000
6,5,1,35000000
5,4,1,33000000
6,5,1,28000000
6,5,1,31500000
6,5,2,170000000
4,3,3,4400000
0,4,2,75000000
6,5,1,42500000
1,3,2.7,38000000
0,0,18,55000000
3,3,5,10500000
6,5,1,39000000
2,2,4.4,3100000
2,2,4.5,7000000
2,2,3.8,7500000
7,6,2,135000000
4,3,8,35000000
2,2,2.2,6200000
0,6,1,87000000
10,8,2,150000000
0,6,1,110000000
0,5,12,69000000
0,5,12,61000000
6,5,1,124000000
0,5,12,49500000
0,3,1,55000000
1,2,3.1,3500000
5,5,12,65000000
4,8,4.4,3500000
3,3,6,9000000
2,2,4.4,5000000
2,2,3.1,4700000
3,3,7.3,17000000
3,2,5.1,9500000
0,0,9.3,9500000
0,0,8.9,9000000
0,2,4.2,12500000
6,5,1,107500000
3,7,4.8,16500000
0,0,4.8,7500000
0,0,4.8,22000000
3,3,6.7,22500000
2,2,3.3,5000000
5,4,4.8,13500000
2,2,3.3,4200000
3,3,3.8,4700000
1,2,3.2,5500000
0,3,9.3,16000000
0,0,5.4,21000000
6,6,1.2,185000000
3,3,6.4,7500000
10,6,2,240000000
5,5,4,40000000
0,0,3.6,25000
2,2,4.8,25000
5,3,2,200000
3,3,14,60000
4,5,1.2,350000
4,4,10,85000
1,2,2.2,25000
2,2,4.2,30000
4,4,11.6,125000
2,2,2.4,17000
3,3,5.3,65000
3,3,4,100000
3,3,8,70000
0,0,3.2,16000
5,5,2,400000
2,2,5.3,45000
3,3,16,42000
3,3,16,75000
7,11,2,1300000
6,5,1,185000
1,2,3.7,11000
2,2,3,20000
4,4,14.7,150000
2,2,3.3,17000
3,3,5.3,60000
7,5,16.9,27500000
0,3,5,11200000
0,0,7,12000000
2,2,5,3650000
5,6,6,8000000
8,8,1,80000000
4,4,3,4800000
0,0,5,10000000
5,4,14.2,44000000
3,3,3.1,5200000
6,6,5,5800000
4,4,7,7500000
1,1,2,5500000
6,6,5,8500000
3,3,5.6,4800000
7,5,8,14500000
9,9,1.3,85000000
3,3,7.3,5950000
2,2,2.1,2600000
6,6,1,85000000
3,3,11.6,17000000
5,4,5,15500000
6,5,8,50000000
1,1,2.3,4000000
4,6,1.2,135000000
4,3,5,14000000
6,6,15,22000000
0,0,14.2,35000
6,6,1.3,300000
2,2,5.6,18000
2,1,5,21000
2,2,5.3,40000
2,3,7,49000
3,3,11,42000
3,3,10,30000
3,3,10,32000
2,2,6.4,135000
4,3,10,32000
3,3,1,85000
5,4,1.1,80000
3,2,5.6,18000
4,4,1,125000
1,1,2.7,14000
4,3,10.7,28000
5,5,1,250000
2,2,4,5800000
4,3,5,11500000
3,3,5,6500000
5,7,5,13000000
6,5,2.1,62500000
6,5,1,37500000
2,4,5,6500000
0,0,3,10000000
3,5,4.5,7000000
4,4,7,20000000
6,6,16.9,35000000
4,4,3,6000000
0,0,7,14000000
7,6,1,45500000
1,2,5,2100000
1,2,5,2300000
1,2,5,3500000
3,3,8,4550000
6,5,7,14500000
0,3,5,9800000
2,2,4,4500000
4,5,15,22000000
3,2,7,9500000
6,8,13.5,43500000
8,11,1,51000000
6,5,10,17000000
8,6,1,37000000
4,4,5,15000000
5,5,7,14000000
4,4,5,7500000
2,2,4.2,4900000
7,5,7,14500000
2,2,5,3500000
0,0,5,25000000
5,5,10,20500000
4,3,10,18000000
5,5,1,32500000
2,1,3,2600000
5,7,9,11000000
6,5,10,19000000
3,2,1,27000000
5,4,5,11500000
5,4,5,12000000
0,1,1.6,35000
0,3,5,38000
0,3,5,40000
2,2,5,20000
3,3,8.4,45000
3,3,7,15000
4,4,10,70000
3,3,11,32000
3,4,1,60000000
6,5,1,49900000
8,7,1.2,75000000
2,1,2,2500000
5,7,5,13000000
4,3,5,9500000
5,4,2,30000000
0,0,1.5,2600000
3,3,2.5,3600000
0,0,3.5,5500000
5,4,10,27000000
6,6,5,15500000
2,3,3,6200000
0,0,5,9900000
0,0,5,9900000
6,5,1,40000000
1,3,2,2500000
1,1,2,2750000
3,8,5,5000000
4,4,5,12000000
2,2,4,6500000
7,7,1,28500000
4,3,5,15000000
3,3,3,6300000
0,0,11.5,31500000
6,5,8,11000000
3,4,4,8500000
5,4,6,11000000
3,3,2.8,7600000
6,5,10,17500000
4,3,10,13000000
7,5,8,15900000
3,3,5,11000000
6,5,15.6,24000000
0,3,5,14800000
4,3,5,14000000
4,3,5,15000000
6,5,1,38500000
7,5,1,36500000
0,5,7,15000000
0,4,7,13000000
0,0,5,11000000
2,2,2,3500000
2,2,3,2700000
0,0,1,48500000
3,5,10,23000000
7,6,2,210000000
6,5,1,40000000
4,4,4,7800000
2,2,5,9500000
4,3,5,12000000
0,1,2.2,4392000
6,5,1,41500000
0,5,10,20000000
6,5,10,24500000
5,4,8.5,14500000
0,3,1,108500000
1,1,2,1950000
7,5,1.2,58500000
5,5,10,42500000
3,3,10,25000000
3,3,3,5500000
3,10,10,30000000
6,5,10,21000000
4,3,2.5,4350000
3,2,3.2,8000000
4,4,5,15500000
1,1,2.3,4500000
5,4,10,17500000
5,5,5,16000000
2,2,5,4500000
6,5,2,91500000
4,4,3,5500000
2,2,3,4700000
4,3,8.4,22500000
2,2,4.2,7500000
3,3,9.6,48000000
5,5,4.8,8000000
5,6,4,10100000
6,6,12,35000000
4,4,4.8,13000000
2,2,4.7,13000000
4,5,5.3,7000000
3,2,4.8,6400000
3,3,6.7,8000000
2,2,4.9,11000000
5,5,3.6,8500000
6,0,5.3,15000000
1,1,2,3500000
2,2,4,4500000
2,2,4,4500000
2,2,4,4500000
5,8,12.4,36500000
1,1,1.6,1500000
3,3,6.4,16500000
3,3,6,6500000
3,3,5.6,4500000
5,5,4.8,14500000
2,2,4,5000000
6,5,1,100000000
1,1,1.6,2400000
2,2,3.2,3000000
10,8,1.3,66000000
3,3,5,13000000
4,2,4.8,8000000
0,0,4.8,14000000
6,7,1,77000000
3,2,4.7,5500000
3,3,4.9,11000000
6,5,12.8,97500000
3,4,8,9000000
3,3,16,26000000
6,5,1,125000000
3,3,7.2,11500000
6,5,1,135000000
4,4,12.4,47500000
4,3,9,16000000
2,2,5.3,6000000
3,4,3.4,4500000
3,3,4,37000000
0,0,4.7,4500000
6,8,9.6,26500000
0,0,2.7,3000000
0,0,3.3,3000000
0,0,5.6,5500000
0,0,2.9,3200000
0,0,2.9,3200000
0,0,3.8,3500000
3,3,11.4,33000000
0,0,4.8,11500000
4,3,4,37000000
5,5,4.8,12500000
3,3,6.2,15000000
4,4,1,125000000
4,3,5,16000000
3,3,5.3,7000000
3,3,6,25000
4,4,1,225000
2,2,4,25000
5,2,4.8,25000
4,11,1,350000
3,3,4,60000
2,2,3.8,22000
1,0,5.3,50000
10,11,2.3,400000
2,3,4,26000
3,3,4.8,25000
3,3,5.8,27000
4,3,6.4,25000
0,2,4,22000
1,1,1.6,10500
4,4,8,120000
3,3,8,60000
2,2,4.4,20000
2,2,4.9,25000
2,2,3.1,25000
7,6,1,180000
3,3,6.8,35000
2,2,4.8,20000
3,3,4.8,35000
3,3,6,22000
3,3,6,22000
2,2,4,22000
2,2,6.2,28000
3,3,6.4,38000
10,11,2.3,500000
3,3,8,37000
3,3,6.2,25000
4,4,3.2,20000
4,4,1,35000
3,3,4,35000
5,3,1.2,75000
6,5,1,325000
2,2,3.3,18000
7,6,1,325000
5,4,10,24000000
2,2,9.4,18000000
6,6,8,23000000
7,4,6.7,25300000
1,1,1.5,2200000
3,3,3,3200000
9,6,6,13500000
5,5,14.2,45500000
0,0,10.2,63000000
4,3,6,5000000
3,2,7.6,35000000
0,0,4,6900000
2,2,3.6,12300000
2,2,4,14800000
6,7,1.1,50000000
4,4,3.6,6500000
2,2,7.2,16000000
6,10,1.2,105000000
0,0,14,57500000
3,3,4,16000000
6,6,1,105000000
0,0,2.2,3500000
3,2,5,6000000
4,3,3,6000000
3,2,5,4100000
4,4,5,16000000
0,0,6,13000000
0,2,4.9,7950000
0,2,4,5850000
0,1,1.6,3975000
0,3,5.3,9650000
0,2,4.9,8600000
0,1,1.7,4700000
0,1,2.2,5200000
0,2,3.3,6325000
0,1,2.3,6200000
1,1,1.1,10000
4,5,5,35000
4,4,1,33000
3,3,11.6,45000
3,3,3,18000
4,4,1,40000
6,5,1,120000
0,0,12,75000
3,3,1,45000
3,3,1.1,45000
6,6,1.2,340000
4,3,10,30000
3,3,8,20000
3,3,10,40000
3,3,7,20000
2,4,8,60000
3,2,4,16000
2,2,12,45000
4,4,1,95000
2,2,9.4,85000
0,0,12,75000
3,2,8,25000
3,3,1,46000
2,2,10,26000
2,2,9.3,50000
3,3,15,70000
3,3,10.2,45000
3,3,3,5000000
2,2,4,7500000
4,4,3.5,6000000
4,4,5,7500000
3,3,5,7000000
3,3,4,6000000
4,4,4,8000000
3,3,2,3800000
4,4,5,8000000
3,3,4,6300000
6,4,12,18000000
6,5,10,15000000
2,2,3,2500000
3,3,5,9500000
0,3,5,7500000
0,1,5,5500000
5,5,12,13500000
3,3,7,21000000
5,4,5,11000000
4,4,3,3800000
2,6,16,9000000
9,8,1.5,60000000
2,1,4.1,9000000
3,2,5,5000000
5,6,1,9300000
6,6,8,40000000
6,4,5,14000000
2,2,4,2900000
7,5,10,23500000
7,5,10,23500000
7,7,13,15000000
3,3,8,15000000
4,4,10,19000000
4,3,4.5,4700000
3,4,2.5,7000000
3,2,4.5,4800000
6,5,11,20000000
5,10,10,23000000
2,3,5,4700000
2,2,1,25000
3,3,6,27000
3,4,6.7,45000
3,3,6,35000
4,4,18,50000
4,4,10,45000
3,2,10,28000
3,3,1.1,65000
3,3,12,40000
5,5,6,27000
4,3,5.5,30000
0,0,5,10000
1,2,6,12000
0,0,4,24500
2,2,5,15000
2,2,8,25000
3,3,3,6500000
6,5,1,37000000
6,6,10,22500000
3,2,3,4300000
6,5,17,41000000
3,2,1,28000000
10,8,14,29000000
2,2,3.1,3500000
6,6,10,30000000
3,3,10.9,15000000
3,7,1.1,45000000
2,2,5,3500000
6,5,10,23500000
1,2,3,2400000
3,3,6,12000000
7,5,10,17500000
3,2,16,150000000
3,3,3,6500000
0,0,1.2,60000000
2,3,3.2,3200000
4,3,4,9000000
3,3,2.5,4500000
7,5,6,15000000
5,5,1,45000000
2,1,5,6500000
4,4,10,41000000
4,4,14,17500000
4,7,4.5,10000000
5,4,4,8500000
1,1,2.5,2500000
2,1,3,3200000
3,4,3,6500000
6,5,10,38500000
4,4,3,5500000
1,1,2,2500000
5,3,5,15500000
6,5,10.7,21500000
5,5,10,21000000
4,3,3,6000000
3,2,7.8,170000000
5,5,1,37500000
2,2,2,3399000
3,4,5,12500000
3,4,1,36000000
3,3,5,15500000
3,3,5,15500000
6,5,10,24000000
6,5,10,24500000
2,2,10,15000000
4,4,5,12500000
0,0,12,80000000
0,0,7,17500000
0,0,17,33500000
6,5,1,32500000
6,5,1,45000000
6,5,8,14000000
1,1,2.3,5500000
0,5,17,40500000
6,4,10,18500000
5,6,9.6,31500000
0,0,1.2,120000000
0,0,11.5,35000000
7,6,1,115000000
5,5,1,86000000
5,5,18.6,41000000
2,2,4.8,6700000
5,4,7.3,17000000
2,2,3.9,5500000
4,4,12,59900000
5,4,4.8,16000000
6,6,1,115000000
6,6,1,85000000
2,4,7.1,16000000
3,3,4.9,5400000
3,2,3.3,5000000
2,2,3.3,3000000
4,0,6.4,9500000
3,4,8,21000000
2,2,3.2,3800000
5,5,6,18500000
4,4,1.2,60000000
3,3,5.8,6800000
2,2,2.5,4300000
3,5,6.4,12000000
3,3,4.8,7000000
3,3,4.8,7000000
4,4,8.9,23000000
0,0,4.8,9000000
2,2,4,6500000
2,2,4.2,5500000
3,3,5.3,10000000
3,3,5.8,8400000
2,2,4.8,7000000
8,11,5.6,25500000
2,2,4,5000000
4,4,4.8,8500000
0,0,4.7,9000000
0,0,4,3000000
2,2,4,8000000
2,2,4.4,7200000
3,3,8.9,41000000
2,2,4,15000000
3,3,8,21000000
3,3,11,39000000
0,2,4.4,13000000
4,4,10.6,50000000
3,5,5.6,7500000
2,2,2.7,5700000
2,2,4,4800000
5,4,1,70000000
5,5,1,82500000
4,3,4,38500000
4,4,2.4,5650000
3,3,6.7,17000000
0,0,1,135000000
3,3,6.2,25000000
0,0,14.5,150000000
6,9,4,11500000
6,5,1,129900000
6,6,1.2,180000000
0,0,6.7,25000000
2,2,4.4,8000000
3,3,9.6,22500000
4,4,4.8,46000000
5,4,1,85000000
0,0,4,4500000
4,4,1,60000000
5,5,1,140000000
2,2,4.8,12000000
4,2,6,9000000
8,8,1.2,160000000
2,3,3.1,5100000
4,2,6,9000000
3,3,5.4,15000000
2,2,3.2,2800000
5,4,4.8,9500000
1,2,3.6,3500000
3,3,7.2,12000000
2,2,3.3,5800000
0,0,3.2,7000000
1,3,4.3,9850000
3,3,5.3,8000000
6,4,4.8,14500000
3,3,13.2,27000000
7,5,1,95000000
6,6,2,350000
5,4,1.2,260000
6,6,1,350000
4,3,8.9,100000
5,4,1,250000
6,5,1,310000
9,7,2,400000
3,2,4.8,18000
3,3,9.6,45000
3,3,1,170000
8,7,17,250000
3,3,9.6,50000
2,3,2.7,17000
5,5,14,149000
3,3,1,130000
4,4,9.3,110000
3,2,1,95000
2,3,5.3,29000
2,2,4.8,20000
2,2,4.8,25000
2,2,4.9,43000
0,0,9.6,40000
3,3,10.2,80000
2,2,4.2,20000
3,2,4.8,30000
4,4,1,135000
3,3,1.2,80000
2,2,4.9,55000
6,6,1,300000
5,4,14,85000
0,0,3.3,15000
8,8,16,45000000
5,4,4.8,11000000
3,3,6.7,35000000
10,10,2,240000000
6,6,16,26500000
6,6,4.8,13000000
0,0,6.2,8500000
10,8,16,75000000
3,3,7.6,22500000
0,0,12,65000000
3,3,8,9500000
0,0,12,12500000
7,7,2.5,30000000
5,5,8,24500000
2,2,3.6,6500000
2,2,2.7,2700000
2,3,2.5,3800000
7,9,1.6,35000000
2,2,4,7500000
4,4,7,14000000
4,4,7,14000000
4,4,6,12500000
6,4,6,13500000
6,6,14.2,26000000
0,0,14.2,25000000
6,5,7,14000000
6,5,7,14500000
6,8,8,9500000
6,6,6,11000000
9,6,1,45000000
3,2,6.4,2700000
2,4,2.5,5500000
0,0,3.2,260000000
2,2,3.6,4680000
2,2,5,10000000
2,3,6.1,14500000
0,4,12,12500000
6,9,10,16500000
2,2,3.1,5200000
5,5,1,140000000
4,3,13,13000000
0,1,2.2,2000000
8,6,8,16000000
5,6,10,22500000
3,3,1,20000000
5,6,5,9500000
6,5,14,52000000
2,2,4,8500000
3,2,6,4500000
2,3,11,28000000
2,3,11,20000000
4,3,11,25000000
3,3,6.7,4600000
6,5,1,42500000
1,1,2,3825000
3,2,1,34000
2,2,3.6,15000
2,2,3.6,15000
6,6,2.7,350000
5,4,20,230000
9,8,2,600000
6,5,1.3,300000
3,3,8,45000
10,10,4,900000
6,5,5,30000
2,2,5,20000
4,4,1,45000
1,1,2,25000
4,4,13.3,45000
8,6,1,260000
6,6,1.5,130000
6,8,2,240000
3,3,10,33000
0,0,10,35000
0,0,2,400000
1,1,10,20000
5,4,16,225000
1,1,5,10000
3,3,1,90000
2,2,5,22000
0,0,3,5500000
0,0,3,5550000
2,3,5,7900000
5,5,15.6,30000000
3,4,10,11000000
1,2,6,1400000
2,3,3,4200000
2,2,2,2400000
4,5,5,5000000
6,6,3.4,11500000
6,6,10,20000000
6,6,1,28000000
2,3,3,3200000
5,5,12,27000000
6,5,7,13900000
6,5,7,11500000
5,3,10,10500000
4,4,5,7500000
2,2,7.1,9000000
5,5,7,14000000
4,4,5,8000000
4,5,14,25000000
4,6,5,22000000
3,2,6,5600000
2,2,9.8,18000000
2,2,3,3400000
0,0,2.7,5000000
5,6,1,33000000
2,3,10,12000000
2,2,4.5,3000000
6,5,10,24000000
6,5,7,14000000
3,4,4.5,9800000
3,2,5,4000000
0,0,7,15000000
2,2,5,2400000
6,6,1,58000000
3,4,7,12000000
1,2,5,2300000
6,6,10,22500000
0,0,18,25000
2,2,4,18000
2,3,7,16000
2,3,7,26000
3,3,8,42000
1,1,7,5500
6,6,12,60000
2,2,3,12000
0,0,9,20400000
4,3,5,21000000
6,5,10,20000000
4,3,3.5,7200000
5,5,5,11500000
6,5,1,45000000
3,3,3,4500000
3,4,3,6500000
6,5,1,42500000
3,2,5,8000000
7,6,5,10000000
4,3,5,12000000
2,3,5,8500000
5,4,10,17500000
6,5,10,25000000
6,5,10,24500000
6,5,1,50000000
0,0,1.1,60000000
2,1,3,3400000
6,5,5,14800000
5,5,1,58000000
4,4,5,9900000
4,4,10,22500000
4,5,5,10500000
5,4,10,30000000
2,4,5,6000000
8,7,1,34000000
5,4,10,25500000
0,0,10,24500000
5,5,10,22000000
6,6,10,22500000
5,5,10,18500000
3,3,10,18500000
7,5,1,61000000
0,5,12,23500000
2,3,3,5500000
5,4,1,40000000
6,5,2,135000000
4,3,5,12500000
7,6,2,165000000
3,3,7.1,28000000
3,2,4.8,7200000
2,2,4.2,5600000
2,2,4.8,8300000
3,3,6,17000000
0,5,6,17000000
3,3,6.4,10000000
3,5,8,15000000
4,3,7.1,22500000
1,3,1.6,3000000
4,6,3.2,16000000
4,3,7.3,21000000
3,2,3.2,7000000
3,6,5.8,9100000
3,3,8,18500000
6,6,9.6,26000000
2,3,4.8,5500000
0,0,4,30000000
6,8,1,92500000
6,6,4.8,24000000
9,7,16,75000000
5,4,8,15500000
2,1,2.4,2500000
7,7,16,46500000
4,3,18,27500000
5,4,1,95000000
3,3,6.9,11500000
3,3,4.8,7200000
3,3,6.3,12000000
3,3,10.2,40000000
2,2,5,13500000
1,2,2,2200000
8,7,1,80000000
2,2,3.3,4000000
7,4,5,9000000
6,6,1,120000000
5,5,3.4,4500000
3,3,6,6500000
3,3,4.4,6900000
4,3,8.4,35000000
4,3,8.4,43500000
6,6,1,76000000
2,3,2.6,4500000
2,2,4.8,7800000
0,0,4.2,9000000
2,2,5.3,6500000
2,2,2.1,3800000
2,2,2.8,3300000
7,6,1,135000000
1,1,2,6600000
2,2,5.8,11000000
4,6,2.2,260000000
6,5,14,85000000
2,3,4.4,5000000
3,3,7.6,90000
5,4,8.9,120000
6,4,1,250000
0,0,6.7,50000
0,0,8,100000
0,3,5.3,55000
6,6,1,280000
3,3,4.8,29500
2,1,1.1,13500
6,6,9.6,60000
6,6,1.2,450000
2,2,4.7,22000
3,3,12,48000
3,3,1.2,79000
2,2,4.8,22000
3,3,9.6,48000
3,3,4.9,20000
2,2,3.6,20000
4,3,8,75000
2,2,4.9,30000
3,3,9.6,48000
4,4,1,140000
3,3,8.1,50000
3,3,16,60000
2,2,1,70000
2,2,1,65000
0,0,3.3,15000
4,3,8,90000
5,5,1,350000
4,4,5,8500000
6,5,9,15000000
3,3,8,7000000
2,2,6.7,45000000
6,5,12,25000000
2,2,5,3400000
7,6,1,44500000
2,2,6.2,14000000
3,3,10.3,25000000
0,6,6,13500000
9,6,1,45000000
4,3,4.4,15800000
10,11,3,160000000
5,5,1.3,130000000
3,2,5,6200000
7,5,8,14500000
3,4,13,13000000
1,1,2.7,2600000
1,1,2.7,2800000
8,8,1,130000000
6,6,2,140000000
0,0,4.7,9000000
0,0,1,35000000
2,2,3.6,4600000
2,3,3,4200000
0,9,5.6,11800000
6,6,8,9500000
3,4,11,9500000
0,0,2.8,4500000
1,2,6.7,20000
1,1,12,15000
0,0,3,8000
5,4,7,52000
3,3,14,40000
3,3,1,95000
0,0,4,18000
3,3,14.2,35000
1,2,4,25000
4,3,1,70000
3,3,14,40000
7,7,14,95000
3,3,14,40000
1,1,2,30000
6,6,2,500000
3,3,18,350000
0,0,1,150000
6,6,1,120000
0,3,1,70000
4,3,5,13000000
4,3,5,12700000
0,0,10,13500000
0,0,5,10000000
10,10,2,72500000
5,4,10,17000000
4,7,10,22500000
6,6,10,24000000
2,3,2.5,4000000
5,4,3,6500000
7,7,2,100000000
6,3,5,4200000
3,2,5,8500000
5,4,7,18500000
0,4,7,17000000
4,3,2.5,3800000
1,2,2.5,7000000
3,7,12,17500000
1,2,3.5,3000000
3,2,7,6000000
3,2,6,5600000
4,5,5,11000000
1,2,3,3100000
4,5,1.8,6000000
5,4,8,10000000
7,6,10,33000000
7,6,1,32000000
8,7,10,25000000
6,5,10,19000000
4,5,7,10000000
5,4,7,18000000
4,5,5,10500000
6,5,10,19500000
6,5,10,19500000
5,4,7.3,13000000
4,3,5.5,10500000
0,0,4.5,9000000
7,11,5,11000000
2,2,4.7,4500000
4,3,8,9800000
4,5,1.8,6000000
1,1,1,13000
0,0,3,22000
0,0,5,38000
0,0,5,35000
5,4,7,47000
5,5,6,26000
4,3,12,70000
1,2,3,60000
3,3,8,75000
6,7,1,58500000
6,5,1,58500000
4,4,10,21000000
6,5,1,72500000
6,5,1,33500000
6,5,1,48500000
4,4,10,17000000
6,5,10,23000000
5,5,10,16000000
7,7,10,21000000
5,4,1,46000000
0,0,5,5349000
6,5,1,59000000
6,5,10,19500000
2,3,2,2500000
4,2,11,15000000
2,2,4,2150000
6,5,1.1,55000000
3,3,3,6500000
4,3,5,14500000
7,5,1,37500000
4,4,5,9500000
4,4,10,18500000
5,5,10,20000000
2,3,8,7500000
5,4,10,27500000
2,2,2.7,5800000
2,2,4,4800000
0,0,3.6,3300000
10,11,9.6,45000000
6,6,17.4,45000000
6,5,4.8,16800000
5,4,4,40000000
1,2,4.9,7000000
6,6,16,55500000
2,2,4.4,7900000
5,4,14,104000000
7,6,1,110000000
2,2,3.8,6500000
7,6,1,107500000
5,4,12,28000000
1,3,4,4900000
2,2,5.4,12500000
0,0,1,125000000
6,6,2,290000000
5,5,16,32500000
2,2,4.8,6800000
6,6,2,165000000
2,2,4.8,8500000
2,2,3.2,7500000
4,4,6,57500000
4,4,8,60000000
7,7,2,145000000
5,5,9.9,65000000
0,3,6.7,20000000
0,3,6.7,20000000
2,2,4.4,6000000
2,2,4.4,6000000
3,3,8.6,9900000
6,6,2,170000000
3,3,6.7,6300000
0,0,8,16500000
0,0,8,18000000
0,0,6.1,12000000
0,0,6.1,11000000
3,3,5,6642000
6,6,8.8,40000000
4,4,11,9005000
3,3,10.2,49000000
5,5,13.3,60000000
3,3,4,12500000
2,2,7.4,23000000
5,5,11.6,45000000
3,3,8,52500000
5,5,11.6,60000000
4,4,11.6,50000000
4,4,8.9,47500000
4,4,1,110000000
2,3,2.2,2800000
2,2,3.8,5000000
6,6,1,74000000
0,0,1,75000000
6,8,4.8,13200000
2,2,4,4750000
3,3,7.6,16000000
5,4,12,28000000
2,2,3.3,2700000
2,4,4.4,11000000
5,4,1,110000000
4,4,10,15300000
2,4,2.4,2650000
4,5,10,15300000
4,3,8,22500000
4,5,9,15300000
4,3,9,13500000
0,0,5.6,7000000
2,2,4.8,20000000
5,5,4.8,15000000
2,2,2.9,2900000
4,4,4.8,17000000
4,4,4.8,20000000
4,4,4.8,16000000
4,4,4.8,15000000
4,4,16,88500000
0,0,0.5,10000
2,2,4,38000
3,3,5.8,42000
3,3,7.1,55000
4,3,7.1,50000
6,5,1,300000
5,4,11.1,100000
4,4,8,60000
2,2,10,49000
4,4,9.6,85000
4,3,10.2,85000
2,2,4.8,25000
4,3,8.9,80000
6,6,1,285000
3,3,1,160000
2,1,1,70000
5,5,10,250000
4,4,11.6,165000
3,2,1,100000
7,6,4,1250000
7,5,2.2,450000
2,2,16,32000
3,3,1,115000
2,3,6,45000
4,4,1.2,235000
2,2,4.8,30000
0,3,6.7,65000
3,3,4.8,25000
3,3,5,14500000
0,2,3.9,4000000
0,3,5.4,6000000
0,2,3.2,2500000
0,3,4.5,4000000
0,2,3.2,2500000
0,1,2.5,1500000
3,3,5,14000000
0,0,5,12200000
6,6,6.7,16000000
2,2,6,5535000
6,5,1,80000000
5,5,1,56000000
0,0,2.5,2700000
6,6,7.5,13500000
2,2,2.9,3200000
2,2,7,2950000
6,4,5,11000000
3,3,5,4200000
0,0,4.7,9000000
0,3,4.4,14000000
0,3,4.4,12500000
0,6,1,50000000
6,5,8,14500000
6,5,8,32000000
2,2,5,3550000
3,3,6,13000000
1,1,1.7,2800000
5,4,1,29000000
3,2,5.6,18000
0,0,1.1,500000
1,1,0.4,12000
10,8,1,350000
2,2,3.1,24000
0,5,7,55000
0,0,1.5,10000
3,3,1,46000
7,6,1,89000
4,3,1,32000
6,6,1,250000
6,6,1,450000
3,2,5,18500
3,3,5,15000
6,6,1,60000
1,1,4.2,130000
1,1,4.2,125000
3,2,5,22000
3,2,7,22000
3,3,1,80000
6,5,1,50000000
3,4,4,5500000
5,3,5,8500000
1,1,1.8,3200000
1,2,3.1,2900000
5,5,10,22500000
6,5,10,18500000
2,2,4.5,7500000
2,4,3,4500000
2,2,2.5,3800000
2,3,3.7,5000000
4,4,5.5,10000000
5,4,7,17500000
4,3,4,6400000
2,3,2.5,6100000
6,5,2,135000000
5,5,5,11000000
5,5,4.5,9000000
5,4,10,16500000
6,6,1.1,55000000
6,5,1,50000000
2,2,3.5,5200000
3,3,5,13500000
2,2,16,65000000
4,4,10,16200000
4,3,5,10800000
4,3,5,11000000
4,3,5,12700000
5,4,15,27000000
5,4,1,27500000
4,4,6,7200000
4,4,5,9500000
5,5,7,20000000
7,6,2,84500000
6,7,2,100000000
3,3,12,15000000
3,3,2.5,3400000
4,4,1,60000000
4,3,5,8500000
0,0,6,15000000
4,3,5,7500000
2,1,5,5500000
0,3,5,10000000
0,0,5,10000000
0,0,5,10000000
0,0,5,10000000
0,0,5,10000000
0,0,5,10000000
0,3,5,10000000
2,6,5.6,8000000
5,5,5,5556000
2,2,3,4000000
4,4,10,25000000
2,2,4.2,4500000
1,2,5,4600000
4,2,6,3500000
2,3,7,6000000
0,0,10,19500000
3,3,10,8500000
4,4,7,13500000
5,5,7,14500000
2,4,2,4000000
6,7,10,15500000
3,3,4,3500000
6,0,10,24000000
9,7,10,23500000
1,4,4.5,4000000
6,5,1.9,100000000
2,3,2.8,2700000
4,3,7,11000000
2,3,1.7,3000000
2,3,2,2800000
2,3,2,2800000
0,0,7,15500000
4,5,7,12000000
4,5,10,16000000
4,5,10,40000000
2,3,2,2800000
4,4,10,110000
3,4,13.3,35000
0,0,8.9,35000
0,0,1.1,45000
4,5,13.3,70000
6,8,17.8,100000
4,4,1,90000
0,0,6,27000
3,3,8.9,25000
1,1,3.3,16000
4,5,5,25000
1,1,1.5,10000
3,3,15,58000
1,1,2.7,16000
6,5,2,119000000
7,6,2,127500000
6,5,2,79000000
3,3,3,7000000
3,3,3,6750000
7,6,2,125000000
6,5,8,17500000
6,5,1,45000000
4,5,9,16500000
4,3,5,4000000
3,3,5,12000000
0,0,2,125000000
6,5,2,185000000
6,5,1,45000000
6,5,1,80000000
5,5,5,13000000
6,5,1,42000000
5,5,1,102500000
2,2,2,5200000
0,3,6.4,17500000
3,3,8,9500000
4,3,4.8,7000000
4,4,4.8,9800000
2,2,2.9,3800000
2,2,2.9,3400000
5,4,4.8,13500000
6,6,9.6,34000000
3,3,7.8,24000000
3,7,8,23000000
2,2,4,5000000
5,5,14,120000000
6,5,1,63000000
4,4,6,6
5,4,12,26500000
5,5,16,89900000
0,0,4,400000000
2,2,4,8500000
6,7,2,305000000
4,4,1,87500000
5,3,10.7,35000000
2,2,3.8,5000000
4,4,9,13500000
0,2,2.4,6500000
2,2,4,7500000
3,3,6.4,13000000
3,3,6,7000000
2,2,4.8,7500000
0,0,1.6,4400000
2,2,4.4,8500000
2,2,3.4,5800000
6,7,6.8,40000000
8,7,4.8,9000000
3,2,3.2,4200000
4,3,10.7,26500000
3,2,3.2,5500000
3,3,4.8,6850000
2,3,2.9,3800000
4,3,16.4,9000000
5,5,9.6,52500000
1,2,2.2,2600000
4,4,4.8,9000000
3,3,7.1,17000000
3,3,16,9000000
2,2,5.8,6650000
4,4,4.8,13000000
5,6,12.6,23000000
2,1,2.4,6500000
0,0,9.6,17500000
1,1,2.4,5000000
6,6,12.5,57500000
2,2,3.2,3500000
4,3,11.6,31500000
4,4,12,38000000
5,5,1,67000000
3,3,5.3,6900000
0,0,4.8,9000000
7,6,8,20000000
10,11,12,55000000
4,4,2.4,8700000
3,3,6.4,9500000
4,4,11.1,47500000
4,4,12,60000000
2,2,5.3,21500000
6,8,8.8,21500000
2,2,2.7,3500000
8,7,1.3,35000000
4,5,4.8,14000000
8,7,4.8,16500000
7,6,1,500000
3,2,3.3,30000
3,3,1,125000
0,0,4.8,30000
10,4,10.7,155000
5,4,1.3,350000
2,2,4,24000
2,2,4.8,22000
2,2,4,20000
5,4,12,150000
5,3,1,175000
3,3,7.6,65000
4,3,1.6,125000
0,0,5.3,38000
2,2,4.2,26000
1,1,1.8,17000
3,3,6,20000
3,3,4.7,19500
3,3,6,22000
3,3,6,22000
2,2,4.8,25000
5,4,12,45000
3,3,9.8,40000
3,3,7.1,35000
3,3,16,50000
2,3,5.8,28000
3,3,5.1,32000
3,3,8,30000
3,3,6.7,40000
2,2,4,25000
3,3,5.3,60000
2,2,3.6,16000
3,3,5.3,60000
3,3,7.6,38000
3,3,8.8,38000
4,3,10.2,50000
3,3,1,130000
1,2,4.8,18000
2,3,4.8,25000
9,9,1.2,590000
5,4,16,140000
4,4,12,100000
2,2,3.3,17000
4,4,12,145000
4,4,12,145000
0,0,5,26500000
1,1,3.7,4000000
2,2,5.5,8500000
3,3,8.5,10000000
6,6,1,40000000
3,3,5,8500000
4,4,10.1,15000000
6,6,1,28500000
4,4,9.3,16500000
6,6,14.2,25000000
7,5,5,6500000
4,4,7,11000000
2,2,4.7,9000000
0,0,5.3,8500000
1,1,3.1,3600000
7,5,7,14000000
2,2,4.6,10000000
6,5,8,15000000
4,5,10,11500000
3,2,3.5,3500000
5,5,5.8,11500000
6,8,1.3,95000000
0,0,6,13400000
5,4,5,5800000
5,4,5,12800000
3,3,6.7,6000000
0,0,1.3,140000000
2,2,4,40000
6,6,1,125000
4,3,1,70000
6,5,1.3,180000
3,3,12.4,75000
4,4,10,85000
2,2,1,80000
2,2,1.2,80000
3,3,1.2,90000
5,5,1.2,170000
6,6,2,500000
6,10,2,400000
0,0,1,100000
10,0,5.5,22000
4,3,1,140000
3,2,5.6,18000
5,4,16.9,160000
2,2,7.1,45000
0,0,5,16000
3,3,1,45000
4,4,1,50000
6,6,1,230000
1,1,1.7,21000
4,4,14,140000
4,3,1,110000
6,5,3.6,600000
10,7,1,180000
2,2,9.1,280000
3,3,10,165000
1,1,5.7,15000
3,3,10,50000
3,3,6,10000000
2,3,5,7500000
5,4,10,39000000
6,5,2,155000000
6,5,1.2,68500000
10,11,1.3,125000000
5,4,10,22500000
3,3,3,5000000
6,5,1,42500000
0,0,10,40000000
8,7,2,85000000
4,4,3,6500000
4,3,5,11000000
4,3,5,11700000
1,2,2.5,2000000
2,2,3.2,4800000
5,4,11,21000000
4,3,4,7000000
5,4,10,20500000
0,0,10,22500000
3,4,3.6,9500000
4,3,5,12000000
6,5,1,60200000
1,2,2.5,2200000
5,4,5,11800000
3,4,5,10500000
4,4,5,12000000
3,3,6,11500000
6,5,2,140000000
4,3,10,21000000
3,6,4.5,6600000
3,3,2.1,80000000
4,3,3,5500000
5,4,5,8000000
5,4,5,8500000
6,7,10,29500000
4,3,5,10700000
6,5,10,25000000
2,3,2.5,4200000
3,3,5,11700000
5,5,5,11000000
3,3,5,11500000
6,5,1,55000000
7,5,1,45000000
5,4,12,22500000
2,2,2.5,2650000
0,0,1,19500000
5,5,5,9800000
5,4,5.6,9900000
4,3,5,12900000
3,3,3,6950000
0,0,1,44000000
6,5,1,45000000
2,2,2.7,2900000
0,0,9,18500000
3,0,5,9500000
4,4,4,6500000
3,3,4,8000000
5,4,10,17500000
5,5,10,22000000
6,5,7,21500000
3,1,5,4000000
3,5,3,5750000
7,5,8,14500000
4,6,5,5500000
0,0,10,11000000
4,4,10,25000000
5,5,1,40000000
4,4,5,13000000
6,4,7.4,10500000
3,2,5,3500000
4,4,5.5,10000000
0,0,5,6700000
2,3,4,3500000
5,4,10,22000000
6,6,1.1,42500000
6,6,1.1,42500000
6,6,8,40000000
0,0,6,12500000
1,1,2.2,3700000
2,2,8.9,18500000
5,5,12,30000000
8,7,1,29500000
5,5,12,16500000
5,5,12,16500000
5,5,9,35000000
5,5,10,16000000
0,0,1.5,35000000
8,7,10,36000000
4,3,5,9700000
4,8,5,9800000
0,0,1.8,3000000
4,3,6,10500000
6,5,7,14500000
2,2,7.5,4400000
6,5,10,12000000
7,5,10,20000000
3,2,6.2,16000
4,3,9,23000
3,3,5,47000
6,6,1,120000
3,3,15,45000
2,2,4.9,48000
1,1,2.2,28000
6,5,10,68000
3,3,8,48000
4,4,2.5,25000
2,3,2,4200000
0,0,5,11000000
4,4,10,22500000
2,3,2,2700000
0,0,3.5,8500000
3,3,5,15500000
3,3,5,15500000
7,6,2,107500000
3,3,5,11500000
6,5,1,58000000
6,5,1,29000000
4,4,10,25000000
6,5,1,44000000
6,5,1,53500000
3,3,18,19000000
3,3,6,10000000
2,2,5,2500000
4,3,5,12000000
4,3,4,7000000
0,0,16,150000000
4,4,5,12000000
0,0,10,15000000
3,2,3.6,3200000
3,3,5.8,12000000
0,2,2.4,3800000
5,4,12,62500000
2,2,2.6,2500000
3,3,7,21500000
4,4,9.8,28000000
4,4,1,75000000
5,5,1,85000000
6,6,9.6,35000000
5,5,1,8
5,5,1,105000000
3,2,3.2,6800000
4,4,6.9,18500000
4,4,4.8,16000000
0,0,10,34000000
3,3,9.6,22500000
3,3,4.9,6600000
7,8,8,23000000
2,3,3.2,3000000
10,8,4.8,19900000
4,4,3.2,8800000
7,8,16,33000000
4,3,9.6,25000000
5,4,12,61000000
6,4,12,50000000
0,0,12,40000000
2,2,5.8,9500000
3,3,8.1,41000000
0,2,4.4,9000000
0,2,3.8,5000000
0,2,5.6,5000000
8,7,2,210000000
6,5,12,70000000
4,4,2.4,5700000
6,6,4.8,17500000
6,6,2,150000000
3,3,6.4,9800000
6,6,1,112500000
5,5,3.4,6200000
5,5,12,93500000
6,6,9.6,27500000
5,5,1,135000000
3,4,8,21000000
4,3,12,49500000
7,6,4.8,14000000
2,3,4.8,9700000
2,2,3.2,10000000
4,3,16,30000000
2,2,3.8,6500000
3,2,8,30000
3,3,4.8,25000
2,2,4.4,34000
7,6,1.3,260000
3,3,6.1,40000
0,4,12,145000
4,4,1.5,110000
4,4,1.1,150000
2,2,4.8,28000
2,2,5.3,45000
3,2,4.8,28000
2,2,4.7,55000
0,2,4.8,20000
0,2,4.8,21000
0,2,4.8,23000
0,4,4.8,35000
0,2,4.8,22000
2,2,2,26000
3,3,9.6,75000
2,2,7.9,30000
2,2,4.2,20000
3,3,8,60000
4,3,8,80000
3,3,6.7,50000
3,3,8.9,110000
0,7,1,52500000
3,3,1.2,75000000
0,0,20,230000000
8,7,1,44000000
5,5,5,7500000
7,6,2.1,55000000
4,5,10,11500000
2,2,12.2,18500000
8,8,1,100000000
4,4,17.8,49000000
0,9,1.2,92500000
0,0,1.1,77500000
7,4,8,15000000
5,5,1.1,95000000
4,3,5,9900000
3,3,7.3,11500000
7,4,8,13000000
5,4,8,12800000
6,6,1.1,162500000
2,2,5.3,7000000
7,5,8,14500000
7,6,10,32000000
2,2,3.6,3800000
3,3,8,8000000
3,3,1,80000
3,3,1,80000
1,1,1.8,20000
0,0,5,38000
10,10,3,750000
2,2,4,32000
3,3,5,19000
1,1,2.2,17000
1,1,2,18000
2,2,3.3,23000
1,1,1.8,17000
4,4,1,100000
4,3,16,65000
2,2,8,85000
0,1,3.6,50000
8,7,1,450000
3,2,4,15000
0,0,8,35000
3,3,8,33000
0,3,10,36000
2,2,6,14000
2,2,5,15000
2,3,6,20000
2,2,5.6,55000
3,4,12.4,80000
6,5,1,43000000
6,5,1,54000000
6,5,1,39000000
6,5,1,39000000
6,5,1,41000000
7,6,2,105000000
6,6,10,28500000
6,5,1,47500000
6,5,1,59000000
6,5,1,43500000
2,4,2,6200000
6,5,1,47500000
6,5,1,42500000
6,6,14,26000000
8,7,1,39500000
0,0,1,60000000
4,3,5,10200000
0,0,10,32000000
6,5,1,55000000
0,0,5,6000000
2,2,5,3000000
2,3,3,3455000
2,2,5,3000000
3,6,5,9500000
2,2,5,4000000
2,2,5,3000000
3,3,2.2,5500000
6,5,1,65000000
2,2,2,3650000
2,2,2.7,3650000
2,2,5,4600000
3,3,5,8000000
3,2,2,55500000
5,5,10,17000000
5,5,1,65000000
3,4,3,6300000
0,5,12,18500000
5,5,8,14500000
5,5,2,112500000
3,3,10,12500000
3,3,10,11000000
6,5,15,40000000
8,5,15,42500000
6,4,10,20000000
5,4,11,31000000
0,0,5,8500000
6,5,7,17000000
6,5,10,22000000
4,4,4,7095000
3,4,10,10000000
3,2,5,4400000
0,1,3.6,7500000
3,3,7,7200000
3,2,5,6000000
3,3,8,11000000
6,4,10,33000
0,0,10,50000
0,0,5,35000
0,0,5,32000
0,0,10,45000
0,0,10,50000
0,0,10,45000
0,0,5,35000
0,0,5,30000
0,0,5,32000
0,0,10,55000
0,0,10,50000
0,0,5,35000
0,0,5,36000
0,0,5,30000
0,0,10,55000
0,0,5,35000
0,0,5,32000
0,0,10,55000
0,0,10,50000
0,0,5,40000
2,6,10,17000
0,0,5,35000
0,0,2.5,100000
0,0,3,22000
0,0,5,38000
0,0,5,35000
2,2,4,50000
4,3,5.5,30000
4,4,10,60000
0,2,2.9,20000
0,1,1.6,15000
0,1,1.6,15000
0,2,5,23000
0,2,5,24000
0,2,5,25000
0,2,5,18000
0,2,10,35000
2,2,5,25000
3,3,8,45000
3,3,5,13000000
0,0,9,17500000
4,3,10,18500000
3,3,3,5500000
5,3,5,15000000
0,0,2,80000000
3,3,3,4500000
3,3,3,4500000
5,5,1.1,51000000
4,4,10,39000000
4,4,10,25000000
0,0,2.9,3500000
5,5,8.6,26500000
6,5,1,67500000
4,4,1,110000000
2,4,3.4,3500000
3,3,4.3,5900000
0,3,5.6,7000000
0,6,13.5,39000000
0,6,12,45000000
0,6,9.3,28000000
6,6,1,112500000
6,6,1,112500000
2,2,3.3,3800000
3,3,4.8,8300000
6,6,1,110000000
3,3,8,23000000
3,3,7.1,13000000
4,4,8.9,20000000
4,4,8.9,25000000
6,5,5,21000000
7,6,2,145000000
2,2,4.4,4500000
0,9,3.2,6500000
4,4,1,57000000
4,5,16,38000000
1,1,2.2,1400000
0,0,8.2,13000000
8,8,9.6,36500000
3,3,10.7,19000000
10,9,1,150000000
0,3,6.6,12500000
4,4,4.4,15000000
10,10,1.2,90000000
2,3,4.9,4800000
6,11,4.8,9000000
6,8,5.3,18000000
8,7,4,420000000
0,0,3.1,6600000
1,2,2.6,2800000
3,2,4.8,4600000
4,3,10.8,8500000
7,7,6.2,20000000
3,3,11.1,19000000
2,2,3.3,6000000
0,0,2.4,7050000
5,6,3.2,7200000
3,3,6.7,12000000
2,2,4.2,4500000
3,3,8.9,16000000
0,0,4.8,22500000
2,2,4.2,7000000
3,2,3.6,4500000
0,2,4.2,12500000
0,3,8.9,9000000
0,4,9.3,9500000
3,4,10,45000000
4,5,16,15000000
2,2,4.8,8500000
3,3,16,23500000
5,4,14,50000000
0,6,12,38000000
3,3,6.9,11500000
0,0,1.2,220000000
0,0,9.3,30500000
0,0,9.3,30000000
4,4,12,17000000
0,0,10.6,30000000
0,0,17.6,52500000
3,3,6.9,12500000
3,3,6.9,17000000
2,2,4.9,8500000
6,6,10,42500000
0,8,4.8,21000000
0,6,8.8,22000000
0,4,6.8,25000000
0,6,3.2,10500000
0,4,4.8,20000000
3,3,5.2,6800000
0,2,4.8,6500000
3,3,1,62500000
3,3,5.8,20500000
7,6,2,300000000
0,0,6.7,20000000
0,0,6.7,20000000
0,0,1,110000000
3,3,1.4,100000000
0,0,5.3,7200000
3,4,4.8,5000000
7,6,9.6,26000000
2,2,4.2,8000000
2,2,3.1,18000
5,5,1,250000
0,6,1,340000
2,2,4.4,23000
3,3,4.2,32000
0,0,1.2,300000
3,3,6.7,30000
8,6,1.3,260000
3,3,5.1,55000
3,3,9.6,50000
2,2,2.9,15000
3,3,4.7,35000
3,3,6.4,37000
3,3,6,22000
0,0,4.8,32000
3,3,7.6,120000
2,2,3.6,25000
0,0,7.8,55000
3,3,7.8,70000
3,3,7.8,55000
5,4,2,375000
3,3,1,130000
6,6,1,245000
3,3,6.7,80000
4,3,8,95000
5,4,12.4,110000
0,3,1,120000
4,4,4.8,125000
0,0,3.6,40000
5,5,1,350000
3,3,6.2,42000
2,2,8,25000
3,3,8,50000
6,6,1,90000000
2,2,4,4800000
2,2,3.6,3800000
4,4,7,14000000
5,5,10,30000000
6,4,8,15000000
2,2,2.2,2300000
6,5,2.7,55000000
6,6,1,47500000
4,3,8,6550000
6,6,5,9000000
2,2,7.6,11500000
6,6,16,47500000
2,2,7.1,15600000
0,0,5,14500000
0,0,5,9000000
5,5,9.8,285000000
1,1,1.2,1750000
1,1,1.5,1850000
6,6,7,15000000
2,2,5,4200000
2,2,3.6,3500000
6,4,8,14500000
4,3,5,9900000
1,1,2.9,2500000
7,5,8,13000000
4,3,5,9500000
5,4,5,10400000
6,5,1.4,62500000
7,5,8,14500000
2,2,5,6200000
6,6,1,42500000
3,3,8,7000000
3,4,7,9500000
7,5,1,82500000
0,7,1.3,76500000
7,6,1,47500000
6,5,7,15000000
0,9,1.3,85000000
0,0,1.3,85000000
6,4,1,59000000
5,5,7,26000000
6,4,8,15400000
2,2,10,13000000
3,3,8,7500000
3,3,8,6000000
2,2,5,3500000
5,5,5,23500000
0,0,4,48000
2,3,5,17000
0,0,1,155000
3,3,1,75000
3,3,1.6,150000
4,4,12,120000
6,6,1.5,170000
2,2,5,42000
2,2,12,50000
2,2,7.6,50000
3,3,9.3,60000
5,5,9.3,130000
3,3,10,30000
3,3,10,50000
6,6,1,110000
4,5,1.3,65000
4,3,10,22000
4,4,1,100000
1,3,2,15000
6,6,1,100000
8,6,1,250000
4,3,1,40000
6,9,1,150000
1,1,2,10000
3,3,12,40000
6,6,1,110000
2,2,14.2,50000
3,2,10,30000
4,4,1,49000
9,7,1,180000
5,7,1,27500000
3,3,2.2,3800000
4,4,10,34000000
4,3,5,9500000
0,5,1,65000000
0,5,1,60000000
1,0,5,10000000
6,5,1,43000000
0,0,5,12000000
1,2,5,1990000
6,5,10,17500000
3,3,5,12500000
5,5,16,27000000
4,3,7,11500000
5,7,11,10000000
4,3,5,7800000
4,3,3,12000000
6,4,7.5,19000000
7,6,10,24500000
4,3,5,13000000
0,0,4,20000000
6,5,1,52500000
7,5,10,26000000
4,6,10,29000000
6,5,1,36000000
5,4,11,16500000
5,5,1,65500000
3,3,12,31500000
6,5,10,25500000
5,4,2,80000000
3,3,3,5000000
1,1,1,1600000
2,3,1,10500000
4,3,7,14000000
4,4,7.5,17500000
2,0,5,9200000
6,5,10,23000000
4,3,10,19000000
1,2,2.8,2500000
5,4,5,16000000
2,2,5,4000000
0,0,2,110300000
6,5,12,20000000
2,2,2,2850000
6,6,8,15500000
5,4,6.8,18500000
10,8,2.6,85000000
0,4,7,17000000
4,3,3,5500000
6,4,10,14000000
6,5,10,19000000
0,0,5,17500000
3,2,2.5,4500000
7,5,13,36000000
4,4,6,9900000
6,6,10,12000000
7,5,14,23000000
1,2,3,2600000
4,5,7,22500000
6,4,10,14000000
2,6,1.2,35000000
5,5,10,26000000
0,0,5,9000000
4,4,7,7500000
0,0,5,10000000
6,6,1.2,35000000
2,3,6,6500000
6,4,7,17000000
6,4,7,14000000
6,5,10,23000000
3,7,3,12000000
2,4,4,10000000
2,2,4,3500000
10,8,2.6,500000
4,3,5,32000
6,6,4.8,50000
2,2,10,45000
1,2,3,10000
4,4,6,40000
3,2,10,25000
6,6,1,125000
3,2,6,25000
2,3,3,18000
0,0,4,24000
5,3,12,70000
0,0,7,45000
4,3,15,35000
6,5,10,60000
5,5,1.1,47000
3,2,10,30000
6,8,9.6,37000000
3,4,5.9,8500000
3,3,9.6,37500000
3,3,15.6,17500000
3,3,5.3,12000000
0,2,2.1,5800000
2,2,2.2,2900000
0,0,7.3,22000000
2,2,4.4,5500000
3,3,8,37500000
4,3,1,72500000
3,3,5.1,5500000
6,6,12,60000000
0,0,4,38000000
0,0,4,38000000
3,3,8.6,14000000
6,8,16,36000000
6,6,9.3,42500000
3,3,5,6642000
2,3,3.3,6500000
6,6,9.3,45000000
5,10,1.2,70000000
5,4,4.8,14000000
2,2,1.9,6200000
5,4,12,60000000
2,2,4.2,16000000
3,3,5.1,15000000
3,3,8.1,16000000
2,3,4.4,3000000
3,3,5,16500000
4,4,9.6,20000000
2,2,2.4,1500000
6,5,1,30000000
2,2,3.8,4000000
5,5,14,102500000
3,2,8,17000000
4,4,8,27000000
3,2,6,6500000
2,2,2.9,1650000
6,5,1,81000000
2,2,3.1,3200000
2,2,9.6,14300000
2,2,4.8,9700000
6,5,1,87000000
4,6,3.2,8000000
5,6,3.2,8800000
9,7,5.8,16000000
3,3,4,32500000
2,2,4.2,9900000
5,4,16.7,75000000
6,5,4.8,12000000
6,5,1,65000000
2,2,2.5,3700000
2,2,4.4,6500000
3,3,5.6,15000000
6,6,9.6,32000000
2,2,4,7500000
3,3,9.6,19000000
2,2,2.7,3700000
2,2,2.4,2500000
5,4,1.2,130000000
2,2,3.6,5000000
3,3,9.6,17000000
3,2,4.2,5000000
3,4,9.8,19000000
4,4,6,16000000
6,5,4.8,12500000
2,3,5,7000000
3,6,3.6,30000000
0,0,3.3,3200000
3,3,8.9,31000000
2,4,4.8,5000000
3,2,4.2,33000
3,2,1,50000
3,2,1,40000
3,3,10.2,125000
0,2,3.4,50000
0,2,3.7,50000
2,1,18,13000
2,2,4.7,22000
2,2,4.4,36000
5,4,2,375000
2,2,3.2,24000
3,3,6,33000
4,3,7.8,80000
4,4,12,175000
3,3,7.8,47000
3,3,8.9,75000
3,3,8,60000
2,2,4.8,35000
2,2,9.6,31000
2,3,8.4,27000
3,3,1,170000
3,3,10,60000
3,3,6.4,28000
2,2,4,45000
3,3,2,150000
6,5,1,300000
3,3,7.1,35000
1,3,5.3,28000
3,3,4.8,23000
2,3,3.1,19000
3,3,9.6,45000
3,3,9.6,35000
3,2,7,7000000
6,4,5,7000000
6,6,10,17000000
2,2,9.3,12200000
5,5,5,9500000
6,5,10,30500000
2,2,4.1,3500000
1,1,1.5,2150000
6,4,6,13500000
2,2,5.6,7000000
5,3,5,7800000
3,3,6,6000000
1,1,1.2,1450000
2,2,10,12500000
5,5,8,34000000
2,2,5.5,6600000
6,5,5,65000000
1,1,3.7,6000000
1,1,3.8,6000000
6,4,5,9500000
2,2,5,5000000
6,5,10.2,42500000
6,6,1,15500000
3,5,7,25000000
4,4,12,6500000
5,4,4.3,14000000
2,4,10,35000000
2,2,4.1,5300000
0,3,6.7,4000000
2,3,4,3700000
3,3,7.8,12000000
5,5,4,9000000
4,4,5,9000000
0,0,2.7,2600000
1,1,2.8,7000000
4,4,6.7,22500000
8,7,1,47000000
5,4,8,13000000
4,4,8.9,16000000
4,3,5,5500000
6,6,16,66000000
2,2,6.4,45000
0,0,6.4,50000
3,3,1,50000
3,2,10,35000
3,3,7,23000
3,3,1,80000
6,4,1.1,65000
2,2,5,18000
4,4,4,55000
3,3,10,37000
3,3,13,45000
4,4,4,50000
3,3,10,50000
5,5,7,80000
3,3,7,33000
3,3,7,40000
3,3,7,36000
3,2,10,20000
3,3,7,36000
6,6,10,90000
3,3,1,80000
4,4,1,90000
3,3,7,29000
5,5,1.2,55000
3,3,16,60000
1,0,4,22000
0,3,1,45000
4,3,1,70000
5,4,4,50000
5,4,4,50000
5,4,4,55000
5,4,4,45000
3,3,12,60000
6,5,7,45000
3,3,10,30000
8,5,2,65000000
2,4,5,5500000
3,3,2,4500000
4,4,5,14500000
1,2,3,2250000
0,0,5,5500000
6,2,8.7,150000000
5,4,3,6000000
5,4,5,7000000
6,5,10,26500000
2,6,7,10500000
6,7,5,10000000
4,3,7,12400000
4,4,10,19500000
0,0,2,26000000
6,6,9,16000000
4,4,3,3200000
0,0,5,11600000
0,5,5,9800000
3,3,5,11500000
3,3,5,11700000
4,4,10,21500000
5,3,5,11800000
3,3,10,17500000
4,11,10,30000000
0,5,1,36500000
5,3,3,9500000
3,3,7,13500000
7,7,1,45000000
3,4,3,5500000
0,0,7,9500000
3,3,5,13000000
2,3,2,2800000
6,8,16,18500000
1,1,1.5,2200000
4,3,2.5,5200000
4,3,15,22500000
6,6,4,11000000
1,2,3,2050000
1,2,3,2000000
2,2,5.1,9715000
4,3,5,17500000
3,4,8,8000000
1,1,5.8,4200000
2,4,2.2,4900000
6,5,1.1,52500000
6,5,1,37500000
0,7,1,35500000
0,7,1,42500000
3,3,5,6500000
5,4,2,30000000
5,5,16,50000000
4,3,3,5950000
7,6,16,26000000
4,3,2.5,5200000
2,4,2.5,4000000
2,3,2,1500000
6,6,10,28000000
3,3,4,7500000
4,3,4,6700000
2,2,3,2500000
2,2,4,5500000
6,6,17.3,16000000
1,1,1.7,2550000
3,3,4,5800000
4,7,5,9000000
0,7,16,27000000
3,5,10,24500000
4,6,10,24500000
4,6,12,24500000
4,4,5,9000000
1,1,1.3,1700000
0,0,5,5000000
4,4,16,35000000
3,5,5,6500000
0,0,7,6600000
6,4,12,23500000
7,7,4,8000000
6,5,10,22500000
0,0,2,2700000
2,4,5,4300000
0,0,5,2500000
5,4,7,15000000
2,2,3.3,2200000
5,4,14,107500000
2,2,3.8,6840000
2,2,4,6500000
3,3,8,22000000
2,2,3.8,6840000
3,3,8.9,32500000
5,5,1,87500000
3,3,8,12200000
3,3,4.7,12000000
5,4,12,14000000
3,3,5.3,12500000
0,0,4,4800000
3,3,6.7,8000000
2,2,3.1,2700000
3,3,8,25000000
2,2,2,6500000
4,4,14,58000000
3,3,7.8,23500000
5,4,11.6,42500000
5,5,1,67500000
3,3,10.2,42500000
2,3,3.3,4000000
3,3,8,30000000
3,3,6,12500000
5,5,1,117500000
6,6,1.2,180000000
6,6,1.2,180000000
3,3,8,20000000
4,4,13.3,32500000
3,4,5.6,9000000
5,6,8,35000000
1,2,3.2,11100000
0,4,16,37500000
6,6,9.6,35000000
4,6,8.6,26500000
5,5,1,110000000
6,6,2,240000000
6,6,2,290000000
6,6,2,285000000
4,4,12,52500000
0,0,1.4,2000000
6,6,9.6,26000000
5,5,6,22500000
3,3,10,12500000
5,4,4.8,14000000
0,0,9.6,31000000
3,2,9.8,22500000
3,3,7.3,20000000
0,0,4.8,7500000
2,3,3.2,2000000
1,1,2,1600000
3,3,5.5,11500000
3,3,8,26500000
6,8,4.8,20000000
2,2,2.4,4500000
2,2,3,7500000
1,1,1.3,1000000
2,4,3.2,8500000
3,3,6.7,17400000
2,2,3.6,3300000
6,6,9.6,23500000
0,0,3.3,4500000
3,3,4.8,10000000
3,3,6.4,9500000
0,2,4.2,4400000
3,3,4.8,4000000
2,3,6,17500000
3,3,8,24500000
3,3,5.3,8500000
0,0,4.8,20000
3,3,9.6,47000
2,2,9.6,37000
2,2,5.3,45000
2,1,2,25000
3,2,4.7,45000
0,0,2.7,30000
0,0,7.6,65000
2,4,3.7,22000
3,2,4.8,27000
3,2,4.8,27000
2,2,4.8,30000
3,3,9.6,40000
0,4,8,25000
3,3,7.8,65000
2,2,4.4,41000
2,2,4.4,37000
2,2,4.4,46000
2,2,4.4,43000
2,2,4.4,38000
2,2,4.4,55000
2,2,4.4,60000
2,2,4.4,50000
2,2,4.4,40000
3,3,12,50000
5,5,12,230000
1,1,0.5,8000
2,2,6.6,30000
3,3,8,110000
5,5,4,90000
3,3,10.7,180000
0,5,2,500000
0,5,1,250000
0,3,11.6,110000
3,3,6.7,45000
3,3,12,65000
6,5,1,200000
3,2,4.8,30000
4,3,7.3,85000
3,3,10.2,50000
2,2,4.2,40000
3,3,9.6,26000
2,2,14,45000
2,2,2.7,18000
0,0,1.1,80000
0,0,1.1,80000
2,2,4.8,18000
5,5,1,250000
4,4,1,250000
5,5,1,250000
5,5,1,350000
6,6,1,250000
3,3,1,130000
5,5,1,300000
0,5,1,350000
3,3,7.8,55000
2,2,3.1,15000
8,6,2.7,500000
1,1,0.5,20000
2,3,8,35000
3,3,11.1,25000
3,3,6,18000
3,3,8.9,25000
3,3,12,65500
3,3,1,90000
1,1,3.1,20000
4,3,1,45000
4,3,1,57000
3,3,1,120000
2,2,8,55000
2,2,5,25000
2,2,5,25000
2,2,5,15000
6,5,1,95000
2,2,8.5,65000
3,3,4,7200000
8,6,1.8,43000000
4,4,10,28500000
5,5,1,50000000
5,5,10,27000000
2,2,5,3500000
6,5,1,45000000
2,2,5,5000000
6,4,5,13000000
2,3,2.5,3000000
5,4,10.9,29000000
8,7,1.1,35000000
5,4,5,16500000
0,0,14,39000000
5,4,10,24500000
4,5,6,11500000
3,3,7.6,14000000
4,4,5.5,16000000
3,2,7,10000000
6,6,12.4,56000000
4,4,8,16800000
8,7,1,47000000
6,6,14.2,60000000
6,5,4,7000000
6,6,10,17000000
9,9,11,55000000
6,6,10.1,16500000
4,4,4.4,7500000
0,0,5,12000000
0,0,1,25000000
0,0,1,25000000
3,2,5,6200000
3,2,5,6200000
3,2,5,6200000
3,2,5,6200000
3,2,5,6200000
7,5,8,14500000
7,5,8,13000000
3,2,5,8500000
2,2,2.5,10000
0,5,10,62000
3,3,10,25000
3,3,7,22000
2,2,2.7,25000
3,3,10,25000
4,3,5,15500000
4,3,5,15500000
6,5,15,42500000
5,4,10,14000000
5,4,5,7500000
4,3,3,5500000
4,3,3,5500000
4,3,3,5500000
4,3,3,5500000
6,5,13,27000000
5,4,5,9000000
5,4,5,8500000
4,3,4,6500000
5,4,5,8500000
5,4,5,8500000
5,4,5,7700000
5,4,5,8500000
6,5,8,12500000
3,3,5,11500000
3,3,5,11800000
3,3,5,11900000
3,3,5,11900000
3,3,5,12000000
3,3,5,12000000
3,3,5,12100000
3,3,5,12200000
3,3,5,12500000
3,3,5,12500000
3,3,5,12500000
3,3,5,12500000
3,3,5,12200000
6,6,1,35000000
5,5,7.5,16000000
0,0,1,45000000
4,4,3,7000000
4,5,10,19000000
7,9,4,9300000
6,5,1,47500000
6,5,1,60000000
6,5,1,52500000
6,5,1,38800000
6,5,1,45500000
5,5,10.1,33500000
5,5,1,33000000
7,6,2,70000000
6,5,10,20000000
10,10,2.2,120000000
5,5,2,100000000
6,6,1.1,29800000
7,6,1,33000000
2,2,2,2500000
2,5,7,8500000
3,3,5,5500000
6,5,1,34000000
6,5,2.1,62500000
3,5,2,10000000
3,3,3,7000000
5,4,18,23500000
0,4,10,30000000
0,0,6,720000000
0,0,1.5,160000000
0,4,10,40000000
5,5,1,70000000
0,0,5,8500000
3,3,3.5,11500000
6,5,1,31500000
7,5,5,15000000
10,10,1.3,100000000
4,3,3,5700000
4,4,10,22500000
0,0,1,15000000
0,0,1,17500000
4,4,5.5,10000000
3,2,3,3500000
2,2,1.5,2200000
4,4,10,15000000
0,3,5,7500000
0,1,5,5500000
6,6,10,19000000
5,3,11,23500000
7,7,12,26000000
7,7,12,21500000
4,6,7,28000000
7,6,12,22800000
4,5,7,13000000
4,3,12,22000000
1,2,5,4600000
6,5,7,13900000
0,0,12,23500000
7,6,12,23000000
2,3,3,3200000
0,0,10,10500000
2,2,4,3000000
6,5,1.2,35000000
8,6,12,22000000
6,5,10,23500000
2,2,4.5,5500000
6,5,12,23000000
3,5,5,8000000
6,8,2,50000000
6,6,10,14500000
6,5,7,13000000
6,6,10,14000000
6,5,10,17000000
3,4,4.8,7000000
6,6,9.5,38000000
2,2,4,9000000
8,7,9.3,47000000
6,6,16,41000000
6,6,10.2,40000000
3,3,5.6,6500000
3,2,3.6,4000000
4,3,8,12500000
3,3,5.3,9500000
0,0,1.2,75000000
3,3,11.1,50000000
2,2,4.7,7500000
2,2,3.8,6770000
2,3,4.4,4500000
3,2,5.3,7000000
3,2,5.3,7000000
3,3,7.6,20000000
3,2,4.8,9500000
3,2,5.3,7000000
3,3,10.7,35000000
4,4,4,11000000
0,2,4.2,4600000
7,8,16,40000000
6,5,9,53900000
4,4,2.4,5700000
6,5,1,125000000
0,0,4.2,4700000
2,2,4.7,6100000
2,2,4.8,4650000
2,2,4.8,7000000
3,3,3.8,5000000
3,3,11,29000000
3,2,5.3,8000000
3,2,5.1,6000000
2,2,3.3,5500000
2,2,3.6,7000000
2,2,3.6,7000000
2,2,2.9,5500000
2,2,2.7,5500000
2,2,2.7,5500000
6,5,6.4,48500000
2,2,3,3600000
3,3,6.4,35000000
4,5,8.6,28000000
2,2,4,5500000
3,3,7.3,26000000
0,3,7.1,15000000
2,2,6.6,11000000
0,0,1,112500000
6,7,18,57500000
3,3,7.3,10500000
2,2,2.9,5500000
5,5,17.1,65000000
5,5,1,68000000
7,6,2,270000000
4,3,6,60000000
3,3,9.3,45500000
4,4,4.8,40000000
3,3,6.2,35000
3,3,5.6,25000
4,4,10.7,85000
3,3,10.7,75000
4,4,14.2,210000
2,3,5.6,30000
2,2,4.4,35000
0,0,1.2,280000
2,2,4.8,22000
2,2,4.7,25000
0,2,2.2,30000
5,4,18.8,250000
3,3,5.3,42000
2,2,4.4,30000
2,2,4.4,23000
0,0,8,13000
5,4,7.8,60000
3,3,16,55000
5,3,16,50000
0,0,3.4,20000
2,2,2.9,16000
4,4,12,75000
3,3,7.8,65000
5,5,17.1,110000
5,5,1,110000
0,2,4,40000
3,3,9.6,90000
2,2,5.1,55000
2,2,4.7,70000
4,4,8.2,55000
3,3,1,80000
3,3,1,80000
3,3,1,50000
3,3,11.4,45000
2,2,10,27000
8,11,9,50000
2,2,7.8,55000
3,3,12,70000
3,3,10,28000
1,1,1.1,30000
5,6,7,110000
3,3,10,42000
4,3,9,45000
2,2,5,23000
3,3,10,35000
5,5,1,350000
3,3,1,80000
1,2,12,35000
3,3,1,85000
3,2,8,50000
0,3,1.2,120000
6,9,1,320000
4,4,12,27000
6,6,5,45000
3,3,5,25000
3,3,5,20000
5,5,1,100000
5,5,1,100000
6,6,1,250000
3,3,5.3,18000
5,4,1.2,85000
8,6,1,29000000
5,5,8,19200000
0,0,5,12000000
4,4,5,18500000
6,5,5,8500000
8,6,1,17500000
10,6,1,45000000
4,4,5,13000000
2,2,5,2400000
0,0,4,16500000
0,0,8,14000000
0,4,8,32500000
0,5,9.3,21000000
0,0,5,11500000
0,5,6.7,17500000
0,4,5.6,15000000
0,4,5.6,15500000
0,4,4.4,11500000
0,4,4.4,10000000
0,5,4.4,10000000
0,4,4.4,10000000
0,2,3.3,4842000
5,5,15,30000000
0,0,4,15000000
4,5,8,37500000
3,3,8.5,13000000
1,1,2.2,3200000
6,7,4,65000000
0,0,6,17500000
0,0,5,15000000
0,0,5,15500000
8,7,1,47000000
5,5,5,22500000
5,4,8,16500000
3,3,5,15500000
3,3,8,6000000
5,4,5,7800000
3,3,6.7,4600000
3,2,8.4,45000000
0,0,1.3,7000000
6,5,7,14000000
0,0,1,45000
3,2,8.7,45000
2,3,7,55000
2,1,5.6,28000
4,4,7.1,45000
3,3,10,35000
6,5,1,100000
3,2,5,22000
2,2,6,20000
3,2,6,22000
6,5,1,110000
2,2,1,130000
10,0,2.4,550000
10,18,2.4,550000
4,3,7,55000
0,0,10,35000
1,1,6.1,15000
1,1,3.9,15000
4,3,1,140000
4,3,1,140000
3,3,11,65000
4,4,10,45000
3,3,12,35000
2,2,4.5,25500
2,2,4.5,30000
0,0,1,85000
5,4,14,75000
3,2,10,20000
3,3,4,22000
0,0,4,20000
3,3,11,40000
6,5,10,55000
2,2,8,20000
0,3,5,20000
3,2,7,23000
0,0,6,16000
0,0,6,18000
0,0,6,20000
0,3,1,45000
5,4,2,130000
6,5,1,59000000
5,4,10,39000000
0,0,4.5,6200000
3,7,5,12500000
5,4,5,12500000
4,4,1,70000000
6,5,10,22500000
3,3,4,9000000
2,2,2,2700000
3,3,4.5,8000000
5,4,10,21900000
3,3,5,11500000
5,4,14,27500000
6,5,1,50000000
6,5,5,10500000
4,3,5,12000000
0,0,1,55000000
5,5,1,36000000
6,4,15,29000000
5,4,10,22000000
5,4,10,22000000
0,0,5,8500000
4,3,6,12500000
0,0,4,7600000
6,5,1,44500000
6,5,1,44000000
7,6,10,25000000
6,5,1,53500000
10,11,1.3,50000000
6,5,1,42500000
5,4,10,18500000
5,4,10,24500000
6,5,1,45000000
6,5,1,42500000
5,4,10,17500000
6,5,12,27000000
0,0,6,8900000
5,4,10,35000000
5,4,10,39000000
5,6,4,8500000
4,3,5,10000000
2,3,2.5,4000000
3,4,4,8800000
2,3,3,3200000
0,0,10,21000000
5,3,5,10000000
4,4,15.5,27000000
1,2,2.5,2500000
4,3,2.5,4900000
7,6,15,32000000
0,0,7,14500000
3,3,7,5700000
4,4,7,12200000
3,3,5,10500000
0,0,1,57500000
5,5,10,22500000
6,5,10,57500000
4,4,10,13500000
5,5,10,24000000
8,8,12,20000000
4,3,3,7000000
1,2,3.5,3500000
4,3,5,10500000
4,4,14,23500000
0,0,12.5,30000000
4,3,8,28500000
2,2,5.1,10000000
3,3,5.8,9200000
3,3,4.7,8600000
0,5,1,72000000
2,2,4.2,5200000
6,6,1.2,185000000
2,2,3.2,8500000
4,4,12,40000000
3,3,8.4,15000000
3,5,6.7,9000000
3,3,8,11000000
1,3,9.6,22000000
3,3,8,25000000
2,3,3.1,5600000
3,3,6.7,14000000
10,2,4.7,6000000
3,4,11.1,45000000
7,6,2,280000000
3,3,4.9,12000000
1,1,13.3,70000000
6,8,1.2,80000000
4,7,3.2,9500000
3,3,4.9,7000000
6,6,8,20000000
6,6,5.2,22000000
3,2,4.3,4850000
5,4,4.8,14500000
4,4,6,19500000
4,3,10.9,51000000
2,2,3.6,7200000
4,4,12,61000000
9,8,2,200000000
6,6,1,110000000
2,2,4,4500000
2,2,3.2,4500000
2,2,3.2,4000000
2,2,3.2,4100000
2,2,3.2,4000000
2,2,3.2,4200000
2,2,3.2,4300000
2,2,3.2,4500000
3,3,6,7500000
2,2,4,4500000
2,2,4,4500000
2,2,4,4500000
2,2,4,4500000
2,2,4,4500000
0,3,6.4,8700000
0,0,6.2,9000000
2,2,4,6900000
3,3,8,19500000
5,6,4.8,17500000
2,2,3.2,10000000
7,6,1.2,195000000
3,2,5.3,8000000
3,2,5.3,8000000
3,2,5.3,8000000
4,7,4.8,7400000
0,0,10,16000000
1,1,1.9,2300000
0,0,1.8,2300000
3,3,6.7,9800000
3,2,5.8,5000000
3,3,9.8,8400000
4,3,8,21000000
7,6,2,445000
0,2,4.4,30000
5,6,1.1,150000
0,2,4.8,25000
4,3,6.4,32000
2,2,4.2,30000
4,4,2,100000
1,1,3.3,10000
7,7,12,120000
1,2,1.8,22000
2,2,4.9,45000
2,2,3.4,20000
2,2,5.1,45000
0,0,12,150000
3,3,6.2,50000
2,2,5.8,40000
2,2,2.4,45000
4,3,10.7,125000
4,3,9.8,105000
2,2,4.4,65000
2,2,4.2,50000
4,3,5.1,75000
4,4,1,130000
4,4,9.6,80000
3,3,9.6,25000
4,4,8.8,38000
2,2,4.4,23000
4,4,12,90000
0,2,2.2,40000
6,6,10,170000
5,4,2.2,225000
2,2,3.3,60000
2,2,4.4,23000
3,3,8,50000
3,3,6,38000
3,3,5.1,50000
2,2,6.5,25000
5,4,15.1,180000
0,0,12,120000
2,2,2.9,15000
2,2,3.3,25000
0,0,0.7,7000
3,3,11,28000
5,5,7,55000
3,3,1,58000
3,3,1.5,110000
3,3,14,80000
7,7,1,695000
1,3,1,5000
2,3,5,23000
3,3,8,35000
3,3,10,40000
4,4,12,60000
6,6,10,90000
3,3,7,36000
3,3,7,36000
3,3,7,33000
5,5,7,80000
3,3,10,40000
2,3,7,32000
3,3,10,45000
6,6,7,80000
3,3,12,40000
3,3,12,45000
3,3,1.5,110000
4,4,4,55000
3,3,10,37000
3,3,10,37000
2,2,4,24000
2,2,4,22000
4,4,4,50000
5,4,12.4,55000
2,2,7,20000
3,3,12,28000
2,2,7,19000
2,2,4.4,7200000
5,5,10,18000000
2,4,5,12000000
4,3,10,15000000
6,6,14,25000000
3,3,9,55000000
6,5,19.8,18000000
1,1,3.1,3600000
4,4,20,200000000
0,0,4,42500000
0,0,14,28500000
6,7,10,13000000
4,5,5,16500000
3,2,5,6100000
3,4,7,9800000
5,4,10,24000000
6,5,3,250000000
4,4,5,17000000
5,4,4,14000000
5,4,4,13500000
5,4,4,14000000
5,4,4,13500000
4,4,6,27000000
0,0,12.4,50000000
9,9,2,300000000
4,4,6,22000000
4,4,10,12400000
6,5,7,15000000
4,4,4,6000000
5,4,1,14500000
2,3,4,20000
0,2,1,25000
5,4,5,35000
2,2,3,15000
2,2,2.5,23000
3,3,12,32000
4,3,5,32000
3,3,5,28000
6,5,7,42000
6,5,10,50000
3,3,1.5,110000
3,3,1.5,110000
6,5,7,45000
6,5,7,45000
5,6,10,60000
5,3,12,120000
5,4,10,65000
5,3,8,40000
4,11,14,100000
3,3,10,40000
5,3,12,120000
5,5,7,45000
1,2,3,12000
6,6,1,40000000
6,4,5,9400000
6,5,1,72000000
4,6,3,4700000
7,6,10,22500000
6,5,11.5,26500000
3,3,3,6500000
3,3,5,12200000
5,4,4,9500000
5,4,10,16500000
6,5,1,35000000
6,5,1,36000000
2,2,7,11000000
4,4,1,70000000
6,5,1,43000000
6,6,1,36500000
5,4,5,9500000
2,2,5,8000000
0,0,5,11000000
5,5,10,16000000
5,4,6,11500000
5,5,10,17000000
2,3,3,5500000
3,3,5,12000000
3,3,5,12000000
3,3,5,12000000
3,3,5,12500000
3,3,5,12500000
3,3,5,12500000
3,3,5,12500000
3,3,5,12500000
3,3,5,12500000
3,3,5,12500000
3,3,5,12500000
4,3,5,15000000
3,2,4,7500000
5,5,4,9500000
6,0,6,350000000
3,3,3,3300000
4,3,4,4500000
6,5,1,55000000
2,3,2.5,4200000
4,3,5,11500000
7,6,1,33000000
6,5,8,16500000
7,5,10,24000000
3,3,5,13000000
4,3,5,7400000
5,4,5,9500000
6,7,10,20000000
3,3,5,5500000
3,3,5,5500000
3,2,10,14500000
4,3,5,10000000
6,5,5,9800000
2,2,1.7,3200000
4,8,11,29500000
0,0,4.8,8130000
0,0,4.8,8130000
0,0,4.8,8130000
0,0,4.8,8130000
0,1,4.8,8130000
0,0,4.8,8130000
6,5,10,22000000
4,3,5,15500000
4,3,5,15500000
5,4,5,7500000
5,4,5,7300000
4,3,3,5500000
4,3,3,5500000
4,3,3,5500000
4,3,3,5500000
5,4,5,8700000
5,4,5,9000000
5,4,5,8500000
4,3,4,6500000
5,4,5,8500000
5,4,5,8500000
5,4,5,8500000
5,4,5,8400000
5,4,5,7800000
3,4,5,20000000
4,4,1,34000000
0,0,1,95000000
6,5,1,62500000
3,2,3,4500000
3,4,3.5,6500000
3,2,3,4500000
4,3,5,11000000
0,0,2,1700000
0,7,1.5,300000000
6,4,10,13500000
3,2,5,4500000
4,4,5,3600000
5,5,1.2,42000000
5,5,1,33000000
3,3,7,5700000
5,4,10,23500000
2,4,3,3500000
4,4,1,45000000
2,2,3.4,5500000
2,2,5.6,4500000
5,5,10.9,25000000
2,2,4,4000000
2,2,4,3800000
4,4,8,13000000
6,6,12,22000000
0,0,4,29500000
2,2,3.6,9000000
2,2,3.1,3600000
2,3,3.2,2900000
10,11,4.8,25000000
6,6,9.6,35000000
2,2,3.4,5700000
6,5,1,89000000
2,2,3.2,1200000
6,10,9.3,25000000
6,4,6,20000000
2,2,2.4,3100000
3,5,6,6000000
3,3,6.7,11500000
1,2,1.2,2000000
0,0,8,12000000
5,6,4.8,19500000
2,2,4,2499000
6,7,4.8,13200000
0,0,4.8,4700000
1,2,3.8,2200000
2,2,2.6,4200000
2,2,3.2,5500000
5,5,1,120000000
6,6,1,150000000
2,2,2.7,6000000
3,3,4.8,14000000
5,5,1,120000000
3,3,6.4,7000000
2,2,3.2,3000000
4,3,7.6,10000000
3,3,12,37500000
6,6,18,36000000
6,5,1,110000000
6,5,1,90000000
6,5,1,115000000
7,6,1,87500000
4,4,9.6,18500000
2,2,4.4,6500000
2,2,4.4,6500000
3,3,6.3,11500000
3,3,6.3,11500000
6,4,3.6,12500000
2,2,3.8,8000000
0,0,4,8900000
4,3,8,15000000
7,6,3.2,7000000
5,4,11.6,40000000
5,4,4.8,16500000
2,2,2.4,6000000
0,0,4.4,10000000
3,3,6.2,12000000
2,3,4.4,4600000
6,4,14.2,25000000
3,3,3.6,5000000
2,2,2.3,6500000
4,4,4.8,8700000
0,0,2.4,12000000
2,4,4,5500000
9,9,4.8,10000000
6,6,4.8,11500000
3,3,6,4500000
8,8,16,46500000
6,6,4.8,11000000
6,6,1,250000
3,3,1,80000
4,4,4.4,45000
0,0,1,9000
0,0,6.7,30000
0,0,14,40000
3,3,1,35000
3,3,1,45000
0,0,10,90000
2,3,1,65000
0,4,20,500000
2,2,3,25000
6,6,12,90000
2,2,6,30000
5,5,10,80000
5,5,1,95000
5,5,1,100000
5,4,1,85000
1,1,3.9,10000
1,1,2,22000
1,0,2,22000
6,7,16,160000
4,3,1,100000
6,7,1,70000
6,5,1,75000000
4,3,11.6,13000000
6,5,8,26500000
2,2,3.3,7000000
4,4,1,75000000
0,0,5,32500000
5,5,1,75000000
2,2,3,6000000
4,3,6.7,6700000
3,3,5,13500000
0,5,1.1,59000000
2,2,4,4500000
6,5,1,45000000
4,4,16.6,20000000
3,3,6.9,15000000
3,3,8.5,10000000
5,4,8,35000000
3,3,15.1,35000000
2,2,5.5,6600000
3,3,6.7,4600000
1,1,3.7,4200000
2,2,2.1,2800000
2,2,3.6,3800000
7,7,1.3,75000000
3,3,5,4500000
4,6,10,37000000
4,4,7,14000000
3,2,4.5,7500000
2,2,3.5,3000000
6,6,1,21000000
4,4,5,8200000
4,5,5,7800000
2,1,2,3500000
4,4,6,9800000
4,5,5,7000000
2,2,5,5000000
5,4,6,9900000
5,5,1,80000
5,5,1.1,200000
0,0,5,40000
6,4,10,45000
2,3,5,15000
2,2,5,16000
0,0,5,16000
2,2,4,14000
2,2,5,27000
0,0,1,45000
2,2,3,15000
1,2,3,12000
4,4,6,45000
0,0,5,24000
2,2,4,20000
3,6,10,75000
3,3,10,30000
2,2,3.5,7000000
5,4,10,22000000
6,5,1,37500000
2,2,4,11000000
4,7,7,17500000
6,6,1,25000000
5,4,5,9200000
0,5,1,33500000
6,5,1,49500000
6,5,2,115000000
4,4,10,30000000
4,3,10,14500000
0,0,1,39000000
2,2,2.5,2500000
4,3,10,19000000
0,0,2.5,2500000
4,4,5,9500000
0,0,5,9000000
5,4,3.2,8000000
0,0,5,18000000
4,5,6.7,10000000
4,4,5,8800000
4,3,4,7200000
4,4,5,8800000
4,3,4,7000000
2,2,1.7,3200000
3,3,5,12000000
0,0,3,1700000
3,3,4,6500000
3,3,3,5000000
3,3,3,7000000
3,3,2,5000000
3,3,2,5000000
2,2,4,5600000
0,0,10,16000000
5,4,2,4000000
6,5,2,105000000
6,5,10,27000000
6,5,1,32500000
4,3,5,12500000
2,3,3,5500000
1,1,3,6500000
5,4,10,28000000
0,5,10,19000000
3,3,5,15000000
3,3,3,6500000
7,6,10,24000000
2,2,3,1800000
4,3,3,7000000
5,4,10,17500000
6,6,1,25000000
6,5,11.5,26000000
5,4,5,11000000
6,5,5,13500000
3,3,7,21000000
5,4,11,37500000
5,5,10,14000000
1,2,13.4,8000000
3,3,4,8200000
1,1,2.6,2900000
0,0,6.6,25000000
0,0,1,130000000
0,0,8,80000000
0,0,3,150000000
0,3,5,7500000
0,3,5,5500000
0,0,1,15000000
2,2,2.5,3500000
5,4,5,15000000
2,2,1.7,3700000
1,1,3,2500000
5,4,5,7800000
1,1,2.4,3000000
6,4,5.1,12500000
6,4,5.2,12500000
3,3,7,24000000
8,6,11,25500000
4,4,5.5,15000000
6,4,7,14500000
2,2,5,6000000
5,4,5,9000000
2,2,5,3450000
7,6,1,45000000
3,3,5,10500000
2,1,2,3700000
6,5,10,24000000
6,5,10,26000000
2,3,5,5800000
4,3,5,10500000
5,5,10,21500000
4,4,5,13000000
6,6,10,24000000
6,8,10,10000000
1,1,2.4,2700000
2,2,3.1,14000
0,0,0.5,10000
3,3,4.8,30000
2,4,8,36000
3,3,6,38000
3,3,10.7,55000
0,0,4.4,22000
6,6,1,350000
3,3,8.9,125000
6,8,1.3,400000
5,4,1,190000
2,2,7.8,130000
2,2,4.4,45000
5,5,1,250000
3,3,16,50000
2,3,4,35000
3,3,6.7,50000
0,0,8,60000
2,2,16,28000
2,2,12,65000
4,4,12,75000000
0,0,4.8,15500000
2,2,3.6,4700000
3,3,7.1,14300000
3,3,6,12500000
2,2,0,4400000
4,3,9.8,15500000
7,6,1,130000000
0,0,5.6,6500000
6,10,4,300000000
4,3,7.1,14000000
6,4,6.6,11500000
5,5,12,75000000
2,2,3.8,7500000
2,2,4.9,4700000
0,6,18.1,120000000
3,3,8,17000000
6,6,4.8,9000000
4,4,8,28000000
6,4,11.6,58000000
5,4,8.9,5500000
6,6,1.2,180000000
0,4,11.3,27500000
1,2,2.2,1350000
2,4,16.9,52500000
6,4,16.9,60000000
0,11,1.2,170000000
0,11,1.2,170000000
5,5,8.9,14000000
2,2,4.9,6500000
3,4,8,65000000
3,3,6.3,9500000
2,2,5.3,8000000
2,2,5.3,7500000
2,2,5.3,8500000
2,2,4.4,6500000
2,2,4.4,6500000
2,2,3.8,6000000
2,2,5.6,7500000
2,2,4.9,7000000
2,2,4.9,7000000
4,4,7.6,25500000
2,2,5.3,8500000
4,4,16,45000000
3,3,1,79000000
3,3,10.7,11200000
2,2,4.9,8000000
2,2,4.9,8000000
2,2,7.2,22000000
3,3,7.3,10500000
5,7,3.2,13500000
2,2,3.4,4500000
1,2,1.8,2200000
0,4,12.4,23000000
3,3,7.6,15500000
2,2,3.6,7500000
0,0,16,37500000
1,2,2.6,3600000
3,2,7.1,41500000
8,6,1,125000000
6,8,16,39000000
2,3,5.1,11000000
2,2,4.4,8000000
6,8,9.6,36500000
3,3,4.8,17000000
5,4,4,8500000
0,0,8,22500000
0,2,4,11500000
2,2,4.7,4000000
3,3,5.6,5800000
2,2,3.6,3800000
3,3,7.6,11000000
0,0,2.4,6000000
2,2,4.3,5000000
6,11,4.8,18000000
3,3,6.4,9500000
2,2,3.3,5400000
3,4,4,7500000
0,0,3,550000
3,3,8.9,115000
2,4,4.4,27000
2,2,11.1,85000
2,2,4,20000
2,2,5.3,28000
4,3,8.9,90000
4,3,1,50000
4,4,10.1,100000
3,3,5,55000
10,11,1,500000
6,5,2,250000
3,3,5.3,35000
1,1,3.3,26000
4,3,12,100000
3,3,1,38000
0,2,6,18000
0,0,6,18000
0,0,6,18000
3,2,6,35000
4,6,1,120000
5,5,1,190000
6,6,12,55000
3,2,7,20000
6,7,1,95000
5,4,1,40000
0,0,1,40000
6,6,1,250000
5,5,2,450000
2,2,1,35000
4,4,7,60000
2,3,5.6,21000
4,4,17.3,125000
3,2,9.6,55000
1,1,6.4,35000
3,3,14.4,65000
0,0,1,410000
6,6,2,170000
3,3,10,60000
5,4,5.6,8800000
3,3,14,14500000
2,2,8.5,55000000
5,5,8,11000000
6,4,8,14500000
0,0,5,5500000
0,0,5,7000000
10,9,1.3,148500000
6,4,7,14000000
2,2,3,3500000
4,4,5,3050000
2,2,3.4,5200000
2,2,3.6,3200000
0,0,14.2,25500000
0,0,5,12500000
3,3,7.6,6000000
4,4,14.7,31500000
3,0,3,6500000
4,4,5,7800000
2,2,5.9,8500000
2,2,5.1,8000000
6,5,8,30800000
3,3,8,6600000
7,6,1,55000000
2,2,5,3300000
0,0,3,22000
0,0,5,38000
0,0,5,35000
0,0,5,22000
0,0,7,30000
0,0,5,40000
0,0,5,35000
0,0,1,50000
2,2,7,20000
4,3,1,42000
7,5,10,35000
2,2,5,16000
0,0,10,60000
3,4,10,45000
2,2,4.4,45000
3,3,10,60000
2,1,3.8,50000
4,3,15,40000
3,2,12,40000
3,2,10,30000
3,3,10,30000
3,3,10,30000
5,4,10,100000
3,3,5,11000000
1,2,1.7,6200000
10,7,10,18000000
4,3,5,12300000
5,4,7.5,18000000
4,3,5,11000000
5,5,10,16500000
5,5,5,11500000
6,6,2,100000000
3,4,5,9800000
5,5,2,57500000
5,4,10,24000000
5,5,10,15500000
3,3,3.2,7000000
3,3,3,6000000
2,2,1.2,3200000
4,4,10,14800000
4,3,5,10500000
4,3,5,11000000
4,3,6.2,15000000
3,2,5,7000000
6,5,1,44500000
5,4,10,25500000
1,2,2.2,3500000
3,2,1,43500000
0,6,1,13000000
2,2,5,8000000
6,5,1,39000000
0,7,3,125000000
5,5,10,20000000
2,2,4,5500000
6,5,1,59000000
5,4,10,19500000
4,7,7.5,11000000
0,0,2.5,6000000
7,5,5,9500000
0,0,7,13000000
6,6,1,60000000
3,3,9,62500000
4,4,10,16500000
5,5,1,45000000
5,5,10,20500000
5,5,10,35000000
5,5,10,30000000
5,5,10,27000000
3,3,10,17000000
5,5,1,45000000
5,5,1,45000000
4,4,10,21000000
4,4,5,12000000
6,5,1,47500000
4,4,5,9800000
2,2,3,4400000
4,4,3,6000000
5,4,1,35000000
5,4,5,16500000
2,2,3.2,6000000
8,7,2,95000000
5,4,10,31500000
5,4,10,23500000
5,4,10,29500000
5,4,5,7500000
0,5,1,42500000
5,4,5,7500000
5,5,10,22500000
3,3,10,13000000
4,4,10,22500000
6,5,1,35000000
2,2,4,3300000
4,5,5,15000000
6,5,2,110000000
4,3,4,7000000
0,0,5,10000000
0,0,5,10000000
0,0,5,10000000
0,0,5,10000000
0,0,5,10000000
0,0,5,10000000
0,3,5,10000000
0,3,5,10000000
0,0,5,10000000
0,0,5,10000000
0,0,5,10000000
5,4,7,14000000
0,0,10,20000000
7,7,13.7,26000000
6,5,7,12000000
3,3,7,9000000
6,6,10,25000000
3,5,1,12500000
3,3,6,4500000
8,7,4,45000000
7,5,5,9200000
4,4,3,5300000
2,2,4,5000000
2,2,3,4000000
2,2,5,6000000
2,2,2.5,3500000
2,2,4,34000
3,2,4.8,22000
5,5,1,340000
8,7,2.4,999000
0,0,7.1,35000
2,2,4.9,20000
3,3,6,35000
3,3,6,55000
2,2,4.4,20000
3,3,7.2,42000
3,3,9.6,32000
2,2,9.6,32000
3,3,13.3,65000
5,5,15.2,80000
2,3,2.8,18000
5,6,4.8,26000000
4,6,4.6,6200000
4,4,4.8,20000000
6,6,3.2,10500000
4,4,4.8,20000000
4,4,6.8,25000000
6,6,8.8,32000000
8,7,4.8,21000000
2,3,5.6,8500000
2,2,2.3,3500000
0,3,5.3,3800000
3,3,5.3,7000000
2,2,3.8,5500000
3,3,5.3,7000000
4,4,5,16000000
3,3,5.8,7000000
3,3,5.8,7500000
3,3,5.8,7500000
1,2,3.6,4500000
6,6,1,120000000
0,0,4,4700000
2,3,2.8,3000000
2,2,2.3,2100000
0,0,13.3,50000000
8,7,2,189900000
2,2,5.8,11200000
3,3,8,20400000
10,11,1.8,222000000
3,3,8,14000000
4,3,8.2,19000000
0,0,2,120000000
4,6,3.4,6000000
3,3,6.4,12000000
2,3,2.9,4000000
3,3,6.4,15500000
4,4,2.4,6000000
2,3,6.1,13000000
5,5,10,47000000
4,4,12,35000000
5,5,1,110000000
5,5,2,170000000
4,4,9.6,80000000
3,3,8,15000000
4,4,13.3,42500000
4,4,13.3,45000000
4,5,6.4,8600000
2,2,4.4,5500000
3,3,4,8000000
4,6,2.6,7500000
0,0,6.7,9500000
4,4,9.3,30000000
4,4,4.8,18500000
7,5,12.9,25000000
2,2,4,5500000
2,2,6.2,9500000
2,2,4.6,5700000
2,3,9.6,35000000
4,4,12,55000000
4,7,2.6,7500000
3,3,4.8,8000000
4,4,14,100000000
4,3,8.9,46500000
4,4,12,65000000
4,3,9.8,46000000
3,3,6.4,6000000
1,1,2,16000
0,5,10,110000
2,2,3.1,16000
2,4,6,55000
2,2,6.9,65000
6,6,1.3,230000
4,3,1,75000
0,0,1,20000
4,4,7.1,40000
6,5,1.3,500000
5,4,2.1,450000
5,4,1,350000
6,6,1.2,350000
0,0,12,55000
5,4,16,300000
5,4,16,300000
3,4,18,100000
0,3,10,125000
10,11,2.1,700000
0,0,5,38000
0,0,7,25000
1,1,2.7,14500
0,0,1,75000
5,3,1,100000
9,8,1,300000
7,6,1.2,350000
0,0,4.4,22000
2,2,3,12000
0,0,1,85000
5,4,10,273000
3,3,1,140000
3,2,1.3,160000
3,3,12.4,60000
1,2,2,8000
0,0,18,150000
4,4,13.3,50000000
4,4,9,45000000
4,4,4,16000000
6,7,9,15800000
2,2,5,3800000
4,3,8,6950000
2,2,5,3200000
4,4,13.3,30000000
2,2,4.6,9000000
10,9,1.3,175000000
0,0,10,27000000
6,6,14.2,26000000
4,4,4.4,14500000
1,1,2.9,2000000
3,3,7.6,11500000
1,1,3.6,4500000
6,5,12,19000000
8,7,12,22000000
8,7,1,42000000
7,7,12,22000000
3,2,5,5000000
7,6,1,40000000
5,5,5,13800000
3,5,5,4800000
5,5,4,5500000
6,5,1,33000000
6,6,10,18000000
6,5,10,26000000
6,5,10,20500000
2,1,3,12000
1,1,2.5,15000
2,3,1,35000
4,4,7,45000
3,3,12,39000
4,4,1,90000
2,2,2.3,45000
1,1,1.4,30000
1,1,1.4,20000
2,2,2.3,25000
0,0,3.8,16000
2,1,3.6,20000
6,6,10,75000
0,1,2.7,23000
4,3,1,45000
0,0,1.2,1650000
4,4,3,5000000
6,5,1,57000000
5,5,1,50000000
1,1,3,4200000
6,5,1,25000000
0,3,5,6800000
5,4,1,30500000
4,3,5,12800000
4,3,5,12800000
6,5,10,32000000
6,5,3.5,11500000
6,5,5.5,17000000
3,3,6,20000000
6,4,6,11000000
3,3,3,4600000
7,6,10,27000000
4,4,4,9000000
0,5,1,40000000
0,4,12,23000000
3,2,10,11000000
2,1,3.5,14000000
2,2,4.5,7000000
0,4,10,25000000
4,4,5,7000000
0,0,6.7,13000000
1,1,4,6150000
3,4,10,20000000
5,4,10,38000000
1,1,3,4400000
4,3,5.2,10600000
6,5,1,59900000
5,4,10,20000000
3,3,3,6900000
6,6,1,25200000
6,5,1,42000000
6,5,1,41000000
4,3,5,12000000
3,3,2,3700000
3,3,5.8,18200000
5,5,10,24500000
3,4,5,6500000
6,5,10,16500000
3,2,10,7500000
1,2,10,13000000
3,3,3,6500000
3,3,2.5,4500000
2,3,2,5000000
5,4,11,25000000
0,0,3,3550000
5,5,12,22000000
0,7,1.2,41000000
5,3,5,15000000
6,5,1,41000000
6,5,1,43000000
6,5,1,41000000
4,3,5,11500000
1,3,4,5000000
5,4,10,23000000
0,0,6,9300000
4,6,3,9000000
0,0,1,28500000
5,5,10,16000000
5,4,5,12500000
3,3,2.5,4000000
5,4,6,16000000
4,4,10,40000000
3,4,10,20000000
3,4,16,25000000
2,4,2.2,4500000
3,3,2.5,3800000
1,2,2.5,1950000
6,4,3.5,9000000
2,2,8,7000000
5,4,5.3,12500000
3,3,5,4000000
5,5,8,12000000
4,2,3,6000000
3,3,3,2700000
6,5,10,20500000
5,4,4.8,60000
2,2,4.8,30000
2,2,4.8,30000
2,3,4.7,45000
6,6,1.3,460000
3,2,4.4,22000
3,3,9.6,28000
4,4,4.8,35000
2,2,4.8,23000
2,2,4.8,22000
2,2,4.8,21000
2,2,4.8,20000
2,2,4.2,22000
4,4,11.1,130000
3,3,1,120000
2,2,8,25000
6,6,1,300000
4,3,10.2,65000
4,4,15.6,45000
4,4,1,175000
3,3,6.2,22000
2,2,4.4,25000
10,10,4,1250000
3,2,4.8,25000
2,4,4.8,40000
4,4,4.8,125000
2,2,16,45000
2,2,3.1,18000
2,2,5.2,60000
9,8,2,1000000
0,6,8,100000
3,3,9.8,125000
2,2,2,50000
7,5,1,115000
3,3,4.8,9500000
2,2,3.6,4500000
4,4,12,75000000
8,5,1,85000000
5,5,1,80000000
6,6,1,85000000
2,3,2.8,3000000
4,4,8.6,16000000
2,2,4.9,11000000
2,2,4.7,11500000
3,3,5.3,12200000
3,3,8,13000000
3,3,5.2,8500000
4,3,4.4,7000000
1,1,1.5,2800000
2,2,3.3,3800000
6,6,16,49000000
4,4,4.8,23500000
4,4,4.8,16500000
6,6,1,110000000
2,2,2.2,6000000
2,2,3.8,10000000
0,0,5.3,8500000
6,5,1,105000000
5,5,1,115000000
3,3,4,6500000
3,4,2.8,4100000
2,2,4.2,5500000
3,2,4.9,8500000
6,5,4.8,15200000
6,6,16,110000000
2,2,3.2,4650000
2,2,6.7,24000000
4,4,6.6,11500000
6,7,1,85500000
3,3,4.4,5500000
4,4,9.3,42500000
2,2,5.3,16500000
3,3,4.4,6000000
2,4,7.1,11000000
6,6,9.6,34000000
0,0,8,14000000
4,3,10.9,10200000
3,4,4.8,9300000
2,2,3.4,3800000
2,3,4,2800000
3,5,7.2,16800000
2,2,4.2,5500000
2,2,1.6,1600000
2,2,3.6,3200000
8,8,12.3,65000000
2,2,3,4000000
3,5,10.7,30000000
1,2,3.2,7500000
6,5,5,17000000
2,2,2.4,3700000
3,3,2,3500000
2,3,4,3700000
2,2,3.2,1000000
3,3,8.6,45000000
3,3,4.7,8500000
4,4,12,22500000
6,6,2,220000000
0,0,17.6,26000000
3,3,6,12000000
4,5,4.8,13600000
0,0,5.2,9000000
3,3,6.9,10000000
0,0,7,14000000
4,4,6,60000000
2,1,2,1500000
3,3,5.3,7400000
3,3,7.6,15500000
3,0,5,3500000
2,2,4.9,5800000
4,5,1.9,180000000
2,4,4.3,7000000
0,2,2,12000000
6,9,4.8,13000000
6,6,2,280000000
1,1,1,60000
7,6,2,200000
2,2,7.1,38000
1,2,6,27000
3,2,5,33000
1,1,5.6,45000
4,7,1,120000
3,3,1,98000
3,3,1.8,175000
1,1,1,25000
3,3,8,30000
0,3,8,30000
10,11,2,1500000
2,2,6.7,38000
4,3,13,55000
9,8,1,700000
3,2,6.7,20000
3,3,14,60000
4,3,1,45000
6,5,1,100000
4,3,1,50000
3,3,1,58000
2,2,7,38000
4,3,10,60000
2,2,7.1,35000
3,3,8,45000
2,2,7,35000
3,3,14,60000
3,3,1,60000
1,2,5.6,23000
5,5,1,85000
3,3,6.2,50000
2,2,6.7,50000
2,2,10,35000
2,2,500,35000
4,3,10,60000
4,3,10,60000
2,2,6,60000
3,3,16.9,75000
3,3,1.1,120000
6,6,8,17000000
5,5,10,32500000
10,8,1.2,115000000
0,4,8,24500000
3,3,5.6,9500000
2,2,4,7500000
8,5,10,17000000
3,2,7,8800000
6,6,1,47500000
0,0,1,50000000
2,2,4.4,5500000
0,0,8,4000000
0,5,8,16500000
5,5,17.5,16000000
6,5,1,39500000
6,4,5,11500000
2,2,5,4000000
8,7,1,41000000
5,5,11,36000000
0,0,7,13900000
4,5,4.5,5200000
2,2,4.4,6422000
6,5,5,10000000
0,0,10,19500000
4,4,6,12000000
1,2,5,3500000
2,2,5,4000000
5,5,7,14500000
3,3,10,25800000
2,2,5,7000000
2,2,3,2100000
3,3,5,6500000
3,3,11,25000
3,3,1,120000
3,3,10,55000
6,5,7,45000
4,3,1,55000
1,1,3,25000
6,5,10,65000
1,1,3.4,25000
1,2,4.4,10000
3,3,10,21000
2,2,5.2,38000
3,2,10,35000
3,2,7,18000
3,2,1.5,110000
10,2,7.1,100000
7,5,10,35000
3,3,12,30000
3,3,12,40000
6,5,10,65000
9,8,1,120000
9,8,1,120000
3,2,5,20000
3,2,5,20000
5,4,8.7,11000000
5,5,10,30000000
5,5,1,43000000
5,5,10,20000000
0,0,5,12500000
1,1,1.6,2300000
6,6,10,22500000
8,8,1,45000000
7,6,1,34000000
5,5,5,9700000
3,3,5,17000000
3,3,5,8500000
7,6,2.1,125000000
4,4,16,20000000
5,4,1,31000000
4,3,5,16500000
4,3,3,4490000
4,4,1,40000000
0,4,1,65000000
4,4,5,14000000
6,5,1.1,43500000
5,4,15,26000000
4,4,10,20000000
6,5,10,16500000
4,3,3.5,7000000
6,5,17,42500000
4,5,9,16500000
5,4,8.5,15000000
0,7,10,24000000
1,5,5,3550000
5,4,10,20000000
3,3,5,8000000
6,5,1,44000000
4,3,5,12500000
3,3,8,17800000
4,3,10,19000000
6,6,1,30000000
4,4,1,19500000
5,5,10,17000000
6,5,1,49500000
5,4,10,23500000
1,2,4,3500000
6,5,1,55000000
2,2,2,3000000
5,5,1,72500000
6,5,18,32500000
5,3,5,13000000
6,5,1,72500000
3,3,5,8500000
5,6,1,70000000
0,0,10,19500000
0,0,1,19500000
2,3,3.5,4500000
3,3,4.8,9500000
3,3,11,13500000
3,3,5,12500000
2,5,6,10000000
5,4,10,19000000
7,6,1,46000000
4,3,5,12000000
6,5,1,44500000
6,5,1,43500000
6,5,1,37500000
4,4,11,32500000
0,0,4,8000000
0,0,1.5,36000000
4,5,10,16500000
0,0,10,25000000
5,5,5,13500000
0,0,10,18500000
5,5,10,16000000
3,3,6,50000
3,3,8,60000
3,3,7.1,45000
3,2,4.8,38000
2,2,3.1,27000
3,3,5.8,40000
3,3,5.8,40000
4,3,1,180000
3,3,4.9,50000
5,5,1,350000
4,4,1,250000
4,3,1,170000
4,3,8,35000
2,2,5.3,45000
0,0,8.8,65000
2,2,4,40000
7,6,1,300000
4,4,12.8,55000
2,2,4.7,75000
2,3,4.8,25000
2,2,4.4,33000
2,2,3.6,40000
6,10,2,800000
3,3,5.6,38000
3,3,6.2,32000
3,3,8.8,35000
1,2,4.8,15000
4,3,8,80000
2,2,4,6700000
3,3,5.4,14500000
4,4,10.7,14500000
0,0,3.6,8000000
2,3,4.8,8000000
3,3,6,9000000
3,4,8,6000000
4,3,17.8,82000000
3,3,4.4,6900000
0,8,9.3,42500000
2,2,4,7000000
1,1,2.4,2000000
3,3,12.2,35000000
0,0,7.3,15000000
3,3,7.5,28500000
2,6,4.8,6800000
2,3,6.4,9100000
4,4,10.7,20500000
2,2,4,8500000
8,7,1,65000000
3,4,8,5500000
0,0,3.4,7500000
4,4,10,64000000
2,2,4.2,7500000
3,5,2.6,3500000
3,3,4,12500000
2,3,4,7000000
2,2,4.2,3600000
2,2,3.1,4500000
3,3,9.6,12000000
8,6,9.4,32500000
4,4,4,25000000
4,4,9.6,26000000
6,6,1.2,105000000
0,0,1.4,175000000
2,3,1.5,2400000
3,4,4.8,6500000
2,3,5,8000000
2,2,2.4,2500000
1,2,3.1,2950000
2,2,3.3,3600000
4,3,11,34500000
0,2,4.7,11500000
0,3,5.8,8500000
2,2,4,8500000
3,3,2.2,3000000
3,3,5.6,9000000
6,6,2,165000000
3,3,6.4,32500000
2,2,3.6,7000000
6,5,1,113000000
4,4,4.8,10000000
2,2,4.2,4600000
4,4,13.3,43500000
4,4,13.3,38500000
3,3,9.6,41000000
5,5,1,65500000
4,4,8.6,16000000
3,2,4.5,5000000
5,5,1,62400000
5,4,12,60000000
2,2,3.3,4750000
6,6,1.8,100000000
6,6,1,145000000
2,2,5.8,5500000
0,0,4,12000000
6,6,1.1,80000000
4,4,1,60000000
5,5,1,66500000
6,6,1.1,90000000
3,3,5.8,5400000
4,3,8.9,46000000
5,4,14.2,60000000
4,4,13.2,38500000
0,0,8,12500000
6,5,8,17500000
6,6,11,10000000
6,4,7,28000000
6,5,1,53500000
8,6,1,49000000
3,3,8,6800000
4,4,1,19800000
2,2,6,8800000
3,3,10,11100000
6,6,10,17000000
0,0,5,17000000
3,3,12.2,29000000
3,3,6,7500000
4,4,8.5,25000000
2,3,3,3200000
1,1,1.6,4900000
3,3,8,22000
3,3,8,25000
3,3,10,55000
0,0,8,22000
6,9,1,320000
5,4,4.5,50000
4,4,8,30000
2,2,1.3,60000
2,2,9.1,220000
2,2,8.4,185000
2,2,9.7,210000
2,2,5,19000
3,3,12,70000
3,3,12.4,70000
4,4,1.1,230000
3,3,1.3,130000
6,8,2,500000
3,3,1,130000
3,3,14,75000
0,1,1,15000
2,3,6,60000
1,1,5,22000
3,2,10,50000
3,3,10.7,30000
8,7,1,80000
2,2,5,16000
3,3,14.2,40000
2,2,5,33000
6,5,10,70000
7,5,1,115000
6,7,1.2,350000
5,5,5,50000
3,2,6,26000
3,3,5,7200000
2,3,4,5000000
6,4,6,12500000
5,8,9.3,27600000
0,0,4,8800000
0,0,1,67000000
3,3,5,3500000
0,6,14.2,22000000
4,3,11,18500000
6,6,12,17500000
6,5,14.2,57500000
4,4,6,12000000
3,2,4.9,5000000
4,6,6,16500000
1,1,1,6000
2,2,4,28000
5,5,1,51000
5,5,1,52000
5,5,1,53000
5,5,1,54000
2,2,7.1,77500
2,2,7.1,78500
5,5,1,55000
5,5,1,56000
2,2,7.1,79500
5,5,1,57000
2,2,7.1,80500
5,5,1,58000
5,5,1,59000
5,5,1,60000
2,2,7.1,81500
2,2,7.1,82500
5,5,1,61000
5,5,1,62000
2,2,7.1,83500
2,2,7.1,84500
5,5,1,63000
2,2,7.1,85500
5,5,1,64000
2,2,7.1,86500
5,5,1,65000
2,2,7.1,87500
5,5,1,66000
2,2,7.1,88500
5,5,1,67000
2,2,7.1,89500
5,5,1,68000
2,2,7.1,90500
5,5,1,68000
2,2,7.1,91500
2,2,7.1,92500
2,2,7.1,93500
2,2,7.1,94500
2,2,7.1,95500
2,2,7.1,96500
2,2,7.1,97500
2,2,7.1,98500
2,2,7.1,99500
2,2,6.2,52500
2,2,6.2,53500
2,2,6.2,54500
2,2,6.2,55500
2,2,6.2,56500
2,2,6.2,57500
2,2,6.2,57500
2,2,6.2,58500
2,2,6.2,59500
2,2,6.2,60500
2,2,6.2,61500
2,2,6.2,62500
2,2,6.2,63500
2,2,6.2,64500
2,2,6.2,65500
2,2,6.2,66500
2,2,6.2,67500
2,2,6.2,68500
2,2,6.2,69500
2,2,6.2,70500
2,2,6.2,71500
2,2,6.2,72500
2,2,6.2,73500
2,2,6.2,74500
2,2,6.2,75500
2,2,6.2,76500
0,0,10,35000
0,0,10,34000
0,0,10,33000
0,0,10,32000
0,0,10,31000
0,0,10,30000
0,0,10,29000
0,0,10,28000
0,0,10,27000
0,0,10,26000
0,0,10,24000
0,0,10,25000
0,0,10,26000
0,0,10,27000
0,0,10,28000
0,0,10,29000
0,0,10,30000
0,0,10,31000
0,0,10,32000
0,0,10,33000
0,0,10,34000
0,0,10,33000
0,0,10,32000
0,0,10,31000
0,0,10,30000
0,0,10,29000
0,0,10,28000
0,0,10,27000
0,0,10,26000
0,0,10,25000
2,2,6.2,77500
2,2,6.2,78500
2,2,6.2,79500
2,2,6.2,78500
0,7,1,32500000
4,3,5,9000000
0,0,5.5,5000000
1,2,5,3500000
4,7,10,14000000
4,5,10,13000000
3,2,5,7000000
3,5,3.5,3500000
5,4,7,15000000
0,0,5,9000000
7,8,7,28000000
4,4,12,24000000
3,3,10,18000000
4,4,5,15000000
5,5,10,23500000
0,5,10,19000000
2,2,6,7500000
5,8,5,22500000
0,0,5.4,9500000
2,2,3,1700000
7,7,1,20500000
6,5,7,14500000
2,2,5,4800000
3,3,5,7800000
2,2,3.3,4000000
0,0,2,50000000
9,9,1,37500000
3,2,5,5200000
3,2,5,5000000
5,5,15,80000
0,0,5,40000
1,1,2,23500
4,4,7,45000
2,2,3.6,20000
2,2,5.3,65000
3,3,8,22000
0,1,3.8,45000
0,1,3.8,50000
0,1,3.8,45000
0,2,10,37000
0,2,6,65000
0,0,2,150000
0,3,7,42000
0,4,1,70000
4,3,11,70000
2,2,3,26000
5,5,1,36500000
6,5,1,39900000
7,6,1,88000000
6,6,1,28500000
4,3,4,8000000
6,5,1,45000000
4,5,3,5500000
6,5,1,79000000
2,2,6,3850000
3,3,5,10000000
0,0,10,28000000
5,4,10,29000000
6,5,10,35000000
5,5,5,8900000
0,0,5,11200000
4,4,5,12000000
5,5,10,19500000
5,5,7,14800000
4,4,10,22000000
2,2,4,5500000
4,3,5,7200000
5,5,6,10500000
3,3,3,4500000
3,3,6.9,9800000
4,3,5,15500000
4,3,5,15500000
6,5,10,24000000
3,4,10,20000000
2,3,3,4200000
4,3,4,6200000
0,0,3,5000000
0,0,3,5550000
4,3,5,9000000
2,3,5,6500000
0,0,7,16000000
5,4,5,7500000
2,2,3,4000000
5,4,5,8500000
3,2,4,5500000
0,0,3,6000000
0,0,3,6000000
5,5,1,31000000
6,6,12,22800000
6,6,12,21500000
5,4,10,24900000
2,5,7,11000000
4,7,6,14000000
2,2,5.3,55000
2,2,4.4,35000
0,0,1.5,180000
3,3,5.3,55000
0,0,1,350000
5,5,1,300000
5,5,12,230000
0,0,1,300000
5,5,1,400000
5,5,1,250000
3,3,5.3,85000
2,2,4,30000
3,3,4.9,38000
4,4,1.2,170000
3,3,11.4,65000
3,3,11.4,70000
2,2,2.9,4800000
3,3,10,32000000
3,3,10,31500000
3,3,4.4,5000000
2,2,4,4500000
5,6,4,13500000
2,2,3.3,5000000
3,3,6.4,11000000
2,2,4.8,16500000
3,3,10.2,32500000
2,3,10,3200000
2,2,3.2,1700000
2,2,4.9,8500000
2,3,5.3,5300000
6,9,16,46000000
3,4,3.2,8000000
2,2,1.6,2800000
6,8,6.4,14500000
3,3,6.4,6000000
2,2,3.1,3500000
2,2,3.3,3800000
0,4,9.3,13500000
0,0,4.8,11500000
3,4,8,16000000
7,6,1,115000000
2,2,3.5,5800000
3,3,4.8,6500000
2,2,2.9,3200000
3,3,6.2,75000
3,3,6.7,55000
4,4,16,55000
3,3,8,50000
3,3,8,45000
2,2,6.2,79500
2,2,6.2,80500
2,2,6.2,81500
2,2,6.2,82500
2,2,6.2,83500
2,2,6.2,84500
2,2,6.2,85500
2,2,6.2,86500
2,2,6.2,87500
2,2,6.2,88500
2,2,6.2,89500
2,2,6.2,90500
2,2,6.2,91500
2,2,6.2,92500
2,2,6.2,93500
2,2,6.2,94500
2,2,6.2,95500
2,2,6.2,96500
6,6,1,45000
2,2,6.2,97500
6,6,1,46000
2,2,6.2,98500
6,6,1,47000
2,2,6.2,99500
6,6,1,48000
2,2,6.2,51500
6,6,1,49000
2,2,6.2,50500
6,6,1,50000
2,2,6.2,100000
6,6,1,51000
2,2,5.3,100000
6,6,1,52000
2,2,5.3,50500
6,6,1,53000
2,2,5.3,51500
6,6,1,54000
2,2,5.3,52500
6,6,1,55000
2,2,5.3,53500
6,6,1,56000
2,2,5.3,54500
6,6,1,57000
2,2,5.3,55500
6,6,1,58000
2,2,5.3,56500
6,6,1,59000
2,2,5.3,57500
6,6,1,60000
2,2,5.3,58500
6,6,1,61000
2,2,5.3,59500
6,6,1,62000
6,6,1,63000
2,2,5.3,60500
6,6,1,64000
6,6,1,65000
2,2,5.3,61500
6,6,1,66000
6,6,1,67000
2,2,5.3,62500
6,6,1,68000
2,2,5.3,63500
2,2,5.3,64500
6,6,1,69000
2,2,5.3,65500
6,6,1,70000
2,2,5.3,66500
6,6,1,71000
2,2,5.3,67500
6,6,1,72000
2,2,5.3,68500
6,6,1,73000
2,2,5.3,69500
6,6,1,74000
2,2,5.3,70500
6,6,1,75000
2,2,5.3,71500
6,6,1,76000
2,2,5.3,72500
6,6,1,77000
2,2,5.3,73500
2,2,5.3,74500
2,2,5.3,75500
2,2,5.3,76500
2,2,5.3,77500
2,2,5.3,78500
2,2,5.3,79500
2,2,5.3,80500
2,2,5.3,81500
2,2,5.3,82500
2,2,5.3,83500
2,2,5.3,83500
2,2,5.3,84500
2,2,5.3,85500
2,2,5.3,86500
2,2,5.3,87500
2,2,5.3,88500
2,2,5.3,89500
2,2,5.3,90500
2,2,5.3,91500
2,2,5.3,92500
2,2,5.3,93500
2,2,5.3,94500
2,2,5.3,95500
2,2,5.3,96500
2,2,5.3,97500
2,2,5.3,98500
3,3,1,60000
0,0,10,34000
0,0,10,33000
0,0,10,32000
0,0,10,31000
0,0,10,30000
0,0,10,29000
0,0,10,28000
0,0,10,27000
0,0,10,26000
0,0,10,25000
0,0,5,30000
0,0,5,31000
0,0,5,32000
0,0,5,33000
0,0,5,34000
0,0,5,35000
0,0,5,36000
0,0,5,37000
0,0,5,38000
0,0,5,39000
0,0,5,40000
0,0,5,41000
0,0,5,42000
0,0,5,43000
0,0,5,44000
0,0,5,45000
0,0,5,46000
0,0,5,47000
0,0,5,48000
0,0,5,49000
0,0,5,35000
0,0,5,36000
0,0,5,37000
0,0,5,38000
0,0,5,39000
0,0,5,40000
0,0,5,41000
0,0,5,21000
0,0,5,22000
0,0,5,23000
0,0,5,24000
0,0,5,25000
0,0,5,26000
0,0,5,30000
0,0,5,29000
0,0,5,28000
0,0,5,27000
0,0,5,26000
0,0,5,25000
0,0,5,24000
0,0,5,25000
0,0,5,26000
0,0,5,27000
0,0,5,28000
0,0,5,29000
0,0,5,30000
0,0,5,31000
0,0,5,32000
0,0,5,33000
0,0,5,34000
0,0,5,23000
0,0,5,22000
0,0,5,21000
0,0,5,20000
0,0,10,25000
0,0,10,26000
0,0,10,27000
0,0,10,28000
0,0,10,29000
0,0,10,30000
0,0,1,75000
0,0,1,74000
0,0,1,73000
0,0,1,72000
0,0,1,71000
0,0,1,70000
0,0,1,69000
0,0,1,68000
0,0,1,67000
0,0,1,66000
0,0,1,33000
0,0,1,34000
0,0,1,35000
0,0,1,36000
0,0,1,37000
0,0,1,38000
0,0,1,39000
0,0,1,40000
0,0,1,41000
0,0,1,42000
2,3,6,34000
5,4,2.4,450000
0,0,1,31000
0,0,1,32000
0,0,1,33000
0,0,1,34000
0,0,1,35000
0,0,1,36000
0,0,1,37000
0,0,1,38000
0,0,1,39000
0,0,1,40000
0,0,1,80000
0,0,1,81000
0,0,1,83000
0,0,1,85000
0,0,1,87000
0,0,1,89000
0,0,1,90000
0,0,1,92000
0,0,1,94000
0,0,1,96000
0,5,1,80000
0,5,1,81000
0,5,1,83000
0,5,1,85000
0,5,1,87000
0,5,1,89000
0,5,1,90000
3,3,4,4500000
4,4,4.4,15000000
1,2,3.1,6000000
10,10,2,120000000
2,2,5,5650000
1,2,3.7,7800000
4,5,5,15000000
2,2,4.6,9500000
0,5,1,92000
0,5,1,94000
0,5,1,96000
3,3,1,140000
5,4,2,350000
4,4,16,120000
2,2,6.4,56000
2,2,10,33000
6,5,1.3,225000
2,2,10,60000
0,0,1,70000
0,0,1,71000
0,0,1,72000
0,0,1,73000
0,0,1,74000
0,0,1,75000
0,0,1,69000
0,0,1,68000
0,0,1,67000
0,0,1,66000
0,0,1,65000
0,0,1,64000
0,0,1,63000
0,0,1,62000
0,0,1,61000
0,0,1,60000
0,0,1,59000
0,0,1,58000
0,0,1,57000
0,0,1,56000
0,0,1,35000
0,0,1,36000
0,0,1,37000
0,0,1,38000
0,0,1,39000
0,0,1,40000
0,0,1,41000
5,4,10,100000
1,1,3,10000
0,0,2.8,25000
0,0,3,8500
7,5,10,30000
4,4,4,6000000
4,3,5,12500000
7,6,5,12500000
5,4,5,11000000
1,2,5,4750000
3,3,9.4,32500000
6,0,13.5,19900000
6,4,12,18000000
4,3,5,15500000
3,3,2.5,4300000
3,3,10,13200000
3,3,6,8000000
6,5,12,23000000
4,4,3,4600000
6,5,1,37000000
3,5,6,6800000
6,5,7,22000000
1,3,5,5300000
3,3,4,4500000
5,7,4,88500000
2,2,4,3400000
2,2,1.7,2300000
6,6,5,9000000
4,4,4,6300000
0,0,7,35000
0,0,7,36000
0,0,7,37000
0,0,7,38000
0,0,7,40000
0,0,7,41000
0,0,7,42000
0,0,7,43000
0,0,7,44000
0,0,7,45000
0,0,7,22000
0,0,7,22200
0,0,7,22500
0,0,7,22700
0,0,7,23000
0,0,7,23300
0,0,7,23500
0,0,7,23800
0,0,7,24000
0,0,7,24500
0,0,7,23000
0,0,7,23500
0,0,7,23700
0,0,7,24000
0,0,7,24700
0,0,7,24500
0,0,7,25000
0,0,7,25500
0,0,7,25700
0,0,7,26000
0,0,7,35000
0,0,7,36000
0,0,7,37000
0,0,7,38000
0,0,7,40000
0,0,7,41000
0,0,7,42000
0,0,7,43000
0,0,7,44000
0,0,7,45000
0,0,7,22000
0,0,7,22200
0,0,7,22500
0,0,7,22700
0,0,7,23000
0,0,7,23300
0,0,7,23500
0,0,7,23800
0,0,7,24000
0,0,7,24500
0,0,7,23000
0,0,7,23500
0,0,7,23700
0,0,7,24000
0,0,7,24700
0,0,7,24500
0,0,7,25000
0,0,7,25500
0,0,7,25500
0,0,7,26000
0,0,7,35000
0,0,7,36000
0,0,7,37000
0,0,7,38000
0,0,7,40000
0,0,7,41000
0,0,7,42000
0,0,7,43000
0,0,7,44000
0,0,7,45000
0,0,7,22000
0,0,7,22200
0,0,7,22500
0,0,7,22700
0,0,7,23000
0,0,7,23300
0,0,7,23500
0,0,7,23800
0,0,7,24000
0,0,7,24500
0,0,7,23000
0,0,7,23500
0,0,7,23700
0,0,7,24000
0,0,7,24700
0,0,7,24500
0,0,7,25000
0,0,7,25500
0,0,7,25500
0,0,7,26000
3,3,10,25000
0,0,7,35000
0,0,7,36000
0,0,7,37000
0,0,7,38000
0,0,7,40000
0,0,7,41000
0,0,7,42000
0,0,7,43000
0,0,7,44000
0,0,7,45000
0,0,7,22000
0,0,7,22200
0,0,7,22500
0,0,7,22700
0,0,7,23000
0,0,7,23300
0,0,7,23500
0,0,7,23800
0,0,7,24000
0,0,7,24500
0,0,7,23000
0,0,7,23500
0,0,7,23700
0,0,7,24000
3,3,7.1,10000000
5,5,4.8,17000000
6,6,9.6,25000000
6,5,1,115000000
3,3,6.4,13300000
3,3,4.8,8500000
3,3,6,5800000
6,5,1.2,105000000
10,11,9.6,65000000
2,2,4.2,11000000
4,3,7.6,25000000
5,6,1,115000000
2,2,4.4,5500000
3,3,8,6500000
0,2,4.8,9500000
0,6,9.6,37500000
0,6,9.6,34000000
0,3,4.8,15000000
0,6,9.6,32500000
0,6,9.6,36000000
4,4,7.9,17500000
3,5,9.6,29500000
2,2,3.5,4223000
2,2,2.4,26000
6,6,1.2,380000
3,3,7.3,110000
0,0,7,24700
0,0,7,24500
0,0,7,25000
0,0,7,25500
0,0,7,25500
0,0,7,26000
0,0,7,35000
0,0,7,36000
0,0,7,37000
0,0,7,38000
0,0,7,40000
0,0,7,41000
0,0,7,42000
0,0,7,43000
0,0,7,44000
0,0,7,45000
0,0,7,22000
0,0,7,22200
0,0,7,22500
0,0,7,22700
0,0,7,23000
0,0,7,23300
0,0,7,23500
0,0,7,23800
0,0,7,24000
0,0,7,24500
0,0,7,23000
0,0,7,23500
0,0,7,23700
0,0,7,24000
0,0,7,24700
0,0,7,24500
0,0,7,25000
0,0,7,25500
0,0,7,25500
0,0,7,26000
0,0,7,35000
0,0,7,36000
0,0,7,37000
0,0,7,38000
0,0,7,40000
0,0,7,41000
0,0,7,42000
0,0,7,43000
0,0,7,44000
0,0,7,45000
0,0,7,22000
0,0,7,22200
0,0,7,22500
0,0,7,22700
0,0,7,23000
0,0,7,23300
0,0,7,23500
0,0,7,23800
0,0,7,24000
0,0,7,24500
0,0,7,23000
0,0,7,23500
0,0,7,23700
0,0,7,24000
0,0,7,24700
0,0,7,24500
0,0,7,25000
0,0,7,25500
0,0,7,25500
0,0,7,26000
0,0,7,35000
0,0,7,36000
0,0,7,37000
0,0,7,38000
0,0,7,40000
0,0,7,41000
0,0,7,42000
0,0,7,43000
0,0,7,44000
0,0,7,45000
0,0,7,22000
0,0,7,22200
0,0,7,22500
0,0,7,22700
0,0,7,23000
0,0,7,23300
0,0,7,23500
0,0,7,23800
0,0,7,24000
0,0,7,24500
0,0,7,23000
0,0,7,23500
0,0,7,23700
0,0,7,24000
0,0,7,24700
0,0,7,24500
0,0,7,25000
0,0,7,25500
0,0,7,25500
0,0,7,26000
0,0,7,35000
0,0,7,36000
0,0,7,37000
0,0,7,38000
0,0,7,40000
0,0,7,41000
0,0,7,42000
0,0,7,43000
0,0,7,44000
0,0,7,45000
0,0,7,22000
0,0,7,22200
0,0,7,22500
0,0,7,22700
0,0,7,23000
0,0,7,23300
0,0,7,23500
0,0,7,23800
0,0,7,24000
0,0,7,24500
0,0,7,23000
0,0,7,23500
0,0,7,23700
0,0,7,24000
0,0,7,24700
0,0,7,24500
0,0,7,25000
0,0,7,25500
0,0,7,25500
0,0,7,26000
0,0,7,35000
0,0,7,36000
0,0,7,37000
0,0,7,38000
0,0,7,40000
0,0,7,41000
0,0,7,42000
0,0,7,43000
0,0,7,44000
0,0,7,45000
0,0,7,22000
0,0,7,22200
0,0,7,22500
0,0,7,22700
0,0,7,23000
0,0,7,23300
0,0,7,23500
0,0,7,23800
0,0,7,24000
0,0,7,24500
0,0,7,23000
0,0,7,23500
0,0,7,23700
0,0,7,24000
0,0,7,24700
0,0,7,24500
0,0,7,25000
0,0,7,25500
0,0,7,25500
0,0,7,26000
0,0,7,35000
0,0,7,36000
0,0,7,37000
0,0,7,38000
0,0,7,40000
0,0,7,41000
0,0,7,42000
0,0,7,43000
0,0,7,44000
0,0,7,45000
0,0,7,22000
0,0,7,22200
0,0,7,22500
0,0,7,22700
0,0,7,23000
0,0,7,23300
0,0,7,23500
0,0,7,23800
0,0,7,24000
0,0,7,24500
0,0,7,23000
0,0,7,23500
0,0,7,23700
0,0,7,24000
0,0,7,24700
0,0,7,24500
0,0,7,25000
0,0,7,25500
0,0,7,25500
0,0,7,26000
0,0,7,35000
0,0,7,36000
0,0,7,37000
0,0,7,38000
0,0,7,40000
0,0,7,41000
0,0,7,42000
0,0,7,43000
0,0,7,44000
0,0,7,45000
0,0,7,22000
0,0,7,22200
0,0,7,22500
0,0,7,22700
0,0,7,23000
0,0,7,23300
0,0,7,23500
0,0,7,23800
0,0,7,24000
0,0,7,24500
0,0,7,23000
0,0,7,23500
0,0,7,23700
0,0,7,24000
0,0,7,24700
0,0,7,24500
0,0,7,25000
0,0,7,25500
0,0,7,25500
0,0,7,26000
0,2,5,18000
0,2,5,19000
0,2,5,18500
0,2,5,19500
0,2,5,20000
0,2,5,21000
0,2,5,21500
0,2,5,22000
0,2,5,22500
0,2,5,23000
0,2,5,18000
0,2,5,19000
0,2,5,18500
0,2,5,19500
0,2,5,20000
0,2,5,21000
0,2,5,21500
0,2,5,22000
0,2,5,22500
0,2,5,23000
0,2,5,18000
0,2,5,19000
0,2,5,18500
0,2,5,19500
0,2,5,20000
0,2,5,21000
0,2,5,21500
0,2,5,22000
0,2,5,22500
0,2,5,23000
0,3,5,26000
0,3,5,27000
0,3,5,28000
0,3,5,29000
0,3,5,30000
0,3,5,30500
0,3,5,31000
0,3,5,32000
0,3,5,33000
0,3,5,34000
0,3,5,26000
0,3,5,27000
0,3,5,28000
0,3,5,29000
0,3,5,30000
0,3,5,30500
0,3,5,31000
0,3,5,32000
0,3,5,33000
0,3,5,34000
0,3,5,26000
0,3,5,27000
0,3,5,28000
0,3,5,29000
0,3,5,30000
0,3,5,30500
0,3,5,31000
0,3,5,32000
0,3,5,33000
0,3,5,34000
0,3,5,26000
0,3,5,27000
0,3,5,28000
0,3,5,29000
0,3,5,30000
0,3,5,30500
0,3,5,31000
0,3,5,32000
0,3,5,33000
0,3,5,34000
0,2,5,22000
0,2,5,23000
0,2,5,24000
0,2,5,25000
0,2,5,25500
0,2,5,26000
0,2,5,27000
0,2,5,28000
0,2,5,29000
0,2,5,30000
0,2,5,22000
0,2,5,23000
0,2,5,24000
0,2,5,25000
0,2,5,25500
0,2,5,26000
0,2,5,27000
0,2,5,28000
0,2,5,29000
0,2,5,30000
0,2,5,22000
0,2,5,23000
0,2,5,24000
0,2,5,25000
0,2,5,25500
0,2,5,26000
0,2,5,27000
0,2,5,28000
0,2,5,29000
0,2,5,30000
3,3,10,11000000
3,3,10,13500000
5,4,10,25000000
2,2,3.2,2950000
6,5,5,13500000
5,4,10,19000000
7,6,1,44000000
6,5,1,34500000
5,4,10,19500000
6,6,3,5700000
5,5,1,40000000
3,4,6,8000000
4,3,5,9500000
3,4,2,5000000
0,0,1,42500000
3,3,5.5,14000000
5,4,5,8000000
4,4,4,6300000
8,7,2,98000000
3,3,10,20600000
4,4,1,70000000
2,2,6,9000000
4,4,5,12500000
4,3,5,14500000
5,5,1,40000000
1,3,6,4500000
3,4,3,5000000
3,3,11,22000000
1,1,2.3,1425000
3,3,2,6800000
3,3,2,6800000
2,2,2,6200000
2,2,3,3000000
0,6,1,32500000
6,6,7,17000000
4,4,10,22500000
3,5,3,7500000
4,4,2.4,50000000
4,3,10,18500000
4,4,6,14000000
4,4,10,25000000
7,6,1,68500000
4,3,8,11000000
6,6,1,27500000
2,2,3.3,3500000
6,5,1,39000000
0,7,2,200000000
7,7,2,135000000
3,3,6,7800000
4,4,5,9500000
7,6,1,38500000
4,3,10,18900000
7,5,1,71000000
7,5,5,9000000
3,3,8,9500000
3,3,8,14000000
7,6,1,125000000
3,2,4.8,13000000
3,3,3.3,3045000
0,0,3.8,6500000
0,4,16.7,50000000
2,2,4,13000000
2,4,3.2,4400000
5,4,4,32500000
5,4,4,32500000
4,4,8,29900000
1,2,2.3,3900000
3,3,5.1,8900000
0,0,4.9,4200000
2,2,3.2,2700000
6,10,4.8,15000000
3,3,5.8,8500000
5,5,12,110000000
5,5,14,180000000
3,2,4.8,9000000
4,4,7.2,29000000
3,3,6.9,11000000
6,6,16,46000000
2,2,3.6,5000000
2,2,4.9,9000000
2,2,4.7,6500000
1,2,3,3800000
6,6,12,75000000
0,0,6.1,11400000
3,3,7.2,12500000
3,2,4.4,8200000
4,3,7.6,7600000
2,2,3.1,2500000
4,4,9.8,28000000
2,2,4.4,14500000
5,4,10.7,32000000
7,6,8,32000000
5,4,10.4,48000000
3,3,5.1,11500000
7,6,1.3,180000000
0,0,4.8,8000000
3,3,8,11000000
3,3,5,4200000
3,3,6.1,9850000
2,2,4,7600000
4,5,5,19400000
0,0,2.1,2800000
3,3,7,6300000
3,4,12.4,9000000
8,7,1.3,82500000
3,2,5,7000000
5,4,5,10500000
3,2,7,10500000
7,7,1,45000000
4,4,4,14000000
6,6,10,26000000
2,2,5.9,8000000
6,7,7,17500000
6,6,16,59000000
6,6,7,32000000
2,2,3.1,6200000
1,1,2.4,4320000
1,1,1.6,4375000
6,6,1,34000000
0,0,1,42000
0,0,1,43000
0,0,1,44000
0,0,1,33000
0,0,1,34000
0,0,1,35000
0,0,1,36000
0,0,1,37000
0,0,1,38000
0,0,1,39000
0,0,1,40000
0,0,1,41000
0,0,1,42000
0,0,1,45000
0,0,1,44000
0,0,1,43000
0,0,1,42000
0,0,1,41000
0,0,1,40000
0,0,1,39000
0,0,1,38000
0,0,1,37000
0,0,1,36000
0,0,1,35000
0,0,1,34000
0,0,1,33000
0,0,10,60000
0,0,10,59000
0,0,10,58000
0,0,10,57000
0,0,10,56000
0,0,10,55000
0,0,10,54000
0,0,10,53000
0,0,10,52000
0,0,10,51000
0,0,10,50000
0,0,10,49000
0,0,10,48000
0,0,10,47000
0,0,10,46000
0,0,10,50000
0,0,10,45000
0,0,10,38000
0,0,10,39000
0,0,10,40000
0,0,10,41000
0,0,10,42000
0,0,10,43000
0,0,10,44000
0,0,10,45000
0,0,10,46000
0,0,10,47000
0,0,10,35000
0,0,10,34000
0,0,10,33000
0,0,10,32000
0,0,10,31000
0,0,10,30000
0,0,10,29000
0,0,10,28000
0,0,10,27000
0,0,10,26000
0,0,10,24000
0,0,10,25000
0,0,10,26000
0,0,10,27000
0,0,10,28000
0,0,10,29000
0,0,10,30000
0,0,10,31000
0,0,10,32000
0,0,10,33000
0,0,10,34000
0,0,10,33000
0,0,10,32000
0,0,10,31000
0,0,10,30000
0,0,10,29000
0,0,10,28000
0,0,10,27000
0,0,10,26000
0,0,10,25000
0,0,5,30000
0,0,5,31000
0,0,5,32000
0,0,5,33000
0,0,5,34000
0,0,5,35000
0,0,5,36000
0,0,5,37000
0,0,5,38000
0,0,5,39000
0,0,5,40000
0,0,5,41000
0,0,5,42000
0,0,5,43000
0,0,5,44000
0,0,5,45000
0,0,5,46000
0,0,5,47000
0,0,5,48000
0,0,5,49000
0,0,5,35000
0,0,5,36000
0,0,5,37000
0,0,5,38000
0,0,5,39000
0,0,5,40000
0,0,5,41000
0,0,5,21000
0,0,5,22000
0,0,5,23000
0,0,5,24000
0,0,5,25000
0,0,5,26000
0,0,5,30000
0,0,5,29000
0,0,5,28000
0,0,5,27000
0,0,5,26000
0,0,5,25000
0,0,5,24000
0,0,5,25000
0,0,5,26000
0,0,5,27000
0,0,5,28000
0,0,5,29000
0,0,5,30000
0,0,5,31000
0,0,5,32000
0,0,5,33000
0,0,5,34000
0,0,5,23000
0,0,5,22000
0,0,5,21000
0,0,5,20000
0,0,10,25000
0,0,10,26000
0,0,10,27000
0,0,10,28000
0,0,10,29000
0,0,10,30000
0,0,1,75000
0,0,1,74000
0,0,1,73000
0,0,1,72000
0,0,1,71000
0,0,1,70000
0,0,1,69000
0,0,1,68000
0,0,1,67000
0,0,1,66000
0,0,1,33000
0,0,1,34000
0,0,1,35000
0,0,1,36000
0,0,1,37000
0,0,1,38000
0,0,1,39000
0,0,1,40000
0,0,1,41000
0,0,1,42000
0,0,1,31000
0,0,1,32000
0,0,1,33000
0,0,1,34000
0,0,1,35000
0,0,1,36000
0,0,1,37000
0,0,1,38000
0,0,1,39000
0,0,1,40000
0,5,1,80000
0,5,1,81000
0,5,1,83000
0,5,1,85000
0,5,1,87000
0,5,1,89000
0,5,1,90000
0,5,1,92000
0,5,1,94000
0,5,1,96000
0,0,1,80000
0,0,1,81000
0,0,1,83000
0,0,1,85000
0,0,1,87000
0,0,1,89000
0,0,1,90000
0,0,1,92000
0,0,1,94000
0,0,1,96000
0,0,1,96000
0,0,1,94000
0,0,1,92000
0,0,1,90000
0,0,1,89000
0,0,1,87000
0,0,1,85000
0,0,1,83000
0,0,1,81000
0,0,1,80000
0,0,1,80000
0,0,1,81000
0,0,1,82000
0,0,1,85000
0,0,1,87000
0,0,1,89000
0,0,1,90000
0,0,1,92000
0,0,1,94000
0,0,1,96000
3,3,11,60000
3,3,1,120000
2,2,4.6,60000
6,4,1.5,140000
2,2,8,45000
4,2,9.3,210000
2,1,5.1,145000
7,7,2,325000
4,4,7.8,40000
3,2,14,55000
10,6,1,120000
3,3,10,55000
0,3,1.3,110000
3,3,8,36000
0,0,6.7,70000
6,5,11,27500000
6,5,11,27500000
7,6,2,80000000
0,0,4,55000000
2,2,9.3,15000000
3,2,5,6000000
5,5,1,53500000
6,5,8,28600000
3,5,7,20000000
4,2,3,6300000
2,4,3,3500000
4,3,4.4,8500000
0,6,16,30000000
0,5,10,23000000
3,3,5,6400000
4,4,5,8200000
4,4,8,9500000
2,3,5,50000000
8,8,10,11000000
5,8,10,19000000
2,2,5,8200000
1,1,4,9000000
4,4,5,8500000
5,4,6,14500000
5,4,6,11000000
3,3,2,7500000
6,6,10,14500000
7,7,1.6,40000000
2,2,2.5,2800000
7,6,12,20500000
0,0,3,22000
0,0,5,38000
0,0,5,35000
5,4,10,65000
4,3,10.8,40000
3,3,1,45000
3,3,12,34000
3,3,12,80000
4,4,5,8700000
0,0,2.1,72500000
6,5,17,40000000
2,3,3,7000000
3,3,3,4300000
0,0,4.5,8500000
3,2,3,4500000
5,5,10,25000000
4,3,10.5,18500000
5,4,10,17500000
8,8,10,22500000
6,5,10,24500000
3,5,4,4000000
6,5,10,24000000
0,0,5,12500000
0,0,4,350000000
5,4,14,47000000
0,0,5,11000000
4,4,9,15000000
2,2,2.7,3819000
4,4,3,9000000
4,4,3,7500000
0,5,2,160000000
4,5,1,35000000
2,3,2.2,5200000
5,5,5,14500000
7,6,5,12000000
6,5,1,49000000
7,6,2,102500000
7,6,2,112500000
6,5,2,120000000
6,5,1,49500000
6,5,2,82500000
6,5,1,31000000
6,5,2,185000000
6,5,2,149000000
6,5,1,47500000
4,3,3.5,5200000
5,4,1,37500000
6,5,1,44500000
8,6,1,16500000
2,3,2.5,5500000
4,5,1,48000000
3,3,8,12000000
3,3,4.9,50000
5,5,1,185000
8,6,1,299000
0,0,4.8,25000
3,3,8.4,42000
4,4,12,180000
3,3,7.8,70000
5,4,10,225000
4,4,2,80000
2,2,6,12500000
3,3,6.8,16000000
5,5,12,80000000
0,0,18,50000000
6,10,1.2,80000000
2,2,4.4,5500000
2,2,3.1,2800000
2,2,3.2,3700000
2,5,5.3,7500000
2,2,2.2,3100000
2,2,2.6,2300000
4,4,9.6,36000000
3,3,4.8,8000000
0,0,4.3,6000000
1,2,2,1900000
3,2,4,15000000
3,3,7.3,22500000
3,3,6,18000000
3,3,4,12500000
2,2,2.2,6500000
4,4,12,62500000
6,6,2,239000000
3,3,8.9,12000000
4,3,9.6,30000000
3,3,4.3,3000000
2,2,2.9,3400000
3,3,5.8,8500000
2,3,5.6,15500000
2,2,4.4,20000000
0,10,4,300000000
5,5,2.8,190000000
7,6,8,35000000
4,6,10.6,52500000
3,3,5,2500000
3,3,10.7,11000000
4,6,5,21500000
4,4,6.7,18000000
6,5,8,25000000
2,2,3.1,5200000
4,4,6.7,16500000
6,5,10,85000
3,3,1,90000
4,3,1,38000
0,0,1,40000
4,3,1,35000
4,3,1,40000
6,5,2.4,350000
3,3,1,45000
3,3,1,40000
6,6,10,48000
3,2,7,20000
3,2,7,18000
1,2,7,10000
3,2,7,19000
3,3,12,30000
4,3,1,35000
3,3,1,35000
4,3,1,40000
3,3,10.4,43000
2,4,6,25000
6,7,1,400000
3,3,8,48000
6,5,1,160000
3,3,6,20000
0,0,14,80000
0,0,1,70000
0,0,1,72000
0,0,1,73000
0,0,1,74000
0,0,1,75000
0,0,1,69000
0,0,1,68000
0,0,1,67000
0,0,1,66000
0,0,1,71000
0,0,1,65000
0,0,1,64000
0,0,1,63000
0,0,1,62000
0,0,1,61000
0,0,1,60000
0,0,1,59000
0,0,1,58000
0,0,1,57000
0,0,1,56000
0,0,1,35000
0,0,1,36000
0,0,1,37000
0,0,1,38000
0,0,1,39000
0,0,1,40000
0,0,1,41000
0,0,1,42000
0,0,1,43000
0,0,1,44000
0,0,1,33000
0,0,1,34000
0,0,1,35000
0,0,1,36000
0,0,1,37000
0,0,1,38000
0,0,1,39000
0,0,1,40000
0,0,1,41000
0,0,1,42000
0,0,1,45000
0,0,1,44000
0,0,1,43000
0,0,1,42000
0,0,1,41000
0,0,1,40000
0,0,1,39000
0,0,1,38000
0,0,1,37000
0,0,1,36000
0,0,1,35000
0,0,1,34000
0,0,1,33000
0,0,10,60000
0,0,10,59000
0,0,10,58000
0,0,10,57000
0,0,10,56000
0,0,10,55000
0,0,10,54000
0,0,10,53000
0,0,10,52000
0,0,10,51000
0,0,10,50000
0,0,10,49000
0,0,10,48000
0,0,10,47000
0,0,10,46000
0,0,10,50000
0,0,10,45000
0,0,10,38000
0,0,10,39000
0,0,10,40000
0,0,10,41000
0,0,10,42000
0,0,10,43000
0,0,10,44000
0,0,10,45000
0,0,10,46000
0,0,10,47000
0,0,10,35000
0,0,10,34000
0,0,10,33000
0,0,10,32000
0,0,10,31000
0,0,10,30000
0,0,10,29000
0,0,10,28000
0,0,10,27000
0,0,10,26000
0,0,10,24000
0,0,10,25000
0,0,10,26000
0,0,10,27000
0,0,10,28000
0,0,10,29000
0,0,10,30000
0,0,10,31000
0,0,10,32000
0,0,10,33000
0,0,10,34000
0,0,10,33000
0,0,10,32000
0,0,10,31000
0,0,10,30000
0,0,10,29000
0,0,10,28000
0,0,10,27000
0,0,10,26000
0,0,10,25000
0,0,5,30000
0,0,5,31000
0,0,5,32000
0,0,5,33000
0,0,5,34000
0,0,5,35000
0,0,5,36000
0,0,5,37000
0,0,5,38000
0,0,5,39000
0,0,5,40000
0,0,5,41000
0,0,5,42000
0,0,5,43000
0,0,5,44000
0,0,5,45000
0,0,5,46000
0,0,5,47000
0,0,5,48000
0,0,5,49000
0,0,5,35000
0,0,5,36000
0,0,5,37000
0,0,5,38000
0,0,5,39000
0,0,5,40000
0,0,5,41000
0,0,5,21000
0,0,5,22000
0,0,5,23000
0,0,5,24000
0,0,5,25000
0,0,5,26000
0,0,5,30000
0,0,5,29000
0,0,5,28000
0,0,5,27000
0,0,5,26000
0,0,5,25000
0,0,5,24000
0,0,5,25000
0,0,5,26000
0,0,5,27000
0,0,5,28000
0,0,5,29000
0,0,5,30000
0,0,5,31000
0,0,5,32000
0,0,5,33000
0,0,5,34000
0,0,5,23000
0,0,5,22000
0,0,5,21000
0,0,5,20000
0,0,10,25000
0,0,10,26000
0,0,10,27000
0,0,10,28000
0,0,10,29000
0,0,10,30000
0,0,1,75000
0,0,1,74000
0,0,1,73000
0,0,1,72000
0,0,1,71000
0,0,1,70000
2,2,7.6,12000000
5,5,7,22500000
7,7,8.5,23500000
6,5,1,75000000
7,7,1,23000000
2,2,7.2,16600000
0,0,1,69000
0,0,1,68000
0,0,1,67000
0,0,1,66000
0,0,1,33000
0,0,1,34000
0,0,1,35000
0,0,1,36000
0,0,1,37000
0,0,1,38000
0,0,1,39000
0,0,1,40000
0,0,1,41000
0,0,1,42000
0,0,1,31000
0,0,1,32000
0,0,1,33000
0,0,1,34000
6,5,1,30000000
3,3,3,4000000
1,2,3,2500000
2,4,5,7500000
6,7,14.5,30000000
4,4,2.5,7700000
6,5,11,27500000
6,5,11,27500000
5,5,7,14500000
5,5,7,14500000
4,4,5,8500000
2,3,7,30000000
2,2,5,3300000
2,3,4,4500000
0,0,7,13500000
5,3,5,9500000
4,5,1,35000000
6,7,1,40000000
4,5,7,14500000
6,5,7,14800000
5,5,7,13500000
6,6,7,14800000
1,2,3.5,2000000
4,4,10,8500000
4,4,10,24000000
3,5,4.5,15000000
0,0,3,25000
2,3,3,25000
1,2,3,10000
2,2,5,10000
2,2,5,18000
4,4,7,45000
6,7,1,120000
2,2,5,25000
3,3,1.5,65000
3,3,2,25000
3,3,12,36000
0,1,1.6,15000
0,2,2.9,20000
0,1,1.6,20000
0,1,1.6,15000
0,1,1.6,15000
0,1,1.6,15000
0,2,2.9,20000
0,1,2.2,25000
0,3,5,30000
0,3,5,33000
0,2,5,22000
0,2,5,23000
0,2,4.5,23000
0,2,5,15000
0,2,5,17000
0,2,5,14000
0,2,5,20000
0,4,10,18500000
0,4,10,17500000
0,5,1,42500000
0,5,1,45000000
0,4,10,24500000
0,4,10,25000000
0,4,10,23500000
0,5,1,42500000
0,4,10,18000000
0,0,4.5,8000000
0,0,1,46500000
2,2,3,3000000
6,6,10,27900000
4,3,5,8500000
4,3,5,13500000
4,3,5.5,13500000
3,3,5,12500000
2,3,2,4700000
6,9,5,12500000
4,4,10,21500000
4,6,5,7000000
6,5,1,29000000
6,5,10,31300000
6,5,1,35000000
4,3,5,10500000
4,3,3,4500000
4,4,3,8000000
0,0,2.7,4500000
4,3,5,8500000
0,0,5,15000000
7,5,10,23000000
6,6,15,17000000
2,2,2.5,3400000
4,4,5,11000000
3,3,5,10000000
5,4,7,13000000
5,5,6,8000000
8,7,1.2,19000000
6,10,8,34000000
3,2,5.8,36000
3,3,9.3,55000
3,3,7.3,85000
3,3,7.3,85000
5,4,2.4,315000
4,3,10,35000
3,3,5.1,85000
0,0,3.2,10000000
2,2,2.7,3700000
6,7,12.2,32500000
5,8,8.6,37000000
0,0,4.2,5700000
2,2,3.1,5000000
1,2,2,2200000
4,4,9.6,17000000
2,2,3.1,3500000
2,3,3.2,4500000
7,6,5,6800000
3,3,5.3,6500000
2,2,4.1,4500000
6,6,4.8,13500000
3,3,5,12500000
0,0,7.1,22000000
4,5,17.3,50000000
2,3,5.8,15000000
2,2,4.4,4600000
3,3,8,19000000
2,2,4.2,7000000
2,2,4.2,35000
4,4,10,175000
4,4,3,125000
3,3,1,130000
4,4,1,225000
0,0,1,35000
0,0,1,36000
0,0,1,37000
0,0,1,38000
0,0,1,39000
0,0,1,40000
0,5,1,80000
0,5,1,81000
0,5,1,96000
0,5,1,83000
0,5,1,85000
0,5,1,87000
0,5,1,89000
0,5,1,90000
0,5,1,92000
0,5,1,94000
0,5,1,80000
0,5,1,81000
0,5,1,83000
0,5,1,85000
0,5,1,87000
0,5,1,89000
0,5,1,90000
0,5,1,92000
0,5,1,94000
0,5,1,96000
0,5,1,80000
0,5,1,81000
0,5,1,83000
0,5,1,85000
0,5,1,87000
0,5,1,89000
0,5,1,90000
0,5,1,92000
0,5,1,94000
0,5,1,96000
0,5,1,80000
0,5,1,81000
0,5,1,83000
0,5,1,85000
0,5,1,87000
0,5,1,89000
0,5,1,90000
0,5,1,92000
0,5,1,94000
0,5,1,96000
3,3,1,120000
2,2,7,30000
0,5,1,80000
0,5,1,81000
0,5,1,83000
0,5,1,85000
0,5,1,87000
0,5,1,89000
0,5,1,90000
0,5,1,92000
0,5,1,94000
0,5,1,96000
0,5,1,80000
0,5,1,81000
0,5,1,83000
0,5,1,85000
0,5,1,87000
0,5,1,89000
0,5,1,90000
0,5,1,92000
0,5,1,94000
0,5,1,96000
0,5,1,80000
0,5,1,81000
0,5,1,83000
0,5,1,85000
0,5,1,87000
0,5,1,89000
0,5,1,90000
0,5,1,92000
0,5,1,94000
0,5,1,96000
6,5,10,52000
0,0,8,120000
2,3,5,30000
6,6,1,9500
3,3,10,55000
2,3,12,50000
3,3,5,28000
5,7,2,175000
2,3,5,25000
0,5,3.5,35000
0,0,5,28500
0,0,7,35000
0,0,7,36000
0,0,7,37000
0,0,7,38000
0,0,7,39000
0,0,7,40000
0,0,7,41000
0,0,7,42000
0,0,7,43000
0,0,7,44000
0,0,7,22000
0,0,7,22200
0,0,7,22500
0,0,7,22700
0,0,7,23000
0,0,7,23500
0,0,7,23700
0,0,7,24000
0,0,7,24500
0,0,7,24700
0,0,7,23000
0,0,7,23500
0,0,7,23700
0,0,7,24000
0,0,7,24700
0,0,7,24500
0,0,7,25000
0,0,7,25500
0,0,7,25700
0,0,7,26000
0,0,7,35000
0,0,7,36000
0,0,7,37000
0,0,7,38000
0,0,7,39000
0,0,7,40000
0,0,7,41000
0,0,7,42000
0,0,7,43000
0,0,7,44000
0,0,7,22000
0,0,7,22200
0,0,7,22500
0,0,7,22700
0,0,7,23000
0,0,7,23500
0,0,7,23700
0,0,7,24000
0,0,7,24500
0,0,7,24700
0,0,7,23000
0,0,7,23500
0,0,7,23700
0,0,7,24000
0,0,7,24700
0,0,7,24500
0,0,7,25000
0,0,7,25500
0,0,7,25700
0,0,7,26000
0,0,7,35000
0,0,7,36000
0,0,7,37000
0,0,7,38000
0,0,7,39000
0,0,7,40000
0,0,7,41000
0,0,7,42000
0,0,7,43000
0,0,7,44000
0,0,7,22000
0,0,7,22200
0,0,7,22500
0,0,7,22700
0,0,7,23000
0,0,7,23500
0,0,7,23700
0,0,7,24000
0,0,7,24500
0,0,7,24700
0,0,7,23000
0,0,7,23500
0,0,7,23700
0,0,7,24000
0,0,7,24700
0,0,7,24500
0,0,7,25000
0,0,7,25500
0,0,7,25700
0,0,7,26000
0,0,7,35000
0,0,7,36000
0,0,7,37000
0,0,7,38000
0,0,7,39000
0,0,7,40000
0,0,7,41000
0,0,7,42000
0,0,7,43000
0,0,7,44000
0,0,7,22000
0,0,7,22200
0,0,7,22500
0,0,7,22700
0,0,7,23000
0,0,7,23500
0,0,7,23700
0,0,7,24000
0,0,7,24500
0,0,7,24700
0,0,7,23000
0,0,7,23500
0,0,7,23700
0,0,7,24000
0,0,7,24700
0,0,7,24500
0,0,7,25000
0,0,7,25500
0,0,7,25700
0,0,7,26000
0,0,7,35000
0,0,7,36000
0,0,7,37000
0,0,7,38000
0,0,7,39000
0,0,7,40000
0,0,7,41000
0,0,7,42000
0,0,7,43000
0,0,7,44000
0,0,7,22000
0,0,7,22200
0,0,7,22500
0,0,7,22700
0,0,7,23000
0,0,7,23500
0,0,7,23700
0,0,7,24000
0,0,7,24500
0,0,7,24700
0,0,7,23000
0,0,7,23500
0,0,7,23700
0,0,7,24000
0,0,7,24700
0,0,7,24500
0,0,7,25000
0,0,7,25500
0,0,7,25700
0,0,7,26000
0,0,7,35000
0,0,7,36000
0,0,7,37000
0,0,7,38000
0,0,7,39000
0,0,7,40000
0,0,7,41000
0,0,7,42000
0,0,7,43000
0,0,7,44000
0,0,7,22000
0,0,7,22200
0,0,7,22500
0,0,7,22700
0,0,7,23000
0,0,7,23500
0,0,7,23700
0,0,7,24000
0,0,7,24500
0,0,7,24700
0,0,7,23000
0,0,7,23500
0,0,7,23700
0,0,7,24000
0,0,7,24700
0,0,7,24500
0,0,7,25000
0,0,7,25500
0,0,7,25700
0,0,7,26000
0,0,7,35000
0,0,7,36000
0,0,7,37000
0,0,7,38000
0,0,7,39000
0,0,7,40000
0,0,7,41000
0,0,7,42000
0,0,7,43000
0,0,7,44000
0,0,7,22000
0,0,7,22200
0,0,7,22500
0,0,7,22700
0,0,7,23000
0,0,7,23500
0,0,7,23700
0,0,7,24000
0,0,7,24500
0,0,7,24700
0,0,7,23000
0,0,7,23500
0,0,7,23700
0,0,7,24000
0,0,7,24700
0,0,7,24500
0,0,7,25000
0,0,7,25500
0,0,7,25700
0,0,7,26000
0,0,7,35000
0,0,7,36000
0,0,7,37000
0,0,7,38000
0,0,7,39000
0,0,7,40000
0,0,7,41000
0,0,7,42000
0,0,7,43000
0,0,7,44000
0,0,7,22000
0,0,7,22200
0,0,7,22500
0,0,7,22700
0,0,7,23000
0,0,7,23500
0,0,7,23700
0,0,7,24000
0,0,7,24500
0,0,7,24700
0,0,7,23000
0,0,7,23500
0,0,7,23700
0,0,7,24000
0,0,7,24700
0,0,7,24500
0,0,7,25000
0,0,7,25500
0,0,7,25700
0,0,7,26000
0,0,7,35000
0,0,7,36000
0,0,7,37000
0,0,7,38000
0,0,7,39000
0,0,7,40000
0,0,7,41000
0,0,7,42000
0,0,7,43000
0,0,7,44000
0,0,7,22000
0,0,7,22200
0,0,7,22500
0,0,7,22700
0,0,7,23000
0,0,7,23500
0,0,7,23700
0,0,7,24000
0,0,7,24500
0,0,7,24700
0,0,7,23000
0,0,7,23500
0,0,7,23700
0,0,7,24000
0,0,7,24700
0,0,7,24500
0,0,7,25000
0,0,7,25500
0,0,7,25700
0,0,7,26000
0,0,7,35000
0,0,7,36000
0,0,7,37000
0,0,7,38000
0,0,7,39000
0,0,7,40000
0,0,7,41000
0,0,7,42000
0,0,7,43000
0,0,7,44000
0,0,7,22000
0,0,7,22200
0,0,7,22500
0,0,7,22700
0,0,7,23000
0,0,7,23500
0,0,7,23700
0,0,7,24000
0,0,7,24500
0,0,7,24700
0,0,7,23000
0,0,7,23500
0,0,7,23700
0,0,7,24000
0,0,7,24700
0,0,7,24500
0,0,7,25000
0,0,7,25500
0,0,7,25700
0,0,7,26000
0,0,7,35000
0,0,7,36000
0,0,7,37000
0,0,7,38000
0,0,7,39000
0,0,7,40000
0,0,7,41000
0,0,7,42000
0,0,7,43000
0,0,7,44000
0,0,7,22000
0,0,7,22200
0,0,7,22500
0,0,7,22700
0,0,7,23000
0,0,7,23500
0,0,7,23700
0,0,7,24000
0,0,7,24500
0,0,7,24700
0,0,7,23000
0,0,7,23500
0,0,7,23700
0,0,7,24000
0,0,7,24700
0,0,7,24500
0,0,7,25000
0,0,7,25500
0,0,7,25700
0,0,7,26000
4,3,1,45000
3,3,10,35000
5,5,5,18500000
5,4,10,32500000
3,3,3.5,8000000
0,0,1,29900000
2,4,4,8000000
4,3,5.5,14500000
4,3,5.5,14500000
3,2,6.2,8800000
4,3,4,7500000
4,3,5,11000000
6,6,1,54000000
6,5,1,51500000
6,5,1,51500000
7,6,1,41000000
6,5,1,37500000
4,3,3,6000000
6,5,1,44000000
6,5,1,37000000
2,2,10,18000000
6,5,1,35300000
6,5,1,60000000
6,5,10,24500000
7,5,1,61500000
6,5,1,42500000
4,3,7,21500000
6,6,1,90000000
3,3,4.9,12000000
6,5,10,29000000
6,6,16,50000000
4,3,5,14500000
3,4,6,19000000
7,7,14.2,40000000
0,0,4,200000000
0,0,9.4,29000000
4,4,6.7,18500000
2,2,3.6,5200000
4,4,4,6500000
6,5,10,28000000
2,2,3,2100000
6,5,6,12000000
4,4,8,15000000
3,3,5,12000000
6,6,1,49000000
4,4,5,10000000
0,0,11,13000000
0,0,5.3,10100000
1,1,4.9,14500
2,3,6,17000
3,3,12,40000
5,4,1.8,375000
10,11,12,120000
3,3,14,60000
6,5,2.5,450000
5,4,1,350000
5,5,1.6,250000
1,1,4.4,75000
2,2,8,50000
6,5,1,180000
2,2,9.3,55000
2,2,3.6,16000
3,3,12,38000
2,2,4.6,32000
4,3,1.2,350000
3,2,6,20000
4,4,4,25000
4,5,14,85000
6,5,1,210000
6,5,1,39200000
5,5,3,8500000
9,8,2,172500000
6,5,10,22500000
6,5,1,34500000
5,4,10,19200000
4,4,5,13800000
5,5,1,35000000
6,6,1,47500000
4,3,5.5,14500000
10,8,1.2,65000000
1,1,2,3600000
4,3,5.5,11500000
5,5,6,21000000
4,3,6,11500000
3,6,4,9900000
6,5,1,65000000
5,4,1,30000000
3,4,3,5500000
2,2,6,8800000
4,4,7,20000000
6,6,1,14000000
5,5,10,14500000
5,4,10,28500000
4,4,1.2,50000000
0,7,12,26000000
6,6,1,43500000
6,4,1,54000000
6,5,10,20000000
5,5,11,24000000
4,4,11,32500000
6,4,5,12200000
0,0,3,4200000
5,6,10,24000000
6,10,16,27000000
4,8,5,9000000
6,5,5,12500000
2,2,4,4400000
6,5,1,52000000
6,5,1,47500000
2,5,5,9000000
0,0,3,1800000
4,3,3.5,4700000
4,5,5,11000000
4,3,3.5,4700000
2,3,5,4300000
6,5,10,21000000
7,5,1,37000000
3,5,5,9400000
5,5,10,30000000
6,5,1,30000000
3,3,3,8500000
0,0,10,18000000
2,3,2.5,4200000
5,7,4,13000000
2,3,3,4500000
5,4,10,28000000
5,4,12,25000000
0,0,9,28000000
1,2,4,4500000
2,3,3,5500000
2,4,2.5,5200000
3,3,5,7300000
6,6,5.5,13000000
2,2,14,7500000
2,2,4.9,5000000
2,2,5.6,3500000
8,11,7,15500000
3,3,5,11800000
5,5,7,14500000
6,5,1,32500000
2,2,5,6000000
5,5,10,13000000
3,2,5,5000000
5,4,6,9500000
2,2,2.5,2650000
6,5,8,15000000
4,4,1,42500000
3,2,5,4800000
4,3,10,12000000
7,5,7,13500000
7,5,7,14500000
5,8,7,38000000
6,4,7,13500000
4,5,6,5750000
6,4,7,14500000
2,5,4,4800000
6,4,7,13500000
7,5,10,25500000
6,5,7,15000000
6,4,7,14500000
0,0,5,6500000
0,0,4,4000000
5,5,7,13500000
0,0,2.5,18000
2,3,5,14000
3,3,8,25000
3,3,12,33000
5,5,10,65000
4,4,12,35000
6,8,1.2,120000
3,3,1.5,65000
7,5,10,30000
2,3,5,14000
4,4,1.2,60000
2,2,11,35000
0,0,7,45000
1,1,3.1,35000
4,4,12,35000
3,3,5,20000
1,3,11,17000
3,2,18,25000
2,3,10,35000
3,3,10,35000
3,2,10,40000
5,4,12,70000
5,6,1,35500000
6,5,1.1,44000000
8,7,1.3,77500000
4,3,5,10000000
5,5,1,42500000
6,5,1,34500000
5,5,10,16000000
4,3,5,14000000
6,5,10,16200000
6,6,1.1,45000000
0,0,1,40000000
5,4,10,24000000
3,3,10,20000000
7,4,10,23000000
7,5,1,33500000
7,6,1.3,68500000
4,3,5,8000000
8,6,2.1,77500000
7,5,19,34900000
2,3,3.5,4000000
5,5,1,54000000
7,6,1,47500000
7,6,1.1,34000000
7,5,1.1,39000000
7,5,1.1,39000000
2,2,7.3,34000000
4,4,11.5,52500000
6,5,1,85000000
5,9,8.6,42500000
2,2,4.7,6600000
0,0,10,12300000
4,5,9.6,20000000
3,3,5.9,4000000
6,5,1,110000000
7,7,12.2,40000000
2,2,2.7,3600000
2,3,6.5,10500000
2,2,4.4,15000000
2,2,4.4,14500000
3,2,4.8,4500000
3,3,8,8000000
0,0,8.6,18500000
9,7,3.2,15000000
3,3,6.4,8000000
2,2,3.2,6000000
2,2,4.4,7850000
6,6,6,13500000
2,2,5.3,12600000
2,2,4,3000000
2,3,4,5000000
3,3,4.8,13000000
2,2,4,3800000
2,5,8,5500000
6,6,4.8,11000000
2,2,3.2,11000000
1,2,2.7,4300000
0,0,2.4,1300000
2,2,4.7,9500000
2,2,4.7,15200000
3,3,6,6000000
3,3,6.4,11500000
0,0,8,25000000
6,5,4.8,9300000
0,0,5,8500000
1,2,3.2,3500000
3,3,5.8,5000000
3,3,10.7,13000000
2,2,2.9,4500000
4,4,5.2,19500000
1,2,2.4,3500000
6,6,4.8,16700000
8,7,1.2,60000000
5,5,6.4,31000000
0,0,4,5000000
3,3,5.6,6000000
7,6,9.6,33500000
5,4,15,61500000
0,0,5.3,17500000
4,3,5.3,9000000
3,3,4,8500000
5,3,4.8,28500000
0,0,3.8,4000000
4,3,5.6,6000000
8,6,16,42500000
6,5,1,115000000
2,3,5.3,5600000
4,4,4.8,7000000
6,5,14,140000
3,3,7.3,49000
3,2,5.8,35000
5,4,16.4,210000
0,0,14.2,56000000
5,6,4,6000000
1,1,3.1,5250000
4,4,14.2,19000000
8,8,2.1,140000000
0,0,2,155000000
5,5,6.7,13800000
4,4,7,11900000
3,3,5,4000000
5,5,10,21000000
5,5,10,21000000
2,2,4.9,7000000
5,5,1,46000000
2,2,3,4480000
2,2,3.3,6200000
2,2,7,12500000
2,2,3.4,3500000
0,0,1,15000000
6,5,1.3,100000000
6,6,8,14000000
0,0,4,4200000
4,4,5,10000000
5,5,7,12000000
0,0,14.2,35000000
0,0,14.2,30000000
6,5,5.3,12200000
2,2,5,6650000
5,5,5,10500000
2,2,3.1,3500000
3,2,6,6500000
3,4,6,19000000
5,5,1.6,120000000
2,2,4.6,8300000
3,3,5,4200000
2,2,4.7,5500000
8,7,1,59500000
3,3,10.6,42500000
5,4,10,25000000
6,6,2.4,160000000
2,2,4,26000
3,2,5.6,18000
2,2,5.8,90000
2,2,5.1,28000
1,1,7.8,70000
6,6,2,300000
4,3,1,60000
7,6,1.2,425000
2,2,7,36000
2,2,7,19000
1,1,3,11000
3,3,1,155000
3,3,15,60000
3,3,1,40000
0,3,6.7,70000
4,4,1,350000
4,3,5,40000
4,4,8,45000
4,4,9.3,50000
2,2,2,17000
6,6,1.1,450000
7,6,10,85000
5,5,1,350000
4,3,1,250000
5,5,1,500000
6,5,18,25500000
7,5,1,32500000
6,7,10,19000000
4,3,5,13000000
4,3,3.5,8000000
5,3,3.3,28500000
4,3,3.5,4700000
4,3,5,9800000
4,3,5,11000000
4,3,5,15000000
4,5,9,20000000
0,0,5,4750000
1,1,1,1600000
3,3,5,8000000
3,3,5,8800000
3,3,3,7200000
3,3,2,5000000
6,5,1,55000000
5,5,10,19500000
3,3,5,10000000
4,4,1,19500000
5,3,13,15000000
4,4,5,12500000
5,5,10,25000000
6,5,1,33000000
3,3,4.6,7500000
5,4,10,30000000
4,4,3,6500000
7,6,1,30000000
5,4,10,21500000
6,5,1,51000000
3,3,3,5200000
6,5,2,68900000
4,4,10,40000000
6,5,10,15000000
0,4,7,18000000
4,5,2,140000000
3,2,10,20000000
2,2,2.5,4000000
0,3,1.2,85000000
2,2,4,6500000
3,3,3,4490000
0,0,6.5,3300000
6,6,5,9500000
4,4,5,12000000
4,3,3,5700000
6,5,1,45000000
6,5,1,33800000
6,5,1,33500000
6,4,10,28000000
3,5,9,25000000
3,3,3,6200000
0,0,4,5800000
0,0,17.5,30000000
3,2,8,8500000
5,4,10,20000000
4,5,4,4000000
0,0,5,2300000
0,6,19.2,25000000
4,3,3,9000000
0,0,1.8,8000000
6,6,10,14500000
5,5,7,12500000
3,4,3,9000000
6,6,12,25000000
3,2,5,5500000
4,4,5,4800000
3,2,2.5,2500000
2,2,4.3,3600000
5,5,10,21000000
5,5,10,21000000
6,5,11,22400000
3,3,5,10000000
2,2,4,6500000
3,5,12.5,15000000
6,11,5,12000000
0,0,5,8500000
4,3,10,11500000
4,3,10,11000000
3,3,7,6200000
4,4,10,20500000
6,4,10,24000000
6,6,1.2,27500000
2,1,3.6,7500000
2,2,5,4200000
3,5,10,11500000
5,4,5,11500000
5,4,5,11000000
6,6,1.1,42500000
3,6,3,6800000
6,5,10,23000000
2,2,7,30000
0,0,10,80000
0,0,5,25000
2,2,10,25000
3,3,14,35000
6,5,10,70000
4,3,11,60000
8,6,12,75000
2,3,5,10000
3,3,6,27000
3,3,10,45000
5,5,7,45000
1,1,2.7,28000
1,1,2.4,25000
1,1,2.7,35000
3,3,7,30000
2,2,4.4,45000
4,6,5,5500000
3,3,5,9700000
4,4,5,10000000
3,5,3.8,13000000
6,5,5,11000000
4,4,5,7500000
4,4,5,9500000
3,3,3,6500000
6,5,1,59000000
3,3,5,12500000
0,3,3,6500000
6,5,1,37500000
6,5,1,45000000
3,3,3,5000000
4,4,4,8000000
3,3,4,7000000
6,5,1,47000000
3,3,2.5,4300000
4,4,4,7800000
4,4,9,19000000
6,5,1,42500000
5,4,10,29900000
0,0,2,10000000
0,0,2,11000000
0,0,2,12000000
0,0,2,13000000
0,0,2,14000000
0,0,2,15000000
0,0,2,16000000
0,0,2,17000000
0,0,2,18000000
0,0,2,19000000
0,0,2,20000000
3,3,9.6,41000000
3,3,8.9,12500000
1,2,1.6,2600000
1,2,2.2,2650000
2,2,4.2,8700000
2,2,4,10000000
2,2,3.6,5200000
2,2,5.6,5200000
9,8,1.3,155000000
2,2,4,13500000
0,3,6,18000000
3,3,10.7,41500000
6,4,16,90000000
2,2,4.4,6000000
5,4,4.8,14000000
3,3,5.1,7000000
2,2,4,8500000
3,3,7.1,26500000
0,2,1.8,3100000
7,11,4.8,12000000
2,2,3.2,3000000
4,4,9.8,25000000
4,7,2.6,7500000
2,2,4.2,7500000
2,2,4.2,6000000
3,3,8,12000000
4,4,1,90000000
3,3,5.6,13000000
5,5,9.6,33500000
3,3,8.9,19000000
4,4,14.4,45000000
3,5,2.6,2700000
2,2,4.4,7850000
7,6,1.2,80000000
4,6,3.2,8800000
6,6,9,48000000
8,6,16,20000000
3,3,5.8,9000000
4,3,11.1,36000000
3,3,10.8,16000000
2,6,4.8,19000000
3,2,5.6,7000000
7,7,8.4,25500000
2,4,4.8,3600000
2,3,3.2,2600000
3,2,4.7,3500000
0,0,16,20000000
3,6,4.8,18000000
7,6,1.2,185000000
5,5,9.6,65000000
9,9,9.6,30000000
3,2,4.8,7000000
3,2,4,8000000
3,3,4.8,25000000
6,8,16,55000000
4,4,12.2,44500000
1,2,2.4,2200000
0,0,6,6200000
3,3,8.9,13000000
2,2,4.2,8990000
5,4,10,37500000
6,4,10,32000000
7,6,2,250000000
2,3,4.8,7500000
2,2,4.8,38000
6,6,1.3,550000
4,3,12.8,55000
3,3,10.7,120000
0,3,8.9,100000
2,2,4.2,35000
6,5,1,110000
3,3,1.6,125000
5,4,1,210000
2,2,5,3450000
3,3,8,7800000
2,2,5,4000000
1,1,3.1,6273000
0,0,6.7,4800000
6,5,9.3,14500000
8,8,1.3,150000000
7,5,10,18000000
6,6,1,37000000
6,5,8,26500000
2,2,5,3400000
2,2,5,3400000
6,6,16,50000000
0,1,2.4,3700000
5,5,7,12000000
4,4,5,8500000
2,3,5,5500000
2,2,5.1,8000000
2,2,3.1,4500000
6,6,10,30000000
4,4,5,15000000
2,1,3.7,5650000
6,6,5,8200000
3,2,5.2,7800000
6,6,1,92500000
5,5,7,22500000
5,5,1,44000000
3,3,9.3,30000000
2,1,2.8,1500000
5,5,2,33500000
3,3,4.4,5000000
3,3,8.9,30000000
6,8,1,120000000
3,3,3,2700000
1,1,3.1,5850000
3,2,7,8500000
3,3,10,23000000
3,3,5,4800000
2,2,3.1,3000000
0,0,17.8,66000000
0,1,2,3825000
7,5,5,30000
6,6,1,88000
3,3,1,45000
3,3,1,40000
2,2,5.3,50000
2,2,2.2,35000
3,3,9.3,130000
3,2,7,24000
3,3,12.9,85000
0,0,5.6,48000
0,0,5.6,48000
2,2,5,20000
6,6,1,110000
3,2,8,20000
3,3,1,50000
0,6,1,100000
1,2,2,21000
2,2,4,35000
2,2,9.3,150000
3,3,8.2,80000
2,2,6,17000
5,5,1,150000
10,11,2.4,1400000
1,1,0.4,10000
1,1,2,43000
0,0,4,18000000
0,0,2,9000000
0,0,3,13500000
0,0,4,18000000
0,0,2,9000000
5,5,10,15500000
4,4,1,23500000
6,6,2,90000000
5,5,10,20000000
3,2,3,5000000
4,3,3,6500000
1,2,4,5000000
2,4,7.5,18000000
6,5,1,49900000
3,3,5,12500000
3,3,11,19000000
6,5,1,43000000
0,5,1,53500000
2,2,3,2500000
0,4,10,19500000
5,5,14,36000000
0,0,10,17500000
6,5,1,50000000
6,5,1,45000000
2,3,10,12500000
6,5,1,65000000
6,5,1,55000000
6,5,5,13000000
1,2,5,4100000
6,5,1,55000000
5,4,10,28000000
6,5,1,61500000
6,5,10,16000000
4,4,7,19000000
3,3,5,10000000
6,11,8,14000000
7,7,1.3,48000000
5,4,2,85000000
4,2,5,2500000
6,5,1,56500000
6,5,1.6,80000000
5,4,10,35000000
2,3,2,2700000
2,2,1.5,2200000
4,4,5,13000000
6,6,5,16000000
2,2,5,8500000
2,2,3,7000000
4,3,5,10500000
4,3,8,15500000
4,4,10,18000000
1,2,5,8000000
0,0,10,12000000
6,5,1,59000000
3,3,5,12500000
6,5,10,11000000
5,5,10,19500000
2,2,2,3000000
0,0,5.5,4000000
0,0,1,57500000
1,1,1.8,1872000
3,2,10,8500000
4,3,5,16000000
2,2,2.5,2750000
5,5,10,14000000
1,3,3,2900000
6,5,3.1,5500000
6,6,7,9500000
0,0,3,10000000
5,4,5,9000000
1,3,5,6000000
1,3,4.5,4600000
2,3,4,3700000
6,5,5,18000000
3,3,4.7,8000000
0,5,10,25000000
6,4,10,18500000
6,4,5.5,12000000
6,5,7,12000000
5,4,5,10000000
6,5,6,13000000
5,5,4,4000000
6,6,1.6,75000000
10,7,12.4,25000000
5,5,5.6,9000000
6,6,1,40000000
4,4,5,12000000
5,4,7,26000000
0,0,3,6000000
3,3,5,3500000
5,5,10,10000000
5,5,5,5000000
6,6,1,35000000
0,0,4,3300000
1,2,3,3500000
3,3,18,35000
0,3,10,35000
3,3,14,35000
5,5,10,65000
3,3,14,35000
5,5,6,39000
8,5,10,30000
4,4,7,45000
2,2,4,16000
3,3,7,25000
4,3,11.6,45000
4,5,5,75000
6,5,10,15500000
3,4,17,25000000
6,4,1,70000000
4,5,15,18000000
4,3,3,4700000
5,4,5,14500000
6,5,1,47000000
3,4,1.1,140000000
4,3,8,15000000
6,6,8,20000000
4,4,4.8,9000000
6,6,1,110000000
0,0,16,26000000
2,3,4,3200000
3,3,5.8,13500000
1,1,2.2,1800000
2,2,2.9,3500000
3,3,5.6,8000000
4,4,10.9,51000000
3,5,3.2,17000000
6,5,1,122500000
3,3,5.6,11000000
2,2,2.9,2700000
6,6,4.8,14500000
6,11,1,75000000
3,3,5.4,11000000
3,3,6.7,10500000
3,2,5,7500000
6,6,1,70000000
5,5,12,85000000
4,4,12,16000000
0,0,2.9,3500000
3,3,9,18500000
0,0,2.8,4500000
2,2,4,8500000
2,2,4,11000000
3,3,6.2,14500000
2,3,4.8,5950000
0,0,16,120000000
6,5,10,57500000
6,5,1,68000000
0,11,9.6,17000000
4,3,7.6,16500000
3,3,5.2,6600000
2,2,4.2,5500000
3,3,6.4,11000000
4,3,7.6,17000000
4,4,4,36500000
2,2,5.3,8500000
1,2,3,3000000
8,7,2.7,255000000
6,6,9.6,41000000
2,2,4.1,5500000
0,0,1.8,1950000
3,3,6.7,12000000
6,3,12.4,49000000
4,4,5.3,4200000
6,8,4.8,18000000
3,3,7.6,9000000
0,0,6.7,11500000
7,7,8,25500000
5,5,1,110000000
4,4,12,35000000
5,4,16.6,25000000
2,3,5.8,9500000
3,3,4,5000000
2,2,2.9,3500000
2,2,2.7,2700000
2,2,2.7,3200000
2,2,3.1,5500000
3,3,3.8,4000000
2,2,3.1,5000000
3,3,4.9,8400000
3,3,4.8,8500000
4,2,4.7,5500000
0,3,8.6,10000000
0,3,8.6,12500000
0,3,6.7,9500000
0,3,6.2,8500000
0,2,4.4,7000000
0,2,4.4,5000000
0,2,3.1,2800000
0,3,5.3,7500000
2,2,4.2,5800000
3,3,8,17000000
2,2,4.2,13000000
3,4,8,80000
3,4,12,200000
3,3,7.3,65000
3,3,6.2,35000
3,3,1.3,165000
4,4,4.8,125000
5,4,1,250000
2,2,2.7,2700000
2,2,6.3,6600000
6,6,7,15000000
2,2,8,23500000
5,4,1,72500000
1,1,2.7,2500000
2,2,3.4,5800000
0,0,1,90000000
8,7,5.4,480000000
2,2,3,3700000
4,3,11,18500000
2,2,4.2,6550000
0,0,2,1400000
0,0,5,3300000
3,3,8,7250000
2,2,6,15500000
4,5,14.1,38500000
7,6,8,14500000
10,11,1.6,140000000
2,2,6.2,16500000
7,5,8,26000000
2,2,4,3500000
6,6,14.2,83200000
5,5,6,14000000
7,2,9.4,17000000
0,3,7,9500000
0,3,5,6500000
0,2,5,5700000
0,2,7,13900000
5,5,10,28000000
4,3,5,6500000
6,9,7,13000000
1,1,2.2,3600000
5,5,1,44500000
1,1,4.3,4800000
6,6,4,55000000
8,8,2,115000000
0,0,8.5,31500000
4,3,5,8000000
6,5,1,65000000
5,5,5,13500000
2,2,5,3500000
6,6,12.4,48000000
3,3,6.7,14500000
3,3,5,14000000
3,2,5,7200000
6,6,14.2,56000000
2,2,6.7,68000
2,2,6,24000
2,2,3,13000
2,2,4.9,22000
5,4,1,250000
5,5,1.2,250000
4,4,1.2,250000
5,5,1,250000
5,5,1,380000
2,2,7.6,65000
6,6,3,30000
2,3,3,13000
3,2,5,21000
0,0,2.2,18000
3,3,12,60000
4,4,1,350000
5,5,1,250000
4,3,14,16000000
8,6,2,160000000
6,5,1,49000000
5,4,10,35000000
3,3,5,8500000
0,0,1.5,3500000
3,3,5.5,7600000
6,5,1,55000000
1,2,3,2350000
2,2,3,4000000
4,3,7,22500000
2,3,5,8500000
5,3,5,8500000
6,4,10,36000000
4,3,5,10500000
4,3,5,11500000
6,5,10,21000000
5,5,1,47500000
6,5,10,21000000
4,3,5,16500000
0,0,6,7200000
2,2,2.2,3400000
7,4,10,20000000
4,5,5,11800000
4,3,7,22500000
5,5,7,14200000
6,6,10,15900000
1,1,4,4000000
4,3,5,10500000
4,3,5,12500000
3,3,3,6800000
0,3,1,37500000
3,3,5,20000000
2,3,2.7,7000000
0,3,10,20000000
0,4,11,22500000
0,4,11,20000000
0,5,10,30000000
0,3,5,15000000
3,3,5,6000000
4,4,10,23500000
4,3,5,11900000
4,3,5,15500000
4,3,5,15500000
4,4,4,6800000
5,5,1,37000000
0,0,11,23000000
2,3,3,4500000
3,3,10,16000000
0,0,3.3,11000000
5,3,5,13500000
5,5,1,28000000
2,3,2.6,4500000
7,6,4,250000000
0,0,10,16800000
7,5,1,46000000
0,0,29,72500000
6,5,1,60500000
2,2,5,4200000
6,5,1,47500000
6,5,1,39000000
6,5,1,39500000
6,5,1,42500000
7,5,2,200000000
4,4,14,40000000
0,4,5,9600000
4,3,5,9500000
0,0,6,8800000
5,3,7,23000000
2,1,3,2680000
4,3,4.6,7000000
0,0,3,5700000
0,0,5,8500000
4,4,5,3800000
6,8,2,50000000
6,8,2,50000000
3,2,5,7200000
8,7,1,41000000
5,4,14,30000000
4,3,10,8900000
0,0,7,24000000
0,0,10.1,19500000
5,5,5,15500000
3,3,5,7500000
6,4,7,8000000
2,2,3.3,2000000
7,5,10,19000000
2,2,4.2,6200000
2,2,4.2,6200000
4,3,6.5,12500000
3,2,8,25000
0,0,3,20000
0,0,3,20000
1,2,5,20000
6,6,9.6,24000000
3,3,9.6,16000000
0,0,5.2,8500000
3,3,15.1,41000000
6,6,16,45000000
2,2,4.2,12500000
1,1,1.3,1650000
6,6,1,110000000
6,6,1,125000000
4,4,16,42000000
6,6,1,105000000
0,5,1,112000000
0,5,12,69000000
0,4,1,95000000
0,4,12,38000000
5,5,14,95000000
2,2,2.9,3800000
3,3,4.9,8400000
4,4,14,45000000
5,4,1,130000000
6,6,12,47500000
1,2,2.4,2500000
4,3,6.4,7500000
5,4,8,17000000
4,4,2.9,60000000
2,2,3.3,6500000
2,2,4.9,5500000
2,2,5.1,6700000
2,3,3.2,9500000
3,3,6.7,15500000
2,2,3.8,6800000
0,0,8,8000000
0,0,1,95000000
4,3,8,25000000
2,2,4,7000000
3,3,4.9,7000000
6,6,16,43000000
4,3,12,21000000
6,5,1,90000000
3,3,5.4,10500000
3,3,6,7000000
4,5,3.2,6000000
1,1,1.6,1450000
5,4,14,59000000
2,2,2,6300000
1,2,2.4,2700000
2,2,4,12000000
4,3,7.6,22000000
5,4,14,15000000
0,0,4,12000000
2,3,3.6,12500000
0,0,4.8,12000000
3,4,7.6,8200000
3,3,6.4,18500000
5,5,4.8,12000000
4,3,10.9,56000000
2,2,4,8500000
0,0,5.6,8000000
0,4,4,30000000
2,2,2.7,2300000
6,6,9.6,37500000
7,10,1.2,70000000
3,3,7.8,55000
2,2,14,80000
8,8,1,450000
3,3,5.3,55000
3,3,9.3,265000
3,3,6.7,45000
3,3,1,180000
5,5,14,230000
5,5,14,140000
3,3,1,100000
3,3,12,85000
0,3,8.2,70000
0,2,4.9,55000
5,4,1,220000
6,6,2,500000
2,2,4,30000
3,3,5.3,52000
4,4,7.6,85000
3,3,7.1,70000
4,4,9.3,80000
4,4,4,13500000
4,4,7,37000000
4,4,7,26500000
5,5,6.7,8000000
4,4,7,32500000
3,3,8,7000000
3,3,5,5200000
5,5,5,4800000
0,2,11.1,2500000
4,3,11,17500000
7,5,11,32000000
2,2,3.9,7000000
5,3,11,21000000
4,4,10,10300000
5,3,17,25000000
5,6,17,13000000
6,5,10,24500000
5,3,1,32000000
6,5,10,25000000
0,0,7,26000000
4,4,6,19000000
5,4,4,16000000
2,2,3.1,6500000
5,5,1.5,100000000
0,0,10,30000
3,3,1.6,95000
9,8,2.4,1250000
10,9,4,2000000
2,2,2,170000
1,1,2.2,65000
3,3,1,140000
0,0,1,85000
0,0,1,180000
0,0,3,22000
0,0,5,38000
0,0,5,35000
2,3,5,17000
2,4,7,13000
2,4,3.5,9000000
6,5,1,49000000
0,0,18,17000000
3,2,3,4900000
5,4,10,31000000
5,4,10,27500000
0,0,10,17500000
3,3,5,4500000
0,0,5,12000000
2,3,3.5,3400000
2,5,4,5500000
4,3,5,13500000
4,5,3,4500000
4,3,5,13500000
5,5,1,34000000
3,3,4,60000000
6,5,1,44000000
0,0,18,180000000
6,6,8,90000000
4,3,3,5500000
6,5,1,41000000
6,6,10,25000000
3,3,5,14000000
5,5,10,30000000
4,3,5,6650000
4,4,5,16500000
4,3,5.5,10800000
4,6,12,21500000
2,3,2,7000000
1,2,5,4000000
0,0,1.5,2800000
6,6,7,18000000
4,3,5,8300000
3,3,3,4490000
3,2,3,3900000
4,3,5,9000000
7,5,10,18500000
7,5,10,19000000
3,3,3,4500000
4,3,5,10000000
7,5,10,17000000
7,5,10,18000000
5,3,5,9900000
7,5,10,18000000
7,5,1,39000000
7,5,10,15900000
7,5,10,16600000
4,3,5,12000000
5,4,8,10400000
5,5,10,16000000
4,3,3,6500000
4,3,5,9500000
5,4,8,16000000
6,5,10,19500000
6,5,10,15000000
7,6,2,80000000
3,5,4,8000000
4,3,5,10500000
6,4,10,17500000
5,4,1,70000000
5,4,10.5,24500000
1,2,3,2600000
8,6,2,120000000
0,0,3,2290000
6,5,1,44000000
4,3,5,15000000
4,3,5,11500000
4,3,5,15000000
2,2,5.5,9950000
4,5,5.4,7500000
4,5,5,11800000
1,2,2.5,2000000
3,3,4.5,7000000
0,0,1,140000000
2,2,2,3500000
0,0,2.5,4500000
4,4,2,3500000
4,5,5,7800000
0,0,3.8,30000000
4,8,12,38000000
2,3,3,3600000
4,4,5,10500000
2,3,4,3850000
4,3,5,9000000
3,2,5,5000000
7,5,1,42500000
5,4,10,22000000
3,2,4.7,5000000
5,10,7,12000000
1,1,2.6,2700000
2,2,2,5500000
2,2,4.9,6800000
2,3,16,4600000
0,0,5.1,6400000
6,8,9.6,38000000
2,2,4.4,7200000
3,3,9.1,19000000
3,4,6,15000000
2,3,4.8,11000000
3,3,11.3,35000000
3,3,6.4,11000000
2,2,4.8,13000000
0,3,8,9500000
0,0,4.8,75000000
3,3,8,21500000
6,6,2,240000000
6,6,9.6,45000000
6,6,10.9,35000000
0,0,4.7,11000000
2,4,4,2000000
4,3,4,42500000
2,2,4.4,10500000
4,4,16,80000000
0,0,4.8,7700000
3,3,6.7,22000000
2,4,3.2,8000000
3,3,7.6,16000000
5,5,10,82500000
1,1,3.8,16500000
4,8,4.8,16800000
2,2,2.2,2700000
2,2,4.2,6200000
6,6,16,57500000
1,2,2.8,3000000
2,2,2.2,2700000
2,5,3.2,4500000
5,5,12,67500000
2,3,2.7,3600000
3,3,8,17500000
3,3,11.6,49500000
3,3,7.3,22500000
7,6,4,360000000
0,0,4.2,9000000
3,3,8,8000000
1,2,2.4,2600000
3,3,8,16500000
3,3,9.8,33000000
5,4,4.8,15800000
3,3,7.6,18000000
3,3,5.7,22500000
6,10,16,100000000
2,2,5.2,11500000
3,3,9.6,12000000
4,4,4.8,9500000
0,0,3.9,3400000
2,2,3.3,3650000
6,7,12.4,37500000
0,0,6.4,7000000
5,4,10.4,11000000
3,3,11.4,45000000
3,3,5.3,17500000
8,6,16,57500000
4,3,10.7,90000
6,6,1,270000
4,3,4,120000
3,3,1,110000
5,5,1,220000
3,3,1,120000
3,3,8.9,70000
3,3,9.6,35000
3,3,6,25000
3,3,6.7,60000
3,3,8.9,95000
0,0,1,140000
3,3,8,50000
3,3,6.1,40000
0,0,8,33000
2,2,4.2,18000
4,3,10,35000
4,4,14.2,45000
3,3,1,180000
4,3,1,60000
1,1,10,25000
0,0,4,50000
4,4,1,350000
5,5,1,500000
5,5,13.5,400000
5,5,13.5,280000
5,5,1,200000000
0,0,2,120000000
4,4,10,28500000
0,0,5,7500000
5,4,1.9,180000000
4,3,5,14000000
4,3,3,6800000
3,2,5.5,6200000
6,6,1,130000000
6,5,14,36500000
6,9,11,41500000
0,2,6,5500000
6,4,5,9800000
6,8,1,95000000
5,4,1,90000000
4,4,4,12000000
4,4,5,8500000
6,6,1.3,82500000
3,3,8,7500000
2,3,4.9,4500000
6,6,14.2,23000000
7,6,10,17000000
5,5,5,10000000
10,11,4,1450000
3,3,5,12000
2,2,1,150000
3,3,1,160000
4,4,1.4,150000
2,2,1,140000
0,0,1,150000
3,3,12.9,125000
3,3,12.9,125000
2,2,5,19000
1,1,5.3,140000
2,2,3.3,12000
4,3,1.3,63000
6,10,1,100000
0,0,10,54000
1,1,7,15000
4,3,1,60000
2,2,4,12000
1,1,3.6,40000
6,4,9.8,40000
0,0,9.8,40000
5,5,2,400000
6,5,2,650000
4,3,5,35000
3,3,7,25000
5,5,10,75000
5,4,7,42500
3,3,7,37000
3,3,8,14000
2,2,6.7,60000
1,1,1.7,21000
6,5,7,45000
6,5,10,75000
3,3,6,9800000
7,5,10,24000000
3,3,5,14000000
10,8,8,75500000
2,2,3,2600000
3,3,5,12000000
6,5,1,45000000
0,0,3.5,9500000
3,8,6,8000000
4,3,4,9500000
7,6,2,65000000
2,4,6,8000000
4,5,5,14000000
2,5,4.1,6500000
5,5,10,17000000
4,3,6,9500000
6,5,10,22500000
4,3,8,12500000
3,4,2,4700000
1,1,3.5,3500000
3,3,12,24000000
6,5,8.5,20000000
6,5,1,38500000
6,5,1,34500000
5,5,10,22000000
5,5,10,22500000
3,3,3,5800000
6,6,10,25000000
6,5,1,63500000
3,3,10,18000000
5,5,10,22000000
6,6,10,24000000
5,5,10,22500000
4,4,10,22500000
4,5,10,17000000
5,5,10,18000000
3,3,10,16500000
7,7,1,42500000
4,3,6,7800000
5,4,9.5,21500000
2,3,2,2500000
6,5,10,22500000
0,7,1,50000000
3,3,5,11500000
0,0,10,18500000
3,3,3,8000000
3,2,5,10500000
5,4,10,18500000
1,1,1.3,2300000
5,5,10,27000000
3,3,5,9900000
7,6,2,96000000
4,4,3,9000000
4,4,3,9000000
4,4,3,9000000
4,4,3,9000000
4,4,1,41500000
6,5,17,41500000
0,0,8,13000000
4,6,10,18000000
4,3,10,16000000
0,0,3,4800000
6,5,1,55000000
0,6,10,25000000
3,3,11,19500000
4,3,3,7500000
2,3,3,11000000
0,0,5,17500000
0,0,1.5,2450000
3,3,5,10500000
5,4,10,25000000
1,1,2,2500000
2,4,5,6500000
2,4,2.5,2550000
5,4,10,21000000
0,5,3.3,5800000
5,4,13.3,10000000
7,5,10,13500000
0,0,5,10000000
0,0,5,10000000
0,0,5,10000000
0,0,5,10000000
0,3,5,10000000
5,5,5,7500000
0,0,3,200000000
0,0,2.7,4800000
0,4,7,15000000
2,1,3,2700000
2,2,3,4800000
0,0,4,6000000
2,3,3,4200000
4,3,4,7000000
2,2,5,5700000
2,2,4,5000000
2,2,3,4000000
4,3,1.1,32500000
4,4,5,9000000
2,2,5,6800000
3,2,5,4200000
5,8,8,17500000
0,1,3.6,7500000
4,3,10,10000000
6,4,4,8500000
5,4,7,16000000
0,0,10,22000000
0,0,8,14000000
3,3,4.8,8500000
2,3,4.8,7500000
3,3,6.7,20000000
3,3,8,21000000
0,0,9.3,32500000
3,3,8,10500000
0,4,12.4,15000000
5,3,10.2,38000000
1,1,1.3,2900000
3,3,12,23000000
2,2,4.4,7500000
6,8,8.6,35000000
0,0,2,180000000
2,2,4.2,5500000
1,2,4.8,4200000
3,4,9.6,18000000
3,3,6.4,7000000
6,5,1.2,125000000
0,0,2.6,4000000
4,4,4.8,10300000
2,4,4,6000000
2,2,5.6,8500000
3,3,2,3800000
3,3,5.1,5500000
3,3,8,28000000
2,2,4,7500000
0,0,1,115000000
0,0,3.2,8800000
0,0,12,16000000
3,2,4.9,5500000
0,0,5.6,16500000
3,3,4.4,6500000
3,4,3.8,6000000
2,3,4.8,8500000
3,5,11,12500000
4,4,4.4,14500000
2,2,3.6,5000000
3,3,4.8,12000000
3,3,6.2,22500000
3,3,4.8,7000000
4,8,4,10000000
2,2,4.2,5800000
4,8,3.2,9000000
4,4,14,60000000
3,3,3.2,8800000
6,4,12,15500000
3,3,5.8,7500000
3,3,5.8,7000000
3,3,5.8,7500000
0,2,4.8,11000000
2,2,5.3,4550000
0,3,9.8,12000000
2,2,3.8,5500000
2,2,3.8,5500000
2,2,3.8,5500000
2,2,4,5000000
2,2,3.4,5500000
4,4,14,59500000
3,5,5,5500000
1,2,4.5,5000000
5,4,14.8,32000000
1,2,2.4,3800000
1,2,2.4,2500000
2,2,4.4,3500000
1,2,3.2,2500000
2,3,4,4200000
5,5,14.2,55000000
3,3,14,15000000
3,2,5.3,13000000
7,7,14.2,25000000
2,2,4.7,5000000
2,2,4.2,6000000
3,3,8,42500000
3,3,7.1,15000000
3,3,7.6,17000000
3,3,6.1,9800000
4,4,9.6,16500000
4,6,4.8,5000000
6,9,9.6,42500000
2,2,3.3,4800000
6,5,1,97500000
6,6,10.4,32500000
2,2,5.8,9200000
6,6,4,16500000
3,2,4.7,11500000
5,4,4.8,19000000
2,2,4.9,11000000
4,4,12,37000000
3,3,10,17000000
6,6,4,1000000
3,3,7.1,65000
4,3,8.9,95000
5,5,1,230000
4,3,18,70000
4,3,7.6,95000
4,3,8.9,125000
2,2,5.1,85000
0,1,1.3,40000
3,3,5,18000
1,1,7,10000
4,3,2.4,350000
5,4,1,220000
0,3,6.7,70000
2,2,5.3,40000
0,0,2,300000
0,0,1,110000
3,3,10,18200000
2,3,3,2700000
4,5,8,15000000
3,3,14,23500000
0,0,3.5,7500000
0,0,5,3850000
6,6,5,6600000
8,7,2,135000000
2,2,8,9000000
6,9,1.5,23000000
3,3,9.1,11800000
6,6,10,31500000
0,0,4,11000000
6,4,10,19000000
6,4,11,19000000
1,1,2.7,3000000
0,5,6,8500000
6,5,1,55000000
6,5,1,52500000
0,0,1.1,50000000
1,1,2.4,4272000
0,0,4,230000000
0,0,4,280000000
0,0,5.4,650000000
0,0,3.6,270000000
1,1,3.4,5300000
2,2,3.4,6300000
6,5,10,46000000
4,6,16,29000000
5,4,4.5,6500000
6,6,7,26000000
2,2,4,5500000
0,1,2.2,2800000
5,4,4,8300000
7,6,7,14500000
3,3,1.2,115000000
6,7,4,8500000
0,7,1,125000
1,1,1.3,16000
1,1,1.3,16000
3,3,3,25000
0,4,16,75000
0,0,2,130000
0,2,1.5,50000
0,2,5,12000
0,3,10,45000
0,2,6,18000
0,2,5,22000
3,3,8,14000
3,3,1.5,70000
0,0,10,25000
3,3,5,22000
3,3,10,33000
0,0,2,65000
1,2,5,16500
7,6,1,115000
0,3,5,36000
0,2,4,30000
6,5,10,70000
4,3,1,40000
8,6,1,81000000
4,4,19,30000000
5,4,10,31500000
4,3,5,12000000
3,3,3,7200000
3,3,7.5,16900000
7,6,1.6,65000000
3,3,3,2500000
4,4,8.5,19900000
4,3,6,8900000
3,3,3,4800000
5,5,10,26000000
6,6,1,31500000
6,5,1,54000000
2,3,4,7400000
0,3,2.8,6300000
0,4,4,8000000
0,2,3,4000000
2,2,1,23500000
4,3,5,12500000
6,6,1,50000000
4,3,4,6000000
2,4,3.5,5500000
1,2,2.5,3300000
7,5,1,41500000
6,5,1,37500000
1,1,3.5,3090000
4,3,5,13000000
7,5,5,11000000
6,5,10,22300000
2,3,2.7,3600000
2,2,3,2290000
3,2,5,17500000
5,5,1,53500000
6,4,5,11500000
3,2,1.4,35000000
3,3,3,7000000
6,5,1,49000000
4,4,5,14000000
7,6,1,70000000
5,5,18,17000000
5,4,10,29500000
3,2,10,10000000
5,4,1,40000000
4,4,10,22500000
3,3,10,14000000
6,5,1,41500000
0,0,3.2,6800000
5,5,10,25000000
6,4,8.2,23000000
6,5,1,45000000
5,4,10,15500000
5,4,10,22000000
4,3,5,11200000
5,6,7,8000000
4,3,3.5,7000000
6,5,1,31500000
5,5,1,45000000
4,4,5,11000000
4,4,6,15000000
4,4,5,13000000
4,4,10,21000000
5,5,10,20000000
5,5,10,20000000
2,2,10,17000000
4,3,10,23500000
4,3,5,11900000
4,3,5,15500000
5,5,10,24500000
3,3,7.1,6200000
4,6,5,9500000
2,3,3,4500000
0,0,4,6500000
0,0,3,5500000
0,0,3,5500000
0,0,5,6500000
0,0,4,6500000
4,11,5,12000000
2,3,3,3000000
6,6,7,9500000
5,10,7,31500000
5,5,4,8000000
0,1,3.6,7500000
0,0,5,5200000
0,0,4,6000000
0,0,5,5000000
4,5,1,35000000
4,5,1,35000000
2,4,5,4400000
8,7,1,46500000
6,5,10,25000000
6,4,8,14000000
4,5,5.8,15000000
1,1,1.6,2200000
6,5,10,22500000
7,6,11,15500000
3,4,5,9800000
3,4,5,9800000
4,4,6,17500000
2,2,4.9,6500000
4,5,10.7,20000000
4,4,8.6,16500000
5,4,4.8,13500000
3,3,8,11500000
3,5,9.6,25000000
1,2,2.6,4000000
3,3,8,17700000
2,2,4.2,5800000
2,2,4.2,6000000
2,2,4.2,6500000
2,2,4.2,6200000
3,3,10,9500000
3,3,10,9600000
3,3,10,9800000
3,3,10,10000000
3,3,10,10200000
3,3,10,10500000
3,3,10,10500000
3,3,10,10100000
3,3,10,10400000
3,3,10,9900000
3,3,6,16000000
3,2,4.9,8500000
2,3,4,5000000
2,2,3.3,7000000
0,0,16,16000000
5,4,4.8,13000000
2,2,2.9,2200000
2,2,2.1,2150000
2,2,2.9,3500000
5,5,1,110000000
4,4,12,35000000
6,6,6,18000000
5,5,1,65000000
5,5,17.1,65000000
3,5,4.8,4000000
3,3,10,23500000
3,3,11.4,25000000
3,3,11.4,25000000
5,5,1,65000000
3,3,9.6,18500000
0,0,4.8,14000000
9,7,2.4,210000000
2,2,4.2,7500000
5,4,10,65000000
5,3,7.6,7000000
2,2,2.9,2700000
4,3,14,63000000
6,5,12,76000000
3,3,4.9,17500000
3,3,5.3,8500000
2,2,2.7,3400000
3,4,6,13000000
3,3,14.7,23000000
3,2,3.5,5200000
3,3,7.3,10000000
3,6,4.8,17000000
3,3,8,17000000
3,3,6,9000000
2,2,4.2,5800000
2,2,6.9,8000000
5,4,4.8,12900000
0,0,7.8,12500000
3,3,4.9,10500000
3,3,8.9,47000000
3,3,8,8000000
2,2,4.2,3400000
2,2,4,4750000
3,3,7.6,15000000
4,6,8.6,27500000
4,4,4.8,45000000
2,2,2.4,2200000
2,2,2,950000
4,3,6.7,10000000
3,5,6.2,4500000
3,3,4.8,15000000
5,11,6,15000000
3,3,9.6,22500000
5,5,8,55000000
6,6,1.2,41000000
3,3,7.4,11500000
3,3,7.4,11000000
3,3,8,12000000
3,3,8,11500000
3,3,7.8,21000000
3,3,5.3,15000000
4,4,4.8,175000
4,4,4.8,125000
3,3,6.7,48000
0,3,7.5,75000
3,3,1,120000
7,6,2,500000
0,0,9.6,35000
3,3,1,175000
2,2,4.8,22000
4,4,1,250000
5,4,7,55000
2,1,10,40000
7,7,2,250000
10,11,1.3,650000
3,2,9.3,275000
3,3,14,60000
3,2,6.9,18000
0,0,14.2,180000
8,7,1.1,400000
6,6,1,180000
2,2,5,17000
2,2,4,14000
0,0,1,300000
7,9,1,150000
5,5,1,110000
3,3,1,50000
3,3,1,55000
4,4,1,38000
5,5,1,90000000
6,5,1,45000000
6,5,1,45000000
0,0,10.2,7000000
6,5,1,46000000
5,6,6,13000000
4,3,8,5480000
2,2,5,5410000
5,5,5,22500000
0,0,3.1,6200000
3,3,4.9,6000000
0,0,6.7,12000000
7,6,1,47000000
2,2,4.2,4720000
3,3,6.2,7500000
1,1,3.5,5000000
2,2,3.6,3850000
10,8,1.3,108500000
5,6,14.2,50000000
10,9,1,80000000
2,3,5,17000000
4,4,6.7,28500000
2,3,4,20000
4,2,13.3,19000
0,0,8,30000
0,0,8,25000
0,0,7,30000
0,0,5,30000
0,0,5,35000
0,0,6,30000
0,0,5,25000
0,7,10,25000
6,5,7,45000
6,5,10,58000
3,3,1,32000
2,2,5,25000
3,3,6,17000
2,2,10,25000
2,2,11,30000
2,2,5,13000
3,3,1,42000
2,2,3,14000
2,1,3.8,40000
4,3,10.4,35000
4,6,5,31000
3,3,12.4,36000
3,4,8,15000
5,3,12,120000
0,0,13,34000000
6,5,5,12000000
6,5,1,37500000
3,3,1.3,40000000
3,3,2.5,5000000
4,4,10,27000000
6,5,1.2,32500000
4,3,4,9200000
4,5,10,17000000
6,5,1,36500000
3,4,5,12500000
7,5,1,42500000
6,5,10,22500000
0,0,5,12000000
1,1,3,3000000
2,9,8,16000000
6,5,7,17000000
3,3,5,11200000
3,3,5,11200000
4,4,5,12000000
6,5,10,24500000
6,5,10,24000000
6,5,5,15000000
6,5,7.5,19500000
6,5,5,15000000
6,5,5,16000000
5,4,3,10000000
4,3,3.5,8000000
8,7,1,45000000
2,2,4,7000000
4,3,3.5,8800000
4,3,3.5,10200000
3,4,3,4000000
0,0,8,33500000
1,2,5,4800000
6,5,1,59900000
7,5,2,100000000
6,5,2,180000000
5,5,10,24000000
6,5,1,55000000
5,4,10,41000000
2,2,6,9000000
0,0,10,25000000
5,5,1,31500000
4,3,2.4,4450000
7,5,1,45000000
5,4,10,29000000
0,5,10,23000000
2,4,5,7200000
0,0,6,8800000
0,0,5,12000000
0,4,10,23000000
0,5,1,45000000
6,5,1,54500000
0,0,2,80000000
6,5,10,36000000
4,3,5,11500000
5,4,1,28000000
4,3,6,10000000
5,3,1,19500000
0,3,5,11500000
4,4,3.5,8300000
0,3,3.5,8000000
0,3,5,11500000
0,3,5,12000000
0,3,5,9000000
0,2,5,3500000
0,0,11,19800000
1,1,1.8,4500000
4,3,5,12000000
1,1,2.6,5000000
6,5,10,16500000
5,5,10,20000000
0,0,5,9200000
0,0,10,26000000
0,0,1.3,121500000
0,0,7,20000000
0,0,5,6500000
0,0,7,13000000
0,5,3,6500000
6,6,1.2,60000000
2,3,3.5,3450000
0,6,10.5,25000000
7,5,10,15000000
6,5,10,16000000
4,4,5,9500000
4,6,10,10000000
3,2,3.6,4900000
6,6,10,23000000
6,4,10,18500000
7,6,1,42500000
3,3,5,4200000
3,7,5,14500000
3,3,4.5,2800000
0,4,5,9500000
3,3,5,6500000
5,4,5,7500000
0,0,8,12500000
0,0,5,6500000
3,3,5,9000000
3,3,5,9500000
2,2,4,8800000
6,6,10,21000000
0,0,5,12000000
7,6,1,48000000
6,5,11,24000000
6,5,10,21000000
2,2,2.7,8000000
5,5,7,15000000
5,5,6,15000000
4,4,14,45000000
3,3,8,34000000
3,3,8,28000000
6,8,8,43000000
1,1,2.7,1750000
4,3,10,12000000
5,4,15.7,15500000
2,2,5.8,7500000
3,3,8.2,13500000
3,3,7.4,26500000
3,3,11,36000000
3,3,9.4,8000000
6,6,1.1,80000000
4,3,12,45000000
5,5,1,70000000
7,6,1.8,170000000
4,4,5,8000000
3,3,6,9500000
3,3,8,20000000
2,4,4.8,6000000
4,4,16,20000000
2,2,3.6,4500000
5,5,4,15000000
3,3,8.9,22500000
3,3,9.6,19000000
2,3,4.8,6000000
4,4,6.2,11000000
3,3,4.4,7500000
2,2,4,4800000
4,4,7.6,10000000
3,3,3.2,3900000
2,2,3.6,5500000
3,3,4.9,12500000
3,3,10.7,32500000
2,2,5.3,9500000
4,4,12,70000000
3,3,10.2,52500000
2,2,5.6,16500000
3,3,11.1,50000000
7,6,2,250000000
0,0,1.6,1900000
0,0,4.4,21000000
9,8,1.6,180000000
7,6,2,280000000
3,3,7.1,28500000
3,3,8.7,29000000
2,3,2.8,3700000
7,6,2,300000000
4,4,8,25000000
4,3,6.4,8500000
3,3,5,2800000
2,2,5.1,3800000
10,11,4,400000000
2,2,4.4,8500000
2,2,4.2,10500000
2,2,4.2,7500000
2,2,4.8,4900000
8,7,1,155000000
5,6,16,23500000
9,8,16,39000000
4,4,12,55000000
0,0,2.4,6600000
7,6,1,95000000
2,3,4.4,6500000
6,5,1,110000000
2,2,5.3,12000000
2,2,2.2,5800000
5,5,1,350000
4,4,14,115000
3,3,8,75000
3,3,9.8,120000
4,4,10.7,90000
2,2,4.5,25000
2,2,5.1,25000
1,10,1.2,700000
2,2,4.2,45000
4,3,9.3,92000
5,5,1,125000
3,3,1.1,120000
6,6,1,100000
3,2,5,18000
2,2,1,70000
4,6,1,110000
2,2,5,17000
3,3,1.3,125000
0,0,10,260000
3,3,9.8,150000
5,4,1.2,200000
6,5,1.3,200000
3,3,1,40000
3,3,1,40000
2,2,5,19000
3,3,1.3,115000
3,3,7,25000
3,2,5,17000
3,3,10,25000
0,3,7,22000
0,3,12,35000
0,3,12,32000
0,3,12,30000
5,4,1,40000
4,4,4,38000
0,6,1,100000
0,6,1,115000
0,6,1,120000
0,3,1,55000
0,3,1,40000
1,1,5,22000
3,3,1,80000
4,4,1,38000
4,3,1,48000
4,3,8,30000
2,2,3.6,15000
4,4,10,26500000
4,3,6.7,7300000
3,2,6,6000000
5,4,5,18500000
0,0,5.8,4000000
7,6,1,67000000
5,5,1,90000000
2,2,3.8,4500000
2,2,2.9,2800000
0,0,1,43000000
6,5,10,24000000
6,5,10,21000000
7,7,10,36000000
5,6,14.2,43500000
7,6,1,80000000
2,2,6.9,9000000
0,0,10,35000000
8,7,10,35000000
4,4,5,10100000
7,6,7,25800000
7,6,6,9500000
3,2,4,5200000
2,3,4.2,4750000
2,2,3,3000000
1,1,3.1,5600000
2,2,5,2600000
6,6,1.1,74000000
2,2,9,43000000
5,5,1,95000000
1,1,3.4,14000000
2,2,6,6800000
6,5,10,25000000
3,3,8,8000000
3,3,6.7,14500000
0,0,5,3800000
5,7,10.9,27000000
5,4,10,50000
0,0,12,100000
0,2,5,19000
0,2,5,18000
0,0,5,32000
0,0,5,35000
0,0,5,34000
0,0,12,30000
0,0,5,33000
0,0,5,32000
0,0,5,23000
0,0,5.5,45000
3,3,3.1,25000
2,2,5,15000
3,3,12,50000
5,3,10,50000
5,4,1,75000
1,1,2,10000
1,1,2,10000
5,4,16,75000
3,2,2,4000000
0,0,2.8,6800000
0,0,2.8,6800000
0,0,2.8,6800000
0,0,10,11500000
1,1,1.8,4200000
0,0,6,15000000
6,6,5,6000000
5,3,5,10600000
6,6,10,28000000
1,2,4,12000000
4,5,4.2,16500000
3,3,5,12500000
5,7,10,17500000
5,5,1,47000000
3,3,10,13000000
3,3,4,6000000
3,3,3,4500000
4,4,1,60000000
4,4,3,9500000
4,3,5,24000000
0,5,10,19000000
0,3,5,11500000
0,5,1,45000000
8,6,15,36000000
6,6,8,20000000
5,5,10,25000000
4,3,5,20300000
2,4,5,6900000
4,3,5,11000000
5,4,6.4,10000000
6,5,1,42000000
5,4,10,32500000
5,4,10,22000000
0,5,1,44000000
5,5,10,25500000
6,5,11,26000000
0,0,1.5,2800000
5,4,10,23000000
2,2,7.1,36500000
4,4,12,26500000
6,5,1,65000000
6,5,1,43500000
3,3,4,10700000
1,1,2.5,3300000
6,5,10,22000000
6,5,10,23000000
6,5,10,17000000
7,5,2,214000000
3,2,15,18000000
4,3,5,11200000
4,5,10,14200000
0,3,5,12500000
6,4,6,15000000
0,0,1.5,110000000
2,3,5,8500000
7,6,1,50000000
2,3,5,6000000
2,1,3,2900000
2,2,2.5,3500000
0,0,5,7200000
2,2,4,12500000
6,7,4,6000000
2,2,2.7,2600000
5,5,6,11000000
0,2,4,6000000
0,0,1,38000000
6,6,1,42500000
3,4,1.1,36000000
7,8,1,41000000
3,3,5,8500000
4,3,11,22000000
5,5,7,13500000
4,3,8,8000000
1,2,3.5,2600000
0,0,3.5,2200000
1,1,2.8,3200000
3,3,11.1,14000000
3,3,8.9,93000
6,6,1,375000
4,3,8,80000
2,0,4.2,45000
6,6,1,425000
4,4,7.6,65000
5,5,1,250000
0,2,4.2,80000
1,1,2,22000
9,7,4,1200000
2,2,3.3,6300000
2,2,4.7,9500000
2,2,2,3200000
2,2,2.4,3700000
2,2,3.3,3400000
3,2,3.8,5500000
0,0,1,115000000
0,0,1,115000000
2,2,4,8000000
3,3,8.7,22500000
4,4,8,20000000
3,3,7.6,24000000
2,2,4.4,5800000
4,3,7.8,22000000
5,5,14.2,21500000
0,3,5.3,5000000
8,6,1.1,90000000
8,7,2,155000000
7,6,1,110000000
2,4,3.2,3800000
4,3,4,40000000
2,2,4,11000000
4,4,4.8,11500000
3,4,7.3,15000000
3,3,10.7,42500000
3,3,8,40000000
2,2,4.9,4800000
3,3,5.8,14500000
3,2,4.2,5600000
3,2,4.2,5600000
2,2,3.2,5000000
3,3,7.6,25000000
4,4,8,9000000
4,4,9.8,38500000
3,3,8.9,21000000
2,2,4.4,8500000
6,4,5.6,15000000
5,10,4.8,15000000
3,2,4,6000000
2,2,2.4,7000000
2,2,3.3,6500000
3,3,7.8,11500000
3,3,6.4,9500000
2,2,4,8600000
2,4,2.4,3000000
6,6,1.2,64000000
1,2,2.6,3300000
2,3,6,11000000
5,6,4.8,13200000
4,4,4.8,16500000
5,6,4.8,15000000
4,4,4.8,13800000
3,3,7.1,9500000
2,2,4,4200000
4,4,4.8,14000000
3,3,5.8,6500000
2,2,4.4,6300000
2,2,3.2,6000000
4,4,3.2,9300000
5,5,17.1,65000000
2,2,4.8,7000000
2,2,4,3000000
2,2,6.4,25000000
0,0,5.9,16000000
0,0,8.4,28000000
0,0,13.3,32500000
6,6,9.6,35000000
4,4,2.4,5500000
2,2,1.8,2000000
9,11,3.2,11500000
7,6,1,400000
5,5,10,69000
3,3,1.2,180000
6,8,1,190000
3,3,15,100000
3,2,7,17000
6,7,7,32000
6,4,7,33000
3,2,7,20000
4,4,1.2,100000
3,2,7,20000
4,3,12,30000
5,5,1,50000
6,9,16,250000
2,2,5.8,60000
2,2,5,16000
2,2,5,15000
7,7,1.3,700000
3,3,10.2,50000
6,6,1,75000
3,3,5,35000
2,2,3.8,18000
2,2,3.8,16000
1,1,2.7,14000
2,2,6.4,125000
2,2,6,20000
3,3,1,140000
4,4,8,40000
3,3,6.7,150000
3,3,6.7,175000
6,7,2,200000
6,5,5.5,35000
2,2,5,32000
6,4,8,50000
0,0,1,100000
3,2,7,35000
3,2,7,35000
3,3,6,45000
0,0,2,17000
4,3,1,50000
3,3,1,120000
3,3,10,35000
4,3,11,60000
4,3,11,18500000
2,3,4.9,11000000
0,8,5,18500000
7,6,8,35000000
6,5,8,32500000
7,7,10,42500000
3,3,20,48000000
3,2,5,4000000
6,6,10.9,35500000
5,4,8,17500000
0,0,4,5700000
10,11,2.1,300000000
5,6,1.1,42500000
1,1,3.6,6000000
6,6,12,55000000
3,3,7.1,8000000
5,4,5.6,15000000
10,8,2.1,140000000
10,8,2.1,140000000
4,4,7,27500000
5,5,12,42500000
5,5,1,50000000
2,2,3.3,2550000
2,2,6,3000000
6,6,10,35000000
0,0,1.6,6125000
6,6,5,11500000
6,6,6,12000000
5,5,10,45000000
2,2,6.2,14500000
3,3,5,7500000
5,4,4.4,15700000
7,7,1,60000000
6,6,1,48000000
5,5,4.9,16000000
6,9,1.4,40000000
2,3,3,4850000
6,5,1,67800000
5,6,5,8000000
5,4,6,11000000
1,1,3.2,30000000
2,2,4,6200000
6,4,6,40000
2,3,5,14000
2,1,3.6,45000
3,3,1,50000
2,2,3,14000
0,5,1,170000
0,3,1,75000
0,1,5.8,5000
0,2,5.3,35000
0,2,5.3,52000
1,1,4.9,5000
2,1,4,45000
3,3,6,40000
0,0,13,32000
4,7,8,14500000
8,7,10,22500000
3,3,2.5,3500000
5,5,8,15000000
7,6,1,63500000
0,1,1.3,2400000
5,4,7,16000000
6,5,1,48000000
5,5,1,49500000
3,5,10,20000000
7,5,6,12500000
1,1,2.2,2395000
2,2,3,3100000
3,4,5,12500000
3,4,5,12500000
7,11,12,22500000
2,5,2.7,4100000
4,4,5,12500000
0,0,6,17000000
2,1,5,9200000
5,4,10,21000000
6,5,17,42500000
6,5,17,42000000
5,4,9,14000000
5,6,7,13000000
3,5,2.5,5500000
0,0,1.5,3300000
6,5,1,47000000
4,4,10,13500000
0,0,10,16500000
0,0,10,18500000
5,5,1,24000000
6,5,10,17000000
4,6,4,6750000
4,4,5,9500000
0,0,5,9000000
2,2,2.5,5000000
4,5,10,18000000
4,3,5,24000000
6,3,4,9500000
2,2,3,2490000
3,3,2,3250000
4,3,4,6500000
4,3,6,11000000
7,6,10,26000000
2,3,2,2100000
4,4,3,6500000
0,0,5,12800000
10,11,6,330000000
3,3,5,11000000
6,5,1,52000000
2,3,5,4100000
3,3,10,17400000
2,3,5.5,7500000
7,5,1,36500000
5,4,10,20000000
4,7,10,14000000
3,3,8,17000000
5,4,5,12000000
7,6,11,24500000
3,3,5,10000000
5,5,8,18000000
2,2,2,3200000
5,5,10,17000000
3,3,3,4200000
6,6,2,85000000
3,3,2,5000000
2,3,3,3500000
6,6,1,27000000
4,4,7,16500000
5,4,12,17000000
2,3,7.5,6500000
7,6,10,29500000
4,4,10,16800000
4,4,5,14900000
5,5,8,14200000
4,5,10,15300000
6,6,1,375000
5,4,1,250000
8,7,1,400000
5,5,1,210000
5,5,1,250000
3,3,9.8,53000
3,3,7.3,65000
4,0,4.8,165000
4,4,1.2,250000
3,3,6.4,9000000
4,6,8,19000000
4,3,7.8,28000000
3,4,4.8,22000000
3,2,4.8,6800000
3,3,5,5500000
2,2,4,5000000
5,4,6,70000000
0,0,9.3,35000000
2,2,3.5,5000000
0,0,3.4,8600000
4,4,4.8,17000000
4,4,14.2,60000000
2,2,4.9,6500000
6,6,1,127500000
4,4,8,26000000
0,7,1,95000000
5,4,4.8,38000000
3,3,8,16500000
3,3,5.8,9000000
2,2,3.1,3400000
3,3,6.2,14000000
2,2,4.8,9500000
3,3,9.6,16500000
5,4,16.4,58000000
2,2,4.9,8000000
3,3,8,13200000
4,3,7.6,12000000
6,8,1.2,90000000
2,2,4.2,7000000
7,6,2,310000000
7,6,2,245000000
3,3,9.4,9800000
2,2,4.2,3500000
7,6,2,260000000
7,6,2,280000000
3,3,14.7,69000000
7,6,12,64000000
4,4,12,56500000
3,3,6.9,12000000
1,3,3.2,6400000
2,2,4.9,10000000
2,4,3.6,3200000
3,3,9.6,15000000
3,3,7.6,19000000
0,0,6,6500000
4,3,9.8,19000000
0,0,4.8,8000000
3,3,5.3,13500000
3,4,3.4,4900000
3,3,5.6,6300000
6,5,5.6,17000000
0,0,4.8,16000000
2,2,3.6,7000000
2,3,2.2,5000000
7,6,1.3,200000000
7,6,1.3,180000000
2,2,2.9,1700000
5,4,4.8,11500000
3,3,5.8,10500000
3,2,4,6500000
5,4,4.8,16500000
2,2,3.2,4200000
6,5,1,88000000
0,0,3.6,8500000
0,0,2.9,3500000
3,3,6.4,9000000
0,2,7.6,10000000
0,6,12,36500000
0,3,10.7,19500000
0,3,10.7,16500000
0,3,5.3,9500000
0,0,2,180000000
0,0,4.4,6700000
4,4,6,18500000
3,3,9.3,19500000
2,2,4.8,11000000
3,3,6.3,12000000
4,10,5.3,18000000
4,4,8.2,18000000
3,3,10,25000000
5,5,1,90000000
8,7,4,550000000
4,4,4.8,10000000
5,5,1,85000000
2,3,5.8,8250000
6,6,5.1,11000000
2,2,7.1,64000000
3,3,5.6,16500000
3,3,1.2,130000
0,0,7,26000
7,7,1,120000
3,3,8,32000
3,2,8,38000
4,3,5,50000
5,5,1,55000
5,5,10,120000
2,2,6.7,200000
2,2,6.4,200000
3,3,7,25000
2,2,14,40000
5,5,1,40000
2,2,7.8,50000
3,2,6,45000
3,2,6,16000
2,2,5,20000
4,3,1,60000
4,5,4,22000
3,3,1.2,60000
3,3,5.3,38000
3,3,12,75000
3,3,12,50000
4,3,4.4,14500000
4,4,10.9,32500000
6,6,5,9000000
5,4,4,14000000
7,6,10.7,22000000
8,7,1,45000000
7,6,1.1,75000000
7,7,1.5,97000000
6,6,1,30000000
3,3,12,22000000
6,6,1,45500000
0,0,1,80000000
6,5,1,75500000
1,1,3.8,8000000
2,2,4,4400000
4,4,4,15500000
4,4,4,16000000
5,4,4,15500000
4,4,4,13000000
4,4,4,15200000
0,0,16,90000000
2,2,3.3,5500000
4,3,5,6800000
5,4,4,16000000
4,4,10,23500000
4,4,8,20000000
1,1,2.5,6200000
0,0,20,72500000
0,0,20,100000000
4,4,7,14000000
5,8,8,23500000
5,5,5,15000000
3,3,10,15000000
6,8,10,26000000
3,2,5,5500000
2,2,6.3,11400000
2,2,6.6,11900000
1,1,2.4,4320000
2,2,6,10300000
2,2,6,10300000
2,2,5,4700000
4,3,8,11000000
2,4,3,12500000
3,4,6,14500000
6,6,19.8,18000000
3,3,7.6,14000000
6,5,8,28000000
4,4,1.2,14500000
6,6,1,52500000
0,1,4.2,7410000
6,6,7,13000000
6,6,7,13000000
2,4,4.5,5200000
2,3,3.2,4100000
5,6,10,21000000
2,3,2.5,3800000
3,3,2,3900000
6,6,1,32500000
3,3,5,7500000
3,3,6,10500000
2,3,5,6000000
2,3,4,6200000
4,3,8.5,7500000
6,5,10,18000000
4,3,5,8200000
3,3,5,10000000
4,4,8,20000000
4,4,7,15000000
6,7,5.2,8500000
1,1,3.3,12000000
1,1,3.3,12000000
0,0,8,40000000
2,4,3,8500000
3,2,8,8500000
0,0,10,20000000
3,2,8,8500000
5,5,6,8950000
7,5,7,12200000
5,4,5,8000000
7,5,7,12500000
6,6,11,18000000
6,5,8,16000000
4,3,10.4,13500000
4,3,10.4,13300000
4,4,6,8500000
0,0,10,80000
0,0,5,25000
0,0,7,50000
0,3,7,35000
0,0,7,25000
0,0,7,82000
0,0,7,24000
0,0,5,22000
0,0,7,125000
4,6,5,32000
6,5,7,43000
1,1,1.7,21000
3,3,10,35000
2,2,5,18000
6,5,10,75000
1,1,0.9,10000
3,3,10,20000
1,2,2,14000
3,3,12,38000
4,3,10.4,43000
3,2,5,14000
0,0,3,5000000
4,3,5,12500000
2,3,10,20000000
5,4,2.5,8000000
5,5,1.5,110000000
6,5,1,53000000
4,3,2,57500000
3,4,2.7,5000000
5,4,10,20000000
6,5,2,130000000
4,4,7,20000000
4,3,5,11600000
6,4,10,22000000
5,4,15,25300000
4,3,3,5500000
5,5,1,42500000
5,4,5,9500000
6,5,10,23500000
2,2,2.5,4500000
6,5,1,33000000
2,1,3,2700000
3,3,10,14000000
6,5,1,40000000
0,0,13.5,21000000
7,5,2,140000000
2,2,5,10000000
4,3,4,7200000
2,3,3,3800000
2,2,1.5,3200000
4,3,5,15000000
3,3,5,13000000
4,3,8,16500000
6,6,10,20000000
0,0,5,8000000
6,6,1,35000000
10,6,1.3,32500000
3,3,5,16000000
4,4,4.5,8000000
5,5,10,17000000
5,5,10,17000000
4,4,10,17000000
5,5,10,18000000
5,5,10,27000000
6,6,1,55000000
5,4,10,21000000
6,5,5,14700000
5,4,5,12500000
4,3,5,12000000
2,2,2,3000000
2,2,3,2300000
3,8,10,32500000
6,5,5,17000000
6,5,5,17500000
6,5,5,16000000
6,5,7.5,26500000
6,5,7.5,19500000
3,3,2,5200000
3,2,10,13000000
4,3,5,15500000
3,2,3,5000000
4,3,5,12000000
4,5,8,12500000
4,3,10,12000000
4,3,9.8,50000
3,3,6.7,85000
3,3,1,100000
6,5,1,85000000
3,3,8,25000000
6,8,9.6,26500000
0,3,4.8,4300000
6,11,4.8,9500000
5,4,4.8,10000000
4,4,4.8,16000000
0,0,3.4,5000000
3,3,4.2,6500000
0,2,4.2,6500000
0,3,5.6,12000000
0,2,2.2,5500000
7,4,4,33000000
2,2,6.2,13500000
6,6,1.2,115000000
0,2,5.1,11000000
0,3,8,17000000
0,3,7.1,16000000
2,2,4.2,12100000
5,4,12,60000000
2,2,3.3,5500000
2,3,2.2,2600000
5,4,4.8,43000000
9,8,16,50000000
0,3,8.9,31000000
0,3,8,27500000
4,3,14.2,67500000
3,2,4.8,5000000
0,3,14.4,66000000
2,2,3.2,5800000
2,2,4.7,4200000
4,4,4,37500000
2,2,3.3,3700000
6,6,9.6,39000000
3,3,8,42500000
0,4,1,60000000
2,2,4.2,12500000
6,5,1.7,152000000
4,5,3.8,8000000
6,6,14.4,45000000
6,6,8,37000000
2,2,4.7,5200000
2,2,3.8,8500000
2,2,2.9,3000000
2,2,4.2,4500000
0,0,2.7,4000000
4,5,8,15000000
4,4,10,27500000
1,2,3,5500000
3,3,6.9,11500000
5,5,8,16000000
0,0,8,14000000
2,2,2.6,3300000
2,3,3.4,5900000
3,3,6.2,8000000
6,4,12.4,52500000
5,4,11.6,55000000
4,4,16.8,80000000
2,2,4,7000000
2,2,3.6,4000000
2,4,4.3,2800000
3,3,10,23800000
3,3,10,25500000
2,2,2,4700000
4,4,2.6,3500000
2,2,4.4,7000000
2,2,3.4,5200000
3,3,4.4,5500000
4,4,3.2,10000000
2,2,3,4800000
2,2,4.7,4500000
2,2,3.3,30000
2,2,3.1,26000
2,2,5.6,32000
0,0,1.2,350000
3,3,1,100000
2,0,4.9,65000
1,1,3.8,45000
0,0,8.4,45000
5,4,1,200000
3,2,8,26000
2,2,8,26000
4,4,1,40000
2,2,5,22000
2,2,5,22000
2,2,5,22000
2,2,5,24000
4,4,1,40000
5,5,2,250000
3,3,5,14000
4,3,1,100000
0,3,6.7,70000
3,3,1,65000
3,3,13,60000
2,2,1,30000
4,4,10,38000
2,2,5,22000
4,4,1,150000
2,2,5,20000
3,2,5,17000
6,6,1,100000
0,1,1.3,40000
0,3,1,100000
4,4,16,140000
1,1,1.8,2500000
4,4,10,27000000
3,3,6.5,13500000
0,3,1,32000000
0,4,14.7,31500000
0,4,14.7,31700000
2,2,5.1,4000000
2,2,6.6,9500000
3,2,5,6800000
5,4,5,10500000
5,6,5,8000000
5,4,4.4,15700000
6,6,14.2,25500000
7,9,7,17000000
5,5,4,13500000
5,5,4,14000000
5,5,4,13000000
5,5,4,16000000
7,5,1,48000000
0,10,1,100000000
7,6,1,45000000
7,6,7,25500000
3,2,5,4500000
5,5,4,15500000
7,5,10,23000000
7,5,10,23000000
8,8,1,42500000
3,3,12,20000000
2,2,5,9000000
6,4,5,10000000
4,4,4,9750000
6,5,1,65000000
10,11,1,80000000
7,4,7,12500000
5,4,10,21000000
4,4,10,21000000
4,4,6.5,12500000
0,5,4,7500000
5,4,9,14000000
5,5,6,14000000
1,2,5,2400000
7,5,16,23000000
4,6,4,8500000
6,7,13,15000000
5,5,1,52500000
4,4,10,26000000
5,5,10,24000000
5,5,10,24000000
5,5,10,24500000
5,5,1,55000000
5,5,11,27500000
5,5,1,46000000
5,5,10,25000000
6,6,13,31500000
6,5,1,50000000
5,5,1,40000000
2,5,5,200000
0,0,5,35000
4,3,1,55000
2,1,4,45000
7,6,1,160000
6,5,10,75000
6,6,7,25000
3,2,10,40000
2,2,4,25000
2,2,4.5,25000
1,1,2,13000
2,2,3,25000
3,3,7,55000
1,1,4,25000
3,3,10,45000
5,5,1,65000000
1,1,0.8,1850000
2,2,5,4100000
4,4,1,41000000
5,5,5,15000000
0,0,1,45000000
5,4,14,32500000
6,4,12,25000000
2,2,5,4050000
3,5,2,7500000
4,3,5,14500000
5,4,5,16500000
3,3,5,7500000
5,4,10,25500000
3,3,2.5,3200000
2,2,6,11000000
6,5,1,37000000
5,7,16.5,55000000
0,0,1,28000000
3,3,5,10000000
7,5,10,19900000
4,3,3,5700000
1,1,3,4900000
6,6,11,23000000
4,3,4,9500000
3,4,7,7000000
6,5,6,9400000
5,5,2.5,6200000
7,5,16,35000000
2,6,5,6500000
6,6,5,12500000
6,6,7,13000000
0,0,10,17500000
6,6,2,75000000
7,6,2,75000000
7,6,2,75000000
0,0,2,10000000
0,0,2,11000000
0,0,2,12000000
0,0,2,13000000
0,0,2,14000000
0,0,2,15000000
0,0,2,16000000
0,0,2,17000000
0,0,2,18000000
0,0,2,19000000
0,0,2,20000000
0,3,4,8000000
0,3,4,8000000
4,4,10,30000000
0,0,10,37500000
0,0,2,9000000
0,0,3,13500000
0,0,4,18000000
3,3,3,6000000
3,3,4,8000000
3,3,6,13500000
6,5,1.6,85000000
4,3,5,14500000
2,2,3,4500000
1,1,1.5,7757000
0,0,17,41000000
5,5,1.1,35000000
3,3,3,10500000
2,2,7.1,65000
2,2,3.1,17000
3,3,2,300000
3,3,4.9,45000
5,5,1,250000
0,0,8,47000
3,3,1.2,70000
3,3,5.4,27000
4,4,8,45000
1,2,2.9,12000
3,3,7.1,75000
3,3,7.6,22000000
2,1,1.9,2550000
5,5,13.8,14500000
2,4,2.8,4500000
2,2,4.2,3200000
4,4,13.2,35500000
4,4,3.4,4000000
0,0,8.1,17000000
2,2,4.2,8500000
2,2,5,9500000
4,5,5.3,11000000
3,3,7.6,23500000
6,11,4.8,9500000
3,3,4.4,8200000
7,6,1,139500000
4,6,4.8,40000000
3,3,6.9,7900000
2,2,5.5,9000000
7,6,1,95000000
0,3,5.6,7000000
6,6,3.2,14500000
5,4,10,55000000
3,3,8.4,18000000
3,3,10.2,32500000
3,3,10.2,35000000
3,3,9.3,18000000
4,4,8,47500000
2,2,3.3,5500000
3,3,6.4,15000000
3,3,6.4,12500000
3,3,3.3,6000000
7,6,1,115000000
2,3,3.3,4000000
6,5,1,109500000
5,4,10,47500000
3,3,7.3,22500000
6,5,1,120000000
2,2,4.2,9000000
2,2,4.3,7500000
9,6,2.1,280000000
4,4,4,27000000
2,2,3.2,3000000
6,6,1,85000000
5,4,4.8,20500000
6,7,13.8,35000000
2,2,3.2,3000000
2,2,4.2,7500000
3,3,7.2,19000000
4,3,8.9,45000000
5,4,11.6,60000000
3,3,4,29000000
3,3,10.2,12500000
8,8,1.2,85000000
2,2,4,6000000
2,2,4,3800000
0,0,7.9,18500000
3,4,8,8000000
2,2,4.8,7500000
0,11,4.8,24000000
0,0,4.8,18000000
3,3,6.2,11000000
3,3,4.8,8500000
5,5,14,90000000
3,4,7.6,17500000
4,4,4.8,12500000
2,2,4.2,8500000
2,3,4.8,20000000
0,0,10.4,32500000
8,7,15,4
2,2,3.6,3100000
2,2,4.2,4800000
2,2,3.6,3600000
7,6,2,200000000
6,6,4.8,10000000
8,7,4.8,20000000
2,2,3.6,6200000
6,6,1,120000000
5,6,1,110000000
6,5,1,147500000
2,2,4.4,8500000
4,4,12,63500000
5,5,4,15500000
7,7,10,40000000
7,7,10,37500000
7,7,7,37000000
3,4,4,15500000
5,5,1.1,80000000
3,3,4.9,3500000
4,5,3,5500000
0,0,4,113000000
0,0,2.7,2650000
4,3,13,13000000
0,0,8,22500000
4,5,8,14900000
8,8,2.1,165000000
4,4,5,16000000
5,5,6.7,11500000
6,7,1,116500000
3,3,12.4,40000
4,4,1,60000
4,4,1,55000
4,4,1.2,50000
6,6,14.2,65000
3,3,8,26000
3,3,10,50000
3,3,14.7,85000
0,1,1.5,15000
0,2,2.8,18000
0,2,2.8,15000
7,7,1,400000
0,0,1.8,140000
4,4,1,43000
2,2,4.6,85000
4,3,1.3,125000
8,7,2.5,400000
6,5,1.3,500000
6,5,1.3,450000
3,3,14,55000
2,2,4,27000
2,2,1,50000
3,3,1.2,110000
3,3,1,85000
3,3,1,38000
0,0,1.1,16000
4,4,2,180000
0,0,1,72000
3,3,12,50000
3,3,1.1,82000
3,1,5,13500
3,3,1.3,95000
5,4,16,52000
3,3,12,70000
3,6,7,21000000
0,3,5,7500000
0,1,5,5500000
0,0,5,7500000
0,0,5,10000000
0,0,5,10000000
0,0,5,10000000
0,0,5,10000000
0,0,5,10000000
4,4,5,14000000
2,2,2.5,2700000
6,6,10,20000000
0,5,16,23000000
0,5,10,23000000
0,0,12,25500000
2,2,2.7,3400000
0,0,6,13000000
8,7,1,41000000
4,4,10,20000000
1,2,3.5,2500000
2,2,4.4,5000000
3,4,5,26000000
2,4,2.5,6000000
0,0,15,7500000
6,7,10,21000000
5,5,10,26000000
4,4,7,7200000
2,3,5.6,3300000
4,5,10,21500000
9,9,15,95000
2,2,13,28000
0,0,5,18000
0,0,5,17000
0,0,7,45000
0,0,5,45000
0,0,7.5,32000
0,0,3,20000
0,0,5,40000
0,0,5,36000
0,0,1.2,130000
0,0,5,18000
0,0,15,125000
0,0,5,30000
0,0,5,45000
0,0,5,45000
0,0,5,20000
0,0,5,35000
0,0,5,20000
0,0,1,75000
3,3,12,36000
3,3,14,32000
1,1,0.5,18000
3,3,5,33000
1,2,2,13000
3,3,1,35000
3,3,1,35000
3,3,10,39000
4,3,5,14000000
5,4,5,9100000
6,5,1,39500000
5,4,10,33000000
5,4,10,22500000
6,5,10,27000000
5,4,10,29500000
4,3,5,12000000
1,1,2,3200000
3,4,7,12500000
4,3,3,4490000
3,3,3,7000000
4,3,3,8000000
3,3,3,4500000
6,5,1.6,65000000
0,0,10,20000000
0,0,3,7500000
0,0,3,7500000
3,4,3,7200000
1,2,3.7,3500000
6,4,8,130000000
5,4,5,9400000
5,4,1,31500000
5,4,1,32000000
0,0,1,35500000
4,3,7,12200000
4,3,8,12200000
6,5,1,65000000
6,5,1,55000000
4,3,3.5,5000000
0,0,1,70000000
0,0,2,3900000
0,0,4,6500000
4,4,6,6800000
4,3,5,9900000
4,5,8,13500000
6,6,3.7,8000000
2,3,3,3300000
6,5,1,65000000
4,4,5,14900000
6,6,1.2,44000000
1,2,6,5500000
4,6,5.5,11000000
2,3,3.5,5500000
5,5,16,47000000
4,3,5,12000000
3,3,5,20000000
3,3,3.6,8500000
6,5,10,22500000
6,5,5,15000000
6,5,7.5,19500000
6,5,5,15000000
6,5,5.5,16000000
5,4,3.5,10000000
4,3,3.5,8000000
4,3,3.5,8800000
4,3,3.5,10200000
8,5,10,17500000
6,5,5,17000000
6,5,5,17500000
6,5,2,65000000
3,5,7,8500000
7,5,10,26000000
4,3,10,22500000
5,4,10,29000000
3,3,5,6500000
6,5,10,31000000
7,6,1,42500000
6,6,1,47500000
4,3,5,11500000
0,0,5,2700000
6,5,1,41000000
6,6,10,29500000
10,5,1,39500000
7,6,1,37000000
6,5,1,47500000
7,6,1,39000000
3,3,3,6000000
5,7,9,15500000
0,0,1,37500000
3,3,5,9900000
6,6,2,75000000
3,4,4.8,35000
3,3,11.6,115000
5,4,1,250000
3,2,6,20000
2,3,1,170000
2,2,2.7,35000
10,11,4,1500000
3,2,5.5,27000
3,3,1,115000
3,3,9.6,35000
3,2,4.4,26000
5,4,12,95000
2,2,2.9,16000
4,4,1,140000
4,4,2,215000
3,3,1,150000
4,4,10,50000000
3,2,4.8,8400000
6,4,5,12500000
3,4,3.2,8000000
3,3,10.3,42500000
0,4,12,37500000
8,11,16,23000000
2,2,3.8,7500000
3,3,4.2,8500000
2,3,11.2,11000000
3,3,6.1,13000000
3,3,8,15000000
2,2,5.1,18800000
0,0,6,12000000
3,3,6.4,24000000
4,4,9.8,29500000
3,3,8,13500000
6,6,1,100000000
3,3,14,60000000
2,2,3.3,7000000
2,2,4.8,5500000
6,6,16,34000000
3,3,7.3,23000000
4,3,1.2,72000000
7,6,1,105000000
6,6,3.2,15000000
4,4,10.7,50000000
3,3,8,18000000
4,5,3.2,12500000
5,5,4.8,12500000
4,8,4.8,8500000
0,0,8,40000000
2,5,3.2,8500000
8,6,1,90000000
2,2,4.4,12500000
3,3,12,50000000
2,2,3.2,4100000
2,2,4.2,7500000
3,3,4.8,14000000
2,2,3.3,3000000
2,2,4.8,13000000
6,5,18.3,82500000
2,2,4.2,18000000
4,3,8,15000000
3,5,4,7000000
2,3,3.2,8000000
9,9,9.6,60000000
4,7,16,65000000
3,3,16,45000000
2,2,4,7500000
0,5,6.4,5200000
3,3,6.4,16000000
0,3,8,18000000
0,2,4,4500000
0,4,6,16000000
0,3,6,7500000
0,2,3.2,4500000
0,2,3.2,4500000
0,2,3.2,4500000
0,2,3.2,4500000
0,2,3.2,4500000
0,2,4,4500000
0,2,4,4500000
0,2,4,4500000
2,2,2.4,2300000
3,3,5,7200000
4,3,4.8,12900000
2,2,4.2,12500000
3,3,8,26500000
3,3,5.6,13000000
3,3,7.6,22500000
4,4,3.4,3600000
4,4,3.4,3600000
2,2,3.4,4500000
2,2,3.4,4500000
2,2,3.4,4500000
2,2,3.4,4500000
5,5,1,65000000
2,2,5.3,8500000
4,4,3.2,8700000
4,3,6,59500000
3,2,4.4,7200000
3,3,7.8,24500000
1,1,2.2,5000000
7,6,1,45000000
7,5,1,49000000
6,6,12,42500000
3,3,12,45000000
5,5,5,7800000
2,2,6,16500000
2,2,6,5335000
6,6,14.2,41500000
3,2,4.9,5099000
5,5,6,12500000
4,3,1,17000000
4,4,6,13000000
6,4,5,7600000
2,2,4.9,5200000
3,3,9.3,40000000
3,3,9.3,40000000
0,2,4,4000000
6,5,1,53500000
4,4,10.7,10000000
5,4,5,9500000
6,6,12,45000000
0,2,4.1,3500000
5,4,14,22500000
6,5,10,18000000
1,1,2.9,4231000
7,5,6,12400000
3,3,5,7700000
6,6,1.2,90000000
6,6,1.3,85000000
5,5,6,9000000
7,11,10,13000000
3,2,5.6,22000
2,2,5,17000
3,3,1,65000
6,10,1,325000
5,4,1,40000
7,6,1.2,375000
3,3,2.5,140000
4,4,4,55000
1,1,4.4,80000
1,1,6.7,100000
2,2,10.2,150000
3,3,13.3,200000
0,1,2,40000
0,0,2,45000
0,0,6.2,60000
0,0,2,35000
2,2,8,224000
3,3,1,42000
2,2,9.8,70000
3,2,7,16000
4,4,2,85000
3,3,13,28000
3,3,10,35000
5,5,1,470000
4,6,5,2800000
0,0,5.7,12500000
8,8,1,85000000
7,4,6.7,25300000
7,5,5,6500000
3,3,5,13500000
2,2,6,14000000
2,2,3.7,4255000
4,4,1.1,80000000
1,1,2.3,3900000
9,7,1.3,190000000
2,2,5.8,7500000
1,1,1.9,2750000
2,2,4.1,5500000
1,1,3.8,20500000
3,3,7,4500000
2,2,4.9,5000000
1,2,2.5,2500000
4,4,10,15500000
2,4,10,19000000
2,2,5,6000000
2,2,3.5,2000000
6,6,8.2,13500000
5,6,1,25500000
0,0,7,15000000
5,8,7,12500000
3,3,10,18000000
5,4,6,9500000
6,5,1,45000000
5,5,10,19000000
5,2,5,5000000
5,5,10,24500000
3,3,5,6000000
2,2,3,2200000
6,6,17,16000000
5,5,1,57500000
0,0,7,10000000
4,4,5,8000000
6,7,5,15000000
2,2,5,4500000
4,4,5,7500000
4,4,7,10000000
4,5,1,45000000
0,0,10,60000
0,0,3,22000
0,0,5,38000
0,0,5,35000
1,2,3,20000
3,3,1,55000
2,2,5,14000
1,3,5,22000
3,3,1,65000
3,2,6.7,60000
0,0,2.9,30000
2,2,6.7,80000
2,2,1.5,70000
0,0,9,125000
6,5,10,80000
0,5,1,36500000
5,5,10,32500000
0,3,4,10000000
3,2,5,5000000
4,4,10,25000000
4,4,7,13500000
5,8,11,15000000
6,5,1,47500000
6,5,1,54500000
5,5,4,12000000
3,2,4,6000000
4,4,10,18800000
0,0,1,31500000
3,3,2.7,6500000
6,6,1,49000000
4,3,5,11500000
3,3,1,47500000
6,5,5,11000000
5,4,5,15000000
5,5,5,10500000
3,6,2,6500000
5,4,5,11000000
3,3,9.5,17000000
6,6,10,21000000
0,0,4,6300000
2,3,3.5,8000000
7,5,10,25000000
3,3,4,5600000
3,3,3,4500000
2,4,3,6000000
3,3,4,112500000
5,5,10,25000000
6,5,1,38500000
4,3,5.4,12000000
6,5,6,11500000
4,3,5.5,9600000
3,3,8,12500000
6,6,1,30000000
2,2,2,2600000
3,3,3,5500000
0,0,1,57000000
4,4,1,37500000
4,3,10,17300000
3,3,1,32500000
5,4,10,39500000
8,6,1,62500000
2,2,3,2200000
0,0,1,65000000
5,4,7,14500000
4,4,5,9200000
2,2,6,7500000
2,2,3.5,8000000
4,3,6,15000000
3,2,2.2,3200000
3,3,3,4000000
4,8,5,12500000
5,5,5,11800000
3,3,10,15000000
6,5,5,8000000
8,7,11.5,30000000
3,3,8,10500000
7,6,1.2,160000000
0,0,1,65000000
2,2,12,110000
3,3,1,100000
3,3,1.3,180000
6,5,1,270000
0,0,1,135000
3,3,1,125000
2,2,1,170000
2,2,4.8,26000
2,2,6,24000
6,5,1,230000
3,3,8.8,37000
0,0,1,25000
3,3,5.8,50000
4,3,1.1,125000
0,0,4.2,25000
0,0,9.6,85000
0,0,13.3,35000
3,3,8,115000
3,3,10.2,50000
3,3,1,65000
2,4,4.8,8000000
6,5,12,62000000
4,3,9.3,35000000
2,2,4,6200000
1,3,2.7,4500000
3,2,4.8,11500000
4,3,8.4,9000000
1,1,1.8,2500000
2,2,2.2,3800000
0,4,4.8,15000000
2,2,3.9,5500000
1,0,3.4,4700000
3,3,10.4,50000000
2,2,4.2,10000000
6,4,12.4,55000000
3,3,6.4,7000000
6,5,1,95000000
2,2,4.2,10000000
6,7,16,30000000
3,3,10.2,40000000
4,4,1,69000000
2,2,2.9,2800000
3,4,8,12000000
0,0,4.8,13500000
5,4,4.8,13500000
5,4,4.8,13500000
5,4,4.8,13500000
6,6,16,35000000
4,4,9.6,31000000
3,3,6.4,12000000
4,3,4,41500000
3,3,4.6,7500000
6,9,4.8,17000000
0,2,4.2,6000000
0,0,8,11500000
0,0,2,265000000
4,4,4,26500000
5,5,4.8,4800000
6,5,1,140000000
5,4,14,95000000
3,3,3.2,9000000
0,3,8.9,31000000
0,6,18,87500000
2,4,4.6,4700000
2,2,4.4,6000000
2,2,4.4,6000000
3,3,8,22500000
5,5,2,150000000
5,4,12,61500000
5,5,1,117500000
0,5,1.2,122500000
0,5,1.3,130000000
0,6,1.3,135000000
4,4,2.4,5500000
4,4,4.8,16000000
3,4,4.8,7000000
0,0,3.8,1500000
4,4,4.8,41500000
3,3,6.4,11000000
4,3,8.9,40000000
4,3,8.9,40000000
3,3,7.6,35000000
6,5,7.2,12500000
6,6,4.8,14000000
5,5,3.4,7500000
2,2,4.2,4300000
5,5,2,249900000
3,7,5,16000000
2,2,4.9,8000000
2,3,4.4,5600000
5,4,4.8,17000000
5,3,18,29000000
5,6,4.8,21500000
4,4,1,93000000
3,3,4.4,5000000
4,4,7,14500000
7,5,4,500000000
3,3,6.7,14500000
4,6,4,8500000
3,3,5,6700000
6,4,5,8500000
2,2,3.6,16000
2,2,3.6,16000
3,3,5.3,17000
4,3,1,120000
0,0,1,100000
2,2,5,18000
2,4,5,65000
2,2,5,28000
0,0,2,25000
9,7,1,265000
4,3,1,125000
7,5,1,180000
7,7,1.2,280000
3,3,1,120000
2,2,7,35000
0,0,1,100000
2,3,5,13000
6,5,1,400000
3,2,1,200000
6,5,1,350000
4,4,1,230000
2,2,1,175000
2,2,10,28000
3,2,1,250000
2,2,1,190000
3,2,1,140000
2,2,1,95000
3,2,1,85000
2,2,10,250000
2,2,4.9,22000
7,5,4.3,1500000
4,4,1,40000
4,2,9.3,195000
6,5,1,275000
2,2,1,100000
3,3,1,150000
2,2,4.9,22000
3,3,1.2,30000
1,1,1,10000
6,6,2,330000
3,3,1.3,175000
2,2,1.2,20000
3,3,10,37000
2,2,10.9,32000
0,0,4,25000
2,2,12,65000
1,1,5.1,140000
6,5,10,8200000
3,4,4.3,7500000
5,7,6,22500000
0,0,1.3,36500000
1,1,2.5,2500000
3,3,7.5,22500000
5,4,7,20000000
6,4,10,17500000
3,2,5,5500000
2,2,3.3,5000000
3,4,3,3000000
4,4,6,12000000
6,4,7.2,14000000
6,6,12,15000000
4,4,5,9000000
6,5,10,15500000
4,3,13,16000000
6,6,1,35000000
4,3,18,26000000
6,5,11,24000000
3,4,10,13000000
1,2,5,2700000
2,2,4,3000000
4,7,5,22000000
1,2,3,2700000
1,1,3,10000
3,3,12,40000
0,4,10,33000
0,3,7,25000
0,0,8,22000
2,2,4,30000
2,2,3,12000
6,7,10,45000
1,2,5,25000
2,3,3,16000
2,2,7,25000
3,3,2.5,4100000
0,0,3.3,7500000
3,3,2,4100000
4,7,7,9500000
0,0,1,41000000
0,0,1,38500000
5,4,1,30000000
4,3,7,20000000
5,5,10,14200000
6,5,1,40000000
6,5,1,50000000
6,5,1,37000000
5,4,10,20000000
6,5,1,44000000
4,3,3,4800000
2,3,5,5000000
0,0,5.5,22500000
3,3,10,14500000
5,5,10,15500000
5,5,10,27500000
5,4,1.2,42500000
5,4,10,22000000
4,4,3,5000000
0,0,1.8,140000000
0,7,1,70000000
5,4,10,14000000
4,3,3,8500000
1,2,5,3800000
0,5,6,8500000
2,5,5,7000000
6,5,1,52000000
5,4,14,29500000
7,8,2,79000000
6,7,2,105000000
4,4,3,7200000
0,0,8,18000000
4,3,5,12800000
2,2,2,7000000
5,5,5.5,16500000
4,3,5,13000000
4,4,3,4800000
5,5,10,32500000
3,5,5,11000000
3,2,3,5270000
4,3,10,12500000
6,6,1,12000000
4,3,10,13000000
4,3,10,13500000
6,5,1,47500000
6,10,1,42000000
6,5,4,8500000
6,4,10,24800000
2,2,5.6,50000
4,4,1,140000
0,0,8,35000
1,2,4.8,15000
4,4,18,180000
6,5,1,375000
2,2,3.1,20000
0,0,4,35000
10,11,2,1500000
3,3,12.4,62000
0,0,9.6,85000
0,0,1.2,250000
3,3,8,50000
3,3,6,25000
3,3,8,50000
4,3,1,130000
3,3,7.1,52000
2,2,2.9,21000
4,3,18,110000
3,3,9.3,50000
3,3,7.1,52000
3,3,8,150000
6,6,1.2,750000
5,4,18,200000
8,7,2.4,1200000
3,3,6,25000
4,5,9.6,70000
5,6,16,150000
3,3,9.6,45000
3,4,4.8,220000
2,3,4.8,27000
3,3,8.4,55000
2,2,4,18000
3,3,8.9,110000
3,3,9.6,42000
2,0,4.8,23000
2,3,3.2,4500000
0,0,5.1,4200000
3,2,4,6500000
1,3,6.2,10500000
3,3,4.8,8500000
3,3,18.4,40000000
2,2,4.2,7500000
2,2,2.7,3200000
2,2,2.7,4200000
5,5,4.8,11000000
2,3,6.4,9000000
3,3,5.3,9000000
3,3,6,9500000
3,3,5.6,13500000
3,3,4.8,6800000
5,4,13.3,61000000
6,6,1,100000000
6,6,1,100000000
0,0,2,180000000
4,4,12,67500000
5,4,4.8,7500000
4,4,12,65000000
0,3,11.1,33000000
2,2,3.3,5500000
2,2,2.4,3200000
5,5,7.2,32500000
4,4,4.8,24000000
4,4,4.8,23000000
5,5,14,115000000
3,3,9.6,13000000
3,3,8,12500000
3,3,10,18000000
5,5,1,80000000
7,7,8,39500000
0,1,4.4,10000000
4,3,11.4,36000000
7,7,1.3,110000000
7,7,1.3,110000000
2,2,2.8,4000000
4,4,6.4,33000000
3,3,6.4,8300000
3,3,7.5,5500000
3,3,3.2,3800000
4,4,12,75000000
2,2,3.8,5000000
4,4,9.2,52500000
4,4,4,34000000
3,3,8.9,15500000
3,3,4.8,20000000
4,6,3.2,8700000
0,0,8,5500000
2,2,4.8,7500000
2,2,6,9500000
3,3,5.3,9800000
6,6,9.6,35000000
4,4,4.8,17000000
8,6,9.3,47000000
0,0,7.1,10000000
7,6,2,300000000
5,7,4.8,16000000
6,9,12,38000000
3,3,3.8,4200000
0,0,1,100000000
3,3,8,21500000
4,4,1,105000000
2,4,5,3200000
4,4,8.9,8500000
4,3,12.2,40000000
2,2,4,6000000
0,3,8,25000000
7,9,3.4,11000000
2,2,4.4,10000000
4,4,4,35000000
2,2,3.6,4200000
2,2,5.3,6500000
5,5,1.2,140000000
0,0,2.9,4500000
2,2,3.3,3200000
3,2,4.8,3000000
3,2,4.8,7500000
2,2,2.9,6000000
0,0,4,30000000
2,3,3,2500000
2,2,7.5,16800000
7,7,1,38500000
6,4,6.9,13000000
6,5,5,9700000
7,6,18,55000000
6,6,1,52500000
6,6,12,25000000
6,6,5,8000000
10,9,2,105000000
6,6,7,15000000
6,6,10.9,31700000
3,3,4.4,13500000
2,2,3.1,4500000
0,0,6.7,16000000
6,6,10,16000000
6,6,14,55000000
0,0,1,42500000
0,0,6.2,30000000
3,3,5.1,7500000
6,5,8,26000000
0,0,2.6,3890000
6,4,5,10500000
3,3,5,18500000
0,0,4,28000000
3,3,5,7800000
3,3,5,7800000
0,0,5,6500000
6,6,7,15500000
5,4,5,11000000
3,3,7.6,17500000
3,3,5,8500000
1,2,4.7,10500000
3,3,5,8300000
0,0,5,7000000
5,4,10,15000000
5,4,5,9500000
5,4,5,9500000
5,4,5,8000000
5,4,5,12000000
5,4,5,12000000
0,0,12.4,49000000
2,2,3,4000000
3,2,5,5500000
3,2,5,7000000
5,4,5,11000000
3,2,4,6200000
6,6,5,13000000
3,2,7,9500000
6,6,7,15000000
6,6,7,15000000
1,2,1.8,20000
5,5,1,180000
6,6,1,200000
3,3,1,55000
6,6,1,170000
3,3,14,65000
3,3,14,65000
4,4,14.2,200000
3,3,1.3,180000
2,2,6.9,72000
2,2,3,11000
3,3,1,45000
3,2,8,34000
2,2,6.7,35000
9,9,10.9,150000
3,3,1,55000
3,3,12,60000
3,2,10,22000
3,3,1,55000
3,3,1,55000
1,2,10.8,25000
3,3,10,43000
6,5,1,200000
4,5,7,9500000
5,6,6,6300000
5,5,5,11000000
0,0,11,18000000
2,3,4,10000000
5,4,5,9000000
4,4,2.7,69000000
4,4,5.3,10500000
5,5,12,27900000
7,6,14,25500000
5,5,5,9000000
2,2,5.3,8900000
1,2,3.5,2500000
3,3,6,5000000
6,5,7,15500000
0,2,5,4000000
6,4,6,13500000
6,4,6,13000000
0,8,1.5,60000000
5,5,10,25000000
4,4,5,32000
2,3,5,10000
4,3,10,35000
0,0,5,36000
0,0,5,32000
2,2,5,22000
2,2,5,22000
2,2,5,22000
4,6,5,31000
2,2,7,25000
2,2,8,20500
2,3,6,20000
6,6,9,60000
1,1,2,25000
2,2,10,26000
3,3,7,25000
3,3,6,15000
0,0,1,45000
7,6,1,95000
9,11,8,50000000
6,9,10,17800000
2,2,4,4000000
4,3,10,19000000
0,4,10,28000000
6,6,7,25000000
0,0,4.5,480000000
6,5,6,14000000
2,2,5,4500000
5,4,4,7300000
6,6,10,15000000
6,4,10,22500000
4,3,3,4800000
8,4,5,8000000
5,5,9.2,16000000
3,3,5,14500000
7,4,5,8600000
0,3,3,8500000
8,8,2.8,180000000
7,7,4.5,175000000
7,7,1.1,65000000
2,2,2.5,2800000
4,4,6,16000000
4,4,11,17500000
6,6,1,30000000
7,7,1,37000000
6,5,1,37500000
0,0,10,14500000
5,4,8,23500000
5,4,7,13000000
5,6,1.3,42500000
2,2,2.7,3819000
6,6,1,38000000
3,3,2.5,3600000
4,3,5,15500000
5,4,1,39500000
3,2,3,2400000
4,3,5,13500000
0,0,1,51000000
6,5,1,35000000
6,5,2,50000000
6,5,1,36500000
4,4,10,22500000
6,5,12,110000000
6,5,5,9500000
0,0,10,27000000
8,7,1,35000000
5,4,10,22000000
6,5,1,42500000
1,2,3.3,4990000
3,4,4.5,13500000
4,3,5,14500000
7,7,6,16000000
4,3,5,11000000
0,0,1.3,2550000
4,4,9.2,21000000
2,2,4.4,7000000
3,4,5.1,7000000
6,6,16,29500000
6,6,16,48500000
3,3,18,28500000
6,6,4.8,14000000
5,4,1.1,230000
3,3,10.2,40000
3,3,10.2,55000
3,3,7.8,78000
4,3,7.8,75000
0,0,1,100000
8,6,2,490000
3,3,8.2,80000
4,4,10,120000
2,2,4.8,26000
5,5,1.2,500000
2,2,3.6,18000
3,3,5.3,9000000
2,2,4,15000000
3,3,4.8,6500000
2,4,5,10000000
3,3,8.4,9900000
2,2,3.2,5500000
2,3,3,5000000
0,0,4.8,4800000
3,3,6,16000000
6,6,1,64000000
3,3,9.6,27000000
5,4,5.3,6850000
4,4,6.2,8600000
2,2,4.4,3300000
8,6,9.6,29800000
2,5,4.8,25000000
2,2,8,6500000
1,2,3.4,8300000
4,4,3.4,9500000
6,6,1,112500000
2,2,1.8,3500000
3,4,4.8,6000000
6,6,5,16100000
4,4,13.3,14500000
0,3,8,9000000
2,2,4.2,5500000
2,2,4.2,4000000
2,2,3.3,3000000
4,4,11.1,25000000
3,3,8,17000000
3,3,7.1,15500000
2,2,5.1,11500000
3,3,5.6,11000000
2,2,4.2,8500000
2,2,2.2,4800000
2,2,4,7000000
2,2,2.7,3389000
8,7,16,50000000
5,8,9.6,10000000
2,2,4.9,6900000
3,2,4,9500000
3,3,5,9800000
5,5,1.2,95000000
3,3,6.4,11000000
3,3,6.2,9000000
2,2,4.4,5500000
3,3,7.1,13500000
2,2,4.4,6500000
2,2,3.6,3200000
1,1,2.7,1800000
2,2,3.8,4500000
3,4,6.2,5500000
0,0,3.2,5500000
6,5,1.2,115000000
5,4,8,46000000
4,4,10,47500000
4,4,6,59500000
5,5,1.2,87500000
4,3,4,9800000
2,3,5.7,8000000
6,6,1,88000000
5,5,4,420000000
2,2,4.2,16000000
6,8,8,35500000
4,4,6,49000000
0,4,16,45000000
4,3,7.6,18500000
5,4,16,35000000
6,5,8,30000000
2,2,4.2,12500000
3,3,8,6000000
3,3,6.7,21000000
3,3,6.7,29000000
2,2,4.8,4500000
6,5,1,90000000
3,3,4,7500000
3,3,3,6500000
5,5,9.3,29500000
3,2,5,6200000
3,3,3,4500000
4,4,5,9500000
1,1,2,3825000
2,2,3,2500000
2,2,4,5200000
4,4,8,35000000
5,4,14,20000000
6,6,10.1,15500000
6,4,8,14500000
6,5,6.9,13000000
4,4,6.9,12500000
6,6,10.1,17500000
5,5,14.2,50000000
2,2,3.8,3800000
3,3,10.2,40000000
3,3,7.3,13000000
5,5,19.5,80000000
0,0,4,280000000
0,12,4,320000000
5,5,1.8,140000000
6,7,7,15500000
4,4,7,16000000
3,2,5.6,10000000
0,0,2.2,2500000
2,2,4.6,8900000
5,5,1,40000000
6,6,1,47500000
0,0,8,16000000
2,2,6.4,32500000
1,2,3,9500000
3,3,8.9,20500000
2,2,4.9,5390000
3,3,8.3,20000000
4,4,15.6,42000000
5,5,8,20000000
3,3,5.5,7800000
8,6,1.3,145000000
10,10,1,100000000
6,5,18,75000000
2,2,3,3100000
5,4,5,8000000
5,8,10,15000000
2,2,3.1,33000
2,2,3.6,16000
2,2,8,30000
3,3,12,50000
3,3,12.7,38000
0,0,1,125000
4,3,8,60000
2,2,1.2,250000
4,3,11,55000
0,0,3.9,110000
0,0,14.4,90000
4,3,12,60000
0,0,1,45000
3,3,8,45000
2,2,4.9,70000
4,3,8,75000
6,6,10,65000
4,4,10,130000
4,3,1.3,80000
2,2,2,35000
2,2,3.3,30000
4,4,4,55000
4,4,4,45000
6,6,1.5,24500000
6,7,10,20100000
0,0,6.5,8500000
0,0,7.5,10500000
2,2,5,4300000
2,2,3,3200000
2,2,5,4300000
2,2,4.8,4700000
4,3,5,9800000
6,5,10,13000000
0,6,15,51500000
3,4,10,5000000
0,5,10,25000000
3,2,7,6000000
3,2,5,3700000
3,6,5,5000000
9,8,1.5,50000000
3,2,7.1,14000000
6,5,10,21500000
2,3,3,8000000
5,6,4,8000000
3,2,5,4800000
1,2,4,12000
3,1,3.5,17000
0,0,5,35000
0,0,5,23000
0,0,5.5,55000
0,0,1,100000
0,0,10,80000
0,0,5,25000
4,5,1.2,120000
2,3,4,20000
0,0,4,20000
2,2,3,25000
1,2,2,13000
1,0,3,11000
10,11,12,170000
7,7,2,150000
2,1,3.6,45000
6,6,8,49000
1,2,5,19000
3,3,2.5,4000000
2,2,3,4490000
2,2,3.1,2816000
3,3,5,15500000
7,5,8,15200000
0,0,7,8500000
5,4,5,9300000
1,2,5,9500000
6,5,12,39000000
3,3,5,12500000
7,7,12,22000000
5,4,10,22000000
5,4,11,25500000
5,4,11,25500000
4,3,10,21000000
3,6,6,14000000
4,4,9,18000000
5,5,4,13000000
6,5,10,19000000
7,5,1,39000000
7,5,1,34000000
6,6,2,75000000
1,2,5,4600000
5,4,7,18000000
3,3,5,10000000
6,6,2,105000000
3,3,5,13000000
2,3,3,6500000
2,2,8,11500000
3,3,5,12000000
6,5,1,42500000
3,3,3,6500000
0,0,8,24000000
3,3,4,9000000
6,5,10,20000000
3,3,5,12000000
3,3,2,3900000
5,5,10,18500000
0,0,3.4,2800000
4,3,3,7000000
5,5,16,52500000
4,3,3,7300000
5,7,7.5,15000000
6,5,8.8,15000000
6,10,1.2,60000000
0,0,1,20000000
5,4,6,12700000
4,3,5,12000000
0,2,3,2290000
6,5,1,72500000
4,3,5,12900000
6,5,1,47000000
4,3,5,10000000
4,4,5,15000000
6,5,18,25000000
8,9,1,35000000
4,3,11,17500000
4,5,5,9800000
6,5,2,105000000
8,5,1.3,68500000
3,3,12,14000000
2,2,4.2,9000000
3,3,4.8,8500000
5,4,4,32500000
3,3,5.1,7500000
3,3,8.9,30000000
2,3,3.6,4300000
4,4,14.2,20000000
7,6,8,25500000
3,3,7.1,8500000
4,4,4.8,29800000
2,2,4.2,6500000
6,8,1.4,76500000
3,3,8,16500000
6,6,4,13500000
3,3,6.4,10500000
4,6,9.6,32500000
2,2,5.6,14000000
2,2,2.9,3100000
0,2,4,14000000
2,2,3.5,6500000
2,3,9.8,23000000
1,4,8,4200000
1,4,8,4200000
2,2,3.3,4200000
5,5,1,39000000
3,3,8.9,16500000
6,5,1,111500000
2,4,4,18000
4,3,10.7,90000
2,3,4.8,25000
4,4,4,110000
3,2,4.7,25000
3,3,1,145000
2,2,4,40000
3,3,7.6,60000
3,4,8.9,30000
3,3,9.6,45000
5,5,1.6,475000
2,2,3.1,28000
7,5,2,550000
3,3,8.9,95000
3,3,7.6,65000
3,3,6.7,70000
3,3,7.6,80000
2,2,7.6,130000
3,2,4.9,50000
1,1,1.6,10000
1,1,1.6,10000
4,3,8.9,145000
3,3,7.6,60000
3,3,6,40000
2,2,4.2,17000
4,4,3.2,25000
4,3,7.3,100000
2,2,4.4,40000
6,0,16,300000
3,3,5.3,45000
2,2,4.8,20000
3,2,6.7,60000
4,4,8.9,75000
4,4,1,200000
3,3,4.8,11000000
3,3,9.6,22500000
5,5,1,110000000
0,0,3.3,8000000
3,3,8,9500000
0,0,4,7500000
3,3,5.3,7500000
2,2,2.2,6500000
7,6,2,210000000
7,6,2,265000000
3,3,6,13000000
2,2,3.6,7000000
4,2,4.4,4700000
2,2,4.9,5200000
2,2,3.5,3500000
3,3,4.8,16000000
0,0,4.8,7000000
3,3,6.2,20000000
2,2,3.3,4000000
6,5,1,75000000
4,3,12,59000000
6,6,1,100000000
3,3,7.1,9000000
9,7,1,66000000
0,0,5,4000000
6,5,1,76000000
1,4,8,4200000
5,9,3.2,9500000
3,3,6,30000000
3,2,4.9,8500000
2,2,3.6,3000000
4,5,1.2,90000000
2,3,4.8,7400000
2,2,5.9,5000000
6,8,8,20000000
3,3,4.4,14000000
2,2,5,6800000
2,4,4.3,7000000
2,2,4.2,7500000
2,2,3.3,6800000
4,3,16,25000000
5,4,1,87500000
3,6,3.3,6600000
0,2,2.8,6000000
4,4,8.4,15000000
0,0,1.2,140000000
7,6,12,57500000
2,4,2.6,3500000
4,3,11.1,55000000
6,9,8,40000000
2,2,4,4300000
0,4,12,62500000
0,4,1.2,122500000
0,6,2,330000000
0,5,1,110000000
0,4,1,110000000
5,4,12,19000000
7,7,2,120000000
6,5,12.1,15000000
3,3,5,18500000
4,4,5,9500000
6,5,9,15500000
1,1,1.5,2500000
6,8,6,11500000
3,3,9.3,40000000
4,4,10.4,17500000
3,2,10,12000000
2,3,5,8500000
3,4,4,8400000
2,2,2.7,4600000
0,9,14.2,47500000
0,0,5,12500000
8,6,10.9,33500000
0,0,4,6500000
4,4,8,16000000
4,4,8,17500000
10,9,2,180000000
3,3,7.6,5500000
4,2,9.8,42500000
5,3,11.6,55000000
6,4,4.4,9500000
6,5,1,48500000
6,5,1,48500000
7,6,10,12000000
0,8,1,61000000
0,9,10.9,40000000
0,5,5.6,16500000
0,0,1,120000
0,0,1,50000
0,1,5,20000
2,2,3.6,45000
6,6,12,135000
3,3,12,26000
5,4,4,48000
3,2,5.8,16000
0,0,1,110000
8,7,1,220000
3,2,9.8,180000
0,0,1,38000
2,1,6.7,150000
3,2,3.6,22000
7,6,1,110000
1,1,2.7,35000
1,1,2.7,18000
5,5,1,42000
3,2,8,33000
2,1,4.4,26000
2,2,4.4,24000
1,1,4,100000
2,2,5,20000
4,3,11.6,290000
4,4,5,35000
2,2,5,18000
4,4,5,30000
2,2,5,17000
2,2,5,16000
2,2,5,18000
2,2,7,35000
2,2,5,15000
4,4,4,45000
2,2,5,19000
3,3,7,25000
3,3,7,24000
4,4,10,33000
2,2,4,25000
3,3,10,45000
5,5,1,90000
4,4,4,60000
2,2,10,45000
3,3,6,7500000
1,2,5,6200000
2,3,2.5,3600000
4,4,7,20000000
4,4,5,11500000
3,3,5,8000000
4,4,9,16000000
0,4,5,8000000
0,4,5,8000000
0,0,10,12500000
0,0,5,6500000
3,3,14,10000000
1,2,3.6,3000000
5,5,7,14000000
5,4,5,6800000
2,2,5,5500000
4,4,5,15500000
4,6,4,8000000
3,3,6,7000000
3,2,4,4900000
6,5,8,9200000
4,4,5,8500000
5,5,5,21000000
3,8,8,20000000
2,2,10,6000000
3,3,10,14500000
3,3,10,13500000
5,5,10,22000000
3,3,10,18000000
4,4,12,24000000
2,2,7,4200000
4,4,1,33000000
6,5,7,12500000
0,7,8,14000000
3,5,3,7500000
7,7,1,40000000
2,3,4,4350000
5,5,5.5,9800000
6,5,1,48500000
6,5,1,48500000
5,5,7,15000000
0,0,7,25000
3,2,5,22000
0,0,5,35000
0,3,12,30000
0,0,5,35000
0,0,5,35000
0,0,5,35000
3,3,8,30000
6,6,15,85000
0,0,2.2,500000
0,0,10,35000
2,2,7,35000
2,2,5,25000
2,2,3.5,22000
4,3,1.7,55000
0,0,1.1,13000
1,1,1.3,12000
2,2,3.1,16000
0,0,1,4000
0,0,10,35000
2,2,5,16500
2,2,4.2,26000
2,1,3.9,50000
2,4,2,5000000
6,6,1,52500000
5,5,1,46000000
5,5,1,42500000
0,4,1,32500000
0,5,1,31000000
7,6,1.6,47000000
4,4,7,14500000
6,5,1,35500000
6,5,10,20000000
2,2,3.3,5520000
4,3,6,10500000
4,3,5,16000000
1,3,2.5,2400000
5,7,10,16900000
6,4,5,9500000
0,0,1,50000000
0,0,6.2,9100000
0,0,10,19500000
5,5,10,22000000
6,6,1,45000000
6,5,1.4,52500000
3,3,3.5,12000000
4,3,4,13500000
5,5,6,11000000
6,5,1,43500000
4,3,3,7000000
6,5,1,49000000
5,4,10,18000000
0,0,3,5000000
0,2,3,6000000
7,6,1.6,69000000
1,1,4.5,20000000
4,3,4,8600000
4,4,12,16500000
2,4,5,6500000
3,3,4.2,4850000
6,6,1,42500000
2,3,15,9100000
0,0,7,17500000
4,3,2,3650000
2,2,2,2650000
0,0,1,30000000
4,4,1.6,200000000
2,4,2.7,4500000
6,5,1,34000000
5,3,5,11500000
0,0,3.5,8500000
3,3,5,12500000
2,4,5,6000000
0,5,1,40000000
0,5,1,39000000
6,5,1,38000000
5,5,1,42500000
5,6,1,47500000
3,3,7,16000000
5,4,10,20500000
5,4,10,19500000
7,6,1,38000000
5,4,10,23000000
6,5,1,49500000
5,4,1,35500000
6,5,1,46000000
0,0,10,20000000
4,3,11,22500000
0,0,4,22000000
6,5,1,40000000
5,4,2,64000000
0,3,5.6,5500000
0,2,3.2,3500000
0,2,3.4,3600000
0,6,4.8,20000000
0,2,3.2,3200000
3,3,8,17000000
3,3,6,12500000
3,3,12.2,35000000
5,5,1,110000000
5,5,1,108000000
3,3,4.8,12500000
3,3,12.2,31000000
3,3,6.7,40000
7,6,1,220000
7,6,1,250000
7,6,1,300000
5,4,1,250000
4,4,12,160000
6,5,1,225000
6,5,1,275000
6,5,1,375000
6,5,1,350000
5,4,1,200000
3,3,6,40000
2,2,4.9,45000
3,3,8,30000
2,2,4.9,50000
3,3,9.6,45000
3,3,9.6,43000
3,3,5.8,40000
3,3,8.4,40000
3,3,16,55000
5,5,12,125000
3,3,12,45000
0,0,4.8,18000
2,2,4.8,25000
3,3,11.4,60000
2,2,4.8,14000
4,3,9.6,36000
2,2,2.2,23000
3,3,10.2,40000
4,3,10,34000
2,2,4,33000
0,4,1,130000
3,3,8,30000
8,8,9.6,100000
5,5,14,230000
5,5,10,7500000
5,4,10,15000000
7,7,10.9,36000000
3,4,5.5,8000000
0,0,1.4,110000000
1,1,1.4,1300000
7,6,1,87500000
6,6,14,55000000
2,4,6.7,16000000
4,5,6,15000000
4,4,7,13500000
7,7,14,26500000
3,2,5,6500000
4,3,5,14000000
10,9,1,100000000
0,0,10,25000000
0,0,4,36500000
5,4,8,15000000
4,2,10,7000000
4,4,6.6,18000000
2,2,4,7000000
1,1,2.9,5800000
10,8,2,180000000
5,5,17.8,65000000
6,5,10,16000000
5,4,5,11500000
1,1,2.7,4583000
0,0,18,100000
2,2,1,150000
6,5,1,300000
6,5,1.2,400000
6,5,1.2,400000
3,3,10,58000
4,4,1.2,45000
3,3,8,35000
2,2,1,65000
1,2,4.2,28000
4,4,2.4,600000
3,3,1,45000
4,3,8,55000
2,2,9.3,25000
2,2,9.3,25000
3,3,4,20000
2,2,4,61000
4,3,1,95000
2,2,7,27000
3,2,1,90000
2,2,13,50000
5,4,5,11800000
4,4,5,15000000
4,3,5,12000000
0,0,17,20000000
4,3,3.5,4200000
4,3,5,7500000
2,1,5,5500000
6,7,14,27500000
6,5,10,22500000
6,5,10,22500000
4,3,5,6000000
6,7,8,25000000
4,5,10,14500000
2,3,10,8500000
2,2,5,5000000
1,1,2,2900000
5,4,5,14000000
5,3,5,11000000
5,4,5,14500000
7,6,10,24000000
7,6,10,25000000
7,6,10,25000000
5,5,10,8500000
7,6,10,23500000
8,6,1,42500000
0,0,5,7000000
0,0,10,22000000
0,0,5,35000
4,4,5,40000
3,3,7,28000
4,3,5,35000
0,0,5,35000
3,3,10,35000
3,3,10,35000
2,3,5,16500
3,4,10,30000
4,3,10,50000
3,3,12,33000
0,2,5.3,30000
5,4,10,20500000
6,5,10,19500000
2,1,3.2,5800000
5,4,5,9800000
5,3,7,8500000
2,2,3,3700000
5,5,5,12500000
3,6,5,9000000
4,4,6.5,15000000
2,3,3,9000000
5,5,1,47500000
6,10,5,750000000
0,0,8,14000000
4,3,10,17500000
3,3,3.5,7400000
6,10,14,35000000
3,3,5.5,12000000
4,5,7,14000000
1,1,2.1,1872000
6,5,10,14200000
5,4,10,21000000
2,2,3.7,6300000
1,1,2.8,4770000
1,1,2,1700000
5,4,17,37500000
3,3,2,3400000
5,4,4,8000000
2,5,4,7000000
1,1,1.1,1150000
6,5,1,41000000
0,0,2,150000000
0,0,2,92500000
5,5,10,28000000
6,5,10,19000000
4,4,10,25000000
4,3,6,20000000
0,0,10,16000000
5,5,14,22500000
5,5,3,7000000
2,2,2.5,4000000
10,10,1,50000000
2,2,3.5,3600000
2,2,3.6,3600000
2,3,2,3200000
2,2,4.5,20000000
0,0,1.1,42000000
3,2,5,4200000
4,3,10,13000000
3,3,4,8500000
6,6,1,50000000
6,5,1,70000000
5,5,1.1,50000000
6,6,1,160000000
2,3,3.8,4500000
3,3,6,11600000
4,4,7.6,10000000
6,5,1,77500000
0,0,4.8,15500000
7,6,2,280000000
4,4,4.8,19000000
3,3,4.8,8700000
3,3,5.6,11500000
5,5,3.2,8000000
4,4,4,40000000
2,4,4.8,6000000
3,2,4.8,8000000
0,0,5.7,10000000
3,5,8.2,12000000
0,5,2.4,14000000
2,3,9.7,20000000
3,3,6,5300000
1,2,2.6,3300000
3,2,4,8000000
5,11,3,12000000
0,11,1.2,180000000
0,3,6.6,25000000
0,2,6.6,25000000
2,2,4.8,8200000
4,4,4.8,14000000
3,3,4.8,7500000
3,3,4.8,7000000
6,11,4.8,9500000
6,6,10,40000000
8,7,9.6,62500000
2,2,4.8,8500000
3,3,5,5700000
3,3,4,5400000
0,0,9.6,32500000
5,5,8,11800000
2,4,4.8,7000000
3,3,6,8000000
3,3,6,9500000
5,4,12,75000000
3,3,7.6,14000000
6,5,1,97500000
4,4,10,55000000
3,3,1,125000000
0,0,9.8,13500000
0,0,10,26000000
3,3,9.6,35000000
3,3,12,60000000
5,5,15,60000000
2,2,3.8,4000000
2,3,3.5,5500000
0,2,4.4,5000000
2,2,2.7,3500000
3,3,5.2,11000000
3,3,9.6,41000000
7,7,9.6,38500000
2,2,4.2,5700000
2,2,2.7,3500000
2,2,4.2,6700000
3,3,6.1,13500000
3,3,11,15000000
5,4,4.8,12000000
2,2,3.3,4800000
6,6,2,245000000
2,2,4.9,8500000
2,2,4.4,7500000
2,2,4.2,4600000
0,2,4.7,7500000
2,2,4.4,3500000
5,4,4,42000000
3,3,4,4000000
3,2,2.4,5500000
2,2,4.2,11500000
4,3,10.2,39000000
2,2,4.9,5500000
2,2,4.4,18000000
3,3,6.4,9200000
0,6,1,85000000
0,5,2,185000000
0,4,1.2,90000000
0,4,2,131500000
5,4,4,31000000
2,2,4.8,1950000
6,5,1,88000000
7,6,1,95000000
5,4,10.7,43500000
2,2,4.8,25000
4,3,1.2,120000
2,2,4.4,43000
4,4,1.2,110000
5,5,10,135000
2,3,4.8,30000
4,4,4,120000
0,0,4.8,18500
8,7,2,400000
2,2,1,100000
9,9,2,400000
2,2,4.4,50000
3,2,5.8,25000
4,4,12,200000
3,3,5.1,70000
2,2,2.7,24000
4,3,1,110000
3,3,1,85000
2,1,2,40000
4,4,10.7,94000
2,2,2.7,19000
6,6,1.3,350000
3,3,4.8,30000
2,2,4.2,52000
4,4,1.2,35000
5,4,12,62500000
3,3,5.3,13000000
0,0,5.3,9000000
3,3,6,6500000
3,3,7.6,13000000
3,2,4,35000000
2,2,5.8,11500000
2,2,2.2,1400000
4,4,1.1,84000000
8,8,12.2,31000000
4,3,7.6,25000000
6,6,4.8,13000000
3,3,4.8,12000000
4,8,4.8,9000000
0,0,2.5,5500000
0,0,4.2,6000000
6,9,3.2,7500000
6,5,11.5,35000000
2,2,5.3,6500000
5,5,8,18000000
4,3,4.8,4800000
3,4,3.4,5000000
7,6,9.6,40000000
3,3,3.2,6800000
2,3,3.6,4700000
3,3,6.1,7200000
1,2,3.4,3700000
9,9,9.4,39800000
2,3,3.4,3800000
0,0,4.2,4000000
0,0,4.2,4000000
2,2,2.5,4200000
2,2,4.8,8500000
2,3,5.3,8000000
6,5,1,109500000
2,2,4.4,8500000
8,6,6.4,16500000
4,4,8,14000000
2,2,4,11000000
2,2,4,11000000
2,2,4,11000000
2,2,4,11000000
6,5,14,85000000
7,3,2,14000000
4,3,10.2,24000000
0,0,4,3300000
2,2,4.2,7000000
2,2,4.2,5070000
3,3,8,7600000
2,2,4,11000000
5,5,10,14500000
7,7,7,15500000
2,2,5,4000000
7,6,7,15500000
6,6,1,91500000
5,5,4,9500000
8,6,1.3,145000000
4,3,9.8,21000000
3,3,8,6850000
6,6,1.1,25000000
6,6,1,37000000
6,6,1,37000000
2,5,12.9,65000000
7,7,14,26500000
5,5,1,140000000
9,8,1.8,45000000
6,10,2,120000000
0,0,1,35000000
3,3,6.7,14500000
2,1,1.8,1900000
6,5,17.8,36500000
0,0,14,49500000
6,5,1.3,100000000
2,2,3.8,6500000
5,6,8,15000000
0,0,3.6,3000000
6,5,8,15000000
2,2,4,7800000
8,7,1.2,55000000
3,2,5,6000000
0,0,4,8500000
3,3,13,45000000
7,7,1,33000000
1,1,2,2640000
6,7,2,160000
6,6,2,160000
5,5,1,250000
1,1,2,15000
3,2,6,19500
6,4,5,34000
4,4,8,40000
1,1,2,45000
2,2,1,150000
6,6,1.5,300000
6,10,2,1000000
6,8,1.5,500000
3,3,1,110000
6,6,1,160000
3,2,6.9,200000
3,3,1.2,75000
3,2,10,28000
2,1,5.1,150000
6,9,2,700000
6,8,1.3,250000
6,6,8,80000
3,2,6,17000
4,4,1.2,41000
3,2,6,18000
4,4,10,42000
1,1,1.8,45000
3,3,1,95000
3,5,6,80000
6,5,10,85000
0,4,2,85000
4,3,5.2,8500000
3,2,12,16000000
3,3,3,5500000
3,5,5,10000000
6,8,10,12000000
5,5,10,14000000
6,6,5.3,8500000
5,4,1,15000000
4,3,12,7000000
6,5,10,17300000
4,3,5,9500000
5,9,9,8500000
5,7,10,13500000
2,2,5,4000000
3,3,5,8700000
4,3,5,11000000
6,5,7,15000000
0,0,1.2,38000000
6,5,7,16000000
6,5,7,14000000
2,2,3.5,2150000
6,5,7,13000000
6,5,1,48500000
6,5,10,24000000
6,5,5,14500000
0,6,7,14000000
6,5,7,14000000
3,3,10,17500000
4,4,15.2,38000000
6,5,7,15000000
6,8,11,56000000
8,8,6,16500000
6,6,5,17500000
3,3,5,5500000
5,5,8,12000000
8,6,17.2,16500000
0,0,4,18000000
5,4,10,100000
0,4,16,75000
0,0,2,130000
0,2,1.5,50000
3,3,8,35000
5,5,10,52000
3,3,10,65000
3,3,1,55000
5,4,7,65000
3,3,9,55000
4,3,10,50000
0,0,14,60000
0,0,10,115000
0,0,5,29000
2,2,6,15000
6,5,1,160000
2,2,5,20000
5,5,10,50000
1,3,3.4,4500000
5,4,5,11000000
1,2,3.5,9600000
4,3,4,9500000
7,6,1.1,45000000
0,1,10,15500000
0,3,5,12000000
0,4,1,27000000
0,3,5,12000000
3,3,3.5,7200000
1,1,1,1350000
4,3,5,11000000
0,0,5,7400000
3,3,5,7400000
3,3,10,12500000
3,3,11,17700000
6,4,10,22000000
3,6,4.5,13500000
3,3,4,14000000
4,3,3.2,5500000
6,7,8,21000000
5,4,5,9400000
5,4,5,9500000
1,2,4,4000000
0,0,2.6,160000000
1,1,1.7,2700000
5,5,10,16000000
4,4,5,10000000
4,10,15,40000000
2,4,3,6500000
2,4,4,2000000
4,4,1,53000000
4,3,10,17000000
3,6,5,7500000
1,2,1.7,2500000
3,2,9,16000000
0,0,9,20000000
4,3,5,11500000
3,3,5,4200000
5,6,6,10500000
6,5,10,24000000
2,3,3,4600000
6,10,16,36000000
2,2,3,7000000
1,2,5,9000000
0,0,5,7500000
3,3,8,35000000
0,0,2.2,4600000
2,2,4.2,12500000
8,7,2,220000000
0,0,1,115000000
2,2,2.2,5950000
3,3,11.6,37500000
0,3,7.6,22500000
3,3,4.2,8800000
3,3,8,13500000
2,2,4.2,13500000
2,2,2.2,5950000
0,6,2,250000000
3,3,10.7,32500000
5,5,12,35000000
0,3,6.7,15000000
3,3,4.4,7000000
3,3,6.7,25000000
0,4,11.1,22500000
0,3,7.1,15500000
0,2,5.1,11500000
0,2,5.1,10500000
0,3,8.2,27500000
8,8,9.6,35000000
3,3,4.4,8000000
2,3,2.4,9500000
3,3,8,17500000
1,2,3.6,3000000
6,6,2,110000000
4,4,12,63500000
3,3,6,11400000
7,7,2,164000000
5,4,12.4,65000000
6,6,1,100000000
2,2,2.4,5400000
2,3,5.3,7500000
2,2,5.3,7500000
4,3,8.4,33000000
3,3,6.7,8000000
2,2,4.2,8000000
3,3,7.8,22500000
3,3,4.8,8500000
4,3,8,15000000
6,6,9.6,34000000
5,4,14,54000000
0,8,1,120000000
4,3,6.4,12700000
3,3,5.5,11500000
4,4,3.2,10500000
2,2,4.4,5800000
2,2,3.3,3700000
0,3,7.1,8500000
1,1,1.8,1800000
2,2,2.9,3500000
3,4,3.2,6100000
5,4,11.1,50000000
3,3,9.6,21200000
2,2,4.8,12500000
4,4,4.8,13800000
2,2,3.3,3000000
2,2,4.8,11000000
2,2,4.8,11200000
0,0,7.8,32000000
0,0,2,180000000
2,2,2.8,4150000
4,4,6.7,12500000
6,6,1,350000
3,3,1,90000
5,4,4.8,48000
3,3,5,25000
3,3,6,40000
3,3,1,150000
3,3,1,150000
3,3,1,150000
3,3,1,150000
3,3,1,130000
3,3,1,125000
3,3,1,125000
2,2,4.2,50000
3,3,7.8,80000
5,5,1,250000
2,2,7.1,50000
4,3,18,90000
0,0,4.3,23000
2,2,4.2,18000
0,0,4.8,22000
4,3,16,45000
2,2,3.3,23000
4,4,16,70000
3,3,7.8,75000
2,2,4.8,20000
0,0,9.6,40000
3,3,5.1,60000
4,4,1,250000
0,0,1,40000
6,6,1,300000
3,3,5.3,65000
5,5,1,260000
3,3,8,40000
3,3,11.6,65000
3,3,7.6,50000
3,2,1.1,130000
3,3,16,60000
3,3,6,36000
3,3,9.6,42000
2,2,4.2,20000
1,1,1.3,15000
3,3,10.2,39000
2,2,3.8,12000
8,7,15.2,65000000
3,3,6.4,20000000
4,4,4.8,17500000
10,11,12.6,80000000
3,3,5.1,5000000
3,3,8,18500000
3,3,11.1,39000000
3,3,8,21000000
3,3,9.6,8000000
0,4,16,37500000
4,3,4.8,12000000
3,3,4.9,11500000
6,5,1,106000000
0,0,4.8,5000000
8,6,1,85000000
4,3,8.7,17000000
2,2,2.4,3500000
3,3,4.4,6300000
9,7,1.1,71000000
0,0,4,6500000
3,3,7.1,12500000
0,0,10,10900000
4,4,4.8,10500000
4,4,8.8,52500000
4,4,12,52500000
3,3,1,67500000
7,6,2,250000000
4,4,4.8,9000000
2,2,3.8,4700000
7,5,8,13500000
2,2,4.2,4770000
3,3,6.1,6500000
2,2,5,3800000
2,2,4,8000000
3,3,5,6500000
0,0,4,15500000
6,6,1,45000000
0,0,10,24000000
6,5,10,24000000
8,7,1,46500000
8,7,1,46500000
0,0,1,82500000
6,6,10.9,37500000
6,6,2.4,360000000
4,4,4.4,17500000
6,5,1,48000000
6,5,1,48000000
6,6,1.1,70000000
6,5,7,26500000
6,6,1.3,85000000
6,6,7,15500000
3,5,5,17000000
0,0,5,4000000
0,2,2.6,4800000
7,6,12,23000000
1,1,4,4500000
6,5,1,75000000
3,3,6,8200000
3,3,6,7070000
4,4,5,10000000
5,5,16,92500000
6,8,16,21000000
1,1,3.7,6400000
2,2,4.3,9500000
6,5,9.3,22500000
0,0,5,7500000
6,6,1,41000000
2,2,9.3,50000
4,3,10.2,50000
6,5,10,60000
2,2,5,19000
4,3,10.2,50000
3,2,5.8,100000
0,0,2.6,70000
0,0,3,43000
0,0,2,500000
0,0,1.2,110000
6,6,7,90000
2,2,9.8,215000
2,1,6.7,150000
3,2,7,40000
6,6,1,180000
0,0,1,90000
1,2,2.2,26000
3,3,14.2,50000
3,3,1,85000
3,2,3.1,26000
5,3,4,28000
4,3,1,47000
4,4,1,55000
3,3,8,33000
0,0,10.9,40000
9,9,13,150000
3,3,10,50000
3,3,6,28000
3,3,1,36000
10,8,1.2,600000
10,8,2.1,850000
4,3,12,125000
2,2,5,7500000
5,4,8.4,15500000
2,3,3.7,4800000
3,3,3,5000000
2,2,5,6300000
6,5,10,19000000
1,1,1.8,1900000
6,8,9,17500000
2,2,3.1,4500000
4,4,4.5,9000000
2,2,2,6500000
5,3,5,12000000
4,4,5,7000000
5,8,5,15500000
6,5,10,24000000
6,5,10,24000000
8,7,1,46500000
8,7,1,46500000
6,5,7,12500000
2,3,5,5500000
3,4,7,16000000
5,5,7,13500000
6,5,1,48000000
6,5,1,48000000
3,3,10,15000000
5,5,7,15000000
6,5,1,25500000
8,6,10,23000000
4,4,6,7500000
3,4,9.2,8500000
5,5,7,15000000
5,5,7,14000000
3,3,4.2,8500000
5,5,12,19000000
2,3,4,20000
0,0,7,200000
4,7,10,50000
6,6,5,60000
3,2,7,30000
3,3,15,35000
0,0,5,35000
5,5,16,90000
3,3,10,30000
4,3,10.4,40000
3,5,8,16000
1,2,4,10000
3,2,5,20000
1,2,4,10000
2,2,3,4500000
0,0,2.6,160000000
4,4,4.5,14000000
2,3,1.7,3200000
6,10,2,60000000
4,3,5,16500000
2,2,2.2,3350000
0,3,4,19900000
0,0,2,3500000
4,3,5,11800000
5,4,5,13000000
0,1,1.3,2300000
6,5,5,16000000
6,5,7.5,17500000
5,5,0,12500000
6,5,1,30000000
6,5,1,50000000
6,5,1,47500000
6,5,5,16500000
6,5,5,14200000
6,6,5,16500000
5,5,5,12000000
6,5,10,22000000
6,4,5,9000000
4,3,5,8500000
4,3,2.1,97500000
5,4,10,21500000
7,6,10,25000000
5,4,10,22000000
4,4,14,35000000
0,3,4,11500000
0,6,1,48000000
6,5,5,10000000
6,5,10,19000000
4,4,4,127500000
4,4,10,25000000
6,5,1,35000000
4,3,2,10000000
5,5,10,15000000
3,5,10,19000000
4,3,5,15000000
4,3,5,17500000
3,3,8,15600000
8,7,2,85000000
3,5,11.5,27000000
0,0,4.2,14000000
5,4,8.8,18000000
7,6,15,65000000
10,10,4,340000000
2,2,2.7,3500000
1,3,3.2,9000000
2,3,3.8,4000000
2,2,8,7300000
2,2,4.4,3100000
2,2,4,8100000
3,3,6,7500000
3,3,6,13000000
2,2,2.5,5000000
4,4,5,12500000
3,3,8,10500000
6,6,12,41000000
2,2,2.6,4200000
5,4,13.2,41500000
2,2,4,6500000
6,6,16,55000000
6,6,1.2,75000000
6,6,2,135000000
6,6,9.6,33500000
3,3,9.3,13700000
3,8,4.8,15000000
4,4,10.2,20000000
2,2,3.3,3500000
0,3,5.3,11500000
3,3,11.4,28500000
3,3,4.8,6500000
3,3,16,45000000
6,6,8,20000000
3,3,4.8,14000000
2,2,4.8,4900000
1,2,2.4,1500000
3,4,6.2,6800000
6,4,5,6000000
4,4,4,36500000
6,4,12,57500000
3,3,5.3,5500000
3,3,8,32500000
0,3,8.8,16000000
3,3,5.3,12000000
8,3,10.7,15000000
3,3,6,6500000
6,4,3.2,14500000
3,3,6,12000000
4,3,7.2,11500000
3,3,5.6,6500000
3,3,10.2,18000000
0,0,4.8,7800000
2,2,4.7,5500000
3,5,3.4,4000000
4,4,12,66000000
0,0,2.4,2600000
4,4,1.2,175000
4,4,12,200000
0,0,6,40000
2,3,3.3,21000
4,4,12,60000
5,5,1,105000
4,4,14,85000
7,7,2,750000
2,2,4.2,18000
2,2,2.4,35000
3,3,8,85000
2,2,3.6,22000
7,6,18,220000
2,2,4.4,50000
3,3,6.2,35000
2,2,4.8,30000
3,3,11.4,69000
3,3,7.1,46000
1,3,4.8,20000
1,1,1.6,9000
0,0,1,95000
3,3,5.3,75000
1,3,4.8,12000
2,2,4.8,25000
0,0,6.4,60000
2,2,4.8,25000
2,2,4.4,30000
0,0,7.6,60000
3,3,6,40000
2,2,4.8,25000
0,0,5.3,22000
2,2,4.8,28000
2,2,4,25000
2,4,6.4,32000
7,5,1,120000000
9,6,9.6,26000000
3,3,10,31500000
6,6,16,48500000
2,3,7.3,16000000
2,4,4.9,2550000
3,3,5.7,7000000
2,2,4,7500000
2,2,6.7,5000000
0,0,4.8,13500000
2,2,2.9,3800000
3,7,8,28500000
2,2,4.8,6500000
2,2,4.7,8500000
3,3,5,3300000
2,2,2.9,3400000
1,1,1.4,2000000
8,7,1,66000000
8,6,1.3,145000000
0,3,10,12000000
3,3,1,32400000
5,6,5,10500000
0,0,14.2,26000000
0,0,8,19000000
4,4,1,67000000
4,4,15.1,32000000
4,3,8.5,19000000
5,4,5,8900000
5,4,5,17000000
2,2,3.6,3650000
2,2,3,3500000
7,6,1,77500000
5,5,4,14500000
3,2,4.9,5000000
4,5,1.2,100000000
0,0,2.1,240000000
4,3,6.7,6800000
3,2,4.9,5000000
0,9,4,9000000
5,7,7,20000000
3,3,9.3,130000
4,4,12,82000
4,3,1,90000
3,3,1,125000
3,3,1.3,80000
2,2,4,27000
4,4,7,80000
2,2,5.3,70000
0,0,9.3,56000
6,4,2.4,400000
0,0,2.4,550000
10,11,4,800000
10,10,2.1,1000000
3,3,5.6,45000
0,0,10,45000
0,0,8,40000
3,3,10,48000
3,3,14,65000
0,1,1.3,40000
0,3,1,100000
0,1,2.2,32000
2,2,5.2,31000
5,4,1,250000
3,3,10.9,46000
5,5,1,225000
3,3,11,55000
5,3,12,325000
2,2,4.9,35000
4,4,6,13000000
2,5,3.5,13000000
0,0,4,5500000
1,3,3,9000000
1,2,3,2700000
3,2,3.5,4500000
2,2,2.5,4000000
3,3,5,5800000
0,0,5,6500000
4,4,8,13000000
4,4,8,13000000
2,2,5,5300000
4,4,5,8000000
4,4,5,8500000
5,4,7.5,16000000
0,0,10,7000000
1,1,2.7,3450000
6,5,8,16500000
4,4,6,13000000
7,6,1,46500000
6,5,10,24000000
6,5,10,26000000
3,5,7,6000000
5,4,5,10500000
2,2,5,4300000
5,5,1.7,75000000
6,5,7,14000000
2,2,2,3300000
6,5,7,15000000
5,4,7,14500000
3,3,10,11000000
8,6,10,25500000
0,4,5,30000
0,0,5,45000
0,0,5,45000
0,0,5,20000
0,0,5,35000
0,0,5,20000
4,4,5,35000
1,1,2.9,23000
2,2,10,37000
2,1,4.1,45000
2,1,4.1,45000
2,1,4.1,45000
3,2,5.6,75000
5,5,10,68000
2,1,5,11000
4,4,10,75000
1,1,3.1,20000
0,0,1.2,40000
4,4,5,45000
4,4,7,40000
6,6,1,145000
3,3,10,50000
3,3,2.5,3200000
4,3,5.6,15000000
7,6,5,8500000
1,2,4,4000000
3,5,5,10000000
6,6,12,29000000
4,3,4,8500000
3,6,5,7500000
1,1,3,4200000
1,1,3,1500000
0,0,2.3,4500000
4,3,3,7500000
0,0,16,120000000
4,3,4,6200000
5,10,12,11000000
5,4,10,22500000
0,3,10,14500000
2,1,3,2600000
8,7,1,27000000
7,6,10,23000000
9,4,6,10000000
5,4,5,7500000
4,3,5.8,10800000
3,3,5,10500000
3,3,2,4500000
0,5,1,46000000
3,3,10,14000000
6,5,1,42000000
0,3,3,4500000
0,3,3,4500000
6,5,1,31900000
0,5,1,75000000
5,4,7,21500000
0,6,1,27000000
5,4,5,8000000
0,0,3,6000000
4,3,4.5,8900000
2,2,10,17500000
5,2,4.2,6000000
6,6,1,80000000
2,3,8,8000000
2,2,4.9,7000000
10,10,4.8,29000000
6,6,2,240000000
3,3,6.4,11500000
3,3,6.2,9000000
3,3,7.1,15000000
2,2,4.4,6500000
2,2,4.4,6500000
2,2,3.6,3500000
1,1,2.7,2000000
2,2,3.2,3500000
2,2,3.1,5500000
9,9,6.4,28000000
6,6,4.8,22500000
6,6,4.8,25000000
6,6,4.8,20000000
5,5,8,27000000
2,2,3.6,4500000
2,1,4.8,6600000
0,2,4.3,6800000
3,3,8,25000000
3,3,5,8000000
3,3,7.6,12500000
2,2,3.3,9000000
6,5,1,95000000
6,6,2,230000000
5,5,1,77500000
8,7,6.4,13000000
1,1,2.4,2300000
1,0,2.4,2600000
1,0,4.8,4200000
6,0,4.8,9000000
2,0,4.8,5000000
2,0,2.4,3500000
0,0,4.8,26500000
0,0,9.6,14000000
0,0,4.8,9000000
2,2,4.8,3800000
5,4,11.9,57500000
2,2,5.3,8000000
0,0,2,175000000
3,3,6.7,12500000
0,0,8.9,46000000
4,4,12,65000000
0,3,7.3,24500000
2,2,5.8,7200000
4,6,8,28000000
3,3,7.3,24500000
2,2,4.7,6500000
2,2,2.2,4050000
4,4,7.1,12500000
3,3,6,28500000
7,6,1,150000000
5,5,1,130000000
8,7,2,210000000
2,3,5.2,11000000
3,3,4.8,13000000
6,6,10,70000000
2,2,4.2,10000000
1,2,2,1850000
3,3,5.8,5000000
7,6,11.2,18500000
0,3,5,6000000
4,4,8,19200000
4,4,12,35000000
3,5,4.7,4700000
3,3,7.1,14000000
3,3,6,18000000
2,2,4.8,9000000
6,6,1,95000000
2,2,4.2,5800000
0,0,4.9,8500000
2,2,4.7,9000000
2,2,4.8,22500000
2,2,4.2,6500000
4,4,8.9,26000000
2,2,3.2,4200000
2,2,2.4,13000
0,0,0.5,7000
2,2,14,80000
3,3,16,60000
0,0,10.2,65000
0,0,1,110000
3,3,9.6,45000
0,0,16,140000
2,2,4.8,25000
0,0,4.2,35000
3,3,16,60000
3,2,6,20000
3,3,8.4,68000
2,2,4.4,42000
5,6,1,235000
3,3,1,130000
4,3,1.2,140000
3,3,1,140000
0,1,4,25000
2,2,4.4,35000
1,2,3,18000
5,4,2,190000
2,2,4.2,45000
0,0,11.6,69000
4,4,4,85000
3,3,6.2,48000
3,3,9.3,42000
2,2,6.2,60000
3,3,3.3,12000
2,2,3.8,21000
2,2,4.8,25000
3,3,6.4,27000
3,3,6.2,35000
2,2,3.3,26200
7,7,5,400000000
5,4,6,15000000
2,2,3.7,6500000
6,6,6.5,10500000
5,4,5,13000000
6,6,1,52500000
2,2,1.9,15000000
3,3,9.3,40000000
3,3,7,9500000
4,4,3,6000000
3,3,5,7500000
4,4,3,4800000
3,3,5,7800000
3,3,5,7800000
1,1,2.7,2750000
6,6,1,35000000
8,7,14.2,29500000
3,3,4,12500000
5,4,1.9,165000000
0,8,1,30000000
7,7,7,29000000
0,5,4.4,13500000
0,7,10.9,33500000
0,5,8,24500000
5,4,5,11000000
6,6,1,42500000
6,5,11,24000000
6,5,10,21000000
6,5,8,30000000
3,2,5,6200000
5,5,1.1,85000000
8,6,10,25000000
2,2,5.5,8600000
10,11,2,120000000
6,7,10,20000000
6,5,8,15000000
4,6,1,100000000
5,5,10.9,30000000
7,6,18,75000000
5,4,5.5,19000000
2,2,5.5,8800000
6,6,14.2,45000000
6,6,12.4,45000000
0,0,6,28000000
1,1,2.7,15000
3,3,1.2,45000
4,3,1,85000
8,7,1.2,150000
4,4,8,60000
8,7,1,80000
2,2,5.2,31000
2,2,5,20000
3,3,7,22000
5,4,10,150000
0,0,1,75000
2,3,8.7,45000
0,0,1.4,225000
2,2,6.2,43000
7,7,7,62000
3,3,14,75000
5,5,2,150000
0,0,10,19000000
4,3,4,8400000
6,5,2,215000000
7,5,1,47500000
6,5,10,30000000
2,2,10,17600000
6,5,2,100000000
9,9,1,65000000
5,6,16,18000000
6,4,7.2,12500000
5,5,9,18000000
4,3,5,9000000
6,5,5,10000000
4,3,5,8500000
0,0,6.6,6000000
2,3,5,8000000
7,7,4.3,8500000
2,2,3,3500000
0,0,16.7,21000000
8,6,1,43000000
0,4,10,19000000
0,4,10,16000000
4,6,5,6600000
4,6,6,7500000
8,6,10,23500000
8,6,10,22500000
6,5,10,22500000
6,5,1,38000000
0,0,1.5,35000000
0,0,2,65000000
7,6,1,42500000
0,0,5.5,22000000
2,2,2,3300000
7,5,7,14500000
5,8,6,12000000
0,0,7,12500000
0,0,6.1,8000000
1,2,3.5,2350000
2,6,3,4950000
6,5,1,37500000
2,2,5,18000
3,3,1,20000
3,4,5,26000
0,0,8,40000
2,2,3,23000
3,2,10,34000
2,2,5,15000
4,3,1.1,25000000
5,4,5,14500000
4,4,10,20500000
3,3,10,8500000
4,5,15.5,29000000
6,5,8,17500000
6,5,5,16000000
4,3,5,13000000
5,5,10,21000000
3,3,5,15000000
3,3,5,11500000
4,3,5,12500000
3,3,5,28000000
5,5,5,18000000
3,3,5,14000000
3,3,5,12000000
3,3,5,11500000
3,3,5,11000000
2,2,5,6500000
2,2,5,7000000
3,3,5,7000000
4,4,2,40000000
1,2,5,4600000
5,5,1,50000000
6,5,1,38500000
5,5,5,10500000
6,5,1.1,47500000
5,4,2,41000000
4,2,4,2350000
0,0,16,65000000
6,6,1,90000000
2,2,2,6500000
2,2,2.2,5400000
3,3,8,14000000
4,4,12,20000000
1,1,2,2200000
3,3,4,4300000
7,8,6.4,26500000
3,3,5.8,9600000
3,3,4.8,8000000
3,3,7.1,11500000
3,3,12,25000000
6,6,12,50000000
6,6,16,42500000
6,6,12,60000000
6,6,12,50000000
3,3,16,55000000
3,3,2,95000000
6,6,12,53500000
8,7,16,67500000
3,3,16,55000000
6,6,1.2,60000000
6,6,14,65000000
0,3,6,12500000
9,9,1.3,155000000
2,2,4.2,11500000
2,4,3.8,2500000
3,3,8,47500000
8,8,1,135000000
3,3,6.6,10000000
2,3,5.3,6300000
3,3,5.3,16000000
4,3,6.7,12500000
6,6,1.3,180000000
8,7,2,195000000
3,3,8,12000000
3,3,8,9000000
5,5,1,71000000
4,4,14,54000000
3,3,6.2,7300000
3,3,6.4,8500000
2,2,4.2,7000000
4,8,9.1,27500000
1,2,2.9,4200000
3,3,8,13500000
2,2,4.7,9000000
4,4,4.8,37500000
6,5,1,65000000
4,3,10.7,29000000
2,2,4.4,12500000
4,8,4.8,19000000
4,2,4.8,8000000
2,2,2.2,6000000
10,10,4.8,25000000
5,5,10,30000000
3,3,6.7,29000000
4,4,1.3,75000000
4,4,4,27000000
7,6,1,110000000
7,6,1,110000000
3,3,6,6500000
3,3,7.6,19000000
3,3,8,16000000
7,9,14,60000000
4,4,4.8,23000000
3,2,4,9500000
5,8,3.2,11300000
3,3,7.6,19000000
4,4,4,40000000
3,3,1.6,75000000
0,0,14.7,32500000
3,3,6.4,13200000
4,4,12,22500000
6,4,4,11000000
6,5,4.8,29500000
3,3,6,7500000
0,0,5,6000000
6,5,10,75000000
5,5,1,100000000
5,5,1,99000000
0,0,6.2,45000
3,4,6,55000
2,3,8,35000
0,0,4.8,32000
4,4,12,150000
1,1,13.4,10000
4,4,1.3,260000
5,4,1,225000
4,3,1.5,135000
6,5,2,350000
4,3,1,140000
3,3,1,120000
4,3,1,130000
4,3,1,130000
2,3,4,32000
3,3,5.3,80000
3,3,6,30000
3,3,1,67000
2,2,2.9,15000
3,3,1,140000
6,5,12,250000
3,3,16,45000
0,2,3.6,32000
5,4,1,230000
0,0,16,250000
5,3,5,25000
6,6,2,325000
6,7,2,500000
7,6,1,300000
3,3,2,110000
6,6,16,48000000
7,7,1.2,59500000
5,5,7,26000000
7,6,6,9500000
2,2,6.8,8500000
3,4,10,34000000
4,4,4,7500000
8,7,1.3,190000000
3,3,5,4200000
7,6,1,42500000
9,9,9,37000000
0,0,6.7,24000000
0,0,2,62500000
2,2,6.2,11500000
2,2,3.3,4300000
6,6,1,80000000
3,3,11.8,18000000
3,3,11.8,16500000
2,2,5,3300000
3,3,8,6700000
6,5,10,45000000
5,4,10,22000000
6,5,10,27500000
5,4,10,20500000
6,5,10,26000000
5,5,9,32500000
8,7,10,35000000
4,4,7,15000000
2,2,10.9,11500000
3,3,5,6500000
0,0,5.8,8000000
8,8,1,27000000
2,2,4.7,30000
4,3,14.2,90000
3,3,10.7,70000
3,3,12,50000
4,3,10,28000
4,4,1,100000
5,4,2.4,400000
1,2,2.7,17000
4,3,6.7,28000
3,3,7.6,18000
1,0,3.3,9000
4,4,6,40000
2,2,8,30000
3,3,7.6,19000
6,6,10,125000
3,3,1,85000
6,6,10,120000
7,6,1.1,300000
0,0,3.9,125000
6,5,1,110000
8,7,2,1000000
2,2,4,20000
4,3,10,45000
3,3,2,5000000
6,3,5,11200000
3,3,2.5,5000000
5,5,1,49900000
2,3,3,5000000
6,5,1,42500000
6,4,8,16000000
5,5,3,7200000
2,2,4,5000000
4,3,10,13700000
5,4,15,26500000
4,2,5,6000000
3,3,4,7300000
2,1,4,9999000
0,3,5,13000000
5,4,12,17000000
7,5,1,42500000
2,3,5,6500000
4,4,10,20500000
1,2,5,3900000
5,5,10,23000000
5,4,1.5,6500000
6,6,1,45000000
5,4,10,21500000
5,5,1,59000000
3,3,4,8000000
1,1,1.8,4500000
3,3,12,16500000
6,6,8,25000000
4,3,6,17500000
2,3,3,4500000
1,1,2.6,5000000
5,3,5,12800000
9,8,2,140000000
0,0,10,12500000
5,3,8,9900000
3,3,5,9900000
3,5,12,23000000
2,1,3.6,7500000
1,1,3.5,2950000
6,6,1,39500000
5,5,10,22500000
4,4,7,10000000
5,4,10,11000000
2,4,15.1,25000000
6,5,10,24000000
2,1,3.3,6700000
6,5,11.6,22000000
0,3,1,13500000
6,5,7,13000000
1,1,1,1300000
6,5,1,43500000
0,3,13,15000000
3,3,11,40000
0,0,7,40000
0,0,6,20000
0,0,1,40000
0,0,8,28000
0,0,9,45000
0,0,0.5,8000
4,6,5,31000
3,3,10,33000
4,3,10,65000
5,5,5,14500000
3,5,4.5,8000000
6,4,10,24000000
3,3,6.5,13500000
5,5,8,13000000
3,3,10,9800000
7,7,1,39000000
7,6,8,16000000
4,3,4,8500000
6,5,1,62500000
6,5,1,45000000
3,2,10,28500000
10,5,1,85000000
10,5,1,85000000
4,4,5,7500000
6,5,10,21500000
1,1,2.4,4500000
1,1,2.3,5500000
4,4,2.6,5500000
3,3,3,10000000
6,6,9,23000000
0,0,10,23000000
4,4,9.3,17500000
4,4,1,95000000
3,4,4.8,9300000
2,2,4.9,6600000
5,5,14.8,21000000
3,2,8.6,15000000
4,3,6.4,8000000
7,8,16,52500000
3,3,6.4,10500000
2,2,4,8800000
5,5,15.6,140000000
2,2,4.5,3200000
1,2,3.2,1650000
3,3,6.2,11500000
4,4,8.9,46000000
3,3,7.5,29000000
3,3,7.8,18000000
2,3,6.7,11000000
2,2,5.3,15000000
2,2,4.4,6800000
0,9,9.3,39000000
4,4,5.4,15000000
4,4,5.4,15000000
2,2,3,4500000
4,4,4.8,12000000
0,0,1.2,140000000
0,0,1,60000000
0,2,5.1,5000000
0,2,5.1,5000000
0,2,5.1,5000000
0,2,5.1,5000000
0,2,6.7,6000000
0,2,6.7,6000000
0,2,6.7,6000000
0,2,6.7,6000000
3,5,2,220000000
3,3,6.7,17500000
4,4,14,56000000
4,4,14,54500000
4,4,14,54000000
5,5,1,65500000
5,5,1,64000000
5,5,1,66000000
5,5,1,65000000
0,2,2.4,1000000
2,2,2.4,2100000
3,3,8.4,11500000
5,5,17.1,66500000
4,4,13.2,40000000
5,6,4.8,16000000
0,2,4.8,12500000
0,6,6.4,20000000
0,4,6.8,16500000
0,4,8,26500000
0,2,2.4,10000000
0,4,4.8,13000000
3,3,4.7,7500000
3,3,8.9,10000000
2,4,3.6,5000000
3,3,9.7,47000000
3,3,4,5500000
4,4,4.8,14500000
2,2,4.5,7000000
2,3,3.3,6500000
3,3,8.4,42500000
2,2,3.6,4000000
3,3,10.2,38000000
3,3,11.1,39000000
4,4,8,16000000
4,5,4.8,20000000
3,2,4.8,7000000
3,2,3.9,8500000
3,5,9.6,17500000
3,3,6.9,20000000
5,5,9.6,65000000
2,2,3.3,4300000
3,3,6.2,12000000
0,3,8,17500000
0,3,8,17500000
0,3,8,17600000
0,3,8,17600000
0,3,8,17700000
0,3,8,17700000
0,3,8,17800000
2,2,4.4,6000000
4,4,19.1,67500000
6,6,3.2,7100000
5,5,3.2,13000000
5,6,9.6,25000000
5,4,9.8,15500000
5,5,11,26000000
0,7,4.8,16800000
5,4,1.3,140000000
4,4,1.2,140000000
6,10,4.8,25000000
2,3,14.4,20500000
0,0,16,42000000
3,3,16,110000
3,3,9.6,80000
5,5,14,135000
3,3,6.2,45000
4,3,8,79000
2,2,3.3,22000
2,2,3.3,22000
2,2,4.8,35000
2,2,4.8,20000
4,3,8,105000
4,3,8.9,95000
6,5,1,200000
0,0,9.6,32000
3,3,4.7,28000
2,2,4.2,20000
0,0,6.4,35000
3,3,1,60000
2,2,5.1,19000
3,3,9.6,45000
3,2,5.3,35000
5,5,1,218000
3,3,9.6,45000
0,2,4.2,16000
0,2,4.2,16000
0,2,4.2,16000
0,2,4.2,16000
0,2,4.2,16000
3,3,8,60000
0,0,8.4,90000
3,3,6,38000
1,1,2.4,11000
2,2,4.8,22000
0,0,3.3,18000
6,5,1,48500000
5,6,8,17500000
2,2,4,4500000
2,2,5.1,7000000
3,2,4.9,5100000
5,6,10,36500000
2,2,3.6,4000000
1,1,4,5500000
1,1,2.2,5500000
6,5,5,9550000
1,1,2.4,3650000
10,8,2.4,150000000
2,2,6.4,11000000
2,2,4.7,8500000
5,4,5,9900000
0,0,1,95000000
7,6,12,49500000
2,2,3.3,4300000
5,4,10,22000000
6,6,14.2,49500000
7,6,1,46500000
3,3,6.7,7500000
5,5,4,15000000
6,5,10,26000000
7,6,1,42500000
6,5,10,32000000
7,5,6,10500000
6,5,1,65000000
7,5,4.4,91000000
5,6,4.5,14500000
9,9,1,600000
2,2,6,65000
3,2,5.6,12000
2,2,10,50000
2,2,6,60000
3,3,1,55000
2,2,4.6,34000
8,7,1.3,500000
0,0,10.7,90000
3,3,12,75000
0,0,10,55000
2,2,6.7,35000
10,11,2.4,1300000
5,5,2,200000
6,5,1.2,350000
4,3,14.2,110000
4,3,8,80000
4,4,9.3,57000
4,2,12.7,65000
3,4,12,35000
3,3,1,45000
1,1,2,10000
2,3,4,18000
1,1,2.7,13000
3,3,12,60000
1,1,2.2,10000
3,3,3,4490000
4,4,5,12000000
1,1,1.8,4000000
2,2,6,5000000
6,4,8,27500000
2,1,2.5,2800000
2,2,3.5,4500000
0,4,10,19000000
4,4,3,8000000
4,3,3,4700000
5,4,7,20000000
1,2,4,6000000
1,2,2.7,2500000
5,4,1,45000000
4,3,5,11000000
3,4,3,4000000
4,4,1,42500000
6,5,11,19000000
6,5,1,52500000
6,5,10,20000000
6,5,1,57500000
5,5,2,125000000
1,2,5,2700000
1,2,5,3600000
1,2,5,3300000
6,4,5,16000000
0,3,2.5,5200000
0,3,3,6200000
0,3,5,9500000
5,3,17,35000000
3,4,3.2,3700000
4,4,10,29000000
4,3,3,6500000
0,0,10,16000000
7,7,1,26500000
6,5,1,57500000
6,7,8,8000000
3,4,3,5000000
0,0,3.5,8500000
0,0,7,21500000
6,5,5,9500000
4,5,6,8000000
0,3,5,10000000
5,4,7,15000000
2,4,5,8000000
3,3,4,4500000
0,4,5,8000000
0,4,5,8000000
0,0,10,12500000
0,0,5,6500000
6,4,6,7800000
0,0,3,1300000
5,9,7,23500000
6,5,1,42000000
6,5,7,13500000
0,0,10.5,19500000
3,3,11.5,14000000
4,3,5.5,5700000
0,0,2,2500000
2,2,3.2,3600000
3,3,3,6000000
0,0,10,12500000
0,2,5,4200000
2,2,4,2450000
2,2,5,4500000
5,5,5.2,160000000
0,0,5,15000000
7,6,1.7,40000000
5,5,10,19500000
2,2,4.9,5700000
0,0,1,57500000
0,0,5.5,12000000
6,5,10,13500000
0,0,5,8500000
5,4,5.5,7000000
4,4,10,28500000
2,2,10,9000000
5,4,10,16200000
6,4,10,23000000
8,6,1,46000000
0,0,3,22000
0,0,5,38000
0,0,5,35000
2,3,1,15000
3,2,10,28000
3,2,13,34000
4,3,10,42000
7,5,1,90000
2,2,3.1,25000
1,1,2.7,28000
1,1,0.6,3000
0,0,8,25000
0,0,4,18000
4,4,10,15500000
0,0,1,25000000
5,4,5,7000000
0,0,5,6600000
4,3,10,12000000
2,2,3.2,6000000
6,6,16,50000000
3,3,5.6,6500000
3,3,10.6,55000000
2,2,4.2,12500000
1,2,3.4,2200000
2,2,4,4500000
3,3,5.6,16000000
3,2,3.3,9000000
6,6,4.8,20000000
0,0,4.4,6400000
3,3,5.6,6700000
2,2,5.3,13500000
6,6,4.8,29500000
2,3,4.8,11000000
4,4,14,16000000
3,3,6.4,11000000
0,0,3.8,5500000
2,2,5.7,4500000
0,0,2.9,4500000
2,2,4.8,11200000
2,3,4.4,6000000
4,3,11.5,39000000
2,5,3.4,6000000
3,5,6,14000000
2,2,8,6500000
6,6,12,65000000
0,2,4.7,4700000
8,8,9.3,45000000
2,2,4,3900000
2,2,3,3600000
3,3,6.4,7200000
6,6,12,41500000
0,6,9.6,40000000
0,8,9.6,38000000
4,4,10,45000000
0,2,4,9000000
0,0,4.2,7300000
4,4,12,65000000
2,2,4.8,25000000
0,3,7.6,16500000
0,4,15.1,35000000
0,3,7.8,14000000
0,3,9.3,26000000
3,2,4,3300000
4,4,4.8,23000000
0,0,14,62000000
6,6,1,90000000
1,2,2.4,3500000
6,6,8,24500000
3,3,10,31500000
3,2,4.4,3500000
3,3,8.7,10100000
6,8,16,38000000
6,8,9.6,33000000
5,4,12,14900000
6,7,1,140000000
3,3,8,32000000
2,2,3.8,7500000
6,5,1,110000000
2,2,4.4,10000000
1,2,1.8,2100000
2,2,3,2700000
2,2,3,2400000
2,2,3,2300000
1,2,1.8,2100000
2,2,3,2700000
3,3,6.7,15000000
2,2,2.7,2200000
5,4,4,11800000
2,2,3.7,9000000
3,4,3.2,5500000
3,3,5.8,7350000
3,3,16,35000000
0,0,16,50000000
5,4,16,49000000
4,4,16,48000000
3,3,6,9000000
4,3,8.4,19500000
2,2,5.8,11200000
6,6,1.2,120000000
1,1,2.3,3500000
4,7,9.3,36000000
2,2,4,4200000
2,4,3.2,5990000
2,2,2.9,4800000
2,2,3.5,4500000
3,3,6.2,21000000
4,5,8,30000000
5,5,12,65000000
3,3,9.4,8300000
3,3,8,10400000
2,2,4.2,4000000
2,3,3.4,15000
3,3,7.6,85000
4,4,1,120000
4,4,12,170000
2,2,4.2,50000
4,4,4,110000
4,4,4,150000
8,8,2,300000
3,3,1.2,85000
3,3,5.4,27000
6,5,1,275000
2,3,4.2,22000
6,5,1,350000
2,4,5.3,80000
3,3,7.1,80000
4,3,8,75000
3,2,4.4,50000
3,4,5.3,140000
1,2,1.6,9500
3,2,4,18000
3,3,8.9,130000
3,3,7.6,60000
2,2,3.3,22000
3,3,12,70000
3,5,16,110000
2,2,8,40000
3,3,5.8,46000
3,2,5.3,35000
5,5,1,390000
4,8,3,6000000
8,7,14,26500000
0,0,7,170000000
6,6,1,42500000
3,3,11.8,18500000
0,4,5.3,12500000
4,3,11,19000000
1,1,4.3,4600000
0,0,2,280000000
6,6,1.3,77500000
9,9,1.2,90000000
3,3,9.3,13000000
2,2,4,6000000
0,0,1.3,145000000
9,6,1.3,145000000
9,6,1.3,145000000
2,4,2,2400000
1,1,2.8,4500000
8,7,12,23500000
3,2,5,3700000
2,2,7.1,13200000
3,3,4,16500000
2,2,5,3800000
3,3,8,7000000
10,7,10.5,35000000
5,5,2,300000
10,9,1.3,600000
0,0,14.2,52000
3,3,7,27000
0,0,1,110000
3,3,12,34000
0,0,1,115000
0,0,1.3,200000
0,0,1.2,100000
0,0,5.3,140000
2,2,4,12000
2,2,12,50000
2,2,12,250000
2,2,5.1,28000
4,4,9,28000
6,5,1.2,350000
4,3,12,60000
2,2,14,45000
2,2,10,45000
3,3,7.1,50000
2,2,3.1,25000
6,6,1,200000
3,3,1,36000
2,2,6,15000
4,3,10,19000000
4,4,5,9900000
6,5,10,24000000
5,5,10,37500000
5,5,18,62500000
0,0,1,31000000
5,5,10,37500000
3,3,3,6500000
1,1,2.7,4700000
5,5,8,16500000
2,2,5,5000000
4,3,1,27500000
0,0,5,5800000
3,5,4.5,10000000
5,4,1,31000000
4,3,5,96000000
3,3,4,6850000
3,2,3.5,3775000
1,2,2,3000000
6,6,2,63000000
1,3,5,6000000
3,3,10,23000000
7,6,1,35000000
3,3,3.5,6000000
4,4,3.5,3000000
6,7,5,11500000
2,2,5,6200000
6,5,10,18000000
6,5,10,18000000
4,3,3,6500000
3,3,1,37000000
0,0,10,28000000
4,3,5,16000000
6,6,2,91000000
0,0,1,37000000
4,3,5,10800000
3,3,3,8000000
5,4,10,27500000
2,2,3.4,3200000
0,0,3.7,5000000
4,3,4,8200000
4,4,10,15000000
4,3,5,10800000
4,4,2,3450000
7,6,13,25000000
6,5,5,16000000
6,5,10,24000000
3,3,10,28000000
5,4,10,23000000
0,0,5,9500000
6,6,10,25000000
4,3,3,4490000
3,3,3.5,7300000
0,0,2,52500000
0,0,5,9500000
1,2,2.5,2500000
0,0,5,9500000
5,4,5.7,10000000
2,4,4,5500000
0,0,10.3,17500000
5,5,13,22500000
5,4,10,16000000
4,5,12,17000000
4,5,9,16500000
5,4,14,28500000
6,5,1,46500000
6,5,10,21500000
4,3,5,10000000
2,3,8,11000000
0,0,8.6,14500000
4,4,12,22500000
8,11,1.2,65000000
5,4,5,8200000
6,5,8,14000000
4,3,11,22500000
1,1,2.7,4583000
1,1,2.9,4000000
7,6,1,40000000
5,4,8,18000000
5,5,10,14000000
6,8,6,13500000
3,3,10,14000000
0,0,1.4,25000000
4,4,4,5800000
0,7,1.7,35000000
1,2,5,4300000
7,5,8,15000000
2,2,3.3,3500000
4,4,4.8,15600000
3,3,4.8,5000000
0,0,16.8,50000000
0,0,3.2,4600000
4,4,16,25000000
4,5,4.8,11500000
5,5,8.8,31000000
3,5,3.2,7500000
3,3,9.6,30000000
0,2,1.9,9500000
6,5,4,320000000
0,2,4.4,8500000
0,6,4.9,10000000
0,3,8,31000000
0,2,6.7,30000000
6,5,17,76000000
5,5,14,150000000
2,2,4.7,7000000
6,4,9.6,70000000
8,6,6.4,16600000
4,4,2,135000000
6,5,1.2,120000000
4,4,4.8,17000000
5,4,3.2,9500000
0,2,2.4,8000000
4,4,4.8,13000000
6,6,12,41000000
3,3,10.3,40000000
6,5,2,145000000
3,9,5.7,22500000
2,2,2.9,4200000
4,3,4,35000000
3,3,7.6,36000000
2,2,4.7,8400000
5,5,18.3,80000000
4,4,1,28000000
2,2,4.9,6500000
4,6,9.6,15000000
5,4,4.8,11000000
2,2,4.7,6800000
6,5,1,112500000
4,4,8.6,14000000
2,2,4,2900000
3,3,5.8,4200000
5,6,4.8,13500000
3,3,6.4,22500000
2,2,3.2,2500000
2,2,3.2,2500000
2,2,3.2,2500000
3,4,7.9,21000000
4,4,7.6,32500000
6,6,16,42000000
3,3,8,16500000
2,2,4.4,7500000
3,5,3.4,7800000
4,3,5,5000000
6,4,12,14800000
3,3,4.8,6500000
9,9,4.8,20000000
3,3,5.8,11500000
3,3,8,12500000
3,3,9.6,12000000
2,2,4.9,18000000
6,6,1,125000000
4,4,2.9,6500000
4,4,14.6,50000000
3,3,6,16000000
3,3,3.2,3200000
6,6,2,279900000
6,6,9.3,37500000
2,2,4.2,4300000
2,2,4.3,6500000
2,2,4.4,7000000
3,3,4,5500000
5,5,4.8,13000000
4,4,11.5,31000000
4,4,12,65000
2,2,9.6,80000
0,0,8,100000
2,2,3.2,14000
2,2,4.4,22000
2,2,5,20000
3,3,18,37000
1,2,3.2,14000
2,2,4.9,48000
2,2,2.8,48000
5,4,1,215000
3,3,1,160000
6,5,10,175000
3,3,1.6,200000
2,2,5.3,50000
4,4,1.2,275000
3,3,6.2,46000
4,3,10.7,115000
3,3,4,110000
0,0,14,350000
2,2,2.4,40000
3,2,4.8,35000
2,2,4.2,28000
3,3,5.8,25000
2,2,4.8,25000
3,3,16,50000
3,3,11.4,65000
2,2,4.2,50000
3,3,7.8,75000
2,2,4.2,50000
3,3,7.6,50000
3,3,9.6,45000
2,3,4.8,25000
2,2,4.4,28000
0,0,3.8,20000
8,8,16,180000
3,3,5.3,50000
0,0,7.6,75000
2,2,4.9,37000
2,2,5.3,45000
3,3,12,160000
5,4,8,62000
6,5,2,375000
5,4,8.4,58000
3,3,7.6,50000
3,3,11.6,64000
3,3,8,80000
3,3,8.9,88000
0,0,12,60000
2,2,4.8,20000
2,2,3.3,35000
0,0,3.2,1500000
2,2,8,130000
8,10,1.3,160000000
5,5,1.9,180000000
2,2,3.3,5200000
1,1,4.3,4750000
7,7,1.3,140000000
6,6,10.1,41000000
1,1,2.7,4100000
0,0,5,3800000
3,1,6.7,30000000
4,4,8,13500000
2,2,6.8,9100000
6,6,14.7,42500000
2,2,4,5500000
0,0,10,23500000
3,3,4.1,5500000
0,0,4,15000000
4,3,12.9,17000000
7,6,7,14800000
5,4,10,20500000
6,6,2,120000000
4,3,1,29900000
6,6,14.2,44500000
6,5,1,47500000
6,5,1,47500000
2,4,5,5500000
0,0,1,86500000
2,2,2.6,3890000
3,4,7,7200000
0,0,14.2,25000000
5,4,5.6,1500000
2,2,4,3900000
6,6,1.1,400000
7,7,1.3,550000
5,5,1.9,400000
8,8,2,500000
3,3,1,175000
4,4,1.6,600000
4,4,1.3,560000
3,3,10.9,70000
6,6,1,100000
1,1,2.7,15000
6,6,2,600000
3,3,11.1,35000
1,1,2.2,10000
0,0,5.3,38000
1,1,9.8,22000
1,1,15,15000
0,0,6,35000
3,5,1,80000
3,3,10,28000
0,2,5,20000
3,3,17.8,150000
0,0,1,35000
5,4,7,45000
2,1,5.1,120000
2,2,5,16000
1,1,4,120000
4,2,9.8,190000
3,3,1,45000
1,0,3.1,100000
9,8,2,1650000
9,8,2,1650000
3,3,1.3,60000
3,3,12,90000
3,4,6,20000
0,0,5,23000
0,0,5.5,45000
2,3,5,35000
2,3,4,23000
6,5,1,100000
4,4,5,22000
6,5,2,217500000
6,5,1,38500000
7,6,5.5,17000000
2,2,2,17000000
3,5,3.5,7500000
0,0,5,9500000
0,0,4,7000000
1,4,7.5,15000000
0,0,10,18000000
4,3,5,15000000
0,0,2,2800000
5,4,5,12000000
5,4,5,16000000
6,5,5,16000000
5,6,5,9000000
2,3,2.2,6000000
4,3,8,13300000
1,2,5,3700000
10,11,4,32000000
3,4,5,14500000
5,4,10,30000000
2,3,5,6000000
4,5,14,35000000
3,3,1.6,3800000
5,5,1,42500000
6,6,1.3,85000000
3,3,7,10500000
6,5,10,20000000
0,0,4,150000000
1,3,4.5,7000000
5,4,10,27000000
4,3,15,27000000
2,2,5,8000000
10,9,6,400000000
0,0,1,59000000
2,3,2.5,6000000
0,0,1,35000000
6,6,10,30000000
0,0,1,45000000
0,0,1,56500000
3,3,2.5,5800000
5,5,1,55000000
4,4,5,11000000
5,5,8.6,35000000
3,3,10,17000000
6,5,10,19000000
5,3,4,6500000
5,3,5,9000000
5,3,5,9500000
6,5,10,14300000
5,4,10,27500000
6,5,10,21500000
1,3,3,9000000
2,2,2,3000000
6,5,5,13000000
8,8,10,20000000
7,7,10,18800000
8,6,13,22500000
5,4,3,6500000
4,4,6,18500000
6,5,6,9000000
6,6,10,23000000
3,3,1,20000000
6,5,10,19000000
0,0,5,6500000
0,0,4,5500000
0,0,1,60000000
0,0,1,32500000
0,0,8,13000000
2,7,8,20000000
2,3,5,6000000
6,5,10,27500000
8,7,1,40000000
2,5,5,9000000
0,0,9.5,15000000
1,1,1.4,1801000
7,5,12,27000000
6,4,8,14500000
0,8,4.5,10000000
6,5,1,35000000
3,3,10,17500000
4,4,5,9900000
1,2,3.5,1950000
1,2,3.5,2800000
1,2,3.5,2600000
1,1,2.2,4000000
3,3,10,17000000
5,5,1.1,37000000
4,4,10,23000000
6,6,1,19000000
6,5,1,47500000
6,5,1,47500000
4,4,5,9000000
3,2,4,6500000
3,2,5.6,5200000
1,1,3,3600000
6,5,1,95000000
3,3,4,5600000
0,0,3.2,750000
0,0,8,11100000
3,3,6,13000000
0,3,9.7,52500000
3,3,1,56500000
6,6,3.6,12500000
1,2,2.7,3200000
7,7,9.6,30000000
3,3,5.3,11500000
0,4,3.7,6000000
1,2,2.2,2600000
0,7,16,165000000
4,4,3.2,3800000
1,1,2.2,2300000
2,2,5,10600000
0,11,1.2,180000000
0,3,6.6,25000000
0,3,6.6,25000000
0,0,13.3,51000000
0,0,9.6,22000000
3,3,8,17500000
3,3,5.3,8400000
0,0,4.2,9500000
7,8,1.1,75000000
3,3,5.8,8400000
6,5,1,160000000
6,5,1,135000000
0,0,6.2,4800000
4,4,11.1,23500000
2,2,2.9,4800000
3,2,5.3,7000000
5,5,2,130000000
2,2,4.8,8700000
3,3,6.4,11500000
2,3,4.8,7500000
0,0,2.6,3500000
3,4,4.8,13500000
1,2,3,4500000
2,2,2.7,1500000
2,2,3.6,5000000
3,3,2.6,4700000
4,5,4.8,24500000
2,2,4.2,5700000
4,5,4.8,20000000
3,3,9.4,8100000
3,3,8,10200000
2,2,4.2,5500000
4,4,1,34000000
3,3,6.2,11500000
4,4,9.6,24000000
4,4,2.6,5000000
1,2,2.7,1500000
4,3,9.4,8000000
6,4,4.8,8000000
0,2,4.7,7500000
2,2,3.2,2500000
2,2,3.2,2500000
6,9,3.2,15000000
3,3,5.3,15000000
9,6,17.5,27500000
6,6,1.1,100000000
3,3,6.4,12000000
2,2,6.4,7500000
3,3,5.6,6500000
3,3,7.1,22500000
2,5,3.2,9000000
3,3,4.8,16000000
2,2,3.2,3500000
3,5,3.3,9500000
2,2,3.8,3900000
3,3,7.3,7500000
4,4,4.8,11000000
6,5,18.3,117500000
0,0,4.8,14500000
2,2,4,5400000
3,2,4.4,8500000
3,3,7.3,16500000
3,2,4.8,14500000
3,3,13.3,12000000
6,6,1,75000000
6,6,12,45000000
2,2,2.4,4200000
2,2,6.7,4000000
6,5,18.7,125000000
5,4,10.2,50000000
2,3,4.4,11000000
3,3,5.3,14000000
6,6,8,21000000
2,2,4,5800000
0,0,4.8,22000
6,5,2,360000
4,4,1.2,82000
2,2,4,23000
3,3,6.2,35000
3,3,6.2,75000
2,2,4.2,50000
3,3,4.8,26000
0,2,4.8,32000
2,2,4.8,30000
2,2,3.3,20000
2,2,4.2,18000
4,3,10.7,42000
2,2,13,34000
8,7,13,31500000
8,7,13,31500000
3,3,7,10000000
3,3,4,6700000
5,4,5,8000000
3,2,5,6300000
7,4,4,17000000
5,3,4,16000000
3,4,3.5,8200000
0,0,4,350000000
0,0,4,350000000
6,6,7,32500000
0,0,6,11500000
3,3,6.7,14500000
8,6,1,35000000
2,2,4,6000000
7,7,7.8,29000000
4,3,12.9,18500000
1,1,1.8,2000000
0,0,40,130000000
2,2,3.9,3000000
2,2,5,4000000
6,5,10,23500000
6,5,10,23500000
4,4,6.7,26500000
3,2,7,8500000
4,4,5,23500000
2,2,8,4600000
3,3,5,20000
3,4,6,20000
3,2,5,18000
4,3,5,35000
4,3,5,33000
3,2,7,25000
5,4,7,60000
4,3,5,36000
3,2,5,20000
3,2,5,19000
4,3,5,36000
3,4,8,30000
0,2,1.5,50000
0,0,2,130000
2,2,10,32000
1,2,2,12000
3,3,10,33000
5,5,15,75000
0,9,1.5,110000
5,5,1,115000
2,2,3,2400000
9,8,1,25000000
6,5,6,12700000
6,5,1,52500000
6,5,1,26000000
4,2,1,22500000
3,3,5,11000000
6,5,11,20500000
8,7,1.1,27500000
5,4,5,11500000
7,5,1,36500000
7,5,1,36500000
6,5,1,41000000
5,4,7,13000000
1,3,2,2200000
6,6,2,55000000
4,3,5,8500000
6,6,10,21000000
0,0,5.7,12000000
0,0,4.5,15000000
5,7,5,11500000
6,5,10,19500000
5,4,10,17200000
4,3,5,13500000
6,7,1,100000000
4,3,5,10800000
4,3,5,11500000
5,5,1,62500000
5,4,5,14000000
5,4,10,24000000
5,4,5,16000000
5,5,10,24000000
3,3,1.7,48000000
4,3,5,9500000
4,3,7,22500000
4,3,8,14500000
0,0,2,26000000
4,4,3,3200000
4,3,5.5,11000000
2,2,5,4800000
4,3,6,12000000
0,0,3.1,6200000
4,3,5,13000000
4,3,5,15000000
4,3,4,5750000
4,3,3,6000000
6,6,1,34000000
6,5,10,12800000
0,5,10,20000000
0,0,3,5000000
0,4,1,25000000
6,6,15,37500000
4,3,10,19500000
5,5,10,28000000
2,1,2,3000000
6,5,2,210000000
4,3,3,5200000
0,0,3,4500000
4,3,5,10000000
6,5,1,43200000
2,2,3,4400000
3,3,3,6750000
6,5,4,38000000
5,5,10,16000000
5,5,1,55000000
2,2,2,3000000
4,3,5,12500000
0,0,10,9000000
0,0,5,9500000
4,3,3,7000000
3,6,3.5,15000000
3,4,2.5,3600000
0,4,10,9000000
0,4,7,19500000
5,4,10,37500000
1,3,2.3,2500000
8,7,13,31500000
8,7,13,31500000
6,6,1.2,140000000
0,0,8,22000000
7,5,10,22000000
10,6,12,22000000
0,0,5,6500000
0,0,1,38500000
6,5,10,25000000
3,4,4,3000000
3,2,5,5500000
6,6,10.5,35000000
7,4,10,29000000
4,3,12,22000000
4,3,10,12000000
6,5,10,23500000
6,5,10,23500000
3,4,3,9600000
10,8,11,7500000
6,6,14,25000000
3,2,5,4200000
6,6,5,10000000
5,4,10,22500000
0,5,1.2,43500000
5,6,4.8,14000000
2,2,2.6,4000000
3,3,6.3,7900000
0,0,4.4,6500000
2,2,4.4,7500000
6,6,16,46000000
0,0,3.2,9500000
2,2,2,6500000
6,6,9.6,35000000
6,6,10,35000000
3,3,6.2,11500000
1,1,2.7,1500000
2,2,4.8,7500000
3,3,5.2,11000000
0,0,11,9200000
3,3,6,5000000
0,0,4.9,5600000
3,3,6.2,11000000
3,2,4.8,16000000
3,3,4,35000000
2,2,4.2,5500000
1,2,2.9,2300000
2,2,3.2,10500000
6,10,3.2,13000000
5,4,6.4,32500000
3,3,10,18500000
0,0,5.4,14000000
0,3,9.6,39000000
0,2,4.8,11500000
0,4,4.8,14000000
0,2,4.8,11500000
0,3,9.6,13500000
0,2,4.8,15000000
0,4,16,42500000
4,6,9.6,40000000
2,2,2,6500000
2,2,3.8,4600000
0,3,5.7,13000000
0,2,3.8,7500000
0,4,4.8,13800000
10,7,9.9,34000000
5,8,8,25000000
3,3,4.8,8000000
2,2,2.8,3600000
5,6,4,10900000
3,3,9.6,33000000
6,5,1,90000000
0,0,3,8500000
0,0,3,6500000
3,2,4.8,9500000
0,0,3,8500000
2,2,4,11000000
5,4,1.5,87500000
5,4,2,185000000
3,3,8.9,19000000
6,5,15.1,25000000
3,3,8,15000000
0,0,5,8000000
3,5,5.8,5700000
3,5,5.8,6500000
3,5,5.8,6500000
3,3,6,4500000
2,3,6.4,14500000
3,3,7.8,18000000
4,3,9.6,26500000
5,5,15.6,80000000
5,5,8.2,29000000
2,2,4.8,6700000
2,2,4.9,3500000
3,3,6.7,7000000
5,4,4.8,17500000
4,4,6.7,15000000
5,4,4.8,17500000
5,4,4.8,17500000
6,6,9.6,21000000
6,6,9.6,21000000
6,6,8,24500000
6,6,8,24500000
6,5,1.1,82500000
3,4,7.6,26000000
2,2,5.1,4500000
2,2,3.3,2600000
7,6,7.2,23500000
2,2,3.2,4500000
6,6,9.6,24500000
7,6,1.2,500000
6,5,1,200000
4,8,2,430000
3,3,9.6,45000
3,3,9.6,45000
3,3,9.6,45000
3,3,7.1,62000
2,2,5.3,48000
2,2,11.1,95000
3,3,5.3,27000
2,2,4,35000
2,3,6.4,35000
4,3,9.8,77000
3,3,11.1,135000
0,5,1,250000
5,4,16.9,250000
3,3,6.8,40000
2,2,4.8,30000
3,3,10,45000
1,2,4,16000
3,3,6.4,32500
0,3,1,125000
0,3,1,125000
5,4,1,300000
2,2,4.6,30000
4,4,9.6,37000
2,2,4,18000
0,0,4,3500000
3,3,8,110000
2,2,3.8,24000
5,5,1,85000
3,3,14.2,55000
8,7,12,250000
2,2,5.3,37000
2,2,4,60000
4,4,5,25000
1,1,4.4,60000
5,3,12,120000
5,5,2,200000
4,4,8,52000
0,0,1,40000
2,2,10,27000
3,4,8,60000
0,1,1.3,40000
0,3,1,100000
0,1,2.2,32000
2,1,5.3,130000
3,3,7.3,50000
6,5,1,145000
4,3,8,7600000
2,2,4.8,10200000
2,2,4.7,4500000
6,5,5,9550000
2,2,3.6,3700000
10,8,1.3,95000000
2,2,7.9,7800000
2,1,3.8,3000000
6,5,10,29000000
6,5,10,21500000
5,4,4.5,7800000
6,5,1,48500000
9,8,1,85000000
6,5,1,55000000
1,1,3.1,5250000
6,5,1.1,91000000
6,6,14,23000000
6,6,1.3,80000000
7,6,4,400000000
3,3,10,32000
2,2,3.6,25000
3,2,7,18000
2,2,7,18000
6,5,7,43000
2,3,4,18000
2,3,4,18000
0,0,5,35000
0,0,5,35000
0,0,5,22000
0,0,5,32000
0,0,12,32000
0,0,5,40000
0,0,5,35000
0,0,10,30000
3,3,12,45000
5,5,1,100000
6,6,1,175000
5,5,1,120000
4,4,5,35000
2,3,6,35000
0,0,7,45000
4,3,15,35000
6,5,7,45000
3,2,10,33000
4,3,15,35000
2,2,5,22000
1,0,3,16000
3,3,1,42000
6,5,4,9500000
0,0,3,4000000
3,3,6,10800000
3,6,5,5000000
4,3,5,13000000
2,3,5.5,7800000
0,4,2,140000000
0,4,10,19500000
8,7,1.1,68500000
0,0,1.1,1650000
0,6,1,11500000
4,3,5,16000000
4,4,5,12000000
6,5,1.4,45000000
4,3,5,15000000
8,6,2,125000000
5,4,5,8000000
6,5,9,15000000
3,3,5,12000000
6,5,1,47500000
9,6,10,36500000
6,6,1,40000000
5,5,1,62500000
4,3,4,13000000
5,4,15.5,27500000
6,5,2,140000000
5,5,7,13000000
5,5,7,20000000
7,6,1.9,72500000
5,3,4,5800000
4,3,1,33500000
5,4,10,33500000
4,3,7,25000000
4,3,7,25000000
4,4,10,28000000
2,2,4.2,5500000
5,4,5,22500000
5,7,1,38000000
1,2,3,4800000
4,4,10,16000000
3,3,11,19500000
7,6,1.3,50500000
5,4,10,26000000
3,4,8,17000000
6,5,10,26000000
6,5,1,39600000
5,4,10,24500000
4,4,10,25000000
4,4,3.4,8500000
4,4,5,4800000
3,3,3.5,3775000
2,2,5,5750000
4,6,5,13000000
3,3,4,8500000
2,3,3.4,4350000
3,3,2.2,7000000
3,3,3,5000000
5,3,5,9500000
1,1,2,3200000
1,1,3.5,7000000
4,3,5,11000000
5,3,5,9500000
4,3,3,5500000
6,5,10,22500000
2,2,2.7,2800000
0,0,11.5,32500000
2,2,3.1,2800000
3,5,2.6,7800000
6,5,10,23000000
4,4,7,14500000
2,2,2.5,3200000
5,5,7,14000000
4,4,7,14000000
4,4,7,13900000
6,6,11.6,12000000
3,3,7,24000000
6,6,11.6,12000000
2,2,7,5500000
0,1,3,4500000
4,4,5,11000000
4,4,5,8500000
0,0,12,24000000
5,5,2,160000000
4,3,8,15000000
2,2,2.4,2500000
3,3,5,5800000
4,3,8,16000000
3,3,6,8500000
2,2,3.1,8400000
4,3,11.4,33500000
6,5,17.1,65000000
2,2,3.6,6200000
4,3,8,16000000
3,3,8,14800000
4,3,4,34000000
2,3,4.8,11000000
2,3,3.3,6000000
3,3,4.8,8300000
3,3,7.7,16000000
4,4,11.6,55000000
3,3,8.9,50000000
5,4,14,65000000
3,3,8.3,37500000
4,4,9,12500000
0,3,8.2,21000000
5,5,14,93000000
2,2,5.6,9000000
4,3,8,13800000
4,4,11.6,60000000
3,3,15.1,35000000
4,3,6,7500000
4,3,14.2,62500000
5,5,12,50000000
6,4,4,13500000
7,6,1,63500000
3,3,8,18000000
2,2,2.4,3000000
0,3,5.6,5800000
0,2,4.7,4000000
0,2,3.6,3200000
0,3,7.6,11000000
2,2,4.2,6500000
3,3,4.4,4800000
3,3,6,21000000
0,3,9.3,33500000
3,3,8,34000000
4,5,8.7,17000000
4,4,16.4,42500000
7,6,1,150000000
5,5,1,71500000
0,0,4.8,23500000
4,5,8.7,17000000
2,2,4,6000000
1,2,2.7,4500000
4,3,10.7,17800000
5,4,10.8,50000000
4,8,4,10000000
3,3,5.3,9000000
2,3,3.6,5000000
8,8,16,75000000
5,0,8.9,16500000
10,11,2,330000000
2,5,3.2,6500000
0,0,4.2,8900000
3,3,8.4,9500000
8,6,6,18000000
3,3,5.1,10000000
4,4,3.2,8000000
5,5,4,28000000
1,2,1,1900000
4,4,10.4,54000000
7,6,2,177500000
9,7,16,75000000
1,2,3,5000000
3,3,5,9000000
3,3,6.1,9200000
6,6,2,280000000
3,3,8,11800000
4,4,4.8,39500000
6,6,12,42000000
6,6,6.4,27500000
4,3,10,12500000
3,3,8,22000000
3,3,9.6,45000
4,4,16,52000
3,3,12,55000
0,0,3.2,250000
4,3,5.3,22000
1,1,2.8,15000
3,3,8.9,110000
2,2,4.8,20000
6,5,1,265000
5,4,1,160000
2,2,4.9,38000
2,2,8,36500
2,2,3.2,18000
4,4,1.2,80000
3,4,6,30000
3,3,1,120000
2,3,4,18000
2,3,4,18000
2,3,4,16000
1,1,4,10000
2,3,4,16000
1,1,2,10000
2,2,10.9,55000
10,11,4,1550000
6,6,1,105000
4,3,6.7,29000
5,4,5,49000
3,3,8,240000
0,0,8,25000
6,4,6,40000
9,8,1,70000
2,2,9,55000
3,2,5,15000
4,3,11.7,300000
8,7,2,375000
10,9,1.3,600000
6,6,1,95000
2,2,12,30000
5,5,1,175000
1,1,2.6,3900000
3,3,8,7400000
3,3,8,6500000
3,3,8,6000000
0,3,8,5800000
0,2,5,2350000
0,2,5,2450000
0,2,5,2500000
0,2,5,2900000
0,2,5,3000000
2,2,5,3200000
0,3,8,7500000
0,2,5,3500000
0,2,5,3800000
0,8,1,105000000
0,0,1,130000000
0,6,1,92500000
0,8,1,110000000
0,6,16,62500000
0,6,1,82500000
0,1,2.7,10000000
0,2,11.8,19000000
0,2,6.4,12000000
0,8,1.3,32500000
0,10,2.2,140000000
0,4,13.3,35000000
0,2,6.4,15000000
0,3,10.4,8000000
0,5,6.7,27500000
0,0,5.6,20000000
0,0,12.4,37500000
0,5,10.9,35000000
0,6,10.9,35000000
0,5,14.2,42500000
0,5,6.7,24000000
0,8,2,62500000
5,5,1,39900000
6,6,12,24000000
6,6,12,25000000
7,6,12,43000000
3,3,4.9,5100000
2,2,5,3600000
0,0,10.1,32500000
5,4,6,13500000
6,5,8,14500000
6,5,8,21000000
3,3,4.4,14000000
3,3,5,9000000
3,3,6,5500000
1,2,3.1,6500000
2,2,5,4000000
2,2,6.7,10000000
4,4,1.9,170000000
5,5,1.6,130000000
3,3,17.8,75000000
1,2,3.1,6000000
2,2,5.3,7500000
5,5,8.8,32500000
4,3,1,40000
3,3,4,18000
0,2,6.4,60000
0,6,2,325000
0,3,10.4,40000
0,3,1.3,75000
0,3,1.3,120000
3,3,1,150000
5,5,2,150000
5,5,1,500000
2,2,1,70000
0,0,5,38000
2,3,15,33000
2,2,1,248000
2,3,5,20000
3,2,15,32000
2,5,5,20000
3,2,5,19000
3,2,5,19000
5,4,5,35000
3,2,5,22000
4,3,5,30000
3,3,10,40000
3,3,1,75000
3,3,1,40500
8,7,12,84000
5,5,7,46000
2,2,3.3,40000
1,1,3.3,18000
2,2,3.3,35000
2,2,3.3,35000
4,3,11,30000
0,0,10,30000
0,2,10,30000
4,3,1,40000
3,3,1.2,45000
3,3,7,49990
4,3,10,14500000
4,4,5,7500000
7,5,12,24500000
3,3,6,12500000
5,5,5,13000000
5,5,5,12000000
3,3,5,11500000
0,0,2.3,3900000
4,4,10,18500000
4,2,7,60000000
6,5,1.1,49900000
3,3,2.1,4300000
6,5,10,24500000
7,6,5,9800000
6,5,1.1,49900000
7,6,10,23800000
6,5,10,15000000
0,0,10,20000000
6,5,18,35000000
4,3,6,12800000
6,5,1,49000000
9,7,1.1,130000000
3,3,2,8000000
4,6,6,13000000
4,4,2.7,4495000
5,4,10,23000000
5,5,1,47000000
4,3,2,3990000
3,2,3,3350000
5,4,10,32500000
5,5,1,63500000
2,2,2.2,2600000
5,5,7,16500000
4,4,11,18000000
4,3,10,16500000
7,4,12,18000000
3,1,3,3200000
0,2,2,3000000
4,4,10,16000000
4,3,5,15500000
3,3,5,9000000
0,5,10,24000000
0,5,5,15500000
4,4,10,25000000
2,2,10,17000000
2,3,5,5500000
6,6,18,22500000
3,3,3,5800000
3,4,4,7000000
5,5,6,10000000
6,5,5,12500000
2,1,10,6000000
3,4,1.7,4200000
4,4,5,7000000
2,3,3,4500000
5,4,10,13500000
0,0,10,22500000
6,6,11,17000000
4,5,1,40000000
6,5,10,21000000
6,5,10,23000000
2,2,5.8,10500000
4,4,7,14500000
6,5,10,22500000
0,0,12.4,19000000
5,5,10,18500000
3,3,10,13000000
1,1,4.9,10000000
6,6,5,11000000
8,7,1,41000000
4,3,11,22000000
6,5,7,13500000
4,3,13.9,21500000
10,7,1,63000000
3,2,6,14000000
2,2,5,5800000
6,5,10,22500000
5,5,7,13500000
2,2,7,3500000
6,6,2,185000000
4,4,9.9,50000000
1,1,1.9,2300000
2,0,3.8,6000000
2,3,3.6,4000000
2,2,4.4,9500000
2,2,4,2000000
2,2,2.7,5800000
2,2,4.4,8800000
3,3,7.1,12700000
5,8,16.5,31500000
2,2,5.3,5500000
6,6,16,55000000
5,5,10,67500000
2,2,5.8,5000000
4,4,4.8,14000000
4,4,4.8,15500000
2,2,4.8,16000000
4,4,4.8,23500000
2,2,4.8,6500000
5,4,4.8,23500000
2,2,4.8,12000000
4,4,4.8,13500000
4,4,4.8,13800000
4,4,4.8,17500000
6,6,9.6,26000000
3,3,9.6,21500000
4,4,4.8,19500000
3,3,10.7,45000000
8,6,1.2,140000000
5,5,2.4,240000000
2,2,3.8,5400000
8,6,9.6,32000000
3,3,6.4,12500000
2,2,4,7500000
0,4,4.8,17500000
6,5,1,95000000
4,4,8.7,21500000
0,0,2.7,3550000
4,3,8,11300000
4,3,8,11300000
4,3,8,11300000
3,3,14.2,34000000
8,7,2,210000000
3,4,4.8,11500000
6,6,4.8,12000000
6,7,4.8,15000000
5,5,14,100000000
9,9,1.3,150000000
7,6,2,260000000
3,3,7.3,31000000
2,2,4.2,8000000
4,4,10.2,42500000
3,3,7.6,24500000
4,4,15.1,50000000
2,2,4.7,7500000
3,3,8,45000
3,3,8,60000
2,2,4,27000
3,5,5.3,27000
3,2,3.6,16000
3,2,1,180000
3,3,8,37000
2,2,4.9,32000
4,4,14,55000
3,3,6.9,30000
5,4,1,125000
2,2,4,45000
3,3,7.4,44000
3,3,7.6,55000
7,6,2,225000
3,3,6.7,45000
4,3,10,160000
3,4,16,85000
3,2,8,20000
5,3,11.8,275000
6,6,1,250000
3,3,16.4,50000
3,3,16.4,50000
3,3,12,75000
7,6,1,145000000
0,0,4,7400000
1,1,4.3,4800000
0,0,5,17000000
1,1,2.9,5200000
0,6,1,61000000
0,6,14.2,46500000
6,5,1,46500000
6,5,1,46500000
6,6,1.3,75000000
8,8,1.3,94000000
0,0,2.2,3500000
0,2,14,20000000
2,2,5,3800000
0,0,1,57500000
7,6,12,29000000
4,4,7,16000000
2,2,7.6,37000000
3,3,8,7800000
1,1,3.1,5250000
2,2,5,3550000
6,5,10,30500000
2,2,5,4500000
2,2,2.4,2500000
0,0,6.7,15000000
0,0,3,22000
0,0,5,38000
0,0,5,35000
0,0,1,65000
0,3,8,38500
0,3,8,39500
0,3,8,40000
0,3,8,41000
0,3,8,42000
0,3,8,43000
0,3,8,41500
0,3,8,42500
0,3,8,42500
0,3,8,41500
0,3,8,39500
0,3,8,38500
0,3,8,38000
0,3,8,39000
0,3,8,40000
0,3,8,41000
0,3,8,42000
0,3,8,43000
0,3,8,43000
0,3,8,42000
0,3,8,41000
0,3,8,40000
0,3,8,39000
0,3,8,38000
0,3,8,38500
0,3,8,39500
0,3,8,41500
0,3,8,42500
0,3,8,42500
0,3,8,41500
0,3,8,39500
3,3,13,38000
0,3,8,38500
0,3,8,38000
0,3,8,39000
0,3,8,40000
0,3,8,41000
0,3,8,42000
0,3,8,43000
0,3,8,43000
4,5,10,55000
0,3,8,42000
0,3,8,41000
0,3,8,40000
0,3,8,39000
0,3,8,38000
0,3,8,38500
0,3,8,39500
0,3,8,41500
0,3,8,42500
0,0,7,36000
0,0,7,37000
0,0,7,38000
0,0,7,40000
0,0,7,45000
0,0,7,22000
0,0,7,22200
0,0,7,22500
0,0,7,23800
0,0,7,24000
0,0,7,24500
0,0,7,23000
0,0,7,24500
0,0,7,25000
0,0,7,25500
0,0,7,25700
4,3,5,7500000
5,8,3,6500000
2,2,2,2300000
5,4,10,20500000
4,5,12,28000000
7,6,10,17500000
5,5,10,18500000
3,3,2.5,6000000
0,0,6,16000000
2,2,2.5,3100000
7,5,10,24500000
4,3,5,11500000
6,5,10,30000000
2,3,10,16000000
1,2,5,4700000
7,5,1,60000000
4,2,1,34500000
4,3,1,32500000
5,4,10,32000000
4,3,10,17000000
6,4,10,27500000
5,4,10,27500000
5,4,10,25000000
5,4,10,24000000
8,6,2,125000000
6,5,1,37000000
4,4,10,26000000
4,4,10,22500000
3,3,10,21800000
3,3,3,3700000
0,0,3,6500000
4,4,4,16000000
4,4,4,16000000
6,5,10,29000000
7,7,1,32500000
2,5,3,7000000
4,4,5,10000000
8,4,3,11500000
6,5,1,33500000
4,3,5,14500000
4,4,7,22000000
5,4,10,15500000
0,3,5,15000000
4,7,10,26300000
6,5,5,9000000
5,5,2,70000000
0,5,10,26500000
6,4,5,9000000
6,5,1,34000000
5,5,10,22500000
4,4,10,20000000
6,5,10,16000000
7,5,10,22000000
3,3,2,4350000
0,0,6.5,11000000
3,3,5,8000000
3,2,1.8,17500000
5,4,7,20000000
4,3,5,13000000
4,3,5,10000000
0,0,3.5,4200000
0,4,6.2,8500000
2,3,5,5000000
0,2,5,5800000
8,6,1,45000000
4,4,4,15000000
0,4,4,11000000
0,4,3,6500000
0,5,5,17000000
3,6,4,3900000
7,6,1.1,37500000
4,4,10.2,65000000
4,4,12,60000000
2,2,4.2,6500000
3,3,7.3,10500000
4,3,7.6,10500000
3,3,5.3,8000000
4,6,3.4,9800000
6,6,2,270000000
5,4,9.3,16500000
3,3,5.3,10000000
6,6,1,115000000
6,6,1,122500000
3,3,7.1,26000000
6,6,1,125000000
2,4,2.6,3000000
2,2,4.2,13000000
3,3,6.7,12500000
3,3,9.8,27500000
3,3,6.7,14500000
0,4,8,28500000
5,5,1,76000000
2,2,4,6500000
5,4,3.5,7500000
6,5,1,80000000
8,7,1,65000000
4,4,1,45000000
6,5,1,165000000
3,3,7.8,10500000
3,3,6.7,11500000
1,2,2.7,2600000
3,3,8,6000000
3,3,10.7,40000000
7,6,9.6,32500000
2,2,2.7,2500000
2,2,4.8,5500000
4,8,3.6,13000000
1,2,2.7,1800000
8,7,2,240000000
7,6,2,240000000
0,0,3.2,12000000
0,0,3.2,9500000
2,2,4.8,18000000
2,2,3.6,5000000
0,0,4.8,25000000
2,2,3.6,6000000
4,4,15.1,42500000
0,0,2.4,7500000
2,2,4,5000000
2,2,3.6,4500000
2,2,4.8,12800000
4,4,4.8,15500000
3,3,6.2,14000000
7,6,2,105000000
3,3,6.7,13000000
7,6,1,121500000
2,2,4,10000000
2,2,2.7,4000000
4,4,4.8,14000000
4,3,9.6,17000000
0,0,10,65000000
1,1,1.3,800000
0,0,8,11300000
6,6,2,230000000
1,1,1.6,2450000
2,2,5.2,3763000
6,6,15.4,36500000
7,7,2,150000000
3,3,5.6,19000000
10,11,1.2,95000000
2,2,4,12500000
7,6,2,255000000
3,3,6.8,9500000
5,4,14,58500000
4,3,11.4,28500000
4,3,11.4,31000000
0,4,4.8,12200000
0,0,8.7,30000000
7,6,18.3,125000000
3,3,9.6,26000000
2,2,3.8,9000000
4,4,6.7,22000000
4,4,9.8,38500000
4,4,12,42500000
4,4,13.3,32500000
1,2,2.6,1700000
2,2,5,12000000
0,6,2,155000000
0,0,12,70000000
3,3,8,25000000
6,6,1,72500000
6,6,1,80000000
4,3,4.8,14500000
3,3,8,17500000
6,8,12,32500000
0,0,4.5,9500000
3,3,4,28000000
0,0,2.4,4200000
4,4,15.6,350000
2,3,3.1,20000
6,5,1,225000
3,2,11.1,300000
4,4,14,80000
1,1,2.7,20000
1,1,2.7,12000
3,2,6,20000
1,1,2,50000
0,0,6.7,135000
2,2,3.6,16000
3,3,6.7,27000
2,2,7,21000
5,4,2.2,525000
9,7,1,140000
2,2,6.7,252000
6,10,14.2,80000000
6,10,14.2,80000000
3,3,7,22000000
7,6,1,47000000
5,4,6,14200000
2,2,5,4800000
7,9,5,10000000
6,6,1.6,80000000
5,5,5,5000000
5,5,10,10000000
3,3,5,3500000
6,4,10,18500000
2,2,5,5000000
2,2,5,4300000
2,4,2.5,8000000
6,0,10,20000000
6,4,6,9300000
4,4,15.2,38000000
6,6,8,14000000
2,8,5,8000000
6,5,8,15500000
3,2,5,5500000
0,0,8,15000000
9,11,7,30000000
6,5,7,14000000
5,5,1,97000
0,0,5,40000
0,0,5,35000
0,0,10,32000
0,0,5,35000
0,0,1.5,50000
0,0,2,130000
2,2,1,30000
4,4,1,30000
0,0,9,45000
1,1,1.6,20000
3,3,11,35000
2,2,1.8,12000
5,4,10,39000000
5,4,10,27500000
5,4,5,9700000
8,7,3,170000000
2,2,2,2500000
3,3,5,11000000
3,3,5,12000000
2,4,5,9000000
5,4,1.1,55000000
6,5,1.1,43500000
6,6,5,11000000
3,3,3,8500000
3,3,4,11000000
3,3,5,12000000
5,4,3,5700000
6,5,4,9500000
5,5,3,5500000
4,3,3,3990000
2,5,3,6000000
6,5,7.1,12500000
4,5,3,5000000
3,3,11.5,18000000
0,5,10,22500000
0,7,11.5,24000000
0,0,5.5,12000000
0,0,5,12000000
0,0,12,32500000
6,6,2,167500000
6,5,1,64500000
6,6,2,122500000
4,4,1.1,38000000
6,6,10,17500000
5,5,17,41500000
6,6,1.2,46500000
5,5,8,17500000
6,5,1,54000000
7,6,1,48000000
3,3,7,21500000
7,6,1,33500000
6,5,2,127500000
5,5,2,155000000
3,3,1,60000000
6,6,10,23300000
5,5,10,18500000
4,4,10,15000000
5,4,10,33500000
6,4,7,23000000
5,2,4,4000000
6,5,12,22500000
6,6,10,13500000
6,5,2,125000000
6,5,1.2,75000000
4,4,10,27500000
1,3,6,6000000
0,0,16,160000000
2,2,10,16000000
5,5,1,55000000
7,5,1,27800000
5,4,10,20500000
7,5,1,34500000
6,4,10,18500000
3,3,5,12000000
6,4,10,24000000
4,3,16,55000
2,2,4.2,38000
2,2,4.8,22000
5,4,1.2,230000
2,2,4.2,23000
2,2,4,18000
3,2,6,18000
2,2,6,18000
3,3,8,33000
3,3,8,33000
4,4,12,185000
3,2,4.4,26000
2,2,4.2,18000
3,2,3.5,20000
6,6,1.3,475000
4,3,11.4,65000
4,3,11.4,65000
0,0,6.7,22000
5,4,11.6,160000
3,3,5.3,70000
3,3,6.7,80000
7,5,12,175000
2,2,4,30000
5,8,2.4,5600000
2,2,4.4,6500000
2,2,4.2,10500000
4,3,6,8000000
2,2,2,6200000
4,4,8.6,16500000
5,4,4,42000000
5,4,12,78000000
3,2,3.8,5200000
1,3,3.2,3200000
3,3,9.6,13500000
6,6,4.8,10000000
3,3,8,15000000
0,14,4,330000000
0,6,2,250000000
0,6,1.3,180000000
0,5,1,175000000
0,5,1,135000000
0,6,2,165000000
0,2,4.8,11000000
2,1,3.2,14000000
0,2,3.3,3800000
0,3,9.6,32500000
0,3,6.4,7000000
0,3,6.9,7000000
0,2,2.9,2600000
0,3,5.2,10000000
5,5,16,80000000
5,4,12,57500000
3,3,8,14500000
5,4,14,65000000
2,2,4.2,6500000
2,2,4.2,6000000
0,0,4.8,4000000
3,3,8,9500000
4,3,11.4,30500000
4,3,11.4,30000000
4,3,11.4,29500000
4,3,11.4,29000000
4,3,11.4,28500000
2,2,5,6000000
7,6,9.6,24500000
5,6,9.6,24000000
0,0,4.4,4700000
4,3,11.4,30500000
4,3,11.4,30000000
4,3,11.4,29500000
4,3,11.4,29000000
4,3,11.4,28500000
2,2,3.3,6800000
7,6,9.6,24500000
5,4,4.8,13500000
5,4,4.8,12500000
5,6,9.6,25500000
5,6,9.6,24000000
5,6,9.6,24500000
2,2,2.4,1600000
2,2,5.3,8400000
7,6,1,97500000
6,6,1,91500000
3,3,8,6800000
2,2,3.3,5500000
1,2,4.8,3500000
8,6,1,90000000
4,4,10.7,57500000
3,3,7.3,18500000
2,2,4.8,7500000
2,2,4.8,5700000
2,2,4.4,21000000
7,6,4.8,20000000
2,2,4.7,4500000
0,0,6,12500000
0,0,5.1,12500000
0,2,4.2,5700000
2,3,4.8,7000000
6,6,16,57500000
3,3,6.7,23500000
3,3,7.1,12500000
4,4,16,19000000
2,2,6,13200000
6,5,1,130000000
1,2,1.8,1600000
2,2,4.8,9500000
1,3,2,2700000
6,6,13,19000000
8,8,2,70000000
8,8,2,70000000
4,4,5,8500000
1,1,1.7,1900000
7,7,14.2,29000000
6,6,1.3,95000000
5,4,4,8800000
5,5,1.2,117500000
6,5,1,53500000
6,5,12,28000000
0,8,1,106000000
5,4,4,8300000
2,2,7.3,11000000
0,0,1,40000000
2,2,2.7,2500000
3,2,5,6000000
4,3,5,6200000
4,4,5,7500000
0,0,5,11000000
0,0,8,14000000
7,6,18,65000000
2,2,3.3,28000
2,2,5,18000
4,4,10,30000
2,2,5,16000
2,3,7,60000
1,2,5,27000
3,3,12,75000
6,6,1.2,500000
6,6,1.3,500000
2,1,3.1,18000
2,2,4.9,30000
3,3,1,100000
0,1,1.3,40000
0,0,1,100000
0,1,2.2,32000
3,3,8.1,100000
0,0,5,10000
5,4,8,100000
7,7,1.2,250000
0,2,6,15300000
2,2,4,3000000
6,6,14.2,49000000
6,6,1,135000000
6,6,1.2,120000000
6,5,1.3,38000000
3,4,6.7,23000000
0,0,25,220000000
1,1,2.7,2800000
6,5,10,24500000
2,2,8,29000000
4,4,5,15000000
4,3,10,19000000
1,3,4,3600000
1,1,3.1,2820000
2,2,3.9,3550000
4,4,3,7000000
6,6,1.8,130000000
2,2,6,6000000
5,5,8,15800000
10,7,10,27000000
0,0,4.5,5500000
3,3,7.8,32000000
0,0,2.4,5000000
0,5,50,50000000
6,6,1,78000000
7,6,8.4,16500000
4,5,4,8500000
5,4,5,9500000
3,3,5,8500000
2,2,3,3800000
2,2,4.2,4950000
2,2,5,4300000
6,6,1,25500000
2,3,4,2900000
5,4,7,24500000
5,5,7,14500000
6,5,10,20000000
6,5,10,22500000
2,2,3,3200000
0,0,5,17000
3,2,11,35000
2,2,3.1,18000
2,2,3.6,20000
2,2,3.6,20000
2,2,3.1,18000
3,3,9.8,100000
0,0,5,15000
5,5,7,45000
3,3,15,36000
0,0,7,45000
3,3,14,37000
3,3,7,48000
6,4,9,19500000
7,6,12,30500000
4,4,7,12200000
4,3,10,13500000
3,3,2,4300000
4,4,4,6000000
4,4,6,10200000
6,5,5,7500000
3,3,11.4,11500000
3,3,11.4,12500000
4,3,4,5700000
4,5,10,20000000
5,5,10,17000000
7,6,5,11500000
2,3,7,13000000
2,2,4,6000000
5,5,5,11500000
5,5,1,32500000
4,7,9,20000000
3,3,10,25000000
5,5,5,12500000
4,5,5.5,15000000
0,0,2.5,180000000
6,6,1.3,90000000
3,2,3,4500000
1,1,2,2395000
5,4,7.5,16000000
5,6,2,110000000
6,5,1,55000000
3,3,5,10000000
4,3,7.7,24000000
4,3,6,11200000
5,5,10,28000000
0,0,5,6700000
0,1,2.4,4000000
4,3,10,17500000
4,3,5,16000000
3,3,5,12000000
7,6,1,60000000
5,4,7,11000000
7,6,1,57500000
7,6,1,55000000
6,5,1,47000000
6,5,1,50000000
3,3,5,10700000
6,5,9,17500000
5,5,10,22500000
5,4,5,10500000
2,2,2,2650000
2,3,4,6500000
3,2,5,7200000
5,5,10,21500000
3,2,3,5500000
4,3,2,2800000
6,5,1,37500000
6,7,1.8,380000
4,3,1,130000
4,3,1.3,180000
5,5,9.6,90000
4,4,16,80000
2,2,4.8,25000
6,6,8,130000
4,4,8.9,90000
3,3,12,65000
2,2,4.4,40000
0,3,6.4,24000
3,3,7.1,40000
0,3,9.3,90000
0,3,9.3,92000
3,3,16,65000
4,3,11.4,63000
4,3,11.4,65000
4,3,11.4,64000
4,3,11.4,62000
0,0,9.8,120000
4,3,11.4,60000
4,4,12,100000
3,3,12,90000
2,2,12,40000
3,3,4.8,40000
2,2,4.7,22000
2,4,4.6,30000
2,2,4,35000
3,3,7.6,55000
2,2,5.3,6000000
3,3,5.5,8000000
2,3,4.4,3150000
5,4,6,42500000
2,2,4.8,16000000
3,3,11.6,33000000
2,2,4.5,5200000
5,5,1,69500000
3,3,4.4,6500000
1,1,2,1750000
3,3,5.1,6000000
5,5,4.8,11800000
5,5,4.8,11800000
2,2,4,4800000
2,2,4,4500000
2,2,4,5000000
2,2,3.6,5200000
3,3,13.7,35000000
2,3,6,5200000
2,3,6,7500000
1,2,2.6,3500000
1,2,2.6,3500000
6,6,3.2,7000000
2,2,3.2,5000000
5,4,14.7,45000000
0,2,4.8,12500000
0,6,6.4,20000000
0,4,6.8,16500000
0,4,8,26500000
0,2,2.4,10000000
0,4,4.8,13000000
3,4,3.2,7800000
5,5,17.1,62500000
3,2,4.2,11000000
6,5,18.3,95000000
6,6,8,21500000
7,5,19.6,147500000
7,6,2,200000000
2,2,4.2,5250000
3,2,4.8,6000000
3,4,3.2,12000000
3,3,7.8,30000000
0,0,1.5,4000000
2,6,3.2,3500000
7,6,1,155000000
4,4,10.4,51500000
2,2,3.4,4700000
5,4,16.7,78400000
6,6,10.6,9500000
3,3,10.7,35000000
0,0,8.6,15000000
3,4,3.2,9000000
2,3,4.1,8000000
3,3,1.2,75000000
5,5,14,115000000
3,3,7.8,11800000
4,4,1,160000000
4,4,9.6,30000000
3,3,4.8,5100000
6,9,5.6,30000000
2,2,2,4800000
2,2,4.2,7800000
4,6,15.4,30000000
4,4,14,36000000
3,3,7.3,13500000
0,0,16,45000000
3,3,4.8,14000000
6,5,1,140000000
4,4,4.8,8500000
3,3,9.1,33500000
4,4,10.4,41500000
2,2,4,8000000
5,3,6,58000000
0,0,6.9,8500000
2,3,4.9,8000000
3,3,8.7,11500000
3,3,4.8,14000000
5,5,18,130000000
0,0,9.6,26000000
3,3,12,18000000
5,5,7,13500000
4,4,13.3,150000
0,0,1,45000
3,3,1,55000
3,3,1,55000
2,2,9.3,170000
3,3,1,65000
3,3,1,125000
3,2,5,18000
0,0,2.7,20000
4,4,7,50000
3,2,5,23000
0,0,7,38000
2,2,4.4,16000
2,3,5.6,23000
3,2,4.9,20000
3,2,3.1,25000
3,4,10,45000
6,4,7,26500000
0,0,5,12900000
3,3,4.7,4500000
0,0,1,50000000
5,4,5,9800000
3,3,14,44000000
3,3,6.7,14500000
5,4,16,22000000
7,7,14,25500000
0,0,1,80000000
5,4,4.8,9000000
6,6,14.2,25500000
7,6,14.2,25000000
4,4,5,8500000
0,0,12,13000000
4,5,4.5,9000000
3,3,15,12000000
0,0,11,12500000
6,6,10,15000000
2,3,2.5,3800000
6,5,5,11000000
5,5,1,30000000
2,2,7,7000000
6,5,10,26000000
1,1,10,22500000
3,4,4,15000000
4,4,5.5,7500000
5,5,7,15000000
4,4,5,6500000
5,4,7,14000000
6,5,6,7000000
5,5,10,21000000
1,2,3.5,2600000
10,9,1,37000000
2,2,3,3400000
2,2,3,3250000
6,6,10,15000000
0,0,1,49500000
4,5,5,17000000
0,4,6,8500000
4,3,10,13500000
0,0,5.3,50000
3,2,5,22000
3,2,5,23000
4,3,5,40000
6,1,1,6000
2,2,5,25000
3,3,6,20000
4,3,5,35000
4,3,1,75000
0,2,10,35000
3,3,14,40000
3,3,11,30000
2,2,7,45000
3,3,4.9,28000
2,1,4.2,33000
3,3,1,35000
2,6,6,7500000
6,5,10,31000000
6,5,1,45000000
6,5,1,65000000
6,5,1.2,75000000
6,5,1,70000000
3,3,3,7000000
6,6,10,22000000
6,6,8,14000000
4,5,5,10500000
4,3,5,11000000
6,6,1.1,60000000
4,4,1,45000000
3,3,12,35000000
6,5,10,23500000
4,3,6,16500000
3,3,4,9000000
4,3,5,12500000
4,3,5,9200000
4,2,3,6500000
5,5,5,10000000
8,8,10,20000000
6,5,1,39000000
5,5,12,22500000
5,5,10,21000000
1,1,2.5,2200000
1,1,2.2,5000000
6,7,10,25500000
8,7,1.6,65000000
4,4,7,12000000
7,6,10,24000000
7,6,1,48000000
5,3,5,12500000
4,4,1,80000000
5,4,10,22000000
6,5,1,37000000
3,4,5,10800000
2,4,4,10000000
0,0,4,365000000
4,4,10,30000000
4,3,10,21500000
3,2,3,3100000
0,5,1,49000000
0,0,3,12000000
0,0,2,8500000
0,5,1,43500000
5,4,11,27500000
4,4,5,15000000
5,5,10,30000000
6,6,1,350000
0,0,4.8,28000
2,2,4.2,50000
5,4,2,375000
1,1,5.5,35000
3,3,4.9,50000
3,3,5.3,60000
3,3,9.6,35000
1,2,8,21000
3,3,8,30000
3,3,14,175000
5,4,16.9,300000
4,4,9.8,49000
3,3,7.3,80000
4,4,1.5,130000
3,3,6.2,50000
2,2,7.1,50000
5,4,10,165000
3,3,8.4,100000
1,2,4,25000
2,2,2,22000
2,2,4.4,22000
5,4,17.8,240000
3,2,6,35000
2,2,4.2,18000
4,3,6.7,55000
4,3,1,145000
4,4,16,55000
2,2,3.1,25000
5,4,11.1,130000
0,3,1,135000
0,0,1.2,165000000
5,4,14,65000000
0,0,9.8,20000000
4,4,12,60000000
6,8,4.8,18000000
4,6,5.7,19000000
0,0,4.8,7500000
3,3,8,21000000
1,1,2,3500000
5,4,9.6,34000000
5,5,3.2,14500000
0,0,3.6,6500000
2,2,3.1,3500000
2,3,3.9,12000000
0,3,5,8000000
3,3,5,9000000
3,3,8,6800000
2,2,4.2,4200000
4,3,7.3,35000000
3,3,4.8,6500000
0,0,5.4,7400000
3,3,7.6,8800000
3,3,10.7,13000000
3,5,5.3,22000000
3,3,8,8500000
2,2,2.9,3800000
2,2,4,6500000
2,2,2.2,2900000
4,3,8,17500000
2,2,3.6,4500000
4,4,12,14000000
3,3,6,11500000
3,3,4.4,9500000
2,2,4,6000000
2,2,5.6,9000000
3,3,6.2,9000000
0,0,4,8500000
0,0,3.8,5500000
3,3,5.8,6800000
3,3,6,7000000
3,4,2.4,9500000
4,3,8,12500000
0,0,7.1,11500000
4,4,4.8,12000000
2,4,3.6,6000000
3,3,8,11500000
7,6,4.8,15700000
0,0,3.3,1600000
6,6,9.6,23000000
0,0,14.6,55000000
2,2,4,7500000
3,4,12,21000000
0,0,8,12000000
2,2,4.4,9800000
3,3,7.3,14300000
3,3,7.3,13600000
3,3,7.3,12900000
0,0,7.3,12800000
3,3,3.2,6000000
3,3,8,8500000
1,1,1.6,2200000
3,3,7.6,17000000
3,3,6.7,13500000
3,3,3.2,8500000
4,2,4.9,12000000
3,3,3.2,6000000
2,2,3.3,2800000
4,4,16,27500000
3,3,10.2,17500000
3,3,10.2,20000000
2,2,4.7,8500000
2,2,2.5,3700000
3,3,8,14000000
8,8,1.2,60000000
1,3,2.8,2500000
0,0,9.6,15000000
0,5,1.2,145000000
6,6,9.6,39000000
2,2,4.8,7500000
0,0,9.6,22000000
2,2,4.2,5000000
3,2,9.1,46500000
2,2,4.2,12000000
4,4,4.8,30000000
3,3,4.8,8000000
6,5,18.7,75000000
4,4,16.7,75000000
3,3,8,18000000
2,2,3.8,6000000
4,3,5.6,7000000
4,3,5.6,6900000
4,3,7.6,26500000
1,3,2.8,2500000
3,3,7.1,15000000
4,4,9.8,15000000
6,5,1.4,95000000
2,2,4.8,3800000
3,3,9.8,17000000
2,4,4.8,7500000
4,7,4.8,14000000
2,2,3.2,5700000
3,3,6.8,10000000
8,7,14.2,24500000
5,5,1,35000000
0,0,14.2,26000000
0,0,8,19000000
4,4,10,15000000
7,6,1,44400000
5,4,4,16000000
2,2,3.3,4000000
6,6,15,20000000
3,3,7.4,7200000
6,6,1,49000000
4,5,1,70000000
3,2,6.8,5700000
6,6,1,28800000
5,4,5,8700000
0,2,5,4000000
8,7,1.5,57500000
4,3,12,8000000
2,2,6.3,6600000
2,2,5,3000000
6,8,7,16000000
3,3,4,6500000
4,3,6.7,30000
2,2,7,27000
4,3,1,35000
5,4,11,70000
4,2,5,20000
2,2,5,20000
0,0,12,60000
0,0,5,17000
3,2,6,17000
0,0,5.3,38000
0,0,10,55000
6,6,10,120000
3,3,12,60000
4,3,10,42000
3,3,9.3,65000
8,7,1.2,250000
5,4,1,110000
5,4,1,110000
0,3,14.2,125000
6,6,1.3,82500000
4,4,5,8500000
2,2,3.6,6500000
3,3,5,7000000
5,4,7,9000000
4,3,7.1,10000000
4,5,10,15000000
5,4,7,13000000
6,5,1,23500000
5,5,4.1,5300000
4,3,5,12000000
1,0,4,6500000
3,4,8.4,9500000
4,3,5,9500000
4,3,5,7500000
2,1,5,5500000
3,5,7,22000000
3,3,10.4,14500000
3,2,5,6000000
5,4,7,18500000
6,6,10,10000000
3,2,5,5800000
1,1,2.7,3900000
5,5,7,14500000
6,6,15,31500000
5,5,10,23000000
0,0,2.8,3500000
4,6,5,5500000
5,5,7,14000000
2,3,4,4500000
4,4,16,20000000
3,3,5,5000000
6,6,12,19000000
0,2,5,3600000
1,2,5,3500000
4,4,7,17200000
3,3,5,10300000
0,0,5,7300000
3,4,2,2700000
2,2,10,30000
2,2,7,25000
3,3,3,20000
3,2,10,25000
0,3,5,35000
0,0,5,35000
6,6,8,55000
3,2,5,25000
0,0,5,22000
0,0,10,60000
0,0,5,23000
0,0,5.5,45000
2,3,10,35000
0,3,12,44000
0,3,12,42500
3,3,5,25000
3,2,5,23000
3,3,1,35000
2,3,10,35000
5,5,1,55000
3,3,6,20000
2,3,2.5,35000
2,2,5,35000
3,2,9.3,75000
3,2,9.3,75000
3,2,9.3,75000
5,5,7,50000
3,3,10,45000
0,0,10,20000
2,3,2,3000000
3,3,3,5500000
6,6,1,37500000
4,4,1,35000000
7,6,1,47500000
0,4,5,13000000
6,6,1,40000000
3,2,5,45000000
4,4,6,15000000
3,2,12,9000000
0,0,3,3500000
6,5,1,61000000
6,5,1,60000000
6,5,1,72500000
0,4,5,8500000
2,2,3,2600000
0,0,1,45000000
5,5,10,25000000
6,6,2,140000000
6,5,10,25000000
7,7,1,60000000
5,5,10,28000000
5,4,10,17000000
5,4,10,18000000
5,5,10,21000000
3,3,3,7500000
3,3,3,7800000
3,4,3,5500000
3,3,3,7000000
6,6,3,4500000
6,5,1,47500000
5,5,5,11500000
3,3,5,22500000
3,3,5,22500000
6,6,10,19500000
4,4,3,9000000
1,1,1.8,5000000
6,5,1,47000000
8,7,14,32500000
6,5,10,16000000
4,3,5,11500000
5,5,10,22500000
6,5,1,37500000
5,4,10,32000000
5,4,8,13500000
4,3,10,21000000
6,5,1,31000000
7,5,1,32500000
7,7,10,35000000
9,5,1,36500000
6,5,1,41000000
3,3,5,12000000
6,5,1,74500000
4,5,5,11000000
10,5,1,44500000
3,5,1,45500000
3,3,3,7000000
3,5,5,13000000
5,4,9,40000000
4,3,10,19500000
4,3,10,16500000
0,0,4,9500000
3,2,5.8,36000
3,3,7.1,55000
3,3,7.1,55000
4,3,8.9,120000
0,0,1.4,350000
3,2,4.3,29000
3,3,7.1,45000
2,2,5,31000
2,2,4.2,35000
4,3,1,165000
3,3,8,65000
0,0,2.4,16000
0,0,5.3,27000
2,2,2.4,18000
5,4,1,135000
2,2,2.4,16000
3,3,7.3,17000000
3,3,6.2,7000000
2,2,4.2,7500000
3,3,6.7,11500000
2,2,4.8,6500000
6,6,9.6,34000000
3,3,6.2,14500000
5,4,4.8,16000000
3,6,1.9,6800000
0,0,18.6,60000000
1,3,3.2,5700000
3,3,8.6,18500000
2,2,4.9,10500000
3,3,8,17500000
2,2,4,9000000
4,4,4.8,16000000
3,3,6.1,9850000
4,3,11.6,39500000
2,2,4.8,9900000
8,8,3.1,150000000
5,4,16,41000000
2,3,4.4,5500000
0,0,4,7000000
4,3,10.7,20000000
3,3,8,17800000
2,3,5.3,5500000
5,6,8.6,11500000
3,3,9.6,30000000
3,3,7.3,23000000
5,0,3.2,5500000
6,6,9.6,38000000
3,5,2.6,3200000
2,2,10,10500000
2,2,4.7,11000000
2,2,4.2,5500000
3,3,6.1,13500000
3,3,8,17500000
3,3,8,11800000
3,3,5.8,12300000
3,3,5.8,12500000
3,3,5.8,13000000
0,0,12,35000000
0,0,12,33000000
0,0,12,33000000
0,0,12,33500000
0,0,12,33500000
0,0,12,33500000
0,0,12,33500000
0,0,12,33500000
0,0,12,32500000
0,0,12,32500000
0,0,12,32500000
0,0,12,34000000
0,0,12,38000000
0,0,12,37500000
2,2,4.7,4400000
5,5,1,160000000
0,6,2,105000000
0,6,16,75000000
0,3,1,59000000
0,6,4.8,16500000
0,6,4.8,19500000
0,6,4.8,28500000
0,4,4.8,19500000
0,4,4.8,19500000
0,6,4.8,24500000
3,3,4.9,19000000
0,2,4,14000000
4,4,8.4,17000000
4,4,3.2,6000000
3,3,6.7,13500000
3,3,7.6,17000000
10,11,14.4,70000000
6,6,1,97000000
2,2,6.7,6000000
2,2,6.7,6000000
2,2,6.7,6000000
2,2,6.7,6000000
2,2,5.1,5000000
2,2,5.1,5000000
2,2,5.1,5000000
2,2,5.1,5000000
5,10,8,80000000
2,2,4,3500000
4,3,9.3,25000000
3,3,6.2,12000000
2,2,4,6000000
2,2,4.2,8000000
1,2,5.1,8200000
5,4,4.8,10500000
4,2,8,27000000
4,4,19.2,28000000
2,2,4.8,13500000
2,2,4,6800000
3,3,6,8500000
7,6,10,15500000
7,7,5,10500000
5,7,10,16500000
3,3,10,12000000
5,4,6,13500000
5,5,9,16500000
5,4,6,14000000
0,0,4,320000000
5,5,14.2,38500000
4,6,1,20000000
0,2,6,10900000
6,5,1,45000000
2,3,3.5,3600000
2,2,9.3,8500000
6,6,15,19500000
7,7,1,35000000
0,0,6,70000000
5,5,6,8000000
2,2,4.9,5200000
0,6,14.2,35000000
10,10,10.9,30500000
0,0,12,24000000
6,3,12,29000000
8,8,1,36000000
6,6,12,30000000
6,6,10,16000000
0,0,4.4,14000000
0,2,6,9000000
5,5,4,6000000
0,0,8,24500000
2,2,10,29500000
3,3,3,2700000
5,4,5,9500000
0,5,6.7,27500000
0,0,5.6,20000000
0,0,12.4,39000000
0,5,10.9,35000000
0,0,10.9,37000000
0,5,14.2,42500000
0,5,6.7,24000000
0,8,2,62500000
3,2,4,4500000
3,2,7,9000000
6,6,9.3,24000000
0,0,1,75000000
1,1,4.4,12000
2,2,3.1,22000
2,2,3.1,28000
8,7,1,145000
5,5,1,100000
6,5,1,100000
6,5,1,100000
2,2,3.6,16000
3,3,1,75000
2,2,8,38000
2,2,8,17000
3,2,4.9,20000
4,4,17.5,120000
7,7,3.2,700000
8,8,4,1100000
1,1,7,45000
3,3,12,65000
0,0,10,60000
3,3,1.3,130000
8,7,1,500000
6,6,2,450000
2,2,1,45000
2,2,1,45000
6,6,1,200000
3,2,3.1,26000
0,2,6.7,55000
0,2,6.7,55000
6,6,1,35000000
1,3,3.7,2700000
4,3,5,8000000
5,7,12,27500000
1,1,3.1,7000000
5,5,7,14000000
2,2,3.6,6500000
4,6,5,6500000
5,4,9.4,20000000
6,6,7,20000000
6,5,2.3,58000000
6,7,13,31000000
6,6,12,23000000
1,2,3.5,2800000
5,5,14,28500000
6,4,10,18000000
1,2,5,4400000
2,2,3.1,5000000
2,1,3.3,6500000
7,6,1,37500000
1,2,2.9,4000000
7,7,10.9,25000000
3,3,8,6000000
4,3,8.2,29000
2,2,3,11000
0,0,10,30000
4,3,15,50000
3,3,10,40000
5,5,1,100000
3,2,6,14000
2,1,3,13000
2,2,5,25000
3,3,12,33000
6,5,10,70000
1,1,4,10000
6,4,17,38000000
5,3,10,19500000
4,3,10,12200000
9,8,1,40000000
3,3,6,9990000
3,3,3,3950000
4,4,5,5700000
5,6,1,30000000
5,5,1,33000000
0,0,8,14800000
5,5,12,21500000
3,3,4,7500000
3,3,3.5,7000000
5,5,1,41500000
5,5,5,11000000
5,3,1,31500000
5,5,1,60000000
5,5,1,60000000
2,2,3,2290000
3,3,8,22500000
6,6,10,22300000
5,3,4,14000000
3,2,12,48000000
2,1,9,40000000
3,3,7,11200000
4,4,14,16000000
2,3,1.5,2500000
0,0,1.2,44500000
6,5,1,62000000
6,5,1,49000000
7,6,1.2,77500000
0,5,1,48000000
5,5,1,35000000
8,7,12,32500000
4,4,16,27500000
6,5,12,27500000
6,5,1.1,55000000
6,5,1,47000000
5,4,10,29500000
4,4,5,14000000
0,0,10,19900000
5,4,10,24000000
3,3,6.5,21500000
4,3,5,8500000
6,5,1,44500000
3,3,5,11500000
4,4,10,26500000
3,3,4,14000000
2,2,4,4500000
7,5,10,21000000
8,7,1,34000000
5,4,10,27500000
0,0,10,28500000
4,4,10,14500000
0,2,4,6000000
0,3,3,6000000
5,5,1,35500000
6,5,1,42900000
6,5,10,21000000
3,3,1,33500000
3,3,10,12500000
8,6,1,37000000
6,5,7,12800000
2,3,2,4400000
7,5,1,40000000
6,5,10,23800000
2,2,1.5,2850000
1,1,2.5,2500000
2,2,2,4500000
1,1,2,3600000
5,4,8,17500000
8,7,2,100000000
6,7,4.5,15000000
5,5,5,8500000
6,5,1.1,41000000
3,3,3,4900000
3,3,3,3500000
6,4,10,18500000
7,5,10,23800000
7,5,5,16000000
7,5,5,16000000
2,2,4.2,16000
3,3,1,130000
3,3,1,115000
6,5,1,300000
6,5,1,290000
6,5,1.1,195000
4,3,14,150000
3,3,1.2,65000
3,3,12,60000
0,0,16,150000
3,3,5.8,45000
3,3,5.8,40000
3,3,5.8,37000
3,3,5.3,30000
0,0,12,125000
0,0,12,145000
0,0,12,145000
0,0,12,150000
0,0,12,130000
3,3,4.8,25000
3,3,8,40000
3,3,7.3,55000
6,5,1,250000
3,3,1,100000
4,4,10,140000
4,3,1,120000
3,3,8.9,60000
3,3,6.2,35000
2,2,2.7,40000
1,2,8,25000
3,3,6,38000
2,2,4,5000000
3,4,5.6,17000000
1,2,2.9,2800000
1,2,3.2,2800000
1,2,3.2,2800000
0,2,3,3500000
6,6,1.3,137500000
3,3,5.4,8500000
0,0,9.6,19000000
2,2,4.8,6500000
6,5,1,125000000
3,2,4.8,6500000
6,6,9.2,14000000
5,4,13.2,38000000
3,3,5.6,9500000
6,6,1,120000000
6,6,1,79000000
6,6,1,120000000
5,5,1,65000000
0,0,1,120000000
4,3,12.1,35500000
4,3,11.4,36000000
4,3,11.4,31500000
5,4,13.2,46000000
3,3,5.6,9500000
3,3,5.6,9500000
4,4,12,20000000
6,6,12,40000000
3,3,12,13500000
4,4,17.8,21000000
5,4,16,12500000
3,3,10.2,34000000
4,6,3.2,6499000
2,2,2.5,5500000
6,6,1.2,80000000
5,5,6,47500000
3,3,16,55000000
3,3,11.4,27000000
2,2,2.7,2000000
3,5,4.8,16000000
3,3,9.6,15500000
3,3,7.6,12000000
4,4,13.2,38500000
3,3,6.2,12500000
0,0,16,28000000
0,0,9.6,27000000
0,0,9.6,25000000
2,3,3,3000000
8,7,12,26000000
6,7,8.4,17000000
8,7,2,37000000
6,4,1,92000000
6,5,7,14500000
8,7,12,24000000
6,5,7,14500000
7,4,11.2,17000000
0,0,5,14500000
1,1,3.1,3200000
1,1,4,4950000
3,3,6,23500000
6,8,18,44000000
5,5,10,30500000
0,0,1,35000000
0,0,1,40000000
6,5,10,22500000
3,3,5,13000000
3,3,5,13000000
2,2,3.6,3650000
6,6,1,65000000
4,5,8,22000000
4,5,5,8500000
2,3,5.1,6500000
6,6,4,7500000
7,7,12.4,67500000
7,7,1.2,95000000
6,5,7,14000000
3,3,12,30000
4,4,10,26000
2,2,1,65000
0,0,12,65000
3,3,10,60000
0,3,1,55000
2,2,6.4,43000
4,6,1,160000
0,2,11.1,70000
1,1,4,15000
0,0,1,120000
2,2,1,75000
2,2,8,43000
3,3,5,32000
3,3,5,30000
4,3,14,120000
3,4,4,5800000
0,0,5,9000000
0,0,5,8000000
3,3,3.7,4800000
5,5,6,12500000
2,2,3,5000000
2,2,3,3500000
5,6,5,6700000
5,6,5,6700000
6,6,12,23000000
1,1,2.6,3200000
3,3,10,13000000
6,5,1,47500000
4,4,7,12800000
3,3,5,10500000
3,3,5,10500000
6,6,7,13500000
0,0,10,22500000
5,5,7,14000000
3,7,11,40000
0,0,15,35000
3,4,5,38000
0,0,8.5,50000
0,0,10,80000
0,0,5,25000
0,0,5,35000
0,0,5,40000
0,0,12,32000
0,0,5,35000
0,0,5,32000
0,0,5,35000
0,0,2,225000
0,0,2,200000
3,2,3,13000
2,4,5,18000
3,3,10,33000
2,2,4.4,25000
1,1,2.6,17000
0,0,9,45000
0,0,1,40000
0,0,1.2,75000
1,1,2.4,26000
1,2,2,12000
6,5,10,45000
3,3,7,27000
3,3,10,30000
3,3,10,28000
6,5,7,45000
3,3,7,28000
3,3,5.4,30000
1,1,2.3,22000
0,8,10,35000000
7,5,10,24000000
2,2,5,3650000
2,3,5,8000000
6,5,1,42500000
5,4,10,24000000
2,3,2,1800000
4,4,8,18000000
2,2,3,4500000
3,3,5,8000000
6,5,5,17000000
3,3,2.7,8500000
7,5,10,21500000
0,0,2.5,2500000
5,4,5,12500000
6,5,1,37000000
3,3,3.5,7000000
5,5,1,55000000
3,3,10,13500000
0,6,17,41500000
3,5,5,98000000
5,5,1,62500000
5,5,1,62500000
5,3,4,6200000
5,4,5,11500000
9,7,1,37000000
5,5,2,165000000
5,4,5,12000000
6,5,1,46500000
5,5,1,76500000
0,0,7,19000000
3,3,9,19000000
0,8,2,160000000
0,6,2,160000000
0,5,1,45000000
0,5,10,32500000
0,3,5,16000000
0,0,1.2,32500000
0,3,10,14200000
0,0,3.7,8000000
6,6,8,20000000
8,6,10,21500000
5,4,5,16000000
2,2,4,4000000
4,4,3,6000000
6,6,2,100000000
6,6,10,25000000
5,5,10,22500000
7,7,1,42500000
6,6,5,12500000
3,3,4,7500000
7,6,18,32500000
0,0,4,300000000
3,3,5,11000000
7,5,1,67500000
5,4,7,23500000
5,4,2,6000000
6,6,3,9000000
0,0,16.4,15000000
4,3,4,41500000
5,3,1.2,19200000
2,2,4.2,8700000
3,3,5.3,16000000
3,2,3.3,5500000
4,3,12,31500000
4,3,12,31500000
3,3,6.7,12500000
3,2,4.8,9900000
3,3,12,32000000
3,3,12,50000000
3,3,12,38000000
3,3,12,38000000
3,3,12,35000000
3,3,5.8,9000000
2,2,4.2,7500000
0,5,6.4,7000000
4,4,10.7,15000000
3,3,8.6,11200000
2,2,4.9,4800000
6,6,1,107500000
3,3,9.6,25000000
3,3,3.6,4000000
2,3,3.2,8700000
2,2,4.8,10000000
4,0,4.8,7000000
3,4,2.4,4500000
5,5,10,80500000
2,2,4.8,11200000
3,3,6.7,8500000
2,2,3.1,3200000
3,3,6.7,14000000
2,2,3.1,3800000
2,2,4.8,7500000
2,2,3.1,3600000
2,2,4.2,5500000
2,2,4.2,7500000
2,2,4.2,6500000
2,2,4,6000000
2,2,3.1,20000
4,3,10.7,55000
3,3,4.8,35000
0,0,9.6,42000
4,3,8,47000
0,0,3.3,12500
1,0,4,8000
3,3,8,35000
0,0,5.3,45000
2,3,10,65000
2,2,6.4,30000
3,3,8,23000
3,3,7.6,50000
2,2,4,32000
3,2,9.6,35000
3,3,8,120000
0,0,4.8,19000
3,3,9.3,55000
0,0,4.2,38000
2,2,4.2,60000
3,3,4,90000
4,4,12,200000
3,3,1,140000
5,5,1,350000
3,3,8.9,70000
2,2,4.7,18000
4,3,1,120000
4,6,6,35000
0,0,7.6,50000
2,2,4.4,36000
0,3,5.1,9500000
0,0,5.1,8500000
0,0,4.4,11000000
2,2,4.9,8000000
2,2,3.3,5000000
4,4,8.8,52000000
1,1,6.4,3000000
0,0,4.5,8500000
4,4,11.6,45000000
5,5,19.6,130000000
3,3,6.9,19500000
6,6,1.3,159000000
4,4,14.4,65000000
3,3,7.8,27500000
2,2,4.7,5000000
1,3,3.2,2500000
3,4,12.8,20000000
7,6,2,280000000
2,2,4.9,13000000
7,6,1.3,220000000
0,3,6.2,10600000
6,5,14,110000000
3,3,12,55000000
4,3,8.9,16000000
4,3,8.9,16000000
1,1,1.3,3800000
0,2,4.2,6500000
4,4,13.1,14500000
3,3,5.1,10000000
3,3,8,10000000
2,2,4.2,5500000
2,2,4.9,5500000
0,2,4.8,7500000
2,2,3.8,5500000
5,5,1,90000000
3,3,8,30000000
3,3,4.4,5400000
2,2,4.2,9000000
3,3,4,12500000
0,0,4.8,2000000
2,2,5.3,14000000
2,2,3.3,3500000
5,4,4.8,12500000
0,0,2,165000000
4,3,8.8,12000000
3,5,3.4,7000000
5,4,12,65000000
3,3,6,8500000
6,6,12.5,52500000
3,2,5.1,6700000
5,4,4.8,13000000
3,3,4.8,4500000
4,4,4.8,14000000
2,2,4,9500000
5,6,9.6,24000000
5,6,9.6,24000000
5,6,9.6,24000000
5,4,4.8,12500000
5,4,4.8,12500000
5,6,9.6,24000000
5,6,9.6,24000000
5,6,9.6,24000000
5,6,9.6,23500000
3,3,9.6,16500000
2,2,4.4,5500000
0,0,6.4,9000000
3,3,1.2,75000000
4,4,8,18000000
6,5,1,160000000
3,3,8,15700000
7,6,1.2,185000000
7,6,12,95000000
2,2,6.4,4000000
2,2,3.2,6000000
4,3,10.4,8500000
0,0,4.8,12000000
7,6,4.8,18000000
3,3,5.3,8400000
2,2,3.1,3300000
6,5,4,14800000
5,5,1,115000000
6,5,5,13500000
4,3,4,19000000
4,2,4.4,13700000
0,0,1.1,3200000
0,6,14.2,22500000
0,5,10.9,28000000
0,0,8,23000000
0,0,4.4,12500000
0,0,4.4,14000000
0,0,4.4,15500000
0,0,5.6,16500000
0,0,14.2,35000000
0,10,14.2,42500000
0,5,8,27000000
1,1,4.4,6500000
6,5,1,47500000
0,5,10.9,36000000
6,6,1,56500000
6,6,1.3,78500000
6,5,5,9000000
5,5,1,66500000
0,0,4,34000000
0,0,5,37500000
6,6,1,55000000
5,5,1,45000000
5,5,16,38000000
0,0,7.6,37400000
2,2,4,7000000
6,5,1,47500000
2,2,7.1,21000000
3,2,5,6900000
5,2,5,8000000
2,2,5,3500000
3,2,7,11000000
6,6,12,18000000
3,3,15.6,27000000
3,3,9.8,36500000
8,6,12,23000000
3,4,6,13000000
1,1,2.2,4900000
5,4,6,13500000
3,3,12,65000
3,3,10,55000
6,5,7,50000
3,3,1,160000
3,3,1,65000
6,6,2,275000
4,4,16,250000
5,5,1,300000
4,3,11.1,85000
5,5,1.3,350000
10,10,2,650000
3,3,8,25000
2,2,3.6,18000
5,4,15.6,45000
1,1,4,85000
2,2,8,60000
7,7,1.3,500000
3,3,2,120000
5,5,1,100000
5,5,1,220000
2,2,3.6,16000
10,10,12,85000
3,3,1.2,170000
7,6,2,500000
1,1,1.4,16000
4,3,1,40000
0,0,5,6500000
0,0,5,10000000
0,0,5,10000000
0,0,5,10000000
0,0,5,10000000
0,0,5,10000000
0,0,5,10000000
0,0,5,10000000
0,0,5,10000000
0,0,5,10000000
0,0,5,10000000
0,4,5,14000000
4,3,5,8100000
4,4,5,6500000
6,4,3,6000000
6,5,5,12500000
0,1,3.6,7500000
0,6,12,24000000
0,6,12,25000000
0,6,12,25000000
0,6,12,25000000
0,6,12,22000000
0,6,12,22000000
0,4,13,23000000
3,3,10,12500000
5,5,10,24000000
5,3,11,23500000
0,4,13,23000000
0,6,16,25000000
5,5,10,25000000
6,7,13,28000000
6,5,10,26000000
6,5,1,47500000
6,6,15,25000000
5,5,1,36000000
7,6,13,29000000
6,7,5,10000000
4,4,7,13500000
3,10,5.6,7500000
2,2,3.4,2500000
6,5,1.2,43000000
0,0,5,35000
0,0,10,25000
0,0,5,16500
0,0,5,13000
0,0,5,18000
0,0,10,35000
0,0,6,16500
0,0,8.5,25000
0,0,4.5,15000
0,0,12,25000
0,0,10,25000
0,0,1.5,12000
0,0,5,35000
0,0,7.5,30000
0,0,7,10000
0,0,2,25000
0,0,1.1,14000
0,0,7.5,16000
0,0,7.5,26000
0,0,5,30000
0,0,5,35000
1,1,1.8,18500
10,11,6,900000
1,1,12,60000
3,3,7,26000
3,4,5,25000
5,4,5,35000
2,2,3.7,11000000
4,3,8,9100000
2,2,5,3300000
5,5,10,23000000
8,7,4,365000000
4,5,1,36500000
6,5,1,55000000
4,4,12,32500000
3,3,5,12500000
10,10,2.2,120000000
7,6,1,56000000
3,4,5,12000000
2,2,1.1,35000000
6,5,9.5,25000000
2,1,3,3500000
6,5,1.2,55000000
4,4,11,21500000
4,4,5,9500000
4,7,10,32500000
6,5,1,37000000
6,6,1,35000000
0,3,3,5700000
6,5,1,45000000
4,4,1,83000000
0,0,2.2,3900000
0,0,1,19500000
0,0,1.6,2300000
6,5,10,22000000
0,0,3.5,3500000
5,5,13,30000000
5,4,1,22500000
6,5,10,21000000
6,5,10,22000000
6,5,10,23500000
6,5,10,38000000
5,4,10,35000000
6,5,10,24000000
6,5,10,19500000
4,3,7,26000000
6,5,10,20500000
6,5,10,20500000
5,4,8,18200000
4,3,17,75000000
5,4,8,18000000
6,5,10,30000000
3,3,8,14500000
6,5,2,35000000
3,3,5,18000000
7,5,12,22500000
6,5,1,45000000
6,5,10,31000000
0,0,10,27000000
7,5,1,30000000
6,5,1,44000000
3,3,10,20000000
4,3,10,17500000
4,6,5,13000000
2,2,3.8,20000
0,6,1.3,200000
0,2,4.2,36000
3,4,8.4,30000
2,2,3.2,12000
2,2,4.9,65000
4,4,12,65000
4,4,12,65000
4,4,16,80000
4,3,8,70000
1,2,2,12000
3,3,1,130000
3,3,7.1,65000
0,1,0.4,18000
2,2,4.2,18000
3,3,10,35000
3,3,10,30000
4,3,8.9,75000
5,5,1,210000
3,3,1,120000
1,1,2.2,32000
3,3,10,60000
3,3,10,60000
3,3,1,95000
3,3,6.2,55000
3,3,10.6,65000
4,3,8,85000
0,0,2.4,12000
2,2,4.7,27000
4,3,8.9,90000
3,3,4,25000
3,3,7.6,40000
4,3,8.9,120000
4,3,8.9,90000
2,2,5.3,45000
0,0,9.6,14500000
3,3,3.2,4300000
3,3,3.2,4300000
3,3,3.2,4300000
3,3,6,6500000
2,2,4,4500000
2,2,4,5000000
2,2,3.1,5000000
2,2,3.1,4000000
2,3,3.6,3800000
0,11,2,240000000
0,6,1.3,180000000
0,6,1,115000000
3,5,4.8,14500000
6,5,1.2,120000000
6,6,4.8,18000000
6,7,10,50000000
0,2,2.6,2000000
0,5,5.6,4500000
0,0,3.8,3200000
4,5,1,70000000
2,2,4.2,11900000
7,10,4.8,13000000
3,3,6.4,13500000
3,4,4.8,7500000
3,3,8,13200000
3,3,5.6,8600000
2,2,3.6,4800000
4,4,2.2,7500000
2,2,2.9,5800000
3,3,10,25000000
3,3,12.9,15500000
3,3,8.4,8500000
5,4,7,15000000
5,4,6,13500000
5,5,1,45000000
7,7,1,50000000
7,7,1,50000000
5,5,1,50000000
5,5,1,51500000
5,5,1,50000000
5,5,1,70000000
5,5,16,38000000
5,5,1,55000000
6,6,1,45000000
5,5,1,55000000
5,5,1,47500000
5,5,1,42500000
6,6,1,37500000
5,5,16,40000000
7,7,1.6,80000000
8,7,14.2,42500000
2,2,2.8,3800000
4,4,8,22500000
2,2,7.6,15000000
2,2,7.3,10900000
3,3,9.6,22500000
2,2,7.1,15500000
7,7,1,51000000
7,7,1,46500000
0,2,5,5500000
2,2,4.7,7000000
2,2,3.6,3800000
0,0,2.5,2200000
0,2,5.3,8872000
3,3,6.7,14500000
3,3,23,185000000
7,6,1.3,32500000
0,0,5,7000000
6,8,5,9500000
6,7,3.5,150000000
0,0,4.4,5000000
6,5,10,15000000
6,6,1.3,85000000
3,3,10.2,12500000
0,0,4,4465000
3,3,19.5,150000
1,1,2.4,40000
0,4,4.4,45000
3,2,7,22000
2,2,7,22000
3,2,7,23000
3,3,7,20000
0,2,6,19000
0,3,12,35000
0,3,12,32000
0,3,12,30000
0,4,1,40000
3,3,9.3,170000
1,1,1.5,9000
2,2,1,150000
2,2,5,22000
7,7,1,120000
3,3,12,70000
7,7,1,200000
2,2,4.9,65000
2,2,3.6,16000
2,2,5,20000
1,1,0.7,10000
2,2,4,15000
2,3,10,38000
6,6,13,170000
2,2,9.3,45000
4,3,1,40000
3,3,10,35000
4,5,9,95000
5,4,1,30000
9,8,1,230000
3,4,16,60000
5,4,10,15900000
3,3,3,4800000
4,3,3,3500000
0,0,3.5,8500000
2,3,6,5100000
0,0,5,9100000
0,0,3,7000000
0,0,6,14000000
0,0,5,7500000
6,5,11,17500000
3,3,2.5,3400000
3,3,2.5,3300000
2,3,7,4800000
5,4,7,16000000
2,3,3,3000000
2,2,6,3200000
7,5,10,19000000
4,4,6,9000000
4,5,7,15000000
5,4,7,14500000
5,5,7,15000000
4,3,10,12500000
5,5,10,23000000
4,3,5,10000000
0,0,7,36000
0,0,10,60000
0,0,10,58000
0,0,5,35000
0,0,5,38000
0,0,5,25000
0,0,7,45000
0,0,7,48000
0,0,7,34000
0,0,10,55000
0,0,10,58000
0,0,5,35000
2,2,5,20000
6,6,1,90000
3,3,10,29000
2,2,10,75000
2,3,5,18000
3,3,1,42000
2,2,3,50000
2,2,2,40000
4,3,8,12000000
6,5,17,40500000
7,6,2,90000000
2,2,2,3000000
6,5,1,50000000
4,3,5,12900000
6,5,1,47500000
4,3,5,12500000
4,3,5,11500000
6,6,14,36000000
6,5,10.7,25000000
5,4,5,6500000
3,5,5,13000000
4,6,4,5300000
5,4,10,22300000
2,2,3,3200000
4,3,5,11500000
2,4,6,7500000
4,4,2.5,4300000
6,5,10,17500000
6,5,1,30000000
3,3,1,32500000
5,3,3.5,9000000
4,3,5,16000000
4,3,3.5,7500000
0,0,8,145000000
2,6,3.5,8500000
3,3,5,6200000
6,5,1,43500000
2,4,3,3500000
3,3,3,6500000
2,2,2,5500000
0,6,1,36000000
3,5,2,6000000
0,0,12,33500000
3,4,10,22000000
7,5,6,13000000
8,6,12,32500000
4,5,10,23000000
3,2,3,5500000
7,7,2,72000000
2,2,2,3000000
5,5,10,25000000
4,4,10,26000000
0,0,10,21000000
6,5,1,50000000
6,5,1,34000000
4,4,3.5,6800000
2,2,5,10200000
6,5,10,20500000
5,4,5,9000000
4,4,3,7200000
0,0,3,5100000
6,5,10,19500000
6,6,11,24500000
3,4,2.7,3500000
1,1,4,18000000
3,3,5,10500000
4,4,5,8500000
7,6,5,14000000
2,2,3,2290000
6,5,1,41500000
5,4,10,22500000
4,3,5,11500000
4,3,10,20500000
0,0,4,120000000
1,1,1.2,1800000
1,2,5,3500000
4,4,12,32000000
2,3,3,3900000
2,2,3.8,3500000
2,2,4,6500000
4,5,4.8,9600000
3,3,9.6,31500000
2,2,3.5,4400000
3,3,5.8,10000000
3,3,4.8,8800000
0,0,4.3,6200000
6,5,16,37500000
5,10,6.2,20000000
4,5,4.8,9600000
3,3,6.2,9500000
5,4,8.9,18800000
2,2,4.1,3000000
2,2,4.4,8800000
3,3,7.1,12800000
10,8,1,130000000
2,2,3.1,3650000
3,3,7.3,12000000
2,2,2.7,3500000
3,3,9.6,29000000
4,4,4.8,17000000
6,6,8.9,39000000
0,0,12,50000000
4,3,7.1,23000000
4,4,16,30000000
4,4,16,41000000
6,8,9.6,35000000
0,0,16.9,50000000
4,6,9.8,30000000
2,4,3.6,7000000
0,6,4.8,9500000
3,3,7,10000000
2,2,4.1,6000000
2,2,3.2,5200000
4,3,4,45000000
2,2,3.1,3200000
7,6,1.2,140000000
3,3,14.7,180000
5,4,4,115000
2,2,4.2,40000
8,7,1.2,600000
3,3,7.8,75000
3,3,5.3,60000
4,4,12,178000
2,2,4.7,30000
8,8,2,800000
4,4,16,75000
3,3,10.7,60000
3,3,7.1,50000
3,4,16,60000
2,2,2.2,40000
3,3,16,60000
3,3,9.8,35000
2,2,12,75000
2,2,1,140000
5,5,1,280000
2,2,4,22000
5,5,1,225000
3,2,4.8,25000
3,3,5.3,70000
3,3,1,110000
2,3,15.2,125000
2,2,4,30000
3,3,9.6,52000
3,3,5.2,9500000
3,3,6.2,16000000
6,6,1,105000000
3,3,4.8,52500000
6,6,8,690000000
2,2,4.4,5300000
6,6,1.2,93000000
6,4,4.9,19500000
3,3,4.8,6000000
3,3,5.8,5000000
3,3,6.2,9500000
3,3,8,12500000
2,2,4,3500000
6,6,16,29500000
6,6,16,65000000
3,3,8,20000000
2,2,3.3,3650000
5,4,4,19000000
0,0,9.3,45000000
6,5,1,65000000
5,5,8,27000000
6,5,10.1,43000000
2,2,3.5,2200000
1,1,1.9,1900000
0,6,12,26000000
3,3,5,4500000
2,0,3,5000000
3,3,6,19000000
2,2,3.3,4800000
6,6,12,55000000
4,4,7,15000000
0,0,5,2000000
3,3,6,5500000
3,3,13,19000000
6,6,12.4,20000000
10,10,1.3,150000000
5,5,8,29500000
3,3,10,8500000
4,4,4.5,8200000
5,4,5,8000000
4,4,8,22500000
4,4,5,17500000
3,4,6,11500000
4,3,10,45000
2,2,5,22000
0,4,15,50000
2,2,4.4,35000
3,3,6.7,45000
6,6,1,140000
6,6,13,170000
4,3,10.7,28000
4,4,1,230000
2,2,5,20000
2,2,4,45000
2,2,4,30000
3,3,1,90000
2,2,9.3,60000
2,2,3.8,28000
0,0,10,36000
3,3,15.1,70000
2,2,2.9,12000
2,2,7,37000
5,4,4,450000
3,2,5,16000
0,0,3,130000
1,0,1.6,10000
3,3,5,45000
0,0,10,30000
3,3,10,25000
3,3,12,40000
0,0,1,42000
4,3,1,35000
1,1,7,25000
4,3,10.5,20000000
4,7,10,5000000
5,4,15,40000000
3,3,5,8000000
5,4,10,15000000
5,6,10,17500000
5,4,5,8000000
3,3,5,5000000
6,6,3.3,7800000
4,10,6,25000000
5,6,6,9000000
6,5,5,12000000
2,2,7.2,18000000
0,0,12,17500000
4,4,5,9500000
4,3,10,26000000
2,2,4.5,4200000
6,7,10,17500000
5,5,7,15500000
6,9,7,31000000
3,3,5,6000000
6,6,11,26000000
5,4,5,7000000
6,5,10,19500000
6,9,9.5,25000000
4,4,5,9000000
6,5,5.3,11500000
6,5,10,19500000
6,6,10,23500000
6,5,10,18000000
6,5,10,25000000
8,11,2.4,32000000
5,5,10,15500000
3,3,3,2800000
5,5,7,14500000
3,5,3.2,8200000
0,0,2.5,4500000
0,0,5,32000
0,0,5,25000
0,0,5,35000
0,0,10,58000
0,0,5,23000
0,0,5.5,45000
0,0,3,22000
0,0,5,38000
0,0,5,35000
0,0,5,17000
5,5,10,35000
5,4,7,60000
2,2,4,20000
0,0,10,50000
3,3,5,18000
3,3,1,45000
2,2,8,80000
2,2,8,80000
2,2,7,24000
4,3,1,45000
8,6,1,85000
3,2,5.5,23000
2,2,3,5500000
2,2,5,4000000
4,4,1,35000000
6,6,1,38000000
6,5,10,37000000
4,3,4,14800000
4,3,4,13800000
7,5,10,16500000
5,4,12,20000000
6,5,1,52500000
8,7,1,35000000
1,1,2,2500000
0,5,1,33000000
2,2,5,6000000
3,3,3.2,7500000
0,7,1,33000000
5,4,10,18000000
3,3,3,7000000
7,5,10,18500000
6,5,1,60000000
5,4,10,28500000
3,3,3,7000000
4,4,10,23000000
7,5,10,16000000
7,5,10,21000000
7,7,1,37500000
1,2,2.8,1950000
7,5,1,30900000
6,5,5,20000000
6,4,10,32000000
5,5,2.1,70000000
5,4,10,21500000
4,4,10,23500000
8,8,2,80000000
4,3,5,21500000
4,4,5,12500000
4,3,5,10700000
5,5,10,20800000
3,3,10,14500000
3,2,2,3500000
4,4,2,4600000
6,4,5,7500000
2,2,2,3800000
4,4,5,9000000
5,5,1,35000000
0,0,4,2700000
4,3,5,11000000
5,4,5,8500000
2,2,1.7,1800000
1,2,2.1,3600000
1,4,5,14000000
5,9,6.2,20000000
0,0,3,5700000
2,6,3.5,8500000
6,5,10,20000000
1,1,1.2,2000000
4,3,5,11000000
5,4,10,34000000
5,3,5,8500000
4,3,5,16500000
3,3,3,5500000
4,4,5,10000000
0,0,4,8500000
3,3,3,7200000
3,3,2,5500000
3,3,5,12500000
3,3,3,9000000
3,3,3,8600000
5,5,17,42000000
6,5,1,42500000
6,5,1,41000000
6,5,17,57500000
6,5,2,130000000
6,5,1,41000000
4,3,5,10200000
5,5,5,16000000
0,3,8,11500000
3,2,10,13000000
4,4,3.5,12000000
5,5,1.6,100000000
5,5,2,125000000
3,2,3.3,5000000
4,3,12.2,46500000
3,3,4.8,23000000
3,3,6,7200000
2,2,4.9,7000000
5,4,8,16500000
2,2,4.4,9000000
0,0,4.8,7000000
2,2,4.2,14000000
3,3,5.8,8500000
3,3,6.4,9500000
2,2,4.8,4200000
2,4,5.3,7800000
2,2,4.8,8200000
2,2,3.1,4900000
4,3,10,23800000
2,2,3.3,3800000
4,4,16.7,75000000
3,3,14.5,67500000
6,6,16,37000000
5,5,14,110000000
4,3,9.8,27500000
7,5,6.4,34500000
3,3,8.7,11500000
2,2,4.6,6500000
2,5,3.2,7000000
2,2,3.6,5000000
0,0,3.4,4700000
2,2,3.3,5500000
3,3,6,4700000
4,4,8,20000000
4,4,4.8,3700000
4,5,2.4,5000000
3,4,6,6200000
2,6,4.8,10000000
3,3,1,70500000
3,3,1.2,65000000
4,4,4.8,19000000
5,3,9.6,16600000
6,6,8,14500000
3,4,8,16000000
7,6,9.6,23500000
0,7,8.4,22000000
7,7,8,16500000
4,3,8,15500000
3,3,6,9000000
3,2,5.2,9500000
5,5,4.8,30000000
3,4,10,52000000
3,3,5.8,6500000
2,2,3.8,5200000
5,5,1,96000000
1,2,3.2,2500000
2,2,3.6,5500000
2,2,2.7,4500000
0,0,6,10500000
3,3,8,19700000
3,6,9.6,8000000
4,4,5.5,6600000
3,3,3.2,3500000
2,2,5.6,6800000
3,3,5.6,13500000
2,2,3.8,3700000
2,2,4.4,6000000
3,3,6.2,11000000
4,4,2.4,10000000
1,4,4.8,5800000
3,3,6.9,26500000
3,6,3.2,7500000
4,3,10,32500000
0,3,11.4,31000000
6,10,4,17000000
4,4,4.8,150000
3,3,6.7,45000
3,3,12,110000
3,3,7.3,75000
4,4,8.9,110000
2,2,4.4,36000
3,3,6.2,35000
3,2,4.7,27000
4,3,8,32000
2,3,6.2,28000
6,8,1.2,195000
4,4,16,80000
2,2,4.8,30000
3,3,4.8,26000
2,2,5.1,40000
3,3,9.6,32000
3,4,18,40000
4,4,16,55000
0,0,5,22000
3,3,8,45000
3,3,1,60000
3,3,7.6,70000
2,2,5.3,32000
3,3,9.6,50000
3,3,12,35000
3,3,9.6,45000
2,2,13.3,18000
3,5,3.2,11000000
4,4,4.8,19000000
6,6,16,56000000
2,2,4.4,9000000
4,4,4,39500000
2,2,5.8,9000000
3,3,9.6,16500000
2,2,4.2,5500000
2,3,3.5,3600000
0,0,14.2,38500000
3,3,8,23000000
6,6,1.3,150000000
3,3,5,16000000
6,6,14.2,25000000
4,5,4.4,13500000
2,2,4,4750000
2,3,7,17000000
2,2,4,5250000
6,7,5,9000000
6,5,10,15000000
8,8,4,250000000
2,2,5.6,10000000
9,7,12,22000000
7,6,10,18000000
2,2,5.1,4250000
5,5,5.6,6900000
4,4,16.6,20000000
2,2,3.6,3000000
3,3,9.3,12500000
4,6,7,16000000
1,1,3.1,2800000
6,6,16,48000000
4,4,6,58500000
7,7,2,70000000
4,3,13.1,12000000
1,2,2.5,3200000
8,7,1,42500000
7,6,4.5,12500000
7,6,4.5,12500000
5,5,6,27500000
5,5,1,47500000
2,2,5,3100000
5,5,5,9550000
0,4,1.1,250000
0,2,1.3,80000
0,5,1,300000
0,6,1.1,500000
0,4,1.2,280000
0,5,1.2,350000
0,5,2,350000
0,6,2.4,400000
0,5,1.3,400000
3,2,7.8,55000
3,3,1,85000
0,0,12,52000
0,10,1,500000
2,2,5,14000
6,6,8,110000
3,3,1,45000
2,2,4.4,35000
3,3,5.6,40000
3,3,10,140000
3,3,1,85000
4,3,1,50000
4,3,12.3,280000
1,2,4.4,45000
3,3,10.7,50000
5,4,5,45000
4,3,11,50000
2,2,4,30000
2,2,4,23000
1,1,3,12000
2,2,3.1,24000
4,3,1,45000
4,4,10,70000
3,3,1,75000
0,0,4.5,80000
2,2,2.4,15000
4,3,1.2,90000
6,5,10,95000
6,5,10,95000
6,5,10,95000
5,4,1.8,375000
4,3,3.3,6000000
3,0,6,12000000
3,2,12.4,21000000
6,5,10,28000000
5,5,4,7000000
6,5,7,15500000
5,5,5,9000000
6,6,10.5,26500000
4,4,8,13000000
4,4,8,13000000
3,3,7,14000000
5,5,7,14800000
0,4,6,14500000
6,6,1,26000000
2,2,5,6200000
6,6,10,20000000
2,3,4.5,3500000
2,2,4.5,8000000
6,6,3.5,7000000
4,4,5,8000000
0,0,5.5,10500000
3,2,5,4500000
3,4,3,3500000
3,2,5,23000
3,2,5,21000
1,2,5,20000
3,3,5,30000
0,0,5,35000
0,0,0.9,12000
0,0,0.9,12000
0,0,0.1,15000
0,0,0.9,13000
0,0,0.8,10000
0,0,0.9,12000
0,0,10,55000
0,0,5,35000
0,0,12,55000
3,3,7,23000
2,2,15,23000
3,3,1.2,40000
2,2,5,22000
3,3,1,50000
3,3,8,19000
2,2,5,22000
2,2,10,26000
5,5,1,70000
4,4,5,25000
5,5,7,55000
6,5,1,32500000
2,3,2.5,3600000
3,3,10,8500000
5,4,1,38000000
4,4,4,170000000
2,2,3.5,4100000
5,5,1,56500000
7,7,12,35000000
5,4,7,14500000
0,0,5,11500000
6,5,1,59900000
4,4,5,12000000
6,5,5,13500000
5,3,5,9800000
7,5,10,16800000
7,5,10,16800000
6,4,12,24500000
7,6,10,22500000
3,3,10,15000000
3,3,3,4490000
6,5,1,40000000
5,5,5,12900000
5,5,1,45000000
4,4,5,18000000
2,3,5,7200000
5,5,1,38000000
3,4,10,7000000
5,5,1,85000000
7,6,2,160000000
6,5,1,45000000
3,3,3,6750000
4,4,10,22000000
6,5,10,25000000
5,4,4.5,11500000
2,2,3,2290000
4,3,7,20800000
5,4,10,31000000
6,5,2,80000000
10,10,4,160000000
2,2,4,8500000
5,8,12,43000000
4,3,5,14000000
0,0,1,68500000
4,4,10,16000000
7,5,1,52500000
4,3,5,6200000
7,5,1,42500000
7,5,1,42500000
5,6,1,55000000
4,4,4,6000000
6,7,1,39000000
8,6,1,50000000
1,1,2.9,3000000
2,2,4.2,4500000
7,5,10,16000000
1,0,1.7,2813000
4,3,5,13500000
4,4,12,60000000
4,4,4.8,50000000
6,6,4.8,15000000
6,5,1,67000000
3,3,8,6800000
6,6,1.2,180000000
2,2,3.3,3500000
3,3,7.8,25000000
3,3,7.8,25000000
4,3,8,16000000
4,4,4,41500000
4,3,8,16000000
0,2,4.6,7500000
2,2,4,4500000
3,3,12,56000000
4,4,12,65000000
4,4,8,9500000
4,4,10,52000000
2,2,4.4,7000000
0,3,7.8,8500000
2,2,2.9,5700000
3,3,2.9,3000000
2,2,4.9,6500000
3,3,12,15000000
9,8,9.6,25000000
8,8,9.3,45000000
3,3,4.8,8000000
5,5,12,120000000
2,2,2.4,4000000
3,3,5,16500000
2,2,6,10000000
2,2,2,5700000
3,3,12,40000000
0,0,4.8,14000000
5,5,16,41500000
2,4,9.6,12500000
4,4,6.4,11000000
7,6,1,165000000
7,6,1,155000000
7,6,1,120000000
4,4,4,42000000
3,2,3.6,5800000
3,3,2.4,3200000
5,4,1.8,13000000
3,3,4.4,6500000
2,2,4.4,7200000
0,0,7.6,18000000
3,3,8.8,12500000
0,0,4,4499000
6,6,1,110000000
4,4,4.8,9000000
5,4,8.9,16000000
2,2,3.1,4600000
2,2,3.6,4200000
3,3,5.6,9500000
4,4,9.6,16000000
3,3,5.6,10000000
3,3,5.6,9500000
6,6,8,30000000
3,3,9.6,15000000
3,3,9.6,16000000
4,4,9.6,16000000
3,3,5.6,10000000
3,3,5.6,9500000
3,3,5.6,9500000
4,4,12,20000000
4,4,12,20000000
6,6,12,40000000
3,3,12,13500000
4,4,4.8,3700000
8,6,1.6,65000000
8,6,16,37500000
2,2,3.6,4200000
0,0,3.8,4500000
2,4,2.4,7000000
4,4,6,22500000
2,2,2.3,4200000
3,3,5.4,8500000
3,3,5.4,8500000
3,3,8,11800000
3,3,8,17500000
3,3,6.1,13500000
2,2,4.2,5500000
2,2,10,10500000
3,3,8,90000
3,3,6.7,65000
3,3,4.8,25000
3,3,7.1,35000
4,4,1,130000
2,2,3.1,23000
4,3,1,100000
2,2,4.4,45000
3,3,16,135000
3,3,6.7,25000
6,6,1,260000
3,3,1,230000
4,3,1,100000
3,3,4.4,60000
2,2,4.4,45000
3,3,1,70000
3,4,6.4,35000
8,6,2,525000
6,5,1.6,103000000
1,2,2,1235000
0,0,9.6,35000000
0,6,9.6,35000000
2,2,7.6,7200000
3,3,6.7,6500000
4,4,1.3,95000000
4,4,10,8500000
1,1,1.6,1750000
5,5,4.4,18000000
2,2,1,11000000
5,3,168,300000000
3,3,5.1,4700000
0,0,1.3,179000000
5,5,10.9,35000000
5,6,1.2,76500000
10,9,14.2,60000000
9,9,14.2,60000000
6,5,1,47000000
2,2,3.3,3200000
6,5,6.7,25000000
4,6,8,11500000
0,0,2,2000000
6,8,2,37500000
4,4,4,15500000
0,0,5,5000000
4,4,7,26000000
0,0,10,62500000
2,2,3.1,4500000
8,6,4,13300000
4,3,11.8,19000000
3,2,4,16000
3,3,1,40000
0,0,6.7,55000
2,2,4.4,28000
3,3,10,35000
3,3,9.3,165000
1,1,2.7,55000
0,0,6.3,27000
3,2,4.9,20000
2,2,4.4,26000
4,3,10.9,45000
0,0,1,145000
3,3,6.2,40000
4,3,13.9,65000
2,2,6,22000
3,2,4.9,20000
1,1,4.3,20000
1,1,2.7,12000
6,6,1.1,250000
1,2,3.1,28000
1,2,3.1,24000
1,2,3.1,27000
2,2,3.1,20000
2,5,12,75000
1,1,5,7000
4,3,3,6000000
5,5,11,27500000
2,2,4,5000000
3,2,8,8300000
4,4,4.5,6000000
2,2,5,12500000
6,6,10,20500000
2,2,4,15000000
6,5,1,45000000
2,2,6,5500000
6,5,1.2,45000000
6,5,1,55000000
3,4,10,8900000
3,2,6,5000000
0,0,6.1,22500000
3,3,7,7800000
6,6,5,12500000
9,0,1,16000000
4,4,3,5600000
3,2,10,37000
1,2,2.9,25000
3,2,10,27000
3,3,8,38000
3,3,14,36000
6,5,10,70000
4,4,10,45000
4,3,10,30000
0,0,6,45000
3,3,10,40000
5,3,12,65000
6,4,5,9500000
4,3,5,10800000
6,4,5,9500000
6,4,5,9500000
4,3,3,9500000
4,4,5,8500000
4,4,5,9500000
4,3,3,5500000
4,3,5,8500000
4,3,5,9000000
4,3,4,7000000
4,3,3,5500000
4,3,3,7000000
4,3,3,5500000
4,3,4,7000000
4,3,3,5500000
4,3,3,5500000
4,3,4,6500000
2,1,3,3600000
2,1,4,4200000
4,3,3,5500000
4,3,3,5500000
4,3,3,5500000
4,3,3,5500000
4,4,5,8500000
2,2,2,3500000
2,2,2,3500000
3,3,5,9000000
3,3,5,9000000
5,5,7,9000000
5,5,2,132500000
4,3,5,11700000
0,0,4,69000000
4,3,5,17500000
5,5,1,70000000
4,4,5,14500000
7,5,1,52500000
3,3,3.5,5700000
0,5,10,27000000
0,0,5,20000000
5,5,5,10000000
4,4,5,14500000
2,3,3,7200000
0,3,2,27500000
4,4,15,18000000
6,4,10,13500000
4,6,6,11000000
4,3,5,9500000
4,3,10,13000000
4,3,10,14500000
6,5,1,43000000
6,5,1,43000000
0,0,5,15000000
6,5,1,42500000
6,4,17,37000000
7,5,17,40000000
7,5,10,23000000
4,4,5,14500000
6,5,1,40000000
4,3,5,12000000
1,2,2.4,4000000
4,4,4,7500000
0,0,9.6,42500000
0,0,4.8,19500000
0,0,3.2,11000000
0,0,9.6,31000000
0,0,9.6,30000000
0,0,9.6,30000000
0,6,16,47500000
0,6,16,55000000
0,6,9.6,32500000
3,3,8.9,33500000
0,0,4.8,12500000
3,3,9.3,16500000
10,8,1.3,159900000
0,6,1,77500000
0,5,1,75000000
0,3,4.8,20000000
0,0,1.2,72500000
0,8,1.1,72500000
0,8,1,90000000
6,6,8,38000000
4,4,16,26000000
0,5,1,120000000
0,5,12,72500000
0,7,2,145000000
0,5,1,85000000
2,2,5.3,10000000
3,3,9.6,15000000
3,3,8,15000000
3,3,10,10200000
6,6,2,265000000
3,3,8,10000000
2,2,3.8,5500000
3,3,4.8,13000000
6,6,16,46000000
3,3,8.9,13000000
3,3,8,18000000
4,4,9.6,30000000
4,3,7.8,25000000
0,2,4.8,12500000
0,6,6.4,20000000
0,4,6.8,16500000
0,4,8,26500000
0,2,2.4,10000000
0,4,4.8,13000000
4,4,16,20000000
7,6,8,24500000
3,3,9.4,10000000
4,3,14.2,54000000
3,3,9.4,9500000
6,6,8,26000000
6,5,19.6,125000000
6,6,2,220000000
4,3,10.7,19000000
6,5,15.6,120000000
2,3,9.6,12500000
3,3,7.6,17500000
3,2,4.2,12500000
0,2,4.9,9500000
2,2,6.4,4000000
3,3,8.9,14000000
4,3,4.9,13000000
6,5,1,100000000
0,0,1,107500000
3,3,4,5500000
3,3,4.9,13000000
3,3,5,12000000
2,2,4.8,6000000
4,4,2.4,8500000
0,3,3.2,4500000
3,2,4.8,9800000
0,0,2.4,1600000
5,5,19.6,125000000
2,3,4.7,6000000
2,2,4,9300000
3,3,8,20000000
3,3,11.6,25000000
2,2,3.8,6200000
0,2,2.7,8000000
2,2,4,4200000
3,3,7.6,8800000
0,0,4.3,428000000
7,7,1.1,25000000
2,2,4.4,5200000
2,3,7,7000000
6,6,9.6,30800000
3,3,9.6,12500000
3,3,4.8,7800000
3,3,4.8,9500000
3,3,14.7,28500000
0,0,12,50000000
4,4,4.8,17000000
6,6,8.9,39000000
3,3,9.6,29000000
0,0,16,41500000
0,0,9.6,40000000
4,4,4.8,24000000
6,6,8.9,40000000
6,6,12,45000000
2,2,4.8,7500000
4,4,16.6,51500000
2,2,4.7,9500000
2,1,3.2,2600000
2,2,4,8800000
2,2,2.7,4000000
3,3,4,32500000
3,3,8,30000000
3,3,8.9,50000
4,4,12,180000
3,3,8,90000
3,3,7.6,45000
3,3,8,95000
6,5,1,250000
0,3,16,50000
6,5,1,450000
2,2,4.8,30000
4,3,1,110000
4,3,1.6,160000
6,6,1,275000
6,5,1,250000
6,6,1,400000
5,4,1,250000
4,4,12,175000
5,4,2,350000
1,1,4,4950000
0,0,2,240000000
6,5,10,13500000
2,1,3,4000000
8,6,14.2,35000000
8,8,1.3,74500000
0,0,5.1,4000000
4,3,18.7,33000000
4,4,5,10000000
5,4,1,45000000
0,0,10,18500000
3,2,4.9,5200000
6,6,10.9,10700000
8,6,8,13000000
8,6,8,13000000
3,2,5,6700000
1,1,2.1,4080000
6,6,7,12000000
3,2,5,5500000
0,0,4,4500000
3,2,5,5500000
3,2,5,5200000
2,3,6,6000000
5,7,6,7500000
5,7,6,7500000
1,1,3,7000000
2,3,3,3100000
0,0,2.1,2800000
1,2,3.1,5000000
4,4,4,16000000
2,2,3.1,5300000
6,5,1,44000000
1,2,3.1,5500000
3,3,11.1,12500000
5,5,8,31000000
2,2,6,35000
5,5,1.3,400000
3,3,1,37000
2,2,8,35000
2,2,8,22000
4,4,10,40000
3,3,12,55000
8,7,1,100000
2,2,3.6,45000
6,6,1,120000
6,6,5,50000
6,6,5,50000
6,6,10,80000
7,7,1,198000
2,2,4,55000
3,3,2.7,120000
2,2,7,22000
3,2,7,23000
0,3,7,20000
0,2,6,19000
0,3,12,35000
0,3,12,32000
0,3,12,30000
5,4,1,40000
3,3,1.3,90000
4,4,1.3,100000
5,4,10,45000
6,5,11,85000
4,3,1,45000
6,5,1,200000
3,3,1,75000
3,3,1,90000
4,4,10.7,125000
3,3,12.4,70000
4,4,1.2,100000
3,3,1,65000
3,3,1,95000
4,4,1.2,72000
3,3,1,100000
0,0,14,12000
5,5,1,190000
3,3,1,75000
0,4,6,11200000
0,3,2.8,4800000
6,5,8,18000000
3,3,4,2950000
5,4,10,20000000
7,6,1,37500000
4,3,5,14000000
7,5,1.5,85000000
6,5,1.6,195000000
9,5,1,50000000
4,3,5,21000000
1,2,3,5500000
0,0,3,5400000
2,2,5,3450000
5,5,13,15000000
4,4,11,17500000
5,5,11,13500000
5,5,1.1,23000000
6,5,10,21500000
4,4,7,10000000
4,4,8,11500000
2,2,4,4800000
4,5,7,16000000
1,1,1.3,1700000
4,4,14,26000000
6,5,10,25000000
5,4,10,14000000
4,3,1,12500000
2,2,4.4,6200000
0,0,5,3200000
6,6,1.2,70000000
2,2,90,100000000
5,5,5,6000000
5,5,7,15000000
0,0,1.5,12000
3,3,5,30000
1,2,2.9,25000
0,1,1.3,12000
4,4,10,55000
2,2,3,22000
3,3,10,35000
3,3,7,35000
6,5,12,72000
5,4,4,5500000
4,4,10,19000000
5,4,10,36000000
6,8,4.5,20000000
9,9,1.5,75000000
4,4,3,3600000
3,5,6,8000000
5,4,5,11000000
7,6,12,30000000
4,3,5.3,12700000
4,4,2,67500000
4,3,5,10800000
5,5,1,40000000
5,4,11,17500000
3,3,3,8500000
3,3,2.5,7200000
5,4,5,10500000
5,4,1,40000000
0,7,1,30000000
3,3,10,22500000
1,2,5,6300000
6,5,1,52500000
0,4,11,18000000
6,5,5,9600000
5,4,5,10900000
6,5,5,9800000
5,4,5,9700000
3,2,3,3950000
6,5,5,16000000
0,6,2,87500000
3,3,5,15000000
2,4,5,14500000
5,5,6,11000000
0,0,2.5,4250000
3,4,5,12500000
0,5,10,20700000
5,4,10,30000000
5,4,6,15000000
0,0,1,20000000
0,4,10,21000000
0,3,3,7500000
0,6,9,20000000
0,3,2.5,3800000
0,3,2.5,5500000
0,7,6,15000000
0,3,6,14000000
0,4,5,10000000
4,4,1,35000000
3,3,2,4500000
4,3,3,6499000
4,3,5,19500000
6,5,1,73000000
9,9,1,50000000
6,5,7.5,20000000
6,6,2,140000000
5,4,7,21500000
6,5,1,56000000
2,2,3.3,5800000
0,3,10.2,28500000
3,3,10.2,28500000
0,0,3.3,2500000
2,2,2.7,4200000
2,5,6.6,5500000
4,3,8,12700000
3,3,8,13500000
3,3,8,17200000
3,3,8,13400000
2,2,2.2,3000000
3,3,3.8,5200000
3,3,3.6,3500000
5,4,10.2,60000000
2,3,3.8,4300000
4,4,2,95000000
6,6,16,70000000
8,7,2,190000000
2,2,4.9,5500000
2,2,4.2,6500000
0,0,6.4,15500000
8,7,2,260000000
4,4,7.1,16500000
2,2,4.8,10500000
4,4,8,32500000
3,5,5.8,10000000
3,3,8.9,25000000
3,3,6,7500000
3,3,4.9,4800000
3,3,6.9,13500000
2,2,3.8,5700000
5,4,8,18500000
4,4,12,47500000
5,4,9.3,18500000
4,3,4,36000000
8,5,1,100000000
2,2,2,6000000
3,3,8.9,35000000
2,2,4.9,17500000
3,3,5.8,7500000
3,3,5.8,7500000
2,2,5.3,8000000
2,2,3.3,2500000
0,0,5.6,13500000
3,3,19.4,28000000
5,5,17.1,60500000
4,3,5.3,11000000
8,7,2,200000000
6,5,12,95000000
3,4,5.8,7000000
2,3,4.6,9500000
0,0,6.2,8500000
0,0,6.2,7000000
3,2,4.8,9200000
5,5,8,23000000
3,3,4.8,13500000
3,3,5.1,18000000
3,3,6.6,12500000
3,3,8.7,17500000
3,2,4.8,9200000
5,7,4.8,15000000
4,3,11.4,30000000
3,3,7.3,21000000
2,2,4.4,5000000
3,3,6.7,21000000
2,2,4.8,8000000
3,4,2,4500000
2,3,4.7,9500000
2,2,7.3,37000000
6,7,16,37000000
2,2,4,9000000
3,3,9.8,33000000
4,4,9.8,21500000
6,7,8,15500000
3,3,6.1,13500000
3,3,7.2,13600000
2,2,4.9,9000000
3,3,6,7500000
3,3,5.8,5000000
5,5,1.7,61500000
2,2,4.9,4000000
3,3,5.8,5000000
7,6,9.6,24900000
4,4,12,38500000
0,0,1.2,4200000
3,3,6.9,8600000
4,4,12,35000000
2,2,4.8,7400000
7,6,1,115000000
2,2,4.4,7800000
3,5,6.9,11000000
3,3,7.8,23000000
6,5,2,500000
5,4,1,275000
2,2,4.2,18000
3,3,8,46000
4,4,16,120000
4,4,1.3,175000
3,2,1,125000
4,3,4.9,55000
0,0,1,250000
2,2,4.9,30000
3,3,7.6,60000
5,4,1.2,300000
3,3,10,100000
2,2,4.4,30000
6,6,1.2,300000
6,6,1.2,300000
6,4,1,275000
7,6,1.2,550000
8,7,2,600000
1,2,3.1,6500000
2,2,3.1,5800000
7,6,10,15400000
7,5,10,36000000
6,4,5,8200000
3,2,7,8800000
6,4,7,12500000
6,4,5,6500000
5,4,7.8,16000000
0,0,5,13000000
6,5,8,19000000
5,4,8,18000000
5,5,8,18000000
0,0,1.8,3000000
0,0,5,6000000
6,6,16,60000000
3,3,12.4,23500000
5,4,1.8,235000000
3,3,5.8,5220000
5,5,1,65000000
8,6,6,14000000
8,6,6,15000000
1,2,3,3000000
2,2,5.5,8800000
6,5,6.7,32500000
3,3,10.2,20000000
2,2,3,3500000
4,4,5,9000000
1,1,4.3,4600000
6,5,10,35000000
5,4,6.7,27000000
6,6,4,15500000
3,3,4,4500000
0,6,1,81000000
6,6,1,46500000
10,9,1,50000000
6,6,1,45000000
3,3,12,17000000
1,1,5.6,8500000
1,1,4.3,4600000
3,3,14.2,60000
4,3,2.4,400000
1,1,1,10000
2,2,7,65000
1,1,8,45000
3,3,14.2,70000
1,1,6,42000
4,3,12,32000
4,3,12,28000
4,3,10,28000
4,3,10,23000
4,3,1,36000
4,3,5.6,65000
3,2,5.6,28000
2,2,0.4,6500
2,2,3.1,26000
2,2,7,22000
2,4,6.7,30000
2,2,3.1,25000
5,5,2,500000
7,7,1.2,225000
5,3,4,48000
2,2,9.3,45000
3,3,12,29000
0,0,8,25000
3,3,1,80000
3,3,7,22000
1,2,8.9,28000
5,5,10,75000
5,4,1,135000
6,5,1,160000
5,5,1,160000
2,2,6.7,45000
6,6,1.3,180000
3,3,1,50000
2,2,2.9,15000
3,2,10,28000
1,1,1,10000
4,3,1.3,90000
3,3,3.6,18000
5,4,12,30000000
0,0,10,21000000
8,6,1,86000000
6,5,1,48000000
5,4,10,30000000
3,3,5,12500000
0,0,10,18500000
0,0,2,60000000
5,4,6.2,11000000
5,4,4.7,8000000
0,0,5.5,15000000
6,5,2,56000000
2,2,2.7,3000000
6,6,11,21900000
4,3,1,12500000
6,5,1,46500000
3,3,1.1,16500000
2,2,3.8,6400000
4,4,7,13500000
6,5,7,15000000
6,5,10,25000000
7,5,10,25000000
7,6,1,31500000
6,5,11,27500000
6,6,10,15000000
6,5,6,10000000
6,5,6,9000000
0,0,15,35000
0,0,8.5,50000
0,0,5,40000
0,0,5,25000
0,0,1.4,24000
0,0,1.3,24000
0,5,17,500000
0,0,5,35000
0,0,5,32000
0,0,7,45000
0,0,7,48000
0,0,10,60000
0,0,10,58000
0,0,3.1,35000
4,6,5,200000
4,3,5,30000
3,3,7,25000
4,4,16,70000
3,3,11,67000
5,4,10,16500000
8,6,1,34500000
4,4,3.5,7200000
0,0,1,40000000
3,3,5,4000000
5,5,10,21500000
2,3,5,6500000
6,5,1,40000000
4,4,10,18000000
3,2,3,9000000
0,0,2,100000000
4,3,5,9000000
6,6,2,127500000
4,4,10,15000000
5,5,10,24000000
5,5,10,24500000
3,3,4,6900000
0,0,14,20000000
2,2,3,3800000
4,3,6,13500000
4,3,5,13000000
0,5,10,18500000
0,3,3,4200000
0,3,5,11500000
0,3,5,11000000
0,5,10,16500000
5,4,10,22500000
0,2,3.4,3200000
4,4,10,14000000
3,3,5.3,8700000
4,3,5,14000000
2,4,2,4500000
0,3,5,6800000
0,3,5,7400000
3,3,5.8,9800000
2,5,3.2,7000000
3,3,7.1,4000000
6,6,9.6,25000000
2,2,3,4000000
4,6,3.6,8500000
3,3,4.4,7000000
0,0,4.8,8000000
2,2,3.6,2700000
2,2,2.7,4000000
2,2,5.1,12500000
4,5,5.3,6200000
0,0,6,11000000
2,2,3.8,5500000
8,7,1.3,149900000
2,2,4.8,8300000
3,3,11.4,30500000
7,6,1,92500000
2,3,5.6,9500000
3,3,5.3,10500000
2,2,4.7,7800000
6,6,9.3,37000000
8,8,1.2,78000000
6,6,1.1,85000000
8,7,1.1,95000000
0,0,9.6,35000000
2,2,5.3,13000000
3,3,8.3,16500000
4,4,4.8,17000000
6,6,4.8,17000000
5,5,4.8,18000000
2,2,3.8,5000000
3,3,4.9,8500000
2,2,3.7,6500000
2,2,4.2,5000000
3,3,3.2,12000000
8,7,4.8,19000000
0,0,3,7000000
2,2,4,4200000
5,4,16,45000000
2,2,3.6,3890000
2,2,4,4200000
4,4,3.2,6200000
2,2,3.2,7600000
0,3,8.4,41000000
2,2,4,10500000
2,2,3.6,3890000
0,3,8,12000000
3,3,5.6,8200000
6,5,18.7,78000000
0,0,4.8,7500000
3,3,10.2,52500000
8,6,1,90000000
3,3,6.6,7000000
2,2,3.2,9500000
3,3,4.9,8500000
7,6,1,105000000
2,3,3.2,3700000
6,5,1.2,95000000
6,4,4.8,15000000
6,7,1,90000000
3,3,5.1,14000000
5,5,1,89000000
2,3,3.2,3500000
4,4,4.8,12500000
2,2,4.4,8500000
5,5,1,84000000
6,6,8,32500000
7,8,1,80000000
8,6,9.6,19500000
8,6,1,95000000
2,3,6.3,9500000
0,0,9.6,45000000
5,5,4.8,20000000
1,1,3.2,2500000
3,5,4,26500000
0,0,2,100000000
0,0,4.2,6500000
5,5,1,68000000
4,4,14,55500000
2,2,4.8,9000000
2,2,4.2,15000000
2,2,2.1,6500000
3,3,8,33500000
0,0,5.4,14000000
2,2,3.3,5300000
5,5,15.6,102500000
3,3,6,11000000
2,2,4.2,5500000
5,5,19.6,150000000
3,2,4,4900000
9,8,2,140000000
2,2,5,10500000
8,7,4,300000000
3,3,7.1,13500000
8,7,9.3,32500000
0,0,16.9,50000000
3,3,5.8,8500000
3,3,9.6,12500000
3,3,6.2,5600000
0,0,3.2,6000000
0,0,4,9700000
4,4,4,42000000
3,3,9.6,10000000
5,5,1,100000000
7,6,1,250000
6,6,2.7,550000
6,5,1,250000
6,5,1,275000
6,5,1,325000
7,6,1.2,550000
4,3,1,120000
5,4,1,275000
4,5,1,225000
3,3,13.3,110000
0,4,1,115000
3,3,8,150000
2,2,2.7,40000
5,4,4,500000
5,4,1,270000
6,0,2,500000
2,2,1.1,95000
6,5,1,250000
0,0,1,150000
7,6,1,350000
3,2,4.9,55000
5,4,10.2,300000
3,3,9.3,100000
5,4,8.9,47000
5,4,1,140000
4,4,14,80000
2,2,3.6,4000000
6,6,4.4,15500000
2,2,8,13400000
2,2,3.4,5200000
3,3,5,19000000
0,2,4.4,21500000
3,3,7,6500000
5,5,6.7,13500000
2,3,4.9,6500000
4,4,10,26500000
1,1,2,3500000
1,1,3.8,8500000
0,0,14.6,33300000
2,2,4,5500000
10,11,1.6,150000000
2,2,6.2,15500000
1,1,3.6,6400000
6,5,10,22500000
6,5,10,26000000
5,5,8,17000000
5,5,8,17500000
5,5,8,17500000
5,5,8,17500000
5,4,14.2,45000000
0,0,6,6000000
6,6,11,55000000
1,1,2,2640000
2,3,6,24000000
0,0,4,280000000
0,0,2,300000000
7,6,8,15000000
5,6,10,22500000
5,4,12,60000
3,2,3.1,24000
3,2,4.9,20000
2,2,3.6,16000
1,1,2.7,13000
3,3,9.5,24000
2,1,8,35000
2,2,3.6,16000
1,1,2.7,37000
2,3,4,45000
6,6,4.4,2000000
10,11,1.6,500000
1,2,4,18000
0,0,3.1,38000
2,2,5,20000
4,4,5,55000
2,2,3,17000
6,5,10,65000
3,2,1.2,130000
4,3,12,38000
0,0,4,23000
3,3,5,9500000
0,5,1,59000000
3,4,1,35000000
7,6,17,39900000
7,8,1,28500000
2,1,4,6800000
7,6,1,42500000
7,6,16,24500000
0,0,1,60000000
5,3,3,6500000
6,5,10,16500000
5,3,5,12900000
4,5,10,23000000
4,4,5,14000000
1,1,1.7,1200000
1,1,2.9,3000000
4,6,10,16000000
6,5,15,42500000
0,6,4.4,20000000
0,0,11,32500000
4,4,8,15000000
0,0,7,16000000
5,5,10,25000000
2,2,4,3800000
0,0,4,5000000
2,2,5,4600000
5,5,8,16000000
1,3,3,7200000
0,2,5.3,5915000
5,5,10,17000000
2,3,12,21500000
6,6,6,9000000
6,4,8,13500000
5,5,5,16000000
0,0,2,225000
0,0,1,200000
0,11,1,100000
2,3,2.5,13000
3,3,7,25000
3,3,6,23000
3,3,1,90000
5,5,7,45000
2,2,6.2,30000
3,3,5,18000
1,1,2.5,18000
6,5,15,50000
3,2,12,37000
3,3,3,6200000
4,3,5,10000000
7,5,1,42000000
5,4,15,27500000
4,3,7,21500000
5,4,10,22000000
4,4,2,97500000
6,5,1,51500000
6,5,5,16000000
4,3,5,12500000
4,4,12,17200000
1,2,4.3,5000000
3,2,9.6,5500000
2,4,4,7000000
3,3,4.8,9400000
6,11,8.6,59000000
0,0,7.8,6500000
3,3,5.3,13500000
2,2,4.2,9000000
2,2,4.2,7000000
2,4,4,7000000
0,0,8,17000000
2,4,4,7000000
3,3,7.8,18000000
3,3,9.6,12500000
3,4,6,7000000
0,0,4,6500000
2,2,3.6,4000000
5,4,1.2,125000000
4,4,4.8,50000000
6,6,1.2,95000000
3,3,6.7,14000000
5,5,1,135000000
6,6,1,112500000
3,2,4.2,15000000
6,5,15.6,120000000
3,4,4.8,15000000
5,4,13.2,43000000
2,2,4.2,6500000
5,5,1,100000000
7,6,1.6,100000000
0,0,8,30500000
0,0,7.1,9500000
6,6,17.8,35000000
2,2,4.8,9000000
6,6,9.6,21500000
2,2,3.3,2700000
0,6,2,320000000
4,4,4.8,20000000
0,4,9.3,18500000
2,2,3.2,6400000
3,3,6.2,12000000
3,3,6,20000000
2,2,2.7,3050000
5,4,8.4,16700000
6,6,1,135000000
0,0,1,125000000
3,3,10,30000000
3,3,5.3,8000000
4,3,7.6,16000000
3,3,8.9,30000000
3,3,8.9,30000000
3,3,8,13700000
6,6,16,45000000
6,6,9.6,35000000
6,6,16,43000000
6,6,9.6,33000000
6,6,16,43000000
6,6,9.6,32500000
4,4,3.2,12500000
6,6,16,45000000
6,6,9.6,39000000
6,6,16,49000000
6,6,9.6,36000000
6,6,12,41500000
6,6,12,41500000
5,5,17.1,64500000
3,3,11.4,31500000
3,3,6.7,16500000
5,5,6,55000000
3,3,6.4,20000000
6,5,1,71000000
5,4,14,56500000
5,4,13.2,37000000
5,4,13.2,37000000
0,0,7.1,24500000
3,3,8,14500000
2,2,1.8,2700000
2,2,1.8,2700000
3,3,6,15000000
6,6,2,139500000
5,9,4,9200000
4,6,4.8,17000000
3,3,5.2,12500000
3,3,4.9,15000000
7,6,14,45000000
4,4,6.8,18500000
4,4,4,35000000
3,3,7.1,9500000
0,0,4.8,12000000
3,3,3.6,5200000
5,9,3.6,8500000
6,5,15.6,100000000
2,2,4.2,5800000
0,0,8,35000000
6,6,2,340000000
1,3,3.2,12000
4,3,4.2,350000
6,5,1,225000
5,3,1,125000
6,4,12.4,120000
2,2,4.4,30000
6,6,1,500000
3,3,1,135000
6,5,1,110000
5,5,1,250000
5,5,2,550000
6,5,1,265000
7,7,1.2,500000
3,3,8.9,85000
3,3,7.1,70000
0,0,4.2,35000
4,4,1,110000
4,4,8,110000
6,5,1,105000
6,4,1,200000
2,2,3.3,20000
3,3,16,45000
5,5,1,290000
3,3,6,45000
3,3,8,50000
2,3,8.6,37000
2,2,2.2,28000
3,3,6.7,45000
1,3,2.6,15000
2,2,5.3,38000
8,4,10.4,160000
2,2,3.3,30000
0,0,4.4,50000
3,4,8,25000
3,3,4.3,30000
3,3,4.8,27000
3,3,8,50000
2,2,4.2,18000
0,0,8,35000
3,3,6,40000
3,3,5,25000
3,3,6.7,65000
5,4,1,200000
5,4,1,200000
0,0,5,6500000
7,6,10,32000000
2,1,2.7,4583000
1,1,1.8,2600000
2,2,3.6,4000000
2,2,4.2,5724000
0,6,2,5000000
1,1,2,2640000
4,3,5,7800000
0,0,1.1,32500000
1,1,2.8,5448000
3,3,5.4,4600000
2,2,6,10900000
6,7,9.3,45000000
3,3,5.6,6200000
3,6,8,25000000
2,2,3.3,5400000
6,6,1,40000000
6,7,5,13000000
2,2,3.1,5200000
6,5,1,39000000
6,5,1,41000000
5,6,7,37500000
3,2,3.1,24000
4,4,14,65000
3,3,13,33000
1,1,2.7,46000
2,2,6.2,35000
2,2,5.6,35000
2,2,5,20000
2,3,10,35000
3,3,12,57000
6,6,1,110000
3,3,8,25000
3,2,5.6,32000
3,3,14.2,46000
3,2,8,34000
3,3,14.2,65000
6,4,8,70000
2,3,4.9,40000
2,2,5.5,35000
0,0,5,30000
0,0,5,23000
3,3,1.4,110000
4,3,1,150000
4,4,10.7,120000
3,3,1,90000
3,3,9,26000
6,5,5,9000000
6,5,1,37500000
5,4,10,25000000
7,5,1,48000000
6,5,1,52500000
4,4,14,35000000
2,4,4,8000000
4,4,5,24000000
1,2,2,2450000
2,3,6.3,11500000
2,3,5,5500000
3,3,3,4490000
2,2,3,2490000
2,2,3,2290000
3,3,4,8500000
2,2,3,2490000
5,4,6.5,20000000
0,0,4,240000000
5,5,5.5,15000000
5,3,5,10800000
3,3,2.8,6900000
4,3,5,12000000
4,4,5,11000000
4,3,5,12000000
1,1,3,3800000
6,5,1,65000000
9,6,3.2,100000000
6,5,1.6,49000000
5,4,10,39500000
4,4,12,32000000
6,5,5.2,9800000
5,4,6,13000000
0,0,5,9500000
0,0,5,10000000
0,0,10,10000000
0,0,18,45000000
0,0,1,42500000
0,0,2.2,4500000
0,0,7,20000000
0,0,7,20000000
0,0,16,40000000
0,0,10,18000000
0,0,6.2,16000000
0,0,1,55000000
0,0,2.5,5000000
3,4,5,7000000
2,3,10,8000000
6,6,10,17500000
3,5,2,8000000
4,4,5,9000000
0,0,3,4000000
7,5,10,12000000
6,5,4,11000000
6,6,1.5,60000000
1,1,2.7,4583000
0,0,6,6800000
1,1,1.5,2300000
6,7,7,8500000
6,5,1,50000000
6,5,7,15500000
6,5,10,16500000
5,5,7,14800000
3,6,3,9300000
5,4,5,8300000
4,4,5,8000000
0,0,5,5500000
6,5,1,45000000
0,0,5,8500000
10,9,1,26000000
0,0,3,22000
0,0,5,38000
0,0,5,35000
4,3,5,36000
3,2,10,38000
5,4,10,65000
2,2,4.7,45000
3,3,8,18000
2,2,7,15000
6,5,7,48000
4,3,5,32000
2,2,5,25000
2,2,4.5,6500000
1,1,3,2700000
6,5,10,23000000
3,3,6.4,8800000
3,3,6,60000000
6,10,4.9,19500000
4,4,1,75000000
2,2,3.1,3200000
3,3,12,13500000
6,6,9.6,35000000
6,6,12,40000000
4,4,12,20000000
4,4,12,20000000
3,3,5.6,9500000
3,3,5.2,9000000
3,3,5.6,9000000
3,3,9.6,15000000
3,3,9.6,15500000
3,3,5.6,9500000
3,3,5.6,10000000
4,4,14,58500000
5,5,1,71000000
3,3,11.4,32000000
4,4,13.2,41500000
4,4,4.8,10500000
4,4,4.8,11500000
2,2,4.8,4500000
2,2,4.8,5000000
2,2,4.8,5000000
2,2,4.8,5000000
3,3,9.6,18500000
0,0,2,32500000
2,2,3.3,2500000
2,2,5.6,5500000
2,2,5.6,5500000
2,2,5.6,5500000
2,2,4.8,12500000
4,3,12.2,38500000
4,3,8,14000000
2,2,4.4,7500000
2,2,2.9,6000000
4,4,4.8,6500000
3,3,4.9,7000000
2,2,4,15500000
3,3,11.4,30000000
6,6,2,235000000
2,2,4.4,4800000
4,4,4.8,13500000
3,3,5.8,6000000
2,2,4.9,9500000
3,3,8.4,30000000
4,4,8.9,33000000
3,3,5.8,6100000
2,2,2.4,5500000
2,2,2.9,7000000
3,2,4.8,9000000
4,3,13.3,55000000
2,2,3.8,6500000
3,3,8,12500000
3,3,4.9,16500000
6,0,5.3,17500000
3,3,11.1,45000000
2,2,3.2,3840000
3,3,4,43500000
4,4,8.4,8500000
5,5,12,50000000
4,4,4.8,35000000
0,11,12,25000000
3,3,7.5,25000000
3,3,5.3,7500000
0,6,12,45000000
0,2,3.8,8000000
0,2,5.3,9600000
0,4,4.8,13500000
0,9,9.6,47500000
2,2,2.9,3300000
4,3,6,8500000
2,2,2.9,4800000
5,5,1.2,75000000
3,3,8,12500000
3,3,7.1,12500000
7,7,1,180000000
6,5,1,95000000
10,10,1,130000000
2,2,3.3,4200000
0,0,1,135000000
2,2,4.8,6500000
4,3,8.9,22500000
3,8,4,9500000
1,2,4,2800000
2,2,4.9,6500000
3,3,8,32000000
4,4,5.8,22500000
4,5,10.2,32000000
3,3,8,20000000
3,3,5.3,8500000
2,4,4.8,15000000
2,2,4,6500000
7,5,18.7,125000000
3,3,6.4,11000000
6,5,16,120000000
3,3,6.4,12000000
3,3,6.4,7500000
2,2,4,6000000
0,0,4.4,6500000
2,2,4.8,7500000
7,7,4.8,14500000
4,3,4,37000000
10,8,1.2,350000
3,4,6,30000
4,4,14,80000
5,5,1,110000
3,3,11.4,60000
3,3,11.4,65000
3,3,10,50000
3,3,10,60000
3,3,4.4,55000
4,4,15.1,110000
2,2,4.4,27000
4,3,1,130000
5,5,1.4,195000
3,3,1,125000
3,3,1,120000
6,6,1,275000
3,3,1,100000
2,2,4,21000
3,3,7.8,60000
3,3,7.8,80000
3,3,7.8,80000
6,5,1,350000
6,4,1,300000
2,2,5.1,31000
2,2,3.1,18000
2,2,4.8,23000
1,2,5.3,15000
0,0,12,53000
5,4,12,175000
4,4,16,58000
2,2,4.2,28000
4,4,12,70000
6,6,1,30000000
1,2,2,1000000
7,7,12,23000000
4,4,10,13500000
6,6,12,19500000
3,4,5,4500000
5,3,4.4,16000000
5,4,10,13000000
0,0,1,140000000
3,3,4,5500000
5,5,7,26000000
0,0,4.5,15000000
4,5,4,16000000
1,1,1.8,2100000
2,2,3.3,3250000
2,1,1.8,1850000
7,6,1,92000000
7,6,1,92000000
6,6,8,35000000
2,2,5,4500000
3,2,4.2,5724000
3,3,1,32500000
3,3,11,19000000
3,3,11.1,22000000
3,2,3,3800000
3,3,5,5800000
0,0,1.2,55000000
0,0,1.2,55000000
4,4,6,12000000
3,3,9.8,12500000
5,5,1,17500000
3,2,5,4500000
5,3,168,300000000
3,2,5,4500000
4,3,8.9,17500000
0,0,3,250000000
3,3,8,7000000
3,3,12,15000000
7,5,11,28500000
4,4,5,8500000
6,6,12,23500000
1,1,2.7,4600000
2,2,5,3800000
8,7,1,45000000
9,7,14,42500000
6,6,4,13500000
4,3,14.2,41000
5,3,10,35000
2,2,6.6,50000
3,4,14,90000
5,5,10,130000
2,6,5,35000
2,2,4,15000
3,3,1,42000
3,2,5,15000
3,3,1,80000
3,2,11.1,70000
3,3,10,50000
2,2,5.6,25000
2,2,5,20000
3,3,1,45000
6,5,1,220000
8,8,12,80000
2,3,10,35000
4,3,1,40000
4,3,1,80000
1,1,4,16000
9,7,14,200000
8,7,4,1000000
7,7,8,165000
3,3,1,220000
6,6,1,450000
3,3,2,170000
5,5,1,230000
2,2,1,50000
2,2,7,12500000
0,0,10,16500000
7,5,10,23000000
5,5,1.2,48000000
4,3,5,6500000
0,0,2.6,160000000
5,3,5,10500000
3,4,2.5,7500000
2,2,6,6500000
6,5,8,11500000
2,2,10,18000000
6,5,1,40000000
0,0,17,30000000
2,3,5,3500000
4,4,10,23500000
6,4,7,12200000
5,4,3.5,6500000
6,5,12,32500000
4,3,2.5,4450000
3,4,5,11500000
4,4,3,9000000
2,2,3,5500000
6,5,5,16500000
3,2,3.2,3500000
4,3,4,7600000
6,4,10,25000000
5,4,10,39500000
5,4,10,41000000
7,5,1,62500000
6,5,10,15500000
6,5,10,15500000
0,0,16,47500000
3,3,3,4490000
2,2,3,2290000
2,2,3,2490000
2,2,3,3700000
3,3,4,7500000
5,5,1,45000000
7,6,8,14200000
2,2,3,4700000
4,5,10,18000000
4,3,5,14500000
6,5,10,23500000
4,4,1,45000000
3,3,10,35000000
10,11,10,600000000
3,7,3,8500000
3,3,7,15400000
5,5,1,45000000
2,2,6.5,6958000
1,1,1.7,3000000
0,0,5,14000000
6,5,1,42500000
0,6,1,35000000
9,8,2,95000000
0,0,4,12500000
3,4,4,9500000
3,3,2,4000000
7,4,10,15000000
5,5,1,61500000
3,3,3,6500000
4,4,5,11500000
0,0,5,8400000
2,2,2,2800000
3,5,7.7,45000000
6,5,10,16500000
4,4,6,5000000
5,4,5,8500000
3,3,2.5,4200000
5,6,17,25000000
0,0,1,65000000
2,2,3,3100000
0,0,1,65000000
3,2,10,22000000
3,3,5.6,12000000
4,3,5,12000000
4,3,3,6000000
0,1,4,6300000
6,5,1,30000000
5,4,5,9000000
4,4,5,9500000
5,5,7,13500000
3,2,5,4500000
2,2,4,4200000
3,2,5.2,4500000
6,5,7,14000000
4,4,5,14000000
1,2,3.5,2900000
4,4,5.6,8200000
4,8,14,20000000
3,3,5,4500000
3,2,5,4800000
4,4,10,25000000
3,3,5,3850000
2,2,5,5700000
2,2,5,6000000
6,5,11,27500000
3,7,7,10500000
0,0,5,16000000
5,8,6,16000000
2,2,3.3,1500000
6,6,4,22000000
0,0,2.5,15000
0,0,8,55000
1,0,3,6500
2,2,3.6,5500000
2,2,3.6,7000000
2,2,3.6,7000000
2,2,3.6,7000000
0,0,2.4,3400000
2,2,2.4,2200000
2,2,4.7,8500000
6,6,1.1,140000000
6,6,1,140000000
8,8,2,190000000
7,7,2,280000000
1,1,1.6,2100000
2,2,4,7000000
6,5,1,100000000
2,2,3.8,6000000
0,3,8.9,28000000
0,0,4.8,3500000
3,3,6.4,9000000
5,4,16,35000000
2,2,4.2,5200000
2,2,4,7500000
0,4,10.5,47500000
0,3,8.9,32500000
2,2,8.8,18000000
4,4,4,35000000
6,7,12,67000000
3,3,6.2,13500000
6,5,3.2,14000000
3,3,8,11500000
3,2,4.8,9200000
3,3,6.2,6500000
0,0,7.8,17000000
2,2,4.2,6500000
6,5,18,90000000
6,6,12.2,47500000
8,8,2,200000000
3,3,5.3,4500000
0,0,4.8,12000000
10,11,10,33000000
2,3,3.6,4000000
2,2,4,7500000
2,2,4.9,6500000
2,2,4.2,13500000
4,3,12.4,32500000
2,4,4.7,6200000
0,4,5.3,5000000
5,4,2.4,12000000
0,0,5.6,6800000
2,2,4.7,7500000
3,3,4.8,9500000
5,5,19.6,95000000
5,6,7.5,58000000
5,5,16.8,36000000
4,4,9.8,20000000
3,3,6,23000000
0,0,3.3,7000000
3,3,10,12000000
4,6,12,25000000
2,2,4.7,17200000
3,3,5.6,12500000
4,3,3,4500000
0,4,8,19000000
4,4,8,25000000
2,4,3.2,3000000
2,2,3.6,3900000
2,3,3.8,4500000
3,3,5,11000000
5,5,17.1,69000000
6,5,1,87000000
2,3,3.1,2500000
2,2,4.2,3200000
2,2,4,4800000
7,6,12,45000000
2,2,3.3,6000000
4,4,9.6,17000000
2,2,4,7000000
3,3,5.8,4800000
0,0,5.3,8000000
6,5,1.2,150000000
4,4,4.8,17500000
4,4,12,55000
3,3,12,60000
4,4,16,65000
3,3,8,80000
3,3,8.9,70000
2,3,9.6,42000
5,5,4.8,35000
2,2,4.2,50000
2,2,4.2,18000
5,5,14,150000
0,0,1,10000
5,5,1,280000
3,3,10.2,60000
2,2,4.2,35000
3,4,1,50000
3,3,16.9,50000
2,2,4.6,42000
2,2,4.2,28000
5,5,6.4,120000
2,2,4.4,50000
6,6,1,355000
6,5,1,300000
4,4,10.7,125000
3,3,8.9,95000
3,3,6.7,40000
2,2,2,24000
0,0,0.6,22000
4,3,12,100000
5,5,1,92500000
0,0,6.7,22500000
6,5,10,17500000
4,4,5,20000000
4,3,1,15000000
4,3,8,6850000
6,4,7,13500000
3,3,8,23500000
2,2,6.5,35000000
4,3,5,5400000
2,2,6,6000000
6,7,1,50000000
4,4,4,17500000
2,2,5.2,7800000
2,2,3,4800000
2,2,3,3600000
3,3,4,13000000
6,5,10,31000000
2,2,3.5,4500000
5,5,7,12500000
5,4,5,11500000
4,3,6.7,7000000
10,10,12,62000000
8,6,10,16500000
3,3,10,11200000
0,5,4,17500000
8,9,1.8,110000000
6,5,10.1,15000000
3,3,14,19000000
4,4,10.9,17000000
3,3,9.3,21000000
0,0,1.6,1750000
2,3,7,34000
2,2,6,28000
0,0,5,43000
1,1,3.3,15000
4,4,6,50000
2,2,6,24000
8,7,1.1,550000
0,0,5,31000
8,7,1,300000
5,4,5,45000
10,10,2,600000
4,3,10,100000
4,4,1,500000
9,7,1.2,600000
6,5,1.3,375000
1,1,3.6,50000
6,5,1.3,325000
1,1,3,10000
0,0,5,25000
2,2,10,27000
3,2,10,20000
3,3,10,45000
7,6,10,70000
2,2,5,18000
2,2,5,28000
3,3,7,35000
3,2,10,35000
2,2,4,16500
6,5,1,50000000
3,3,3,7000000
3,3,7,21000000
5,5,1,52000000
4,4,5,10500000
1,2,5,4000000
3,3,3,3700000
0,0,1.2,42500000
4,3,1,33500000
6,6,10,27500000
5,5,10,10000000
0,2,4,6000000
9,7,1,35000000
3,0,4,10500000
6,4,5,8500000
3,3,5,12500000
2,1,3,2300000
6,5,1,45000000
4,3,5,9000000
1,1,3.4,8500000
3,3,1,8000000
4,3,6,11000000
2,3,7,10500000
6,5,1,59000000
5,5,1,48000000
1,1,2.5,3300000
4,6,3.6,4500000
3,2,5,5000000
4,4,5,11000000
7,5,1,35000000
6,5,12,21500000
7,5,1,35000000
4,4,3.5,7500000
3,4,5,7500000
2,2,3,7200000
2,2,7.2,24100000
7,5,1,55000000
3,8,10,27000000
5,3,5,11800000
5,5,1,27000000
5,5,1,36000000
6,6,1,27000000
4,5,6,40000000
6,5,1,42500000
3,3,5,17000000
3,3,5,15000000
3,3,5,15000000
3,3,5,15000000
3,3,5,15000000
3,3,5,15000000
3,3,5,17000000
0,5,2,4500000
5,5,1,50000000
5,4,10,26000000
0,0,1.5,2500000
5,5,1,60000000
2,2,5,3850000
3,3,10,13500000
2,3,2,3700000
7,5,1,47500000
5,4,10,21500000
3,3,3,7200000
3,3,5,6000000
2,3,10,8000000
3,3,10,18000000
7,6,1,28000000
4,4,5,8000000
3,3,5,6500000
5,9,7,6000000
5,5,7,15000000
7,5,10,26500000
1,1,2,3200000
4,4,7,11000000
0,0,7,52500000
6,5,8,12500000
6,6,10,14500000
4,3,10,17000000
4,3,10,13500000
5,4,9,14000000
4,11,3.2,12500000
3,3,6,11500000
0,2,3,4100000
0,2,3.3,6500000
3,2,2.4,3200000
2,2,4.2,14000000
3,3,7.3,17000000
3,3,6.2,13500000
1,1,1.8,2300000
3,3,7.6,12500000
3,2,4,6500000
4,4,4.8,39000000
5,5,4,45000000
3,3,6.9,11500000
5,5,4.8,40000000
2,2,4.2,5990000
2,2,4.4,6500000
8,6,1,117500000
3,3,16,30000000
6,5,1,94500000
6,5,1,93500000
3,3,5.3,12500000
6,5,1,149000000
2,5,3.2,7000000
2,5,3.2,7000000
2,4,3.2,5000000
2,2,3.6,4000000
4,3,11.4,37000000
2,2,4.8,8500000
3,3,9.6,11000000
2,2,4,6500000
3,3,14.4,24000000
3,2,4.8,4200000
3,6,3.2,6300000
3,3,4.8,11500000
3,2,4.8,9200000
3,2,4.8,12500000
3,7,5.8,9500000
4,6,4.8,9000000
2,3,4.8,4000000
7,6,4.8,26500000
2,2,3.6,4800000
3,3,4.8,4800000
2,4,4.4,4000000
2,2,3.2,3400000
2,4,4.7,5500000
10,10,9,45000000
3,3,5.3,9500000
4,6,9.6,15000000
2,5,3.4,7000000
2,3,2,6500000
3,3,6.7,16500000
2,2,4,16500000
0,0,1.6,2000000
2,2,4.4,10500000
5,4,12,65000000
3,3,7.8,28000000
3,3,4.8,5500000
0,0,4.8,18000000
3,3,4,4500000
0,0,3.2,9000000
2,2,1.8,4500000
2,2,1.6,4000000
3,3,5.8,5500000
3,3,5.8,5000000
3,3,5.8,5000000
3,3,5.8,4500000
2,2,4.9,4000000
2,2,5,6900000
3,3,8,10500000
0,2,4.9,5500000
2,2,2,1150000
5,5,1,75000000
4,4,2.9,6500000
2,2,4.8,16000000
3,3,6.4,15000000
2,2,4.8,7800000
3,3,8,50000000
3,3,10,19500000
2,2,4,50000
2,2,5.3,60000
4,4,11.6,100000
2,2,4.7,45000
5,4,4.8,38000
6,5,9.6,60000
6,5,6.4,52000
3,3,1,150000
3,3,6.7,45000
3,3,6,40000
2,2,4.2,20000
5,4,1,350000
6,5,2,500000
1,1,2.2,35000
2,2,6,38000
2,2,4.2,20000
2,2,4.2,45000
2,2,3.6,20000
3,3,4,32000
3,5,6.4,32000
3,3,16,40000
0,0,4,16000
1,1,1.8,7000
3,3,5.8,38000
2,2,4.4,25000
2,2,4.4,30000
2,2,3.6,22000
2,2,3.8,22000
2,2,3.8,30000
2,2,4.4,30000
3,3,5.1,54000
4,4,4,90000
0,2,4.7,40000
8,7,1.2,325000
8,7,1.2,275000
3,3,8,45000
3,3,9.8,140000
3,3,8.9,70000
4,4,13.1,38000
3,3,10,32000
7,6,1.2,550000
6,6,1.2,235000
3,3,9.8,130000
1,1,3.3,10000
3,3,1,50000
3,2,8,30000
3,3,5,18000
7,7,1,300000
1,1,2,18000
6,6,1,85000
1,1,2.4,35000
6,5,2.1,500000
2,2,7.1,67000
5,4,5,9700000
2,2,5.6,9000000
5,5,8,27500000
6,8,1.1,45000000
6,6,12,55000000
7,9,1,65000000
3,3,12,12500000
3,3,8.3,35000000
5,5,14.2,38500000
3,3,7.5,9500000
1,1,2.7,2500000
8,7,9.3,44000000
4,3,4,16000000
2,2,3.8,4200000
2,2,6,5535000
2,2,5,3600000
3,3,8,7000000
5,4,14.6,13500000
0,2,4.9,5200000
5,5,14.2,38500000
8,7,10,35000000
8,7,10,35000000
5,5,9,32500000
3,3,1.3,110000
2,2,7.1,60000
8,7,12,165000
9,9,2.1,450000
3,3,1.3,130000
0,0,1,100000
0,0,5,23000
0,0,5.5,45000
0,0,5,35000
0,4,7.5,40000
2,2,5,15000
5,4,5,35000
3,3,6,25000
1,1,2.9,25000
2,2,3.6,25000
2,2,11,32000
2,2,4.4,32000
0,0,1,60000
2,2,5,18000
2,2,3.3,35000
3,3,11,115000
5,5,3.3,6500000
6,5,2,219000000
0,0,6,17500000
3,3,5,16500000
6,5,10,17000000
0,5,11,24500000
6,5,5,15500000
5,5,8,22500000
4,4,6,13000000
3,2,5,5500000
2,1,2.3,12000000
1,1,2.9,2000000
2,2,2.7,2900000
4,4,10,20000000
3,3,7,21500000
4,4,5,13200000
5,4,5,11000000
6,4,10,28000000
2,4,12,20000000
5,4,10,19500000
1,2,3,2340000
3,3,6,9500000
6,5,1,40000000
5,4,10,16500000
3,3,3,5500000
5,5,5,10500000
1,2,3,2300000
4,4,5,13500000
7,6,12,19000000
2,2,3,4400000
3,3,5,10500000
5,5,10,21000000
5,5,11,21000000
5,5,10,21000000
0,0,10,24000000
3,3,4,9000000
5,5,10,28000000
2,2,2,2400000
6,5,1,39900000
6,5,1,44000000
4,3,8,11500000
4,4,14,39000000
3,3,3,5300000
3,3,5,7500000
3,3,3,5500000
3,3,3,5200000
3,3,3,5500000
3,2,4,4500000
3,3,3,4900000
3,3,3,4490000
3,3,3,2290000
3,3,3,2490000
3,3,5,14000000
3,3,3,3500000
4,4,1,52500000
2,2,3,2290000
8,5,1,52500000
0,0,5,13500000
0,0,1,65000000
2,3,3.5,6500000
0,0,4.5,9000000
0,0,7,15000000
0,0,5,12500000
0,0,4,9000000
3,3,2.8,5500000
0,0,11,23500000
0,0,8.5,12500000
0,0,10,17500000
0,0,8.5,8500000
5,4,10,17500000
0,0,6,200000000
0,0,5,12500000
9,4,15,27000000
6,5,10,22000000
5,5,10,18500000
6,5,10,25000000
3,3,8,10500000
2,2,5,4500000
3,4,8.9,15000000
0,0,1.2,43500000
7,4,5,16000000
5,5,5,8200000
7,6,1,37500000
3,3,11.8,14500000
5,7,7,8000000
0,4,10,24000000
0,6,10,20500000
2,2,4.5,4500000
0,0,7,32000000
5,5,10,24000000
8,6,1,51000000
4,4,5,8000000
4,4,5,7000000
0,0,4.8,13000000
3,3,8.6,18500000
4,4,12,70000000
4,4,12,45000000
6,8,1.2,53000000
0,0,3.2,9500000
0,5,4.9,5500000
6,6,4.8,12500000
2,2,2.2,7000000
3,3,7.8,25000000
3,3,6.4,10500000
2,2,5.8,11000000
0,6,16,65000000
3,3,11.1,14500000
2,2,4.2,8500000
6,6,2.2,225000000
1,3,3.2,3200000
5,6,6.4,13500000
3,3,6.7,25000000
0,2,4.8,8000000
3,3,4.7,8500000
5,5,1,120000000
5,5,3.2,11000000
3,3,9.6,17000000
2,2,4.8,6800000
4,8,8.6,31000000
5,6,4.8,11000000
2,2,3.2,8000000
4,3,8,14800000
2,2,2.4,4200000
3,3,6.4,13000000
6,6,1,82500000
2,2,2.4,3200000
3,3,4.8,11500000
3,3,6,12000000
6,5,1,67500000
5,4,14,56000000
2,3,3.2,3200000
2,2,4.4,3500000
7,6,2.1,280000000
4,4,15.6,15200000
7,6,1,155000000
2,2,4.4,8500000
3,4,6.7,7000000
6,6,12,57500000
3,3,5.5,6500000
6,4,11.6,25000000
4,4,7.6,17000000
2,2,5.1,5900000
2,2,3.2,4800000
0,2,4.9,6500000
2,4,4.9,5990000
4,3,10,24000000
3,3,10.2,38000000
3,3,8,28000000
3,3,3.4,4000000
7,5,1.2,107500000
5,5,16,35000000
3,3,4.8,7500000
2,2,4.2,8000000
2,2,4,7200000
2,3,5.3,7000000
3,3,6.4,10000000
6,5,11.2,18500000
0,2,4.9,9000000
8,7,4.8,15000000
2,2,5,7200000
3,3,9.6,35000000
8,7,16,52500000
0,3,12,27500000
5,5,12,32500000
3,3,6.2,14000000
3,3,8,30000000
3,3,8.3,22500000
3,3,6.4,21000000
4,4,9.8,20000000
4,4,11.1,32500000
4,4,9,35000000
4,4,12,32500000
3,3,8.9,21500000
4,4,10.7,35000000
4,4,1,375000000
4,4,8.7,32500000
4,4,8.7,27500000
3,3,7.6,22500000
4,4,12,35000000
4,4,8.6,29000000
2,2,3.3,3200000
3,3,6,7000000
3,3,7.1,10000000
0,4,16,27500000
2,5,4.5,11500000
2,2,5.4,9500000
2,2,3.1,3200000
0,2,3.1,3500000
0,3,4.9,9500000
5,4,1.2,145000
4,4,12,170000
2,2,2.2,28000
3,3,4.3,25000
4,3,8,44000
3,3,1,98000
5,5,1.2,195000
5,5,16,90000
3,2,4.8,20000
0,0,8,85000
3,2,12,80000
3,2,12,80000
2,2,4.8,30000
3,3,16,55000
2,3,5.3,28000
3,3,6.2,34000
0,0,8,33000
3,2,4.8,58000
4,3,1,120000
4,3,10.7,55000
3,3,5.8,75000
2,2,4.8,28000
3,3,4.8,20000
3,3,9.6,46000
10,6,1,300000
0,0,6,32000
0,2,3.1,14000
0,2,4.2,23000
1,1,1.2,210000
1,1,12,140000
3,3,1,60000
7,5,1,110000
4,3,1,90000
3,3,12.9,80000
4,3,1,125000
3,3,1,95000
3,2,12,65000
3,2,14.2,70000
3,2,7,30000
3,3,1,120000
3,4,5,50000
2,3,5,23000
3,3,5,30000
1,2,3,22000
4,3,1.8,350000
6,5,1.2,450000
1,1,3,12000
2,2,5.6,32000
9,7,1.3,450000
6,5,8,73000
3,3,9,30000
3,3,10,42000
6,5,10,90000
2,1,5.6,30000
3,4,5.6,60000
2,1,3.8,5700000
7,7,12,22500000
4,3,10,95000000
1,1,1.6,2450000
6,6,12,26000000
3,3,12,18500000
0,0,1.8,250000000
0,0,1.3,120000000
0,0,3.4,230000000
3,3,9.8,13500000
5,5,10,35000000
3,3,5,19000000
2,2,4.2,5724000
7,7,16,46000000
2,2,3.8,4500000
2,2,3.3,2700000
2,2,3.3,2800000
4,4,4,12500000
6,6,14.2,55000000
5,6,7,37500000
6,6,6,35000000
7,6,8,16500000
8,6,12,21000000
3,3,8,6500000
3,2,7,5200000
4,4,5,7200000
3,5,9.3,26500000
1,1,1.6,1750000
5,4,8,18000000
6,9,1,29000000
7,6,10,19500000
4,3,10.2,12500000
0,0,7,15500000
2,3,6,29000
2,3,6,28000
3,4,6,45000
2,2,6,24000
0,3,1.3,170000
3,3,14.2,35000
7,7,1.3,400000
0,6,1,170000
2,2,1,35000
8,7,2,450000
3,3,1,72000
3,3,1,70000
2,2,7,20000
5,4,1,250000
4,3,5,20000
2,3,6,42000
4,4,12,35000
3,3,12,31000
2,3,7.8,22000
5,5,10,50000
0,0,15,35000
0,0,8.5,50000
3,3,8,40000
3,3,12,115000
3,3,12.4,37000
6,5,13,60000
6,5,15,58000
3,3,5,18000
1,1,10,4500
4,4,12,19000000
1,1,3,3000000
6,5,1,41000000
0,3,3,5500000
0,0,5,11000000
0,0,5,11500000
8,7,8.5,450000000
1,1,1.5,1650000
5,4,10,23500000
4,4,3.3,6000000
5,4,10,32000000
5,4,5,11000000
5,4,10,26500000
4,3,10,13500000
2,3,5,6800000
5,3,5.1,9500000
6,5,1,48000000
6,5,12.5,19500000
4,4,1,31000000
3,3,4,10000000
3,3,5,10000000
3,3,3,5200000
2,3,3.2,8800000
6,5,1,77000000
5,3,5,11500000
6,5,1,38000000
6,5,1,30000000
3,4,5,6500000
0,0,10,16000000
6,6,1,45500000
3,3,10,16500000
10,10,2,100000000
2,4,5,12500000
6,5,5,18000000
0,0,10,25500000
4,3,6,13000000
2,2,5,6500000
6,5,1,65000000
8,7,2,124000000
5,4,10,42500000
4,3,5,20000000
7,5,10,23500000
5,4,4,6500000
0,0,5,17500000
2,3,5,6000000
1,1,1.9,3700000
3,2,5,5500000
5,4,10,27500000
5,3,8,15000000
4,4,5.2,9500000
3,3,5,9100000
5,4,10,17000000
5,5,8,13900000
4,4,7,11000000
6,4,7,14000000
8,6,12.4,21500000
2,2,4.4,6000000
2,2,7,8500000
2,3,2,6000000
0,6,10,21000000
3,3,5,5500000
6,4,7,15000000
6,5,12,23500000
4,4,6,16000000
3,3,7.8,7500000
3,3,7.8,7500000
3,3,7.8,7500000
3,3,7.8,7500000
0,0,5.3,7500000
1,2,5,3600000
1,1,2.7,4583000
6,5,1.6,42500000
5,4,5,8500000
0,3,1.2,32500000
0,3,5.1,6600000
0,2,4.2,5500000
0,3,5.1,10000000
0,2,3.1,3500000
0,3,4.9,9500000
3,3,6.4,13000000
2,2,5.8,3200000
5,5,12,57500000
2,2,4.2,5500000
2,2,3.3,4800000
2,2,4.4,7500000
2,2,4.4,7500000
3,3,6.4,9700000
3,3,6,12700000
2,2,3.6,5800000
2,2,3.3,5500000
0,0,3.8,5000000
2,2,5.1,10500000
8,6,1,113000000
2,3,3.2,9500000
6,6,8,27000000
4,4,12,65000000
3,3,5.3,8500000
2,2,4.4,5200000
6,5,1,110000000
4,4,4.8,16000000
4,4,4,430000000
3,3,7.4,17000000
2,2,3.2,5600000
2,2,3.6,3500000
3,3,5.1,8500000
5,4,8.2,16500000
0,0,5.6,8500000
3,4,3.4,4500000
3,3,5.1,20000000
3,3,6.4,25000000
2,2,3.6,4800000
2,2,4.2,5200000
6,6,1,87500000
0,0,16,80000000
2,2,3.2,6000000
2,2,2,7000000
3,3,6.9,13500000
3,3,7.3,12800000
3,3,3.1,4000000
2,2,4.9,9500000
3,3,9.8,17500000
6,6,12,19700000
0,0,2.6,7500000
9,6,16,55000000
2,3,6.2,7500000
3,5,3.2,3000000
2,2,4.9,8500000
3,3,6,9000000
3,3,8,16000000
6,6,10.2,47500000
4,4,16,16500000
4,3,8,15000000
3,3,6.4,10000000
2,2,4.4,11000000
3,3,5.3,9000000
5,4,18.7,12500000
3,3,8,23000000
3,5,3.2,6800000
3,4,4,3200000
2,2,4.2,5800000
1,2,3.1,4000000
6,5,1.2,95000000
4,3,7.8,23000000
2,2,4.8,5500000
0,2,4,25000
0,3,6,35000
0,0,9.6,160000
0,3,6.7,45000
2,2,4.4,55000
3,3,4.9,55000
3,3,7.3,65000
2,2,2.2,35000
4,4,10.7,130000
0,0,4.8,25000
2,2,2.4,25000
0,0,8,55000
3,3,5.3,52000
0,0,0.4,15000
2,2,4.7,27000
2,2,4.8,30000
6,8,6.4,58000
2,4,4.8,50000
8,6,1,360000
3,3,1,120000
3,2,4.8,25000
6,6,1,160000
1,1,4,23000
4,3,1,100000
6,4,4,500000
3,3,1,65000
2,2,7.3,70000
4,3,1,50000
2,2,4.4,25000
7,6,1.1,400000
6,9,16,55000
3,5,5,120000
1,1,10,25000
3,3,1.2,77000
3,3,5,45000
2,2,4,31000
1,2,3.1,24000
0,0,12,45000
0,0,2,250000
0,0,3,50000
8,7,1,90000
4,5,7,44000
4,3,1,35000
0,0,4.7,7600000
0,0,1.4,90000000
6,5,10,24000000
3,3,5,12000000
8,8,10,33500000
8,8,10,33500000
10,10,14.2,51000000
4,4,16,60000000
5,5,16,55000000
6,4,7,11000000
5,5,1.3,85000000
6,5,1.3,70000000
6,6,1,75000000
5,5,1,65000000
8,7,2,100000000
6,6,5,15000000
3,2,8.6,47000000
2,2,3.1,6500000
3,3,10.2,12500000
3,4,22,85000000
5,5,5.5,26500000
6,5,7,35000000
8,7,8,25200000
0,0,11,20000000
8,8,10,40000000
8,6,1,47500000
5,5,4,17500000
3,3,5,3800000
4,3,10,15000000
4,3,5,15000000
6,6,1,63500000
5,4,5,21000000
6,6,6,9500000
6,5,7,13000000
4,6,7.2,14500000
2,2,4,4000000
6,6,1.3,74000000
6,6,1,35500000
0,0,5,22000
3,3,5,38000
0,0,10,25000
0,0,5,16500
0,0,5,13000
0,0,5,18000
0,0,10,35000
0,0,6,16500
0,0,5,35000
0,0,8.5,25000
0,0,7.5,30000
0,0,7,10000
0,0,2,25000
0,0,1.1,14000
0,0,7.5,16000
0,0,4.5,15000
0,0,7.5,26000
0,0,12,25000
0,0,10,25000
0,0,1.5,12000
3,3,6,20000
4,3,8,30000
4,3,12,30000
3,2,7.1,55000
5,4,7,85000
5,4,7,85000
3,3,8,40000
5,4,7,45000
2,1,3.7,45000
3,3,1,45000
1,1,3.1,35000
3,3,10,30000
3,3,10,30000
3,3,1,42000
2,2,10,32000
0,0,9.3,25500
3,3,10,33000
6,5,10,20000000
2,2,10,13000000
4,5,7.2,12500000
4,3,5,9500000
4,3,5,9500000
4,3,5,9500000
4,3,5,9500000
5,5,10,27000000
4,3,5,9000000
4,3,3,5500000
3,3,3,5500000
3,3,4,7000000
3,3,3,5300000
3,3,3,5500000
3,3,4,6500000
3,3,3,3600000
3,3,4,4200000
7,5,1,47000000
3,3,3,5500000
4,3,10,17800000
4,3,5,16000000
5,5,1,55000000
2,2,7.5,13500000
2,2,5,9300000
2,2,2.6,5700000
0,2,7,11000000
0,3,2.5,6500000
0,3,10,14000000
0,4,5,10500000
0,4,6,16000000
0,4,5.2,12500000
0,1,2,2500000
4,4,3,6500000
6,6,2,78500000
5,5,1,30000000
4,3,5,10000000
6,5,1,60000000
5,5,5,16500000
4,6,10,30000000
0,7,7.5,15000000
0,3,3,7000000
0,3,3,7000000
0,3,3,7000000
0,3,5,8500000
0,1,1,3200000
0,3,3,5800000
0,2,3,3500000
0,2,3,3500000
0,2,2,4800000
0,5,4,9000000
0,5,10,30000000
0,2,2,4800000
5,4,12,20000000
4,3,5,14000000
6,5,1,75900000
4,3,5,12000000
5,5,10,13000000
5,4,3,6800000
4,3,10,15500000
6,8,8,15500000
3,3,7,11000000
3,3,3,4500000
6,5,10,32000000
5,4,10,39000000
4,5,3.5,12500000
8,7,2,117500000
6,5,1,49500000
5,4,8,16000000
6,5,1,52000000
7,6,1,52500000
0,0,3,8500000
7,6,1,58500000
6,5,10,22500000
6,5,10,19000000
4,4,5,5200000
7,5,1,52500000
2,2,5,4200000
2,4,2.5,3500000
3,3,10,12000000
1,1,1.7,2500000
0,0,10,22500000
5,4,5,11000000
5,4,5,6500000
5,4,5,7500000
4,4,5,9000000
2,3,10,18000000
4,4,10,9200000
6,5,7,12500000
7,4,7,8000000
3,3,10.7,23500000
0,0,5,3000000
5,5,5,4200000
6,5,10,17500000
5,5,12,26000000
0,0,16,13800000
3,2,5,4000000
6,5,7,14500000
2,2,3.5,5500000
6,5,7,14500000
6,4,10,24000000
2,1,3.6,7300000
7,7,1,45000000
0,8,1.2,70000000
6,5,10,25000000
0,0,3.1,9000000
6,5,10,26000000
8,6,12.4,25000000
3,4,11.5,23000000
6,5,10,21000000
5,4,10,21500000
6,5,1,35000000
6,5,10,22000000
3,3,4.9,6500000
4,6,4.8,30000000
1,3,3.8,2200000
2,2,5.6,8200000
3,3,7.6,9500000
3,2,4.2,5500000
3,2,4.2,5500000
0,6,12,36500000
0,5,14,110000000
0,5,14,110000000
0,3,6.7,8500000
0,3,10.7,19000000
2,2,4.7,5700000
3,3,8,17000000
3,3,6.1,13500000
3,3,8,12500000
0,0,2,5500000
6,6,10.2,40000000
6,6,9.3,47000000
2,2,4,4800000
2,2,4.8,12000000
2,2,3.2,6400000
2,2,3.2,8800000
4,4,4.8,26000000
2,2,4.8,12000000
2,2,4,7000000
6,6,10.2,45000000
3,3,7.6,19000000
3,3,7.6,18500000
5,5,14,94000000
3,3,18.9,55000000
0,2,4.3,8000000
0,2,4.3,8000000
2,2,3.4,2800000
0,7,1.7,150000000
0,3,4.8,4500000
2,2,5.3,8000000
2,2,4.9,8500000
2,2,4.9,7500000
3,3,7.1,19000000
5,5,2,100000000
2,2,2.7,3000000
2,2,4.4,8900000
3,3,6.7,12500000
5,4,10.7,40000000
9,9,9.6,65000000
1,1,2,1800000
4,4,4.8,18000000
3,3,5.3,19000000
2,4,3.6,6000000
3,3,7,27500000
3,3,4.9,7200000
3,3,7.1,12500000
5,5,13,69000000
0,0,14,47500000
0,0,14,56000000
0,0,2,170000000
0,0,4,340000000
0,0,6,40000000
3,3,6.2,7950000
5,4,4.8,52500000
2,2,4.4,12000000
6,6,4.8,13000000
3,3,6.4,11500000
0,6,13,110000
0,0,10,250000
0,4,1.2,180000
0,4,10,180000
1,1,1.8,22000
2,2,3.3,30000
2,2,6,17000
2,2,7,17000
3,3,1,75000
1,1,4,10000
2,2,4,13000
2,2,5,36500
3,3,1,100000
2,2,5,22000
8,7,2.3,1300000
3,3,10.7,45000
2,2,8,40000
1,1,1,12000
7,7,1.1,500000
3,3,8,35000
2,2,2,150000
3,3,12,50000
2,2,7.6,50000
1,1,4,10000
2,2,10,35000
1,1,4.4,130000
2,2,10,22000
2,2,3.1,17000
4,0,1.3,150000
3,3,10.4,95000
2,3,5.3,22000
5,3,4.4,15000000
8,7,1,30000000
5,4,6,14000000
2,2,5.1,3500000
5,4,6,14000000
6,6,10.9,41000000
5,5,7,14200000
6,5,6.7,29500000
3,3,7.1,10000000
4,3,3.5,4600000
3,3,9.3,27500000
6,6,9,40000000
6,6,1,65000000
0,0,14.2,25000000
6,6,1.2,70000000
10,9,1.3,150000000
6,6,14,24000000
2,2,4.4,6500000
6,5,16,55000000
2,2,3,3700000
6,5,10,26000000
6,5,10,26000000
7,7,9,145000000
4,3,10,11500000
0,3,23,185000000
8,8,1,30000000
0,5,8,27000000
0,0,1,61000000
3,3,7.8,5500000
7,7,14,48000000
0,0,4,280000000
0,0,2.1,250000000
0,0,1,95000000
2,3,6,20500000
3,3,4,7100000
6,5,10,21500000
7,6,1,42500000
2,2,4,14000
0,0,10,3000
0,0,4,20000
0,2,5,20000
0,3,11,45000
0,0,7,60000
0,3,14,40000
0,0,7,35000
0,0,2,25000
0,0,5,35000
0,0,5,30000
6,6,10,60000
3,3,1,75000
3,3,10,30000
6,5,12,70000
6,5,13,35000
1,2,2,12000
0,0,5,15000
0,2,10,18000
6,6,1,15000000
5,3,5.5,13000000
4,3,3,5600000
3,3,4,8500000
3,3,5,12000000
3,5,4.5,8500000
5,5,1,40000000
4,3,4,13500000
4,3,6,12500000
6,6,19.1,21500000
2,2,2,5800000
5,5,5,15000000
5,5,11,27500000
4,3,5,11500000
4,4,7,12500000
2,2,6,8500000
3,3,3,6800000
2,2,5,8500000
5,5,5,15000000
2,2,3,3000000
4,4,7,13500000
3,3,3,7400000
5,5,5,13000000
3,3,5,10600000
3,3,5,11000000
3,3,3,8500000
4,4,5,10500000
6,5,1,29000000
2,1,5,10500000
5,4,7,23000000
3,3,3,8700000
5,4,10,32500000
5,5,8,25000000
6,5,1,32500000
5,5,5,16000000
4,4,6,14000000
6,6,6,14000000
3,3,6,13500000
2,2,3,4500000
4,3,1,24000000
4,3,5,8500000
5,4,10,22500000
3,4,12,13000000
4,4,10,19500000
4,3,5,14800000
5,4,5,16000000
3,2,6,9000000
7,7,1,39900000
6,7,10,24000000
5,4,5,13000000
6,5,1,51000000
4,3,10,14000000
3,3,1.2,85000000
4,2,5,14700000
5,4,5,12000000
4,3,5,12500000
5,4,10,37500000
6,5,1,46000000
4,6,6,17000000
5,3,5,15000000
6,5,1,32000000
5,4,5,22000000
5,5,7,14000000
3,3,5,7300000
5,5,1,39000000
5,4,7.1,15000000
1,3,5,25000000
4,5,3.5,6000000
0,0,5,12500000
0,0,5,12500000
3,4,1,19500000
6,5,10,17500000
6,8,8,42500000
6,6,1,38500000
6,6,10,22500000
6,6,12,21000000
6,6,12,21000000
0,0,5,7500000
0,0,10,22500000
0,0,4,8000000
0,0,6,13000000
0,0,4,9500000
0,0,5,11500000
0,0,5,8500000
0,0,5,10000000
0,0,5,9000000
0,6,1,48000000
0,7,14,30000000
0,6,1,35000000
0,6,1,28000000
0,4,9,16000000
0,5,10,20000000
7,6,1,54900000
6,5,10,16500000
0,0,5,5700000
4,4,5,6500000
6,5,10,26000000
6,5,10,26000000
3,3,5,10700000
1,1,2.7,4583000
5,4,10.4,17500000
2,2,4.2,7080000
0,8,12,200000
0,0,6,1500000
0,0,2,1300000
0,0,1.2,600000
3,2,4.8,22000
0,0,3,120000
0,0,4.7,30000
4,4,10,240000
2,2,5.1,25000
3,3,1,80000
2,2,4.4,35000
3,3,6.7,30000
2,2,4.4,37000
4,4,4,90000
0,0,8,110000
6,6,1,300000
6,6,2,400000
3,3,7.8,75000
4,3,7.6,65000
2,2,3.3,18000
2,2,4.8,30000
3,3,8,65000
0,3,9.3,90000
0,3,9.3,92000
0,3,9.3,90000
0,3,9.3,92000
2,2,3.6,26000
4,4,1,195000
4,3,12.2,60000
6,5,1,105000
6,6,1.2,550000
0,0,17,225000
2,2,4.4,26000
3,3,3.2,5500000
6,6,1,135000000
2,3,16,45000000
0,2,4,9000000
5,5,1,77500000
0,0,9.6,30000000
2,2,4.3,3700000
0,0,3.8,4800000
3,7,4.8,23500000
3,3,5.2,15000000
1,2,3.2,4000000
2,2,4.4,3500000
3,3,6.2,18500000
6,6,10.2,42500000
4,4,4.8,25000000
5,5,12,31000000
6,6,9.6,33500000
2,2,3.8,4500000
5,6,16,41000000
0,5,1.4,50000000
0,3,5.6,11200000
0,6,9.6,24500000
2,2,2.4,2500000
0,3,8.9,13000000
3,3,6,9200000
3,3,4,30000000
3,3,13.3,20000000
3,3,8,25000000
2,2,4.9,9500000
3,3,5.1,16300000
7,6,1,150000000
2,2,4.4,6200000
5,6,9.6,24000000
5,6,4.8,13000000
5,6,9.6,24000000
5,6,9.6,24000000
3,2,4.8,9500000
5,6,9.6,24000000
6,7,9.6,25500000
3,3,16,28500000
1,1,2.4,2200000
4,3,3.3,7700000
1,2,3.6,2600000
1,2,3.6,2500000
1,2,3.6,2800000
5,5,12,65000000
2,3,2.4,11500000
6,6,2.2,170000000
0,0,1.4,150000000
3,3,5.1,17000000
5,5,14,145000000
0,0,1,96000000
2,2,3.3,3400000
3,3,5.6,10200000
3,2,4,9700000
2,2,3.2,2800000
0,4,16,58500000
3,3,6.1,9500000
3,3,4.7,7900000
0,0,3,2500000
6,6,1,130000000
2,2,8.9,26000000
3,3,1.2,90000000
5,4,1,65000
1,1,2.7,11000
7,5,1.1,215000
3,3,9.3,90000
3,3,9.3,90000
3,3,1,120000
5,5,1,170000
3,3,10,35000
0,0,7,120000
3,3,1,50000
3,3,10,35000
3,4,5,25000
4,3,11,110000
5,4,1.8,375000
8,7,1,145000
3,3,9.3,75000
6,7,5,600000
0,5,1,180000
0,5,1.2,300000
0,3,1.3,140000
0,3,2.4,180000
0,3,1,100000
3,3,7.9,20000
6,5,1.1,350000
3,3,12,60000
7,6,10,120000
10,11,5,500000
5,4,5,35000
0,0,5,3500000
2,2,3.6,4600000
5,5,9.3,14000000
5,5,5,20000000
2,2,3.1,6250000
3,3,11.8,18000000
5,5,10,13000000
4,4,7,10000000
4,5,7,10500000
2,3,7,8000000
5,4,10,22000000
4,4,4,8000000
6,6,13.9,20000000
6,6,14,20000000
6,5,10,27500000
5,5,2,17000000
6,6,5,35000
0,0,2,225000
0,0,1,200000
0,0,3,22000
0,0,5,38000
0,0,5,35000
0,0,10,25000
0,0,10,25000
0,0,5,25000
0,0,8,20000
0,0,3,23000
3,4,15,35000
6,5,7,42000
0,0,4.4,28000
3,3,10,60000
4,3,5,32000
4,3,12,120000
3,3,13,110000
3,3,14,65000
2,2,5,22000
3,3,12,35000
3,3,14,45000
1,2,0.4,15000
6,6,1,19000000
7,5,1,46000000
7,5,8,16000000
5,4,5,15500000
3,3,2,5000000
3,6,2,6000000
5,4,10,18500000
10,10,14,26500000
1,2,3,2000000
4,3,5,15000000
3,3,5,6500000
6,5,1,41000000
4,4,1,44000000
0,0,10,25500000
0,0,5,14500000
6,5,10,24000000
5,4,16.5,38000000
3,3,2.6,8500000
5,4,10,23000000
6,5,1,37500000
3,3,7,10000000
6,5,1,35000000
6,5,10,20000000
6,5,10,23000000
2,2,8,23000000
6,5,10,18500000
6,5,5,13000000
6,5,10,24000000
0,5,10,19000000
0,6,4,7500000
0,5,4,14500000
0,6,10,26000000
0,4,6,15000000
4,3,4,9000000
4,4,8,45000000
3,3,4.9,14000000
5,5,2,100000000
6,6,2.1,120000000
5,5,1.6,90000000
4,4,16,56000000
4,4,16,56000000
8,7,2,90000000
4,3,5,13000000
6,5,1,60000000
4,4,14,40000000
6,5,1,52500000
4,5,10,12000000
6,5,10,21000000
3,8,5,8000000
6,5,1,44000000
3,3,3.5,8500000
1,2,5,4000000
7,5,1,53000000
5,4,5,9500000
7,5,1,54000000
4,3,1,32500000
5,5,5,10400000
5,5,1,65000000
3,4,3,8000000
6,4,10,32000000
7,5,1,59000000
2,3,5,4500000
5,8,10,21000000
3,2,4.5,4850000
5,4,10,200000
3,3,8.2,75000
3,3,4.8,33000
3,3,4.3,27000
1,1,1,50000
2,2,4.8,28000
6,5,14,150000
4,4,16,150000
4,4,1.1,100000
4,4,16,75000
4,3,5.8,33000
4,4,12,150000
4,4,1,200000
3,3,10,140000
3,3,1,125000
4,4,10.2,90000
2,2,4.2,35000
6,6,9.6,25000000
4,4,4.8,13000000
2,4,4.4,5200000
3,3,12,33500000
5,5,1,76000000
6,9,4,550000000
3,5,3.2,7000000
4,4,12.4,16000000
5,8,8,11000000
5,5,1,65000000
2,2,2.4,2800000
2,2,3.6,3800000
3,3,4.9,6200000
3,3,4.3,6500000
4,4,12,65000000
6,6,4.8,17000000
4,9,4,9200000
5,6,4.8,12000000
3,3,1,75000000
2,3,5.1,8000000
6,5,4.8,13500000
3,3,3,3000000
2,2,4.4,6500000
3,2,4.8,9000000
4,4,12.4,47000000
4,4,6,60000000
6,5,2,145000000
7,6,2,265000000
1,2,3.6,3000000
2,2,3.3,6900000
6,5,1,92500000
7,6,1.2,185000000
3,4,9.6,14500000
3,3,4.8,6900000
3,3,5.6,8000000
0,0,2,3500000
5,4,12,65000000
4,4,8.9,27500000
2,1,3.2,2050000
2,2,9.6,18000000
4,3,10.7,44000000
2,3,6.2,13000000
0,2,3.2,1800000
0,0,4.8,6500000
5,4,3.2,8800000
4,4,4,49000000
0,0,8,14500000
0,0,3.8,10600000
3,3,4.8,8000000
4,4,6.6,47000000
3,3,4.8,11200000
3,3,8,14500000
2,2,4.8,8000000
4,4,4.8,17000000
3,3,6.7,8600000
5,3,17,34000000
2,2,2.2,6500000
3,3,8.7,25000000
5,5,4.8,24500000
2,2,3.2,3800000
2,2,4,11500000
3,3,6.2,6000000
2,2,4.4,7000000
2,2,4,6900000
4,4,4.8,24500000
4,4,12,65000000
2,2,4.4,9500000
2,2,4.9,7500000
1,1,1.8,2100000
2,2,2.9,4500000
1,1,2.4,5500000
3,3,8.8,9500000
5,6,9.6,24000000
5,6,9.6,24000000
3,2,4.8,9500000
3,2,4.8,9600000
3,3,9.6,16500000
5,6,9.6,24000000
5,6,9.6,24000000
5,6,9.6,23500000
5,4,4.8,13500000
5,4,4.8,14000000
2,2,4.7,6200000
8,6,9.6,24500000
3,4,9.8,16000000
3,3,5.3,6900000
3,3,7,15000000
0,0,4.2,7500000
0,0,19.5,60000000
4,5,8,24000000
3,3,8.4,11500000
7,6,8,36500000
1,2,2.8,3200000
2,2,4.8,17500000
0,0,3.6,2800000
3,3,8.9,19500000
7,10,12,26000000
0,4,4.8,13000000
7,6,8,19500000
2,2,2.2,1250000
7,7,10,43500000
2,2,5,6500000
6,4,7,16500000
6,6,12,23000000
3,3,5.6,4450000
3,3,5,15000000
2,2,2.9,2500000
2,2,2.9,3400000
4,3,11,19800000
6,4,5,9000000
2,2,4,7000000
8,6,1,42500000
4,3,1,110000
3,3,10,27000
3,3,7,25000
6,5,1.3,220000
3,3,1,80000
3,3,1,45000
0,0,6,17000
3,4,12,27000
0,3,1,55000
2,2,8,36000
2,2,5.6,28000
3,3,13.3,55000
2,2,3.6,35000
2,2,10,45000
3,3,11,30000
0,0,5,15000
1,1,4,40000
6,4,5.6,40000
3,2,8,25000
3,2,5.6,20000
3,2,5.6,20000
3,3,1,75000
7,7,14.2,175000
0,7,1,300000
3,3,10,30000
3,3,1,80000
6,6,1.1,230000
3,3,5,20000
3,3,5,20000
0,0,7,25000
8,6,1,42500000
8,7,1.1,115000000
3,3,9.1,12600000
8,7,16,50000000
5,5,4,16300000
2,2,5.2,9500000
7,7,10,35500000
3,3,5,6500000
2,2,4,1500000
8,6,1,33500000
0,0,4.5,4500000
1,2,3.8,6500000
2,3,5.8,6500000
5,5,5,9200000
7,5,6,12500000
5,4,6,13000000
4,4,14.2,42000000
4,4,14.2,41000000
3,2,5,6700000
0,0,4.4,16500000
6,6,1,35000000
0,0,4.4,14000000
4,4,10,11500000
2,2,4,3800000
3,3,7.1,15000000
2,4,7,22000000
7,6,9.3,16500000
3,2,6,7500000
5,4,5,16000000
2,4,4.4,12200000
7,6,10,17000000
1,2,4.9,5000000
0,0,4,14500000
0,0,10.9,34000000
3,3,7.7,8500000
0,0,4,6000000
4,4,5,13000000
2,4,3.5,6500000
3,0,5,9900000
0,0,8.5,25000000
6,6,2.4,70000000
2,3,2.5,4150000
1,3,3.5,2500000
3,2,5,5500000
2,2,6.2,18500000
0,0,10,24000000
8,6,1,42600000
6,5,10,22500000
6,6,8,13000000
4,4,5.6,8000000
7,5,12,23000000
3,2,5,4000000
5,4,5,35000
3,4,10,40000
2,2,6.7,50000
5,4,7,45000
3,2,10,35000
3,3,10,35000
4,4,12,40000
6,5,10,70000
2,2,3.6,12000
3,3,11,65000
2,1,5.3,35000
2,2,5,25000
10,8,1,230000
6,5,10,80000
6,5,7,47000
5,5,10,65000
6,6,1,140000
3,2,10,36000
2,2,4,25000
3,3,3.5,12000000
3,3,5,9700000
0,0,1.8,56000000
5,7,12,26000000
1,3,4,4500000
3,4,7,12500000
4,4,10,26000000
6,6,1,40000000
4,4,6,14500000
6,5,1,50000000
3,3,5,9000000
0,0,11,32500000
5,5,3,6500000
6,5,12,19000000
6,7,1,42500000
4,3,10,16000000
4,4,10,20000000
4,5,5,15000000
2,2,3.3,2200000
2,4,4.1,14500000
6,6,10,15000000
2,2,2.5,7000000
2,2,2.5,4000000
4,3,6,20000000
4,4,5,9950000
4,5,8,19000000
6,5,10,23000000
6,10,4,280000000
5,4,10,19000000
0,0,8.5,23500000
4,4,5,9500000
4,4,5,5200000
3,3,11,9500000
4,5,12,22500000
4,6,1,40000000
4,3,3,6500000
3,2,5,6500000
0,0,2.5,3200000
3,4,3.5,9000000
0,0,10,18500000
0,0,10,19000000
0,0,5,11000000
6,5,1,67500000
4,4,11,19500000
4,4,11,19500000
5,5,5,11000000
5,5,10,18500000
0,6,1,67500000
0,3,5,21000000
0,5,1,49000000
0,5,1,51000000
0,5,1,45000000
0,5,1,45000000
0,6,1,28000000
0,3,5,16000000
5,4,10,22500000
6,6,1,37500000
7,4,8,16000000
2,3,3.5,4000000
1,2,5,6000000
3,3,10,17000000
4,2,10,9000000
6,7,11.5,26500000
4,4,14,85000
5,5,1,400000
2,2,5.2,65000
5,8,1,150000
4,4,15.1,200000
2,2,4.9,45000
4,4,14.2,120000
5,4,12,50000
7,6,2,550000
3,3,1,120000
6,5,18.7,130000
4,4,9.6,30000000
2,3,4,2500000
6,4,18.7,90000000
0,0,10.4,35000000
2,2,5.7,3800000
3,3,4.6,8500000
3,3,9.6,29000000
2,2,1.9,5500000
3,3,8,18000000
3,3,6.7,16000000
2,2,2.7,3600000
4,4,4.9,16500000
2,2,3.1,2600000
2,2,4,4350000
3,2,4.8,9200000
3,3,6.1,15000000
3,3,4.9,4700000
3,3,6.1,15000000
7,6,1,92500000
2,3,3,5500000
2,2,3.1,2650000
4,3,7.3,13000000
2,2,3.8,4000000
6,6,3.2,5350000
3,2,6.4,3000000
3,3,5.1,12500000
3,3,5.6,16000000
2,2,4,13000000
4,4,8.9,25000000
4,5,4.8,12500000
2,2,4.6,7300000
2,2,4,6250000
2,2,4.4,5500000
3,3,6.2,11000000
3,3,8,10500000
2,2,3.1,3500000
7,7,1.2,29000000
7,5,4.8,21200000
2,5,9.8,9500000
0,3,5.8,8000000
5,5,1,87500000
3,3,6.2,7000000
3,6,10,15500000
5,4,4.8,20100000
2,2,3.2,2800000
0,0,2,12500000
0,0,2.5,190000000
1,2,1.6,2500000
3,4,8,15000000
3,4,4.8,14500000
4,4,5.1,19000000
4,6,4,17000000
4,4,9.8,27500000
2,2,4,2670000
3,3,4.8,7000000
0,0,4.4,5500000
0,0,4,8500000
6,4,4.8,15000000
3,3,13.4,23000000
4,3,9,16200000
3,3,4.4,8000000
5,4,4.8,12000000
1,3,4.8,3000000
3,3,4.9,9000000
2,2,4,9600000
0,6,8,21000000
2,3,5.3,6900000
4,4,2.2,8300000
3,3,7.1,19500000
0,0,8.6,31500000
3,3,12.2,37000000
8,8,3.2,15000000
3,3,6.7,9800000
4,4,1.4,85000000
3,3,5.8,5000000
2,2,2.9,8700000
4,3,4,46000000
2,2,3.6,4700000
0,0,1,75000000
3,3,13,55000000
3,3,8.4,31000000
4,4,11.6,39000000
3,3,6.4,10500000
0,0,18,120000000
3,3,5.1,17500000
0,9,9.6,62500000
0,9,9.6,63500000
4,3,8.2,30000000
3,3,6.7,12500000
2,3,7,60000
3,3,2,100000
8,7,16,200000
0,0,12,32000
3,2,12,35000
4,4,14.2,65000
5,5,2,90000
4,4,1,85000
3,3,10,50000
6,6,1,300000
2,2,4,85000
2,3,1,75000
3,2,5,20000
2,2,8,28000
4,3,1,50000
7,6,1.1,550000
3,3,1.1,100000
6,5,5,32000
1,1,0.9,6000
3,2,4.9,20000
3,3,16,70000
2,2,10,30000
2,2,3.4,34000
0,0,1,75000
0,4,1,300000
0,5,1,150000
0,3,1,80000
0,5,17.8,150000
0,4,1.1,250000
0,2,1.3,80000
0,5,1,300000
0,5,1.1,500000
0,4,1.2,280000
3,3,1,35000
4,3,1,50000
4,3,1,90000
3,3,16,30000000
4,5,14,58500000
7,7,9.3,45000000
6,6,1,53500000
3,4,3.5,155000000
4,4,17.1,32500000
6,10,14.2,65000000
5,6,1.6,100000000
0,3,12,35000000
6,6,1,55000000
2,2,3.6,3100000
4,4,7,24500000
2,2,6,5200000
3,3,8,7600000
1,1,4.2,7410000
5,4,10,9800000
3,6,10,30000000
0,6,1,60000000
0,0,7,32600000
0,0,1,70000000
3,2,9,13000000
3,5,5,5500000
6,5,7,17500000
0,0,5,8500000
0,0,10,16000000
0,0,10,15000000
0,0,10,16000000
0,0,15,35000000
3,3,5,4575000
0,0,2.4,3764000
0,0,0.9,1800000
0,0,5,12500000
0,0,7,20000000
8,6,1,42500000
2,2,5,5000000
4,4,5,16000000
6,6,8,13500000
4,4,4.5,9500000
6,5,7,10200000
6,4,6,26500000
4,4,6,9900000
4,4,10,14500000
4,4,6,7500000
6,4,5,8000000
2,2,2.7,3500000
2,2,5,3300000
2,2,5,4400000
0,1,2.1,2744000
0,1,2.7,3578000
0,3,5.8,7521000
0,2,4.5,5825000
5,5,7,14000000
5,5,1,26000000
8,6,5.6,12000000
2,3,10,20000
2,2,5,20000
0,2,7,28000
0,0,1,700000
6,5,11,90000
4,3,5,30000
4,3,5,30000
4,4,5,35000
4,3,5,38000
2,2,6,25000
1,1,5,8000
2,2,5,16000
2,2,5,16000
4,4,10,40000
4,3,1,60000
6,5,10,150000
2,2,4.9,27000
1,1,1.8,23000
1,1,1.8,15000
9,7,1.2,180000
2,1,3.6,52000
6,5,17,41000000
4,3,10,13500000
3,3,7,22000000
5,5,1,51500000
4,3,10,17000000
4,4,12,20000000
4,4,9,10500000
3,3,3,5500000
0,0,10,17500000
6,5,1.1,46000000
2,2,2,5000000
2,3,4.2,10000000
4,4,5,6500000
5,5,10,19000000
2,2,9,16000000
4,3,8,16500000
6,5,7,12000000
6,4,14,29200000
4,3,5,8800000
6,6,2,100000000
6,5,1,53500000
7,6,6,12400000
7,6,8,14400000
4,4,1,27500000
6,5,1,42500000
5,6,9,19900000
5,6,10,25500000
4,4,2.5,7000000
7,6,2,127000000
8,7,1,55000000
3,3,3,4500000
5,4,10,18500000
5,4,10,22500000
4,3,10,17800000
2,3,3.5,7800000
7,5,10,33000000
0,0,3,5500000
5,5,5,7600000
3,3,2,3500000
3,3,5,9000000
6,6,7,13000000
6,6,7,13000000
2,2,3,3200000
5,5,1,42500000
5,5,1,50000000
2,3,5,5500000
6,6,9,12000000
4,3,5,9000000
0,4,5,11000000
0,5,2,70000000
0,5,1,39500000
0,4,14,19900000
0,3,2.5,6500000
0,3,3,8500000
0,3,3,6800000
2,2,5,5500000
0,5,2,75000000
0,0,12,17600000
3,2,3,4300000
6,5,1,46500000
5,5,1,32000000
6,4,8,35000
6,5,18.7,125000
6,6,1.2,260000
5,5,1,225000
3,3,5.8,40000
0,0,6,55000
3,3,2,130000
3,3,11.4,60000
3,3,1,100000
0,2,4.4,4500000
6,6,12,45000000
3,3,9.7,47000000
3,3,4.9,10000000
5,5,1,115000000
2,2,3.2,4500000
5,4,4.8,25000000
3,3,12,37500000
6,6,12,67500000
4,4,10,21200000
2,2,3.8,5000000
0,0,4,10000000
5,5,14,45000000
9,7,9.6,43000000
8,7,9.6,40000000
3,3,6.7,13500000
3,3,6.2,17500000
4,3,9.8,46500000
1,2,2.6,4000000
2,2,4.8,6000000
0,0,8,14600000
2,2,4.8,7200000
3,3,5.4,18500000
1,2,1.6,3500000
2,2,3.2,5000000
3,3,4.8,10000000
2,2,2.4,3000000
4,7,4.8,37500000
3,3,8,15000000
3,3,4.8,16000000
0,4,4,40000000
4,4,1.2,110000000
8,7,16,47500000
0,3,6,59000000
2,2,4.2,7100000
2,2,3.1,6000000
2,3,7.1,8500000
5,5,4.8,17500000
4,3,9.6,15000000
5,6,9.6,24000000
5,4,4.8,13500000
0,0,4.8,18000000
2,4,2.6,3300000
4,3,7.1,22500000
3,3,7.1,22500000
5,4,1,95000000
2,3,3.3,6200000
8,8,17.1,80000000
2,4,4.7,6500000
3,5,6.4,9000000
6,7,9.6,24000000
6,4,4.8,14500000
4,4,9.6,16000000
4,6,3.2,9000000
6,11,12,26000000
6,6,12,65000000
2,2,4,11000000
3,3,5,13000000
4,3,4,31000000
4,3,4,33500000
4,3,4,36000000
3,2,4,10000000
3,2,4,10000000
3,2,4,10000000
2,1,3,5500000
2,2,2.4,7500000
2,2,4.2,11500000
3,3,4.9,13000000
2,2,4.9,7000000
2,2,4.4,6500000
3,3,6.4,4500000
2,2,3.3,3000000
5,5,16,52500000
3,3,6.1,10100000
2,2,4.2,15000000
3,3,6.4,23000000
2,2,4.2,13500000
4,4,4,34000000
3,3,5.1,17000000
3,3,6.9,6500000
2,2,3.3,3000000
3,3,11.2,45000000
0,0,9.6,15000000
3,3,5.3,12000000
4,4,9,22000000
2,2,4.7,6500000
3,3,5.3,8000000
2,2,6,10500000
5,5,5,23000000
0,10,1,52500000
3,4,5.6,20500000
2,2,3.6,3625000
1,1,1.8,25000
4,3,16,75000
3,2,10,50000
0,0,1,75000
3,3,12,65000
8,8,1,250000
2,2,5.5,35000
6,6,14,45000
0,0,4.4,24000
4,4,16,125000
1,2,3.6,25000
2,2,10,30000
0,0,11,62000
1,1,2,10500
0,0,18,130000
3,4,1,35000
2,2,8,38000
2,2,8,40000
1,1,8,25000
1,2,3.6,22000
3,3,11.8,115000
4,3,5,20000
2,2,7.8,60000
4,3,1,95000
3,4,5,63000
3,3,1,85000
3,3,11.6,230000
3,3,1,80000
3,3,11.6,230000
0,0,5,9500000
0,0,5,10000000
0,0,10,10000000
0,0,18,45000000
0,0,1,42500000
0,0,2.2,4500000
0,0,7,20000000
0,0,7,20000000
0,0,16,40000000
0,0,10,18000000
0,0,6.2,16000000
6,5,10,16500000
5,4,5,11000000
5,4,5,10500000
5,3,6,9500000
5,6,8,25000000
0,0,6,13500000
6,5,12.5,29000000
2,7,5,6500000
5,5,7,9500000
4,3,5,10500000
4,6,3,5000000
6,4,8,9800000
2,4,2,3700000
7,6,12.4,23000000
7,6,12.4,24000000
7,6,12.4,20000000
7,6,12.4,21500000
7,6,12.4,25000000
7,6,12.4,28000000
3,2,5,4200000
2,2,5.5,5200000
2,3,5.5,3800000
3,2,4.5,3500000
0,4,5,10500000
5,5,5,5000000
5,5,10,10000000
3,3,5,3500000
7,5,10,19000000
0,0,5,36000
0,0,5,33000
4,4,5,22000
0,0,1,45000
1,4,5,15000
5,10,10,175000
0,0,10,80000
0,0,5,17000
0,0,1.1,16000
0,0,0.8,10000
0,0,0.9,12000
0,0,10,40000
0,0,10,55000
0,0,5,36000
0,0,5,35000
0,0,5,40000
0,0,5,36000
0,0,5,28000
0,0,10,60000
0,0,10,58000
0,0,12,65000
3,4,5.6,28000
6,5,1,150000
4,3,5,35000
3,3,12,25000
3,3,12.4,37000
2,2,5,16000
8,7,1,200000
6,5,10,65000
3,3,14,22500000
5,5,10,18500000
0,5,4,8500000
0,8,2.5,10000000
0,6,2.5,5200000
6,5,10,22000000
4,3,5,11500000
6,5,1,43500000
6,5,5,14500000
7,7,16,45000000
0,3,5,11500000
4,5,5,7700000
0,3,5,12500000
0,6,10,24000000
0,0,3,4490000
1,1,2,2500000
0,6,10,25500000
0,3,5,15000000
5,3,5,12500000
3,3,10,13000000
0,6,15.5,45000000
7,5,17,34000000
6,4,6,15000000
6,5,10,14500000
5,4,9,12500000
7,5,10,21500000
7,5,10,21500000
6,5,1,65000000
1,2,5,4200000
3,3,4,6300000
3,3,5,8700000
4,4,6,9500000
4,4,6,8500000
4,4,8,8500000
1,2,5,3500000
5,4,5,12500000
5,4,6,12000000
3,3,2.6,7000000
5,7,3,7200000
5,5,10,21000000
5,4,10,18000000
5,5,10,18500000
6,6,10,25000000
5,5,10,23500000
2,3,1.8,4000000
0,0,3,4700000
3,3,4,6300000
1,1,3,3300000
4,4,6,10500000
4,4,6,10000000
4,4,6,10000000
3,3,3,5500000
5,5,5,11500000
5,4,10,33500000
5,4,4,6500000
0,0,2,4000000
0,0,16,120000000
3,3,4,8500000
3,3,3.2,6300000
3,3,1,24900000
0,2,1.4,1027000
6,6,16,35000000
5,4,10,33500000
4,3,1,100000
2,2,4.4,45000
3,3,1,135000
3,3,7.1,55000
3,3,1,100000
10,8,16,165000
4,3,8.4,110000
2,2,7.6,55000
2,2,2.4,35000
2,2,4.4,50000
3,3,6.4,85000
0,2,4.8,12500000
0,4,8,26500000
0,2,2.4,10000000
0,4,4.8,13000000
3,3,4.9,15000000
2,5,4.8,7000000
6,5,1,72500000
3,3,7.3,22500000
3,5,4.8,9600000
4,2,4,8000000
6,5,1,100000000
2,6,5.3,3500000
6,6,8,22000000
0,3,7.8,12500000
0,6,9.6,23000000
3,3,8,14500000
0,2,3.3,6800000
0,2,4.4,6500000
6,5,2,170000000
3,3,6.4,9500000
3,3,6.4,9500000
3,3,6.4,9500000
2,2,4.8,7200000
2,2,3.3,3700000
3,3,4.8,7700000
3,3,6.4,11500000
4,3,7.8,20000000
6,6,1,130000000
3,3,8,7500000
6,7,9.6,36000000
3,3,6.2,12000000
6,6,1,155000000
3,3,7.3,12600000
3,3,6.7,13500000
0,2,3.1,6500000
5,4,14.4,49000000
3,3,6.2,19000000
3,3,6.2,13500000
2,2,4.2,14500000
0,2,4.2,5000000
0,2,4.2,5010000
0,2,4.2,5400000
0,2,4.2,5700000
5,6,1.3,65000000
4,4,4,35000000
6,6,2,280000000
2,2,5.6,17500000
2,2,3.2,4600000
3,3,4.8,12000000
3,3,8,14000000
2,2,4.2,5500000
6,5,2,225000000
7,6,2,260000000
0,0,1.6,600000000
3,3,16,25000000
2,6,4.8,7500000
4,3,7.1,19500000
8,8,8,29000000
3,5,9.6,4600000
3,3,5.3,7800000
6,6,9.6,45000000
6,8,10,28000000
4,4,8,52500000
2,2,2,6500000
2,2,4,6000000
2,3,4.3,6500000
6,4,8,14500000
3,3,1.2,55000000
2,3,1.8,4200000
2,2,6.2,9000000
2,3,4,4300000
3,3,4.9,9500000
3,3,8,14500000
0,0,4.8,15000000
6,4,5.1,8500000
2,2,5.1,7000000
0,0,1.2,200000000
2,2,4.4,5000000
3,3,4.9,10000000
3,3,4.9,10000000
2,2,4.4,16000000
10,11,4,450000000
2,2,4.8,12500000
6,6,4.8,13000000
4,4,4.8,17500000
4,4,4.8,14000000
4,4,4.8,16000000
4,4,4.8,13800000
4,4,4.8,19000000
4,4,4.8,19000000
4,4,4.8,14500000
3,3,8,16000000
2,2,2,1500000
0,0,5.4,12500000
2,2,2,1500000
0,0,8,24500000
0,0,8,24500000
7,7,1,92500000
3,3,7,9500000
0,6,10,57000000
0,0,8,26000000
4,7,9.3,28000000
0,0,1.2,125000000
6,6,4,16000000
2,2,4,3800000
2,2,4,3800000
4,4,6,27500000
2,2,3.6,6500000
10,11,13,35000000
4,4,5.6,8500000
4,4,10.7,43500000
3,2,5,6500000
2,1,3,5000000
1,1,2.5,4100000
3,3,6.7,23500000
0,0,5,22000000
0,6,12.4,65000000
6,6,1,30000000
2,2,6.7,8000000
4,4,16,55000000
7,6,8,14000000
5,5,1.1,60000000
6,7,5,9800000
2,2,2.9,3500000
6,4,5,8300000
0,0,3.6,3800000
0,0,6.7,6600000
2,3,4.9,42000
2,2,8,150000
2,2,10.2,135000
6,6,1,115000
0,0,3.6,18000
0,0,1,45000
0,0,7,50000
0,0,1,30000
2,2,7,22000
2,2,7,23000
0,3,7,20000
0,2,6,19000
0,3,12,35000
0,3,12,32000
0,3,12,30000
0,4,1,40000
1,2,2,9500
3,3,1,75000
0,0,6,15000
3,3,1,90000
4,4,1.3,500000
2,2,3.1,23000
1,1,2,7000
6,6,2.5,140000
6,4,14,52000
7,7,10,60000
2,2,5,15000
4,5,10.5,27000000
0,0,3.5,5200000
6,5,10,17500000
4,4,6,5000000
0,0,10,8300000
5,4,7,15000000
5,4,7,22000000
5,5,10,14500000
4,4,5.6,7500000
6,8,8,14000000
2,2,3,2800000
4,4,4,8500000
6,8,8,12800000
2,2,2.5,3500000
6,5,7,13500000
3,3,5,10500000
2,2,5,3600000
5,4,10,17800000
6,6,4,6500000
6,6,10,27500000
0,0,11,45000
0,0,5,20000
0,0,4,20000
0,0,7,60000
0,0,14.5,40000
0,0,7,35000
0,0,10,100000
0,0,1,125000
0,0,5,35000
0,0,5,35000
0,0,5,30000
0,0,5,40000
0,0,5,30000
0,0,8,20000
0,0,18,35000
2,2,5,27000
1,1,2,8000
4,3,12,40000
3,2,10,37000
3,2,10,37000
3,3,10,32000
2,2,10,32000
2,1,3.8,50000
0,6,1,35000000
0,3,3,5750000
7,6,1,48000000
3,3,7,12000000
3,3,5,13000000
6,5,1,49500000
0,0,8,16000000
6,5,5,12500000
7,5,1,35000000
7,6,5,13000000
6,5,10,14500000
8,6,5,300000000
3,3,5,12500000
2,2,14,65000000
0,0,16,75000000
5,5,1,35000000
5,4,5,14500000
0,0,4.5,33000000
5,5,10,21500000
2,2,5,6700000
0,5,10,26000000
0,6,1,47500000
3,3,10,14000000
3,3,5,5000000
5,4,10,39500000
4,4,10,21100000
5,5,1,51500000
5,5,1,51500000
5,5,1,51500000
5,5,1,51500000
3,3,3,7000000
2,2,5.6,10500000
6,5,10,20000000
3,3,5,20000000
5,5,1,35200000
0,5,1,45000000
6,6,1,36000000
6,5,1,46500000
5,4,10,25000000
6,5,10,18000000
5,5,5,16000000
1,1,1.5,1950000
6,5,1.2,52500000
3,3,5,13000000
3,3,5,4500000
6,5,1,49500000
4,3,10,23500000
7,6,1,32000000
5,5,1.5,45400000
6,5,1,49500000
4,4,5,11000000
6,5,7,16000000
3,3,2.5,4000000
0,0,10,24000000
5,5,12,27000000
1,2,18,6500000
2,4,3,7000000
4,3,5,12500000
4,3,10,13000000
4,3,3,7500000
5,5,5,9800000
6,4,17,36500000
4,5,10,22000000
3,3,2.5,6500000
2,3,4.2,8000000
5,4,10,14500000
3,3,2.5,3500000
3,3,3.5,7500000
0,0,5.4,12500000
0,0,5.4,12500000
0,0,5.4,12500000
0,0,8,18000000
2,2,4,5800000
3,3,5.4,11500000
2,2,4.2,5800000
5,5,17.1,60000000
4,3,10.4,120000
4,4,7,100000
2,2,6.4,50000
5,4,1.3,325000
0,0,1,140000
3,6,1.6,160000
3,3,1,130000
6,6,1.3,375000
3,2,12,80000
3,3,1,130000
3,3,1,130000
0,0,1,235000
3,3,9.8,80000
2,2,2.4,16000
0,3,5.6,28000
5,5,17.1,65000000
5,5,1,65000000
4,4,12.4,47500000
5,5,8,31000000
3,3,8,15500000
6,6,8,17500000
5,4,16,23500000
5,4,4.8,12000000
2,2,4.8,9800000
6,6,9.6,27500000
8,7,1.2,52500000
6,6,9.6,25000000
2,2,4.8,11500000
6,6,16,26500000
6,6,4.8,13000000
4,4,4.8,13000000
4,4,5.8,16500000
3,3,8.2,14000000
3,3,8,14500000
3,3,9.6,14000000
5,4,4.8,15000000
2,2,6.4,11000000
5,5,5.3,14500000
3,3,7.1,31500000
4,4,16.9,56000000
3,3,5.6,6500000
3,3,8,17500000
6,4,1,95000000
2,4,3.1,4200000
3,4,4.8,12500000
2,2,2.6,1800000
2,2,4.2,5500000
3,3,5.3,15500000
0,0,1.3,55000000
6,6,1,95000000
7,7,1,62500000
0,0,5.3,9900000
3,3,5.1,17000000
3,2,4.8,12500000
3,3,10.7,60000000
3,3,10,27000000
4,4,13.2,38000000
2,2,4.9,10000000
2,2,3.1,2800000
3,3,11.4,27000000
7,5,1,160000000
6,5,1,45000000
2,2,6.9,17100000
6,6,14.2,24500000
6,6,14.2,24000000
6,6,14.2,23500000
6,5,8,13500000
3,3,5,4000000
0,2,2.5,3000000
2,2,6,8300000
2,2,7.6,38000000
0,0,14.2,45000000
0,0,14.2,40000000
2,2,10,15000000
4,4,10,9500000
2,2,5.6,9500000
3,3,8.5,15000000
5,5,3.6,260000000
2,2,3.2,2200000
4,5,14,50000000
5,5,6,28000000
0,0,4.2,5247000
0,0,5.8,14800000
0,0,3.6,260000000
0,0,4,350000000
1,1,1.8,10500000
2,3,2.2,3500000
0,5,1,75000000
4,3,5,13000000
5,5,4.4,14000000
3,2,11.6,60000
5,4,1,225000
4,4,8,85000
4,4,5,42000
2,2,4.9,40000
5,5,10,72000
3,3,1,50000
6,6,1,120000
2,2,7,50000
0,0,1,40000
2,2,6.7,110000
4,3,1,90000
3,3,8,488000
3,3,1,35000
3,2,10,40000
4,3,13.3,350000
5,4,5,10500000
6,10,1.6,150000000
4,3,5,12500000
6,7,12,55000000
4,4,8,17000000
0,3,6.7,6500000
0,2,4.2,4700000
0,2,4.9,5200000
0,2,3.6,3800000
0,0,3.1,3700000
2,2,3.6,3700000
6,4,10,17500000
0,0,1.8,2680000
0,0,3.6,5360000
3,5,5,5500000
4,3,5,10000000
5,5,8,16500000
4,4,4,8000000
2,4,4.5,4150000
6,6,12.4,26000000
1,2,3.5,3300000
5,4,1,35000000
2,1,3.6,8400000
6,5,10,22500000
4,7,7,15000000
5,5,8,15000000
6,5,1.2,45000000
4,5,8,14500000
5,5,8,14000000
0,0,3,9500000
0,0,4,22000000
2,2,2.8,4800000
2,2,3.6,4500000
7,7,11,18500000
7,5,10,19000000
5,3,5,10500000
3,4,3.5,3000000
2,2,3,6500000
6,5,7,13500000
0,0,5,35000
0,0,8,55000
0,0,2,30000
0,0,5,35000
0,0,12,32000
0,0,5,35000
0,0,5,40000
0,0,5,35000
0,0,5,23000
0,0,5,40000
0,0,5,35000
0,4,5,40000
0,0,5,23000
0,0,5.5,45000
0,2,7,24000
2,2,10,36000
0,0,10,35000
3,3,14,40000
3,3,1.2,50000
3,3,14,35000
6,6,8,65000
3,3,5,18000
6,5,10,75000
0,0,1,36000000
2,2,2,4300000
3,3,3.5,8500000
3,3,3,5800000
5,5,5,10000000
7,7,2,140000000
4,4,10,31000000
5,5,10,22500000
7,6,1.6,100000000
6,5,1,55000000
7,5,10,22500000
7,5,10,25800000
2,3,2.2,5200000
3,3,5,8000000
3,3,5,8000000
4,6,5,6500000
6,5,1,60000000
5,3,5,12500000
3,3,1,58000000
6,6,1,28000000
4,4,11,21500000
2,2,5,8500000
5,4,5,14000000
6,5,10,39000000
4,3,5,13500000
0,0,8,12500000
3,2,6,9000000
0,3,3,4500000
1,2,5,4500000
6,5,7,26000000
6,5,7,26000000
1,2,3,1700000
5,4,10,32500000
2,3,2.5,4900000
6,5,1,53500000
0,8,1,62500000
4,3,5,10500000
3,3,1,45000000
2,3,3.5,6200000
2,3,3.5,6200000
5,4,1,39900000
5,4,5,10500000
0,5,10,23000000
0,3,8,16000000
1,0,1.4,1700000
6,6,10,20000000
3,3,2.5,7000000
6,5,5,7500000
1,0,1.5,1100000
2,3,5,8200000
2,3,5,8600000
6,5,1,44500000
7,6,1,36500000
7,6,1,47500000
5,3,10,20000000
2,2,6,22500000
5,5,1,70000000
4,4,10,62000000
3,3,10.2,39000000
3,3,10.2,35000000
3,3,4.6,45000000
2,2,3.6,5700000
7,6,1,105000000
2,2,3.4,5200000
3,2,4,11000000
0,2,4.7,4000000
7,6,1,90000000
2,2,5,6600000
6,6,9.6,30000000
6,6,1,145000000
0,0,5.2,12000000
3,3,6,7800000
3,3,5.3,15000000
2,2,4.2,11500000
4,3,16,28500000
2,3,2.4,2200000
4,4,4,5700000
2,2,3.4,4400000
7,6,1,72500000
3,3,9.6,19000000
4,4,4.8,17500000
2,2,3.3,6500000
0,0,2,7500000
3,3,5.3,3200000
5,9,6.4,9000000
5,4,16,80000000
7,7,12,43000000
3,3,12.4,35000000
3,3,7.3,13500000
3,3,12.4,35000000
2,2,4.2,38000
3,3,8,75000
2,2,5.3,55000
2,2,4.4,55000
4,4,1.1,80000
3,3,11.4,65000
3,3,11.4,60000
4,4,1,300000
4,3,9.3,125000
2,2,4.2,45000
2,2,4.8,35000
5,5,4.8,12500000
3,2,5.6,12500000
2,2,4.4,13000000
5,4,13.2,37500000
3,3,8.9,19000000
2,2,4,6500000
2,3,4,8500000
2,8,3.2,9500000
3,4,16,22000000
0,2,5.8,9000000
0,0,4,38500000
6,6,9.3,17000000
3,3,8,55000000
0,6,16,36000000
6,5,1,81000000
4,4,11.6,36000000
4,4,4.8,22000000
2,3,9.8,15000000
6,10,4.8,17500000
3,3,5,13000000
3,3,6.1,15000000
3,3,7.1,13000000
3,3,8.8,16000000
1,2,3.2,4600000
3,3,4.9,11000000
3,3,5.6,9500000
4,3,9.6,17000000
3,3,5.3,16000000
3,5,7.9,12000000
2,2,3.2,6500000
2,2,12,24500000
0,0,16,24500000
5,4,10.2,47500000
0,0,1.3,165000000
5,4,11.6,62500000
3,3,4.7,7000000
5,4,4,35000000
5,4,4,35000000
7,5,1,148500000
6,6,9.6,22300000
4,3,8.9,30000000
8,8,1.2,65000000
2,2,4.2,12000000
3,2,4,4200000
3,3,6.7,11500000
0,0,4.7,4650000
3,3,4,12000000
3,3,5.8,7400000
4,5,4.8,13000000
3,3,5.3,8400000
0,3,6.4,25000000
7,6,1,160000000
3,3,9.3,26500000
3,3,8,18000000
3,3,6,14000000
5,4,12,65000000
2,2,4.2,6500000
2,2,4.2,7500000
3,3,5.6,11000000
3,3,4.8,8000000
3,3,5,4700000
3,2,4.9,5000000
3,2,4.9,5000000
5,4,8,11000000
6,0,5,9900000
2,2,5,8200000
2,3,3.8,5500000
4,3,6.7,6800000
0,0,8,5200000
4,3,8,5500000
1,1,1.8,3400000
6,6,1,44500000
0,2,3.8,3000000
2,2,2.9,3000000
5,5,1,55000
7,6,2,400000
2,2,8,47000
2,2,10,30000
3,3,8,75000
2,2,2.9,16000
1,1,2,24000
0,2,5,18000
0,3,1,55000
0,3,1,40000
0,0,10,55000
3,2,4.9,20000
3,2,4.9,20000
3,2,4.9,20000
8,7,1,375000
0,1,5,12000
0,2,10,35000
0,3,1,35000
2,2,11.6,70000
1,1,5.3,38000
4,3,1,60000
0,0,10,16500000
0,0,10,16500000
0,0,5,8500000
0,0,3.8,7000000
0,0,5,8500000
0,0,5,8500000
0,0,5,8500000
0,0,5.3,9000000
6,5,1,56500000
0,5,5,9000000
0,0,5,9500000
0,0,5,10000000
0,0,10,10000000
0,0,18,45000000
0,0,1,42500000
0,0,2.2,4500000
0,0,7,20000000
0,0,7,20000000
0,0,16,40000000
0,0,10,18000000
0,0,6.2,15000000
0,0,1,55000000
0,0,2.5,5000000
4,4,5,14000000
0,4,5,12000000
0,0,5,8500000
0,0,5,14000000
6,4,5,8200000
0,4,10,24000000
0,6,10,20500000
4,3,10,17000000
4,3,10,18200000
4,6,7,15000000
6,4,5,15500000
4,4,6,18000000
4,4,5,15000000
0,0,5,8000000
0,0,5,8000000
4,4,5,13000000
7,7,17,26000000
5,4,7,15000000
6,6,7,38000000
4,4,6,12000000
5,10,5,12000000
1,2,3,4000000
2,2,4,6000000
6,5,10,22000000
7,6,15,31500000
10,9,1,40000000
2,2,5,3200000
0,0,6,20000
0,0,10,24000
0,0,5,36000
0,0,5,35000
0,0,7,45000
0,0,7,42000
0,0,10,58000
0,0,10,56000
0,0,5,33000
0,0,5,30000
0,0,7,45000
0,0,10,58000
0,0,5,25000
0,0,5,24000
0,0,7,35000
0,0,7,36000
0,0,10,45000
0,0,10,48000
0,0,5,25000
0,0,7,35000
0,0,2,35000
0,0,1,45000
0,0,1,45000
0,0,1.2,30000
0,0,7,25000
0,0,10,32000
0,0,5,18000
0,0,5,17000
0,0,5,18000
0,0,5,20000
0,0,5,20000
0,0,7,45000
0,0,5,45000
0,0,7.5,32000
0,0,3,20000
0,0,5,40000
0,0,5,40000
0,0,1.2,130000
0,0,15,125000
0,0,5,30000
0,0,5,45000
0,0,5,45000
0,0,5,35000
0,0,1,75000
0,0,1,65000
0,5,1,115000
10,9,1,130000
2,1,3.1,30000
0,0,8,25000
0,0,4,18000
2,1,3.1,35000
0,0,1,140000
6,5,13,80000
6,5,10,24000000
2,3,2.5,3200000
6,5,2,215000000
6,5,1,51500000
5,4,10,39500000
6,5,2,155000000
6,6,1,32500000
0,0,5.5,330000000
5,5,1,57500000
3,3,3,6700000
0,0,5,12500000
3,3,10,12500000
6,4,5,12000000
6,6,1,100000000
4,3,6,13500000
5,5,10,17000000
3,5,3,15000000
0,5,1,40000000
0,4,1.2,40000000
6,6,9,20000000
4,4,6,14500000
3,3,4,7000000
5,5,1,55000000
5,5,1.2,52500000
6,5,5,11000000
3,3,4,9000000
3,3,3,6500000
3,3,3,6000000
3,3,3,5300000
4,4,10,19500000
5,3,7,22500000
6,7,1,100000000
7,5,1,43000000
0,0,1,60000000
5,5,10,20000000
3,3,5,12500000
5,4,1,42500000
3,3,3,6000000
4,3,7,26500000
5,4,10,21000000
3,3,7,20000000
3,3,11,17000000
5,4,10,32000000
0,5,5,11000000
0,5,4,120000000
5,4,1,49000000
0,0,2,3650000
4,3,17.8,29500000
3,3,2,4200000
2,2,3,3200000
3,3,3,10000000
5,5,10,27500000
2,2,4,4300000
6,6,4,122500000
8,7,1.2,325000
8,7,1.2,275000
3,3,8,45000
3,3,10,55000
3,4,1.2,85000
2,2,3.2,22000
3,3,9.6,50000
3,3,4.8,25000
1,2,3.3,18000
3,3,16,55000
3,3,16,55000
3,3,16,55000
3,3,8,50000
3,3,8,40000
4,3,13.3,110000
4,4,4,140000
2,2,4,28000
5,4,10.7,110000
2,2,14,80000
2,2,4.2,35000
5,5,1,400000
7,6,1,255000
3,3,16,50000
2,3,3.3,25000
2,2,4.8,30000
2,3,3.1,25000
0,4,2,275000
0,6,1.3,400000
0,6,1,350000
0,4,1,180000
0,3,1,130000
0,3,1,130000
0,3,1,150000
8,7,1,275000
3,3,1,135000
6,5,1,235000
4,3,9.8,125000
4,4,4,39000000
2,2,4.4,5000000
2,2,4.2,8500000
4,4,4.8,50000000
3,3,5.6,7800000
2,2,3.2,2800000
2,2,3.3,7000000
4,4,8,16000000
3,3,7.6,17500000
5,6,9.6,22800000
5,6,9.6,22500000
3,2,4.8,9500000
3,2,4.8,9500000
5,4,4.8,13000000
5,4,4.8,12800000
3,2,4.8,9500000
5,4,4.8,14500000
5,4,4.8,14500000
5,4,4.8,14500000
2,2,3.8,5700000
9,9,11.2,55000000
5,5,11.2,37500000
5,4,10,52500000
5,4,9.6,35000000
5,4,12,19000000
2,2,3.5,6000000
2,3,8,11000000
1,1,2.4,3100000
3,3,8,14500000
0,0,2.9,3500000
4,4,8,16000000
0,0,8,16000000
2,2,5.1,4300000
2,2,4.2,7500000
2,2,3.8,10000000
3,3,12.2,28500000
3,3,1.1,64000000
0,0,3.4,3000000
3,3,4.4,5500000
7,5,5.1,16000000
6,6,4.8,11000000
6,4,9.6,35500000
2,4,4.8,5000000
5,5,1,82500000
2,2,4,6500000
6,6,2,250000000
6,6,2,250000000
4,3,11.4,33000000
3,3,7.6,18500000
3,3,7.6,19000000
2,2,2.4,2700000
2,2,2.4,2700000
2,2,2.4,2700000
3,3,2.2,5000000
4,4,4.8,14000000
3,3,1.8,3800000
3,4,7.8,23500000
4,4,2.4,9000000
3,3,4.8,7500000
5,4,5,11000000
6,6,5,13000000
0,0,5,11000000
6,7,9,17000000
6,5,8,17000000
2,2,3.6,4000000
1,1,2.6,3638000
7,6,1,49500000
7,5,8,21500000
4,3,4.4,15000000
0,0,12,15000000
4,6,4,8500000
5,4,4.4,17500000
1,1,2.7,2650000
5,5,4,14500000
6,6,10,34000000
3,3,8,9000000
3,3,8,7300000
3,3,8,7600000
3,3,8,6000000
3,3,8,6050000
2,2,5,2950000
3,3,8,7600000
2,2,5,3450000
0,0,1.6,9800000
6,5,7.3,31500000
5,5,14,55000000
2,2,7.3,10500000
2,2,4.9,9000000
2,2,4.2,6200000
0,0,5,9300000
3,2,7,8800000
7,6,1,110000
3,2,5,16000
0,3,1,40000
0,0,10,70000
3,3,12,57000
3,3,1,80000
5,5,10,37000
2,2,4.6,32000
4,3,1,75000
4,3,10,50000
3,3,10,50000
4,3,2.5,3400000
6,6,1,35000000
0,4,7,21000000
0,7,1.2,60000000
0,0,7,17500000
5,5,7,14500000
0,0,8.8,5200000
2,3,5,6000000
1,1,2.6,3600000
4,3,10,17500000
4,3,10,16500000
6,5,5,10000000
5,5,10,20000000
8,6,1.2,43500000
3,3,8,10500000
5,5,10,24000000
5,5,10,23000000
1,1,2.3,2970000
5,4,6,8500000
2,4,2,5500000
0,1,2.9,3500000
0,2,5.3,11500000
7,6,1,42500000
6,5,10,24000000
6,6,7,14500000
0,8,16,45000000
2,2,2,20000
0,0,5,35000
0,0,5,32000
0,0,5,30000
0,0,7,45000
0,0,7,42000
0,0,10,60000
0,0,10,58000
0,0,5,25000
0,0,5,22000
0,0,7,35000
0,0,7,34000
0,0,10,45000
0,0,10,45000
0,3,5,24000
3,3,13,33000
5,5,1,95000
0,0,5.3,28000
1,1,2.2,21000
7,5,10,65000
2,2,5.8,50000
4,4,7,40000
4,4,7,40000
3,2,11,35000
0,0,3,6000000
8,7,1,32000000
5,4,10,18500000
4,3,5,15000000
1,3,2.5,3600000
5,3,6,13500000
7,6,1,61000000
5,4,10,21000000
4,3,5,10500000
4,4,12,20000000
1,1,2.2,4900000
4,4,10,19500000
4,4,12,17500000
4,3,10,14100000
6,5,1,43500000
4,3,1,45000000
0,0,7,13500000
5,5,10,24800000
2,2,4,4500000
6,5,5,14000000
2,2,2.5,4000000
1,1,2.7,4200000
4,3,5,10600000
3,3,4.5,8000000
2,3,10,15000000
2,3,2.5,4900000
2,3,3.5,6200000
0,0,5,8200000
2,2,2.5,5200000
3,3,10,12000000
6,5,1,48000000
2,2,3.9,4200000
0,8,2,50000000
3,3,2.5,5000000
2,3,5,8500000
6,5,10,24000000
4,3,2,28500000
6,5,10,21500000
4,3,4,8500000
4,3,3.5,8400000
7,6,1,35000000
7,5,1,42500000
6,5,1,41500000
7,6,1,41500000
8,8,1,29500000
7,5,10,18000000
4,4,12,18500000
3,6,5,6500000
3,3,5,15500000
4,4,12,18000000
6,5,1,72500000
4,3,3,3800000
2,2,2.7,5500000
6,5,1,74000000
4,4,12,17500000
6,5,1,54500000
3,3,10,12500000
0,0,5,22000000
5,4,8,14000000
5,3,4,6300000
5,5,3.2,5500000
5,5,3.2,6500000
5,5,3.2,5500000
2,2,2.4,1800000
3,3,3.2,3600000
2,2,4.2,6900000
5,5,14,130000000
2,4,9.6,15000000
2,2,4.8,6500000
0,0,5,8000000
0,3,9.6,17500000
3,3,12,17000000
3,3,6,12000000
0,0,3.1,3000000
2,2,2.7,3500000
3,3,8,19000000
3,3,6.1,14500000
2,2,3.2,2500000
2,2,4.9,5900000
3,3,4,6000000
0,3,5.6,12000000
0,4,1,32500000
0,4,4.8,32500000
2,2,4.4,4800000
5,4,1.9,132500000
7,6,2,185000000
3,3,6.2,11500000
5,7,16,38500000
2,4,4,7000000
4,3,16,55000000
2,3,3.4,7200000
0,9,2,240000000
0,6,1.3,240000000
0,4,4,39000000
0,4,4,40000000
0,9,2,250000000
0,3,4,29000000
0,3,4,29000000
0,5,4.8,45000000
4,6,3.2,9000000
2,5,4.8,15000000
0,10,12,28000000
3,3,6.4,10500000
4,3,1,120000
3,2,4.4,52000
4,3,1,155000
2,2,3.8,22000
2,2,4.8,22000
0,0,9.6,32000
2,2,3.6,30000
0,0,3.1,16000
5,4,10.7,125000
2,2,4.4,30000
6,5,1,115000
1,1,4,55000
3,3,8,46000
1,1,2,13000
3,3,5.3,30000
0,0,6.9,42000
4,5,9.6,50000
6,5,1,115000
2,3,1,100000
3,3,1,130000
0,2,4,27500
4,3,11.6,65000
3,3,7.1,60000
2,2,4,18000
8,6,1,350000
8,6,1,300000
3,3,8.9,170000
3,3,8.9,110000
3,3,8.9,32500000
5,5,1,115000000
2,2,4.2,9500000
3,3,8,22000000
2,6,3,4500000
4,4,11.1,47500000
2,2,4,5500000
0,10,16,65000000
8,8,10.1,37000000
6,6,10.7,48000000
6,5,1,54000000
6,5,1,39000000
4,4,15.1,30000000
5,5,8,27000000
0,0,2,45000000
4,4,1,55000000
5,5,1.1,40000000
6,5,10,24000000
7,6,1,42500000
5,4,5.6,6900000
6,5,10,26500000
5,4,4.4,16200000
2,2,3,1600000
0,0,10.9,35000000
10,11,14.2,35000000
3,3,5.3,8500000
4,4,8,27500000
8,8,10,11000000
6,5,10,22500000
1,1,2.7,2450000
7,7,13,31000000
10,11,2,45000000
6,5,7,14500000
6,6,1,42500000
4,3,5,6500000
2,2,4,32000
1,2,3.6,25000
5,5,8,60000
5,5,8,65000
1,1,4,14000
0,0,10,55000
2,2,14,45000
2,2,5.8,65000
3,2,7,20000
2,2,9.6,220000
9,8,2,230000
3,3,9.6,250000
1,1,4.4,50000
3,3,1,75000
2,2,5.6,23000
0,0,1,150000
0,4,1,110000
6,10,7,17500000
3,3,5,6200000
6,5,10,24000000
6,5,1,43500000
4,4,5,13000000
5,6,4,7200000
6,5,7.3,13500000
4,3,5,10000000
4,4,8,13000000
4,3,5,9800000
5,4,5,7600000
5,5,7,12500000
3,5,6,10500000
2,3,3,4000000
1,3,3,2900000
2,2,6,22000
2,2,2,20000
5,5,8,35000
3,2,5.5,18000
2,2,2,20000
2,2,2,20000
4,4,7,40000
1,2,5,10000
5,6,3.3,175000
6,5,1.5,140000
2,3,5,13000
0,0,1.5,12000
5,5,7,110000
0,0,3,5100000
2,2,5,7900000
4,4,5,12500000
4,2,2.5,6600000
6,6,1.3,75000000
2,3,3.5,6000000
4,4,1.4,55000000
0,0,10,20000000
4,4,1,43000000
6,5,6,8500000
3,4,3,12000000
5,4,7.5,19000000
2,1,5,10500000
6,5,7.5,26000000
10,10,1,17000000
6,5,5.5,60000000
4,5,12,27500000
2,3,2,5500000
6,4,7,19000000
1,2,2.5,3700000
7,5,10,24000000
6,5,1.2,65000000
7,5,10,23500000
3,3,5,6500000
7,5,1,39000000
5,5,10,29500000
5,4,13,23000000
4,5,5,12000000
6,6,16,32500000
7,5,1,55500000
4,4,5.5,13000000
5,4,10,23000000
6,5,1,37500000
0,0,5,17000000
4,3,5,12000000
6,5,12,29000000
5,4,10,29500000
4,5,17,22500000
2,2,4.2,4750000
5,3,5,11500000
4,3,4,9500000
3,4,10,18000000
5,4,10,24900000
5,4,5,11000000
6,5,10,30000000
6,5,5,11000000
3,7,4,9000000
0,0,10,11000000
6,5,10,24000000
6,6,1,40000000
2,2,5,6700000
4,4,1,45000000
0,0,3.5,6500000
0,0,10,20000000
3,4,5,10000000
4,4,10,22000000
0,0,2.5,15000000
6,6,10,25000000
2,2,2,3500000
2,2,2,3500000
2,2,2,3500000
5,5,1,41000000
5,5,1,42500000
5,5,1,57500000
4,3,8,19500000
6,6,6.8,18500000
2,2,3.6,4800000
4,6,8,25000000
10,11,4.8,25000000
3,5,5.7,5700000
4,4,4.8,18000000
4,4,3.2,14500000
0,0,9.6,18000000
4,4,4,36000000
3,3,3.2,10500000
0,0,3.2,4500000
0,0,2,5500000
3,3,7.3,17500000
0,0,3,3500000
2,2,2.1,5000000
2,2,3.2,5500000
2,2,4,8500000
4,4,3.2,14500000
9,9,16,49000000
3,2,4.8,8400000
7,6,9.6,26500000
5,5,1,72500000
2,2,7.3,35000000
3,3,5.8,6800000
2,2,3.8,3950000
4,4,5,13000000
3,2,3.2,6500000
4,4,13.2,40000000
3,3,7.1,8000000
3,3,9.3,15000000
3,3,7.1,12000000
3,3,5.8,7300000
3,3,6.4,10500000
5,4,4.8,8000000
4,3,12,40000000
2,2,3.6,4800000
2,2,4.9,5500000
3,2,4.8,11000000
2,3,6.2,28000000
3,3,6,9000000
3,3,5.8,12500000
3,4,5.1,6300000
4,3,12,15000000
3,3,5.6,6200000
4,3,10.7,11200000
3,3,7.1,8000000
5,5,16,55000000
4,5,3.8,6500000
5,4,11.1,34500000
2,2,3.3,6500000
2,2,4,4500000
2,4,2.4,8600000
0,0,5.6,9500000
3,5,5.3,12000000
3,3,6,7000000
1,1,2.7,4500000
7,6,1,135000000
2,2,4.4,8500000
3,3,6,9600000
3,3,6,9800000
6,6,1.3,475000
2,2,4.2,50000
2,2,4.4,20000
3,3,6.6,58000
0,0,9.6,45000
5,4,2,400000
3,3,1,85000
4,3,11.4,65000
3,3,10.6,100000
3,3,8,22000
3,6,3.2,30000
3,3,6.7,35000
3,3,8,35000
3,3,8,37000
4,3,8,67000
6,4,12.4,115000
5,4,6,120000
2,2,4.2,35000
5,10,9.6,170000
2,2,4.8,22000
3,3,10.7,125000
3,3,6.2,35000
3,3,6,36000
3,4,4.8,25000
8,6,1.3,250000
3,3,9.6,35000
3,4,6.4,24000
2,2,4,21000
3,3,9.6,37000
5,4,10,160000
8,6,4.8,17500000
2,2,4.8,7500000
0,0,1.8,4000000
3,3,9.6,21500000
5,5,4.8,15000000
6,5,4.8,15500000
6,5,4.8,13000000
2,2,4.8,9000000
2,2,4.4,17000000
3,3,8.7,11000000
4,4,8,16500000
3,3,6.1,15000000
2,2,4.8,8500000
10,11,4.8,25000000
2,2,3.2,5200000
0,0,4.8,12500000
4,3,8,24500000
4,6,4.8,20000000
8,8,16,49000000
3,4,6,16500000
3,3,8.9,8500000
3,2,5.1,7500000
4,4,4,30000000
1,3,4,3500000
0,0,2.5,3000000
3,2,6,5700000
6,6,10,17500000
2,2,4,4500000
3,3,11.4,16500000
6,6,5,9500000
6,6,1,72000000
6,6,1.3,85000000
9,9,2.5,125000000
7,6,7,26500000
2,4,4,12200000
2,2,4.9,5000000
2,3,5.8,6500000
1,2,3.8,6000000
8,7,8,31000000
5,5,4,15500000
1,1,2,1200000
2,2,4.9,9800000
5,4,5,7000000
6,6,1,65000000
5,5,5,8800000
0,0,4,14500000
0,0,8,4500000
9,9,5,24000000
2,2,5.2,5500000
6,5,10,24000000
6,5,10,19500000
6,5,10,20500000
5,4,10,23000000
6,5,10,15500000
3,3,8,7000000
6,6,1,19500000
2,2,4.6,10800000
4,4,8,35000000
4,4,7,18500000
8,8,10,13000000
4,4,5,12500000
5,4,5,12500000
3,3,8,8000000
6,6,1.6,47500000
1,1,3.8,7500000
4,4,8,29500000
6,5,10,18000000
2,2,3.6,4000000
6,4,14,16000000
5,5,10,31000000
0,6,1.3,100000000
0,6,1.3,100000000
0,0,1,100000000
0,0,1.1,120000000
0,0,4,210000000
3,3,8,7000000
0,1,6,45000
3,3,11,31000
4,3,15,45000
8,10,1,150000
2,3,5,55000
4,3,1,65000
0,0,10,9000
8,6,1.3,700000
0,5,9.7,80000
6,5,1,150000
4,3,11,62000
6,6,10,60000
3,2,7,23000
6,6,10,100000
5,4,5,6200000
2,4,5,4300000
3,4,5,7500000
3,4,2.5,6500000
3,2,2.5,3700000
3,3,5,8950000
3,6,5,7500000
2,6,3,15000000
2,2,6,6000000
3,3,4,5500000
6,5,10,22500000
5,4,8,13500000
0,0,10,8000000
0,5,14,18000000
3,3,6,5500000
6,5,7,14000000
4,4,14,30000000
6,8,1,35000000
3,3,6,7500000
0,0,1,37500000
6,6,10,14500000
4,4,9,14000000
2,2,4,5500000
4,4,5,6200000
4,3,10,17000000
5,4,7,60000
0,0,0.6,6000
0,0,1.1,7000
4,5,10,50000
4,4,5,35000
0,0,2,225000
0,0,1,200000
0,0,8,20000
0,0,18,35000
8,11,19,100000
4,3,5,38000
4,3,1,140000
3,2,3,22000
4,3,11,150000
4,3,10,52000
1,1,2,8000
6,5,15,120000
0,0,5,15000
3,3,12.4,35000
2,2,5,23000
3,3,12,65000
4,3,1,50000
3,3,11,65000
2,2,3.6,20000
2,2,3.6,20000
2,2,3.1,18000
2,2,3.1,18000
4,3,10,15000000
0,0,2,3650000
3,3,10,12400000
6,5,1,45000000
0,0,4.7,8700000
3,3,10,14500000
7,5,10,19500000
5,4,7,15000000
5,4,10,22000000
4,3,3,4900000
4,3,2,3500000
0,4,5,10500000
0,0,1,67500000
3,3,2,2700000
2,4,3.5,8000000
0,0,5,7500000
7,5,12,20000000
7,5,1,35000000
2,4,5,21500000
4,3,3,4490000
6,7,5,7000000
4,3,5,7500000
2,2,5,8500000
3,3,5,10700000
6,5,1,52500000
5,4,10,16500000
7,5,1,43000000
5,4,10,25000000
0,0,1,22500000
5,5,10,26500000
6,4,10,23500000
0,0,4,9500000
0,0,2,8200000
0,0,3,8300000
0,0,10,26500000
0,4,6,13500000
0,0,2,75000000
2,3,5,8600000
3,3,1.2,80000000
3,3,3,6000000
6,4,5,9500000
3,3,2.5,5800000
3,3,2.5,6500000
5,5,1,55000000
0,0,4,13000000
5,4,10,42500000
0,0,5,9500000
5,4,10,41500000
6,5,8,17000000
6,5,17,25500000
5,3,5,12500000
2,4,3,4800000
5,3,5,12500000
3,3,1.5,5500000
1,2,5.5,4750000
7,5,1,70000000
3,3,3.5,6500000
5,4,7,14900000
4,5,3.5,5000000
5,4,6,7500000
4,4,10,19500000
6,7,7.5,24000000
4,4,7,23000000
7,5,1,47500000
6,6,2.4,160000000
2,3,3.4,3300000
2,2,4.9,4600000
3,3,6.4,9000000
3,3,6.1,9500000
2,2,3.3,3500000
2,2,4.8,7500000
1,2,4.8,9500000
2,3,4.8,6700000
2,2,2.9,4300000
3,3,8,23000000
0,2,4,4500000
3,3,5.3,7500000
6,6,1,87500000
3,2,4.8,3500000
6,6,1,70000000
6,4,1.2,63000000
3,3,8,11800000
5,5,1,80000000
8,6,9.6,22000000
0,0,3.1,3500000
0,0,6.2,7500000
5,6,4.8,27000000
0,0,4.4,6000000
0,0,9.6,30000000
3,3,8,17000000
5,5,14.2,30000000
6,5,4.8,15000000
6,6,1.1,95000000
6,7,9.6,35000000
3,3,4.8,9500000
3,3,4.4,6000000
2,2,4.2,6500000
2,2,2.6,2550000
4,10,8,50000000
8,6,1.1,90000000
0,0,1,65000000
2,2,3.3,3500000
6,6,8,28500000
0,0,1.4,160000000
6,5,4.8,7500000
2,2,5,5000000
3,3,4.4,5200000
0,0,4.2,5400000
0,0,3.5,3500000
8,8,8,30000000
4,3,8,15000000
3,2,5.8,46000000
2,2,3.6,5800000
2,4,4,4000000
2,2,3.9,3500000
2,2,2.7,3500000
2,6,2.6,3800000
2,2,4.8,4500000
4,3,11.4,32000000
7,5,12.9,22500000
4,3,11.4,32500000
6,4,8,25000000
1,2,3.2,16000
0,0,4.2,35000
3,3,5.3,24000
3,3,9.6,35000
1,2,3.2,20000
3,3,7.6,80000
3,3,9.6,48000
2,2,4,30000
3,3,6.2,53000
0,4,16,60000
2,2,6.8,25000
2,3,4.8,24000
6,5,1,300000
0,0,9.8,120000
2,2,5.1,17000
3,2,4.8,30000
3,3,9.6,45000
0,0,12,75000
4,4,1,65000
0,0,4.4,25000
3,2,8,45000
3,3,7.1,80000
0,2,4.8,18000
0,0,16,60000
0,2,2.4,15000
0,3,4.8,22000
0,3,4.8,20000
0,2,2.8,16000
0,4,8,35000
0,3,4.8,22000
0,3,4.8,30000
0,3,4.8,30000
0,2,2.4,12000
0,3,4.8,28000
0,3,4.8,30000
0,4,5.6,22000
6,5,14,155000
1,1,0.9,14000
0,0,0.9,10500
3,3,10,65000
0,0,9.6,45000
4,3,1,90000
3,3,8,39000
3,3,8,45000
1,2,1.8,16000
8,5,10,55000
3,3,1,110000
3,3,1.2,165000
3,3,12,100000
4,3,16,65000
3,2,3.8,20000
3,3,12,85000
4,4,12,165000
3,3,1,110000
6,5,1,275000
0,0,1.4,90000000
4,3,12,17500000
2,2,4,3850000
1,1,1.9,2580000
6,8,1,50000000
3,2,4.5,5000000
6,6,12,23500000
6,5,1,40000000
0,0,10,17500000
3,3,6,13000000
5,4,10,19000000
6,4,5,13000000
2,2,5.1,6200000
2,2,4,6600000
2,2,7.6,11000000
8,7,1,70000000
2,3,6,20500000
6,7,1,35000000
5,5,11,19500000
0,0,19.5,140000000
8,7,1.3,165000000
2,2,3.6,4000000
0,0,1,80000000
10,9,2.4,135000000
10,9,2.4,135000000
4,4,12.9,22500000
5,4,5,10500000
2,3,2.5,2800000
7,5,6,14000000
0,4,6,9900000
3,4,6.6,22500000
3,3,1,170000
0,0,2,600000
0,0,2,700000
0,0,2,800000
0,0,2,850000
0,0,2,950000
0,0,2,700000
3,3,6,30000
3,3,6,32000
3,3,6,34000
3,3,6,36000
3,3,7,35000
3,3,7,37000
3,3,7,39000
4,4,10,40000
4,4,10,41000
4,4,10,42000
0,0,10,27000
0,0,5,35000
0,1,5.6,45000
4,3,11,60000
1,1,2.2,32000
0,2,1,33000
0,3,1,40000
1,1,4,10000
4,3,1.2,45000
5,5,10,65000
3,3,16,70000
4,4,11.1,43000
2,2,5,16000
5,5,1,100000
5,4,1,80000
3,3,12.4,45000
3,3,1.2,85000
2,2,4.4,15000
3,3,13,35000
9,8,1.3,400000
1,1,5,9000
9,8,1.8,330000
1,1,5.1,140000
0,0,2.4,32000
2,2,4.9,35000
8,6,1.2,57000000
0,0,10,13500000
7,5,1,32500000
4,3,5,10000000
8,6,4,160000000
0,0,11,40000000
3,3,5,9500000
1,2,2.5,2600000
6,5,11,18500000
6,6,14,17000000
4,3,5,10500000
3,3,6.9,11700000
2,2,3,6500000
6,6,14,16000000
7,4,10,20000000
6,4,10,19000000
2,2,2.5,2600000
2,2,2.5,2600000
6,6,7,30000000
0,0,7,31000000
0,0,7,32500000
2,3,7,5500000
0,0,2.1,2800000
0,0,7,31000000
5,4,7,9700000
2,2,2.5,5200000
5,6,5,24500000
6,5,7,14000000
4,5,4,9500000
3,6,5,11000000
4,3,5,35000
0,0,3,22000
0,0,5,38000
0,0,5,35000
0,0,10,25000
0,0,10,25000
0,0,5,25000
0,0,8,20000
0,0,3,23000
0,0,1.5,12000
5,5,10,70000
0,0,13,200000
0,2,13,50000
3,3,6,25000
3,3,11,65000
6,5,10,60000
3,3,10,32000
5,5,1,60000
3,3,10,18000000
4,4,17,37500000
3,3,3.5,6500000
3,3,4,7200000
3,3,2,4700000
3,3,2,4700000
6,5,1,45500000
6,5,1,45000000
4,4,5,9500000
5,5,1,42500000
3,3,2,6000000
3,3,2,5500000
4,4,10,20000000
6,5,1,42500000
5,5,7.5,20000000
5,5,10,26000000
4,4,5,7500000
4,5,10,23000000
6,5,1,40000000
7,7,1,37500000
5,5,10,22000000
4,4,3,7500000
4,5,6,7500000
6,6,7,22500000
3,3,5,13000000
0,3,3.5,5800000
2,4,6,6500000
3,3,5,8250000
6,5,1,50000000
6,5,1,42000000
3,3,10,18500000
4,4,5,16000000
6,6,2,110000000
5,4,10,37000000
0,2,10,17500000
4,4,5,13000000
6,5,1,35000000
0,4,10,27000000
7,6,2,77500000
6,5,1,37000000
7,6,1,47000000
2,3,2.9,2400000
2,2,2.4,3300000
6,6,1,120000000
3,3,7.6,26000000
3,3,6.4,15000000
5,5,1,80000000
0,0,4.7,4500000
2,2,4.8,5000000
2,2,4.8,6500000
3,3,8,18000000
4,4,4.8,12000000
4,3,4,42000000
6,6,3.2,13000000
2,3,3.2,5300000
1,3,3.2,2150000
6,6,2,270000000
7,6,1,77000000
0,0,9.8,41000000
2,2,3.2,2600000
5,4,4.8,15000000
5,5,1,71500000
6,6,12,39900000
2,3,4.4,9000000
2,2,2.8,2500000
0,0,1,117500000
3,3,5.8,7200000
2,2,4.4,8500000
0,0,10,14500000
3,3,12.5,30000000
2,2,3.8,8000000
0,0,3.2,10500000
3,3,9.8,25000000
2,2,4.3,5900000
3,3,8,13000000
3,3,6,14800000
5,5,1,100000000
7,6,9.6,22500000
2,2,1.4,3000000
3,3,6.4,20000000
3,3,6.7,12500000
4,3,8,27500000
5,5,8,30000000
2,2,2.2,6500000
6,7,3.2,10000000
1,2,3.2,5200000
2,2,5.8,8000000
2,2,3.6,6000000
0,1,2,2500000
6,7,2,195000000
8,8,2,200000000
3,3,4.8,5000000
7,5,1,125000000
3,4,4.7,5500000
3,3,4.8,4200000
8,6,1,125000000
5,4,8,23500000
1,2,2,1300000
5,5,4.8,17000000
3,3,16,22000000
3,3,8,9500000
3,3,5.3,10000000
3,2,4.9,5700000
3,3,5.6,6500000
4,4,10,25000000
6,6,12,50000000
0,0,2.4,4200000
0,0,8,20000000
2,5,4.8,15000000
0,3,1,18000000
0,3,1,18000000
0,0,4.4,120000000
0,2,4.2,12000000
0,2,5.3,16000000
0,3,7.1,24000000
3,3,6.4,10000000
3,4,1.2,85000
3,3,10,55000
2,4,3.6,11000
2,2,4.8,40000
3,3,6.2,65000
6,6,1,400000
2,2,5.3,40000
3,3,4.3,24000
3,3,5,32000
4,3,1,100000
6,6,1,325000
2,2,6.4,48000
5,4,14,85000
2,2,4,40000
4,3,1,160000
2,2,5.3,60000
4,4,10.7,150000
9,10,1.1,250000
5,4,2,225000
2,2,3.1,18000
4,3,1,125000
4,3,1,115000
2,2,3.8,28000
2,2,4.8,22000
3,3,8.9,90000
2,2,3.1,17000
3,3,8,35000
1,2,1.8,16000
2,2,4.2,20000
3,3,8,50000
4,3,10.8,110000
0,2,5,52000
0,2,4,38000
0,5,1,275000
0,4,2,325000
0,3,7.1,75000
0,4,2.4,320000
0,0,4,14500000
3,3,1,85000000
3,3,10,8500000
0,0,4,4800000
0,0,4,6000000
6,6,1,30000000
5,5,8,25500000
5,4,14,20000000
10,10,1,105000000
4,3,11.7,56500000
3,3,8,8600000
4,3,5,14800000
10,7,1,49500000
0,0,6,16000000
3,3,8,8600000
1,1,2.1,3548000
6,6,1,35000000
7,7,16,46000000
2,2,5.3,10000000
4,4,4.8,9500000
5,5,2.5,290000000
0,0,12.9,21000000
5,5,1,65000000
2,2,5.3,9500000
3,3,6,6200000
1,1,2.7,2600000
1,1,2,1800000
6,5,10,85000
3,3,1,85000
4,4,10,125000
3,2,4.9,20000
3,2,8,38000
6,5,1,135000
4,3,5,36000
6,6,1,75000
4,3,5,30000
4,3,5,35000
5,5,2,500000
0,0,1.1,280000
0,0,1,170000
4,4,12,35000
1,1,1.3,8000
6,6,2,700000
0,3,1,40000
2,2,4,16500
0,3,1,45000
0,3,1,45000
6,6,1,95000
0,0,1,43000
0,4,11.1,43000
0,3,11.1,40000
1,1,5.6,30000
3,3,5.8,45000
2,2,5.6,27000
3,3,12,80000
2,3,4.9,30000
3,3,1,150000
1,1,10,20000
7,6,1,250000
2,2,5.3,45000
0,0,12.4,50000
3,3,12.9,110000
5,5,10,80000
2,2,3.6,16000
5,5,10,60000
4,4,10,100000
2,3,3.5,4600000
6,5,1,31000000
6,5,1,42500000
6,6,10,27000000
6,6,10,24000000
8,7,1,34000000
6,5,17,42500000
6,5,1,60000000
3,3,5,10000000
0,0,7,20000000
3,3,10,13500000
2,2,2.5,3600000
2,2,4,5000000
3,3,10,14000000
5,5,10,38000000
6,5,1,45000000
0,0,7,18400000
2,3,2.5,3500000
0,0,7,20000000
0,0,5,12500000
0,0,10,28000000
0,0,5,12500000
0,0,7,18000000
0,0,5,10000000
0,0,5,10000000
0,0,5,10500000
0,0,10,25000000
0,0,5,10000000
5,3,3.6,7000000
1,3,2.5,2000000
0,0,5,12000000
0,0,5,12500000
0,0,7,20000000
3,4,4,8300000
0,0,10,16500000
6,5,10,24000000
2,2,5,5300000
5,5,5,22000000
4,4,4,21000000
8,7,7,30000000
4,4,5,15500000
6,6,4,11000000
0,0,5,6000000
0,0,4,5500000
0,0,5,7000000
0,0,12,24500000
0,0,2,4000000
0,0,5,8500000
8,8,1,42500000
4,4,4.4,12000000
6,6,1.2,42000000
6,8,14,50000000
5,5,7,13500000
5,5,7,13500000
0,0,10,18500000
6,5,1.3,32500000
5,5,7,13500000
1,1,1.6,3700000
2,2,4,3600000
0,0,12,35000
0,0,5,40000
0,0,10,35000
0,0,7,25000
0,0,10,32000
0,0,5,36000
0,0,5,33000
1,2,2,3000
3,2,10,35000
6,5,10,55000
2,2,5,24000
3,3,1,50000
1,1,2,16000
0,0,1,18000
0,0,1,18000
2,2,1.6,15000
2,2,5,20000
2,2,10,20000
1,1,10,20000
3,3,1,45000
0,0,10,70000
7,7,1,30000000
0,0,5,8500000
3,3,5,18000000
3,3,3,6500000
3,3,10,32500000
4,3,5,15000000
2,4,3,7000000
0,0,5,15500000
6,5,5,16500000
7,5,10.9,13800000
6,5,1,42500000
6,5,1,42500000
6,4,5,11000000
6,5,1,48000000
6,5,1,43000000
0,0,10,14200000
3,5,6,8000000
4,3,5,15500000
5,4,5,15000000
3,3,10,25000000
7,6,1.1,29000000
1,1,2,7750000
0,0,7,8500000
3,5,6,11000000
2,2,2,2500000
5,5,10,23000000
0,0,10,18000000
4,4,6,13000000
4,3,3,5500000
5,4,5,15000000
6,5,10,21000000
5,5,10,22500000
6,6,10,25000000
5,6,10,17500000
6,4,2,37500000
0,0,1,20000000
4,3,5,13000000
4,3,5,13000000
0,0,1.1,30000000
5,4,10,23500000
5,5,17,41500000
6,5,1,46000000
3,3,5.8,6200000
3,3,4.7,7000000
0,0,12,34000000
0,0,8.9,15000000
3,3,5.8,6500000
5,5,14,110000000
4,3,4.4,7000000
2,2,3.8,7000000
2,2,3.3,6500000
0,0,9.6,27000000
3,2,4.2,7800000
0,2,4.8,8000000
0,4,9.6,27500000
2,2,3.8,6700000
4,3,7.8,20000000
3,3,8,13000000
7,6,1,115000000
3,3,7.6,17000000
3,3,5.6,12500000
2,3,4.8,8000000
3,3,4.9,9500000
2,2,5.3,12500000
8,7,2,200000000
2,2,4,5000000
3,3,4.9,6000000
3,3,4.9,6500000
3,3,1.2,80000000
2,2,4,9000000
0,3,10.7,35000000
2,2,3,2700000
6,6,1.2,125000000
6,6,1,87500000
3,3,7.8,9000000
2,2,4.7,6500000
3,2,4.4,5500000
3,3,14.7,75000000
6,6,4.8,25000000
3,3,5.8,11500000
5,5,1,125000000
3,3,7.1,19500000
3,3,6.7,9500000
3,3,6.2,7000000
3,3,7.3,17500000
3,3,6.7,11500000
3,3,6,12000000
1,2,3.4,9500000
3,3,5.3,12500000
6,6,1.2,120000000
6,6,1,107500000
3,3,8,10000000
2,2,2.9,2600000
7,6,2,230000000
2,2,3.3,17000
4,4,1.1,55000
3,3,1,130000
6,6,1,325000
3,3,1,130000
3,3,10.4,55000
3,3,1,200000
4,3,10.7,110000
4,3,1,125000
5,4,1,250000
3,3,7.6,40000
4,3,6.2,60000
6,4,12.4,120000
0,3,7.1,55000
4,5,2,180000
3,3,5.3,50000
2,2,5.3,60000
7,7,1.2,300000
3,3,8,100000
4,4,1,250000
4,4,1,100000000
6,5,10,18500000
4,4,12,15500000
6,6,8,14500000
4,4,10,30000000
5,3,4,16000000
4,4,7,9700000
5,5,1,77000000
5,5,1,74000000
5,5,1,73000000
5,5,1,72000000
5,6,1,82000000
5,6,1,81000000
5,5,1,89000000
5,5,1,88000000
5,5,1,86000000
5,5,1,85000000
5,5,1,84000000
5,5,7,25000000
5,5,1,70000000
6,7,1.3,94000000
5,5,1,83000000
6,7,1.3,93000000
5,5,1,82000000
6,7,1.3,92000000
5,5,1,81000000
6,7,1.3,91000000
5,5,1,80000000
6,7,1.3,90000000
5,5,1,79000000
6,7,1.3,89000000
5,6,1,86000000
5,5,1,71000000
4,4,5,4800000
3,3,12.2,23000000
4,3,13,12000000
1,1,5.1,6000000
2,4,6,14500000
8,8,1.7,35000000
4,4,14.2,21500000
1,1,3.5,3564000
0,0,5,4900000
0,2,2.7,2800000
9,9,1,70000000
4,3,1,30000
6,5,10,40000
3,3,10,48000
4,4,8,118000
4,4,8,115000
7,6,7,100000
4,4,8,130000
4,4,8,140000
4,4,8,145000
1,1,2,20000
2,2,3.1,30000
4,4,8,135000
4,4,8,120000
4,4,8,125000
5,5,11,65000
5,5,10.1,190000
5,5,10.1,180000
8,7,1,340000
8,7,1,360000
0,0,14.2,65000
3,3,1,90000
4,4,24,600000
4,3,1,125000
6,8,14.2,95000
6,5,10,25000000
4,3,2,6500000
6,5,1,60000000
6,5,1.4,57000000
6,5,10,33500000
6,5,10,24000000
6,5,1,47500000
3,3,5,12800000
7,6,1,37500000
5,4,10,22500000
0,2,5,3454000
3,3,5,4500000
5,4,5,15500000
4,4,4.5,14000000
6,5,18,52500000
3,4,5,6500000
5,4,5,10000000
5,6,6,9000000
0,0,5,5500000
3,4,3,5800000
6,6,12,32500000
6,5,10,21000000
3,4,8,6500000
8,8,1,40000000
4,5,3,12000000
5,6,4,9000000
6,7,8,12000000
4,4,13,15000000
4,4,10.9,12500000
6,5,10,23000000
6,5,7,14500000
5,4,6,9000000
2,2,7.1,11000000
5,5,1,18000000
5,4,10,16500000
8,7,3.1,13000000
4,4,3,15000000
4,4,3,13500000
6,6,7,30000000
6,6,7,35000000
8,7,7,30000000
8,6,1,42500000
6,6,17,29000000
4,5,3,12000000
2,2,3,11000000
2,2,4,10000000
6,6,10,20000000
6,6,12,70000
0,0,5,35000
0,0,10,25000
0,0,5,16500
0,0,5,13000
0,0,5,18000
0,0,10,35000
0,0,6,16500
0,0,8.5,25000
0,0,4.5,15000
0,0,12,25000
0,0,10,25000
0,0,1.5,12000
0,0,7.5,26000
0,0,7.5,30000
0,0,7,10000
0,0,2,25000
0,0,2.2,14000
0,0,7.5,16000
0,0,5,35000
0,0,5,35000
0,0,5,35000
2,2,8,23000
3,3,7,25000
4,3,11,65000
3,3,12,57000
6,5,10,60000
0,2,4.4,28000
3,3,10,25000
0,1,3.1,35000
7,2,1.1,16000
2,2,4,25000
2,2,3.6,12800000
7,6,1,42000000
6,5,1,49500000
6,5,9,29000000
6,5,2,75000000
5,4,5,16000000
6,5,10,22500000
6,5,1,65000000
7,5,10,28000000
4,4,10,31000000
2,2,3,2290000
6,5,1,45000000
4,4,3,6800000
6,5,1,36000000
2,1,2,3200000
6,6,10,22500000
4,4,12,15000000
3,3,10,12000000
2,2,3,3200000
7,6,2,150000000
3,3,10,21500000
5,4,10,40000000
6,5,1,51500000
4,3,5,11000000
6,5,1,36000000
0,0,1,34000000
6,5,1,85000000
0,0,2,147500000
2,3,5.8,11000000
2,2,4.5,7000000
3,3,6.4,13500000
2,2,8,23500000
2,2,5.3,15000000
7,6,1.2,180000000
2,2,4,9500000
3,3,6.2,10000000
2,2,3.3,6000000
2,2,5.1,4500000
2,2,3.3,7500000
2,2,3.3,7500000
2,2,5.1,4500000
2,2,5.1,4500000
2,2,5.1,4800000
2,2,6,4700000
2,2,5.1,4800000
2,2,5.1,4800000
2,2,6,4700000
2,2,6,4700000
3,3,4,35000000
5,4,10,52500000
4,3,8,14000000
5,4,12,65000000
2,2,2.8,2800000
2,2,4.2,7700000
6,6,8,20000000
6,6,4.8,13000000
4,4,4.8,12000000
6,6,4.8,14000000
3,4,4.8,17000000
0,0,5.3,7500000
3,3,5.8,6500000
3,3,6,12000000
2,2,4.4,6800000
2,2,4.3,6500000
3,3,4.8,5000000
6,6,9.3,25000000
2,2,3.2,12500000
0,0,3.2,13000000
2,2,3.2,13000000
4,4,1,125000000
2,2,4.8,7500000
6,5,4.8,11500000
3,3,9.6,18000000
0,3,3.6,3500000
4,3,4,39500000
6,6,5,9900000
8,6,1.6,99500000
4,3,4,34500000
2,2,4.8,7500000
3,4,5.8,7500000
0,0,3.2,3500000
3,2,4,5200000
8,11,4.8,25500000
3,3,6.4,14000000
0,0,4,6500000
0,3,6.7,13500000
2,2,4.2,7000000
3,4,3.3,7200000
2,2,4.9,10000000
6,6,16,42500000
2,2,4.4,21000000
2,2,8.9,40000000
3,3,9.8,30000000
0,0,2.4,270000000
0,0,1.7,178600000
3,3,8.3,23000000
0,3,4,12000000
4,6,3.2,11000000
5,5,19.6,120000000
5,4,4.8,15000000
5,4,12,67500000
6,6,8,32500000
2,2,4.9,5700000
4,4,4,85000
3,3,4.8,35000
3,3,12,47000
3,2,4,30000
3,3,9.6,47000
0,0,12,85000
3,3,6,40000
5,4,12,180000
5,4,12,180000
3,2,12,85000
3,5,9.6,28000
4,3,1,95000
0,0,1.8,25000
4,3,1,135000
5,4,1,130000
5,3,1,165000
4,3,1,130000
3,3,4.7,32000
4,2,1,100000
8,6,1,250000
3,2,1,90000
4,3,10,48000
2,2,2.2,30000
5,4,1.3,190000
3,3,8,55000
3,2,1,95000
4,3,1,145000
2,2,8,31000
0,0,8,31000
2,2,2.9,18000
2,2,4.4,45000
2,2,10,80000
0,2,4.8,30000
2,2,4.7,28000
6,5,1,300000
3,3,1,140000
3,3,7.1,65000
3,3,7.1,65000
2,2,4.8,13000
2,2,4,15000
5,5,3.9,400000000
3,4,3,4500000
6,6,2.5,230000000
6,5,2.4,240000000
0,0,2,220000000
2,2,6,7400000
4,4,6,9000000
6,5,10,27500000
6,6,4.7,15000000
5,5,8,18500000
10,9,1,75000000
5,4,5,10000000
7,7,12.4,48500000
7,7,12.4,45000000
2,2,3.6,3650000
2,2,10.7,8500000
5,3,4,14000000
3,2,5,6200000
0,7,5,8500000
3,2,5,6500000
6,6,14.2,23500000
5,4,9,13500000
0,2,3.1,3500000
0,4,5,7000000
0,0,8,26500000
2,2,4.7,7600000
2,2,5,30000
5,5,8,55000
2,2,3.1,30000
2,2,8,28000
3,3,12,35000
6,6,1,350000
3,3,1,100000
9,7,2.1,500000
2,2,8,27000
2,2,8,26000
4,4,1,55000
4,4,1,60000
3,3,10,40000
0,6,1.8,300000
2,2,5,15000
0,0,1.3,400000
0,0,1.3,500000
0,0,2,700000
0,3,1.8,150000
2,2,5,18000
4,4,5,38000
0,3,1,65000
0,3,1,48000
5,5,1,105000
0,0,2,650000
0,0,2,700000
0,0,2,800000
4,3,14,60000
3,3,14.2,55000
3,3,14,65000
1,1,5,30000
1,1,5,30000
4,3,1,40000
2,2,4.4,13000
4,0,1,100000
3,3,14.2,65000
3,4,6,55000
3,3,1,80000
2,2,6,32000
3,2,12,38000
5,5,12,80000
5,4,1.6,350000
4,3,10,55000
6,10,1.3,200000
2,2,8,35000
2,2,3.8,33000
3,4,6,12000000
1,2,2.4,3800000
7,6,10,21000000
4,3,5,13500000
5,4,7,12500000
3,3,3,5500000
5,5,10,22500000
1,1,1.6,2200000
6,8,5,350000000
4,4,12,30000000
6,5,10,30000000
2,2,3,3500000
4,6,4,5000000
6,5,1,24500000
5,0,5,13000000
1,3,6,6000000
4,3,5,8700000
4,3,5,11500000
7,5,10,17000000
6,6,1,36400000
2,2,3,2290000
2,2,3,2490000
3,3,3,4490000
0,0,5,35000000
3,4,1,24000000
3,4,1,23500000
3,4,1,23500000
3,4,1,23500000
3,4,1,23500000
3,4,1,23500000
1,1,2.8,2250000
2,2,3,2500000
6,5,1,55000000
0,0,2.5,5500000
0,0,2.5,5500000
4,3,5,9200000
0,0,4,6000000
5,4,10,22500000
4,4,6,9500000
2,2,5,9800000
5,4,6,9000000
5,5,3.5,14500000
2,2,3,3500000
1,2,2.4,2200000
3,6,3,2900000
4,4,5,8000000
3,3,10,5000000
1,4,1.1,4200000
6,5,10,21900000
6,5,1,43500000
0,0,10,22500000
0,0,4,8000000
0,0,6,13000000
0,0,4,9500000
0,0,5,11500000
0,0,1.1,500000
4,5,5,33000
3,3,5,22000
0,3,5,35000
0,0,3,15000
0,0,5,22000
0,0,5,35000
0,0,10,30000
0,0,2,25000
0,0,5,22000
0,0,12,65000
0,0,5,35000
0,0,5,35000
0,0,5,35000
0,0,5,25000
4,4,7,45000
5,4,7,100000
4,5,1.2,90000
2,2,3.1,20000
0,0,7,27000
3,3,7,25000
0,0,7,28000
5,5,14,150000
3,2,10,31000
6,5,1,65000000
0,0,1.5,69000000
6,5,1,56000000
8,7,2.2,125000000
5,4,7.3,13500000
6,5,1,35000000
2,2,3,3110000
2,2,3,4490000
0,5,1,55000000
0,4,10,34000000
0,4,10,35000000
0,5,1,45000000
0,5,1,45000000
0,5,1,49000000
0,5,1,65000000
0,5,1,50000000
0,4,10,40000000
0,4,8.5,22500000
0,3,5,21000000
0,3,5,18500000
5,8,5,16000000
5,0,2.2,70000000
3,4,7,11000000
5,4,10,20500000
5,5,1,50000000
3,3,6,11000000
7,6,2,75000000
7,6,2,75000000
3,3,6.4,11000000
4,3,1.5,90000000
4,5,8,26000000
6,6,1,120000000
3,3,9.8,27500000
1,4,3.2,5000000
3,3,10.7,53500000
4,4,10.2,38000000
5,5,1,87500000
0,0,2.4,5700000
3,3,7.8,27500000
6,6,1,115000000
7,6,10,35000000
4,4,10.7,35500000
3,3,5,9500000
3,3,5,11600000
3,3,5,10000000
3,3,5,12400000
3,3,5,12900000
3,3,4.8,8000000
3,3,9.7,20000000
2,2,3.2,5000000
2,2,3.8,3000000
2,3,4.9,11000000
3,3,7.1,17000000
6,6,4.8,11500000
2,2,4.2,10000000
2,2,2.6,5500000
3,3,5.8,11000000
2,4,6.2,13000000
2,3,3.3,3500000
3,5,9.6,15000000
3,4,8.8,16500000
3,3,8,17500000
4,3,13.3,35000000
0,0,5.3,4500000
3,3,6.2,7200000
2,2,2,6200000
2,2,3.8,5000000
2,3,9.6,12500000
3,3,12.4,35000000
3,3,3.6,3000000
2,2,3.1,3000000
3,3,12,16000000
2,2,3.6,3800000
6,6,4.8,12700000
7,11,4.8,25500000
4,4,4.8,20000000
3,3,4.9,5000000
0,0,4.8,11000000
2,2,2.2,5000000
0,5,1,125000000
2,2,2.2,5000000
2,2,10.4,4000000
2,2,2.2,5000000
0,0,6.7,12000000
2,3,3.4,3800000
6,6,9.6,26500000
2,2,5.1,9500000
3,4,5.6,14800000
2,3,3.4,3000000
4,3,6.4,8600000
2,2,4.6,6000000
5,2,3.3,3500000
3,2,4.8,9500000
2,3,6.9,12000000
6,5,19.6,110000000
4,4,14.2,40000000
6,9,9.6,45000000
2,2,5.1,6000000
4,7,6,9000000
4,5,8,15000000
3,2,3.4,6000000
6,6,9.6,27000000
2,2,2.8,3700000
4,4,12,65000000
1,1,2,2200000
6,5,1,200000
3,2,5.3,25000
4,3,8,95000
3,3,9.8,120000
3,3,7.8,80000
0,0,3.3,14000
2,2,4.2,25000
3,3,10.7,100000
2,2,4.4,13000
1,1,1.8,12000
4,4,1,300000
3,3,1,100000
0,0,5.1,45000
2,2,4.8,17000
2,2,4.8,20000
4,3,9.8,90000
2,2,4.8,22000
2,3,6,22000
3,3,10,34000
3,3,6.7,45000
0,0,7.1,40000
5,4,2.4,275000
3,3,14.2,100000
8,7,2,415000
5,5,1,200000
4,5,7.6,70000
6,6,1,230000
5,5,8,15500000
3,2,12,22000000
0,0,8,19500000
5,4,10,37500000
1,1,2,2640000
6,5,1,45000000
5,5,9.3,44000000
3,3,7.8,32500000
4,4,16.7,50000000
2,2,9,40000000
0,0,9.3,35000000
0,0,2.6,17500000
0,0,5.3,23500000
3,3,7.6,16000000
6,5,1,140000000
1,1,1.6,2600000
6,6,5.6,6800000
4,4,9.3,30000000
3,2,5,6200000
6,5,1,43500000
6,5,1,43500000
6,5,1.7,32500000
3,3,3.6,3400000
5,4,5,12000000
5,5,7,29000000
4,4,17,70000
6,6,8,90000
3,3,1.2,100000
1,1,2.6,70000
1,1,2.6,90000
3,3,9.3,120000
3,3,9.3,150000
4,4,16.7,200000
4,4,16.7,250000
2,2,9,250000
2,2,6.6,45000
0,0,9.3,150000
0,0,9.3,160000
0,0,16.7,180000
0,0,16.7,190000
0,0,16.7,200000
0,0,16.7,210000
0,0,16.7,220000
0,0,16.7,240000
0,0,10,25000
2,2,4,45000
4,3,1,45000
0,0,2,60000
3,3,10,30000
6,5,1,200000
5,5,2,350000
6,5,1,150000
3,3,1.3,110000
0,3,1,40000
5,5,5,16500000
7,5,1,45000000
7,5,1,45000000
7,5,1,45000000
3,4,5,15000000
5,2,6,22500000
6,7,1,40000000
3,3,2,2650000
5,4,8,21000000
2,5,2.5,4700000
5,5,7,18500000
5,4,5,13500000
6,5,1,46000000
6,5,1,52500000
6,5,2.5,6100000
3,3,2.2,3300000
3,3,3,6500000
3,3,3,4490000
2,2,3,2490000
2,2,3,2290000
6,5,1,45000000
0,3,10,18000000
0,0,3,7000000
0,0,18,50000000
4,3,5,11300000
7,7,10,28000000
7,5,10,17500000
4,3,5,11500000
5,4,5,10000000
0,0,5,9500000
0,0,5,10000000
0,0,10,10000000
0,0,18,45000000
0,0,1,42500000
0,0,2.2,4500000
0,0,7,20000000
0,0,7,20000000
0,0,16,40000000
0,0,10,18000000
0,0,6.2,16000000
0,0,1,55000000
0,0,2.5,5000000
7,7,12.1,13000000
2,2,3.8,3500000
5,5,5,6800000
0,0,5,4000000
4,4,1,35000000
4,4,1,35000000
3,3,10,7500000
2,2,3.6,4000000
7,6,16,29000000
6,5,7,14500000
6,5,1,43500000
6,5,1,43500000
6,5,1,43500000
6,6,12,22500000
5,5,16,33500000
6,5,1,41000000
5,4,10,18000000
2,3,6,5300000
3,4,10,25000000
0,0,5,35000
0,0,10,65000
0,0,5,35000
0,0,5,32000
0,0,5,25000
0,0,5,30000
0,0,7,45000
0,0,7,44000
0,0,7,33000
0,0,7,33000
0,0,10,60000
0,0,10,58000
0,0,10,55000
0,0,10,45000
3,3,5,35000
2,2,10,20000
6,7,1,85000
0,0,3.1,25000
2,1,3.6,32000
3,2,10,24000
5,4,10,65000
0,1,3.8,45000
3,3,7,25000
6,5,15,130000
3,2,5,19000
4,3,5,11000000
2,2,2.7,3500000
0,0,17,35000000
0,0,17,45000000
5,5,11,18500000
3,3,6,3200000
5,4,10,33000000
6,5,1,41000000
5,3,5,10500000
6,5,1,52500000
3,3,6.7,11000000
5,5,2.4,4500000
0,2,4.2,3600000
0,2,3.6,5000000
0,2,3.6,4200000
0,3,5.8,7000000
0,3,5.8,7000000
0,2,3.6,4200000
0,0,12.4,27500000
0,3,11.1,33000000
4,4,14,57500000
2,2,2.4,3500000
2,3,4.8,5800000
3,3,5.6,6500000
3,3,4.8,4700000
0,2,4,7000000
0,2,3.8,7800000
0,3,6.4,15000000
0,3,6.4,13500000
0,3,5.8,8500000
0,6,1.3,75000000
4,5,3.2,9500000
2,2,2,6500000
5,4,12,67000000
2,2,3.6,4000000
2,2,4,2600000
2,2,4,12500000
2,2,4,12700000
2,2,4.2,5400000
3,3,4.9,12000000
2,2,5,8500000
3,2,5.1,8000000
3,3,8.9,18500000
3,2,3.8,7000000
4,4,1,90000000
3,3,4.7,6000000
2,2,2.9,4700000
2,2,2.8,2200000
5,5,1.3,135000000
5,4,10.7,45000000
5,4,19.6,125000000
6,6,3.2,13000000
3,3,16,46000000
4,3,9.8,36000000
4,3,4,25000000
0,3,7.3,18000000
0,6,12,41000000
5,5,1,70000000
3,3,10,27000000
4,5,4,40000000
3,3,11.4,27000000
4,4,13.2,38000000
3,3,5,8500000
2,4,5.8,6400000
6,6,9.6,46000000
5,5,1,65000000
4,4,12.4,47500000
5,5,17.1,65000000
6,5,1,100000000
3,3,10.7,21000000
4,6,4.8,14900000
1,2,4.2,5800000
3,3,6.7,7000000
6,5,1.3,150000000
2,2,2.6,5200000
5,4,4.8,15000000
6,6,9.6,24000000
3,3,9.6,12000000
0,3,9.6,55000
0,2,4,25000
0,3,6,35000
0,0,9.6,160000
0,3,6.7,45000
0,2,4,25000
0,0,10.2,110000
0,0,9.6,55000
0,3,10.2,40000
3,3,5.2,23000
2,2,4,16000
0,3,6.2,40000
0,5,9.6,50000
0,3,7.1,45000
0,3,9.6,55000
0,3,7.1,55000
3,3,5.3,24000
3,3,8,100000
0,0,9.6,120000
3,3,5.8,40000
4,4,16,85000
3,3,6.2,40000
4,4,4,140000
3,4,8,80000
2,2,4.4,20000
2,2,5.3,55000
3,3,7.6,80000
4,4,16,85000
6,6,9.6,110000
0,0,1,450000
6,7,1,350000
6,7,1,350000
3,3,1,150000
0,0,2.4,500000
8,7,1,500000
8,7,1,500000
8,7,1,500000
6,6,2,425000
3,3,16,140000
2,2,4.8,28000
6,5,12,200000
3,3,12,85000
3,3,6,35000
3,3,11.4,56000
1,2,4.8,16000
4,4,1,160000
4,4,13.2,75000
2,2,4.8,22000
6,5,1.2,500000
4,3,8.9,100000
5,5,17.1,115000
5,5,1,45000000
3,3,3.8,3700000
3,3,3.8,3700000
0,0,1.3,115000000
0,0,1.1,142500000
0,0,1,105000000
1,1,2.7,2500000
4,4,7,11000000
0,0,12,2800000
1,1,2.7,3600000
2,2,8.8,8500000
2,2,8.8,9500000
6,9,1,29000000
0,0,5,7900000
0,3,9,15000000
7,7,13,35000000
6,5,5,10500000
2,3,6.7,19000000
4,4,10,17000000
5,5,10,15000000
7,7,12,24000000
7,5,7,13500000
7,7,14.2,26000000
5,5,7,28000000
2,2,4.7,7500000
2,3,4,3600000
0,5,1,36000000
0,0,13,28000000
3,3,14.2,80000
3,3,1,75000
7,7,1.1,350000
3,2,4.9,20000
7,6,1,250000
4,4,1,57000
5,5,1,200000
8,7,1.2,350000
3,2,9.3,195000
3,2,10.2,160000
0,0,5.3,100000
6,5,1.1,190000
5,4,1.3,400000
5,5,1.3,250000
6,5,1.1,300000
0,3,1,120000
7,6,2,280000
2,2,5,18000
6,6,1,100000
2,2,10,50000
0,0,10,55000
0,0,6,45000
0,0,10,35000
0,0,1,35000
1,1,5,8000
5,5,1,50000
3,3,10,25000
2,2,8,28000
0,0,2,500000
0,0,1,170000
3,3,1.3,300000
5,5,2,700000
6,4,12,15000000
6,4,5,13600000
5,4,8,30000000
6,5,1,43000000
4,4,2.9,8200000
3,3,3,7500000
6,6,12,21600000
4,4,5,7000000
6,5,10,11500000
3,3,2.6,6500000
5,5,5,15000000
3,3,10,13000000
0,0,7,6650000
1,1,1.7,1495000
3,3,5,11000000
4,4,10,12500000
3,3,5,8000000
3,3,5,9500000
5,4,10,27000000
5,3,5,16000000
0,0,12,25000000
5,5,10,32500000
5,5,10,18500000
5,5,1,35000000
0,0,5,8000000
4,4,1,48000000
6,5,1,72200000
5,5,10,20000000
5,5,10,26000000
5,4,6,13500000
4,4,1.1,48000000
4,4,5,15500000
5,4,10,29000000
4,4,5,15000000
6,5,1,54000000
0,4,7,23500000
3,3,5,9500000
6,5,1,45000000
3,3,2,5000000
5,4,10,25000000
5,5,10,16900000
6,5,5,15200000
3,3,2.5,8000000
6,5,7.5,29500000
6,5,5,17000000
6,5,5,16500000
5,4,10,26000000
10,11,2.1,140000000
4,4,5,6600000
6,8,3,6450000
3,3,5,9500000
3,3,3,6500000
0,3,3,7500000
0,3,4,8000000
6,6,1.1,75000000
0,0,3.5,4200000
3,2,3,3200000
0,0,17,42500000
2,5,3.5,4500000
0,0,17,22500000
7,5,6,12500000
1,2,5,4000000
5,0,10,22500000
4,5,15,37500000
4,4,14,6500000
7,7,10,26000000
0,0,3,2700000
4,4,4,6500000
0,2,4.4,5000000
0,2,4.2,5000000
6,6,12,21500000
6,6,12,19500000
6,6,1,39500000
3,3,6,11800000
8,7,1,42500000
0,0,1,100000
0,0,5,35000
0,0,5,35000
3,3,10,55000
3,3,5,35000
3,3,8,35000
2,2,10,32000
3,3,7,24000
3,3,11,30000
6,6,1.2,100000
3,4,1,30000
4,4,1,17000000
2,4,3.8,5000000
2,4,3.8,5000000
4,4,8.4,17000000
6,6,4.8,15000000
2,2,4,10000000
3,3,7.4,18000000
2,2,3.2,5000000
5,4,4.8,13500000
6,6,9.6,26500000
2,2,3.2,2200000
3,3,5.8,8300000
4,4,4.8,13500000
3,3,6,16000000
3,3,12,32500000
2,2,4,6500000
5,5,1,82500000
1,2,2.8,3300000
6,6,1,115000000
3,3,8.4,22000000
2,2,5.8,12500000
2,2,9.8,6500000
4,6,16,50000000
3,3,7.1,16000000
6,6,2,230000000
5,4,2,220000000
2,2,4.8,5000000
2,2,4,9000000
2,4,4.8,7200000
2,2,8,24000000
0,0,3.8,3000000
4,4,8,32500000
8,6,1,92500000
3,6,4.4,14500000
4,4,5.3,6500000
3,3,5.3,7000000
6,6,4.8,18500000
3,3,8.9,41000000
3,3,12,53500000
2,2,4,6900000
4,4,4,39500000
4,3,7.8,12000000
8,6,2,150000000
2,3,4,4700000
0,6,1,77500000
6,6,12,60000000
2,2,4.9,10000000
2,3,4,4100000
2,2,2.4,6000000
2,2,2.4,6000000
0,6,8,63000000
3,3,7.3,15000000
0,2,4.8,12500000
0,4,4.8,13000000
3,3,8,16000000
0,7,16,57000000
6,6,12,40000000
3,3,6.2,13000000
2,2,4.8,8000000
2,2,4.8,7500000
2,2,4.8,7000000
6,6,16,52000000
2,2,4,6500000
6,6,2,250000000
6,6,2,250000000
3,3,7.6,18500000
3,3,7.6,19000000
3,3,6.7,23500000
3,3,7.1,18000000
3,3,8.4,25000000
3,3,8.9,17500000
3,3,7.6,17000000
6,6,17.1,46500000
3,3,8,30000
5,4,10,175000
3,3,6,26000
5,4,1.3,250000
2,2,4.4,36000
2,2,4.2,29000
2,2,4.4,50000
3,3,5.3,45000
3,3,5.6,25000
0,0,16,120000
3,3,8,60000
3,2,4.8,16000
2,2,4.4,35000
4,3,5.3,55000
3,3,6.2,65000
7,7,1.2,300000
1,1,2.4,3250000
5,5,14.2,40000000
5,5,2.4,170000000
6,5,12.5,24500000
7,7,1,40000000
6,6,14,26000000
4,4,7,14500000
5,6,6,13000000
6,5,1,43500000
3,3,7,19000000
7,6,14,31500000
5,4,8,37500000
1,1,2.8,2400000
6,4,5,15000000
6,5,1,45000000
6,4,8,11500000
8,6,16,24500000
3,3,7.1,5300000
7,5,1,60000000
7,5,6.6,25000000
4,3,4,16000000
2,2,2,2200000
2,2,5,3800000
2,2,5.5,35000
2,2,2.2,13500
2,2,5.5,35000
4,4,8,32000
1,1,2,50000
2,2,6.7,100000
3,3,1,50000
3,3,6.2,23000
3,3,6.2,22000
1,1,3.1,15000
1,1,3.1,12000
2,2,5.6,22000
2,2,5.6,18000
2,2,7.1,160000
2,2,5.6,17000
3,3,7,25000
6,5,1,110000
6,7,1,190000
2,2,8,75000
3,2,1,55000
2,5,10,22000
3,2,8,38000
0,0,5,14000
3,3,12.2,100000
8,6,1.3,450000
1,1,3.3,40000
2,2,1,135000
4,4,5,12000000
5,3,7,21000000
6,6,1,39000000
5,4,10,27500000
4,3,5,17500000
4,2,3,3500000
0,3,5,10500000
0,0,2,76000000
0,3,5,15000000
4,3,5,11500000
5,4,10,37500000
4,3,5,17000000
6,5,8,16000000
1,1,2,7750000
0,2,2,3500000
5,5,10,23000000
3,2,2.7,3800000
0,5,10,22500000
0,5,10,18000000
0,5,10,21500000
6,5,1,51500000
3,3,2,3200000
5,4,8,15000000
10,10,2,79000000
5,4,10,17500000
3,3,5,7500000
6,5,5,13000000
3,2,3.5,6000000
1,2,3,3200000
4,4,3,8200000
0,0,10,14500000
7,5,8,17500000
0,4,17,41500000
2,2,5,7000000
4,3,5,15500000
0,0,4,8000000
6,5,1,45000000
3,4,3,5000000
6,5,1,45000000
6,5,7,16500000
6,6,1,102500000
6,5,10,20000000
0,5,10,22500000
4,3,5,10500000
5,4,10,26000000
0,6,19,20000000
2,3,2.2,6500000
6,5,1,69500000
5,5,10,32500000
5,5,10,32500000
5,5,5,16500000
5,5,5,16500000
1,1,3.2,4600000
2,2,4.2,3300000
0,0,5,6500000
0,0,5,5500000
5,4,7,12000000
0,0,3,1950000
2,5,3,6500000
6,5,8,20000000
0,2,4.4,5800000
2,2,5,5700000
2,2,5,25000000
4,4,5,8500000
5,5,10,21000000
5,5,8,15000000
5,5,10,22000000
5,5,10,20000000
5,5,1,22000000
5,5,10,15500000
5,5,7,14000000
6,6,11,27000000
2,3,5,3500000
6,6,8,15000000
6,5,1,33500000
5,5,7,14000000
2,2,5,5500000
2,2,5,4500000
0,0,2.7,5200000
5,6,10,22500000
3,3,5,7000000
3,3,5,10000000
5,5,7,15000000
4,4,10,16000000
2,2,5,4500000
0,6,8,58000000
2,2,2.9,3700000
6,6,1,120000000
4,4,9,16000000
4,4,9,15500000
4,4,9,16000000
4,5,7.8,19500000
2,2,4,4000000
0,2,5.1,2500000
0,3,8,8500000
0,3,8,11500000
1,2,3.6,10000000
6,10,12,26000000
6,5,17.8,75000000
6,11,4.8,25500000
4,4,4.8,24000000
3,2,4.4,7500000
3,3,4.4,7000000
2,2,4.9,13500000
3,3,10,24500000
0,3,3.6,3500000
0,4,4.8,31000000
0,2,3.3,5000000
0,7,8,30000000
0,3,3.8,4500000
2,4,4.8,15000000
2,2,8,20000000
6,4,12.4,54000000
0,4,1.3,185000000
0,4,4,39000000
0,4,4,40000000
0,9,2,250000000
0,3,4,29000000
0,3,4,29000000
0,5,4.8,45000000
0,4,4,42500000
0,6,1.3,180000000
0,9,2,240000000
3,3,8,14200000
2,2,4.4,7000000
3,3,7.6,16000000
2,2,5.3,21000000
4,3,8.9,35000000
0,0,3.1,5000000
7,4,4.8,12500000
4,4,8,15000000
3,3,6.4,15000000
5,4,12,65000000
2,2,7.1,15000000
3,3,6.9,4100000
6,5,13.1,59000000
3,3,8,21000000
3,3,6,15000000
3,3,8,14500000
4,4,17.8,135000000
3,3,8,17500000
2,2,4.2,6500000
0,2,4.2,5900000
3,3,10,12000000
3,6,2,5950000
2,2,3.6,6000000
4,3,8,14000000
5,4,4,7800000
0,0,8.9,11500000
10,10,9.6,35000000
4,4,4.8,12000000
0,0,5,20000000
2,2,9.7,40000000
10,4,1.2,70000000
2,2,4.4,9000000
8,6,16,24000000
2,2,4,10000000
3,3,8,10500000
3,3,8,9500000
2,2,3.6,5500000
6,6,8,45000000
6,6,8,25000000
0,0,5.1,6800000
0,0,4.4,60000
3,3,7.1,45000
1,3,1.1,120000
0,3,4.8,16000
0,3,8,60000
0,3,4.8,45000
0,2,3.2,15000
0,2,4.8,18000
0,2,2.4,15000
0,3,4.8,22000
0,3,4.8,22000
0,3,2.8,16000
0,4,8,35000
0,3,4.8,22000
0,3,4.8,30000
0,2,2.4,12000
0,3,4.8,28000
0,3,4.8,30000
2,2,5.3,45000
3,3,7.6,55000
4,4,10.7,120000
5,4,10,200000
4,4,12,130000
4,3,10,130000
0,3,9.3,90000
0,3,9.3,92000
3,3,4.2,25000
3,3,12,75000
1,1,5,12000
4,3,4.8,150000
2,2,3.6,25000
0,0,4,50000
3,3,8,42000
3,3,8,45000
2,2,5.3,30000
3,3,8,42000
0,0,1.6,20000
2,2,1.2,85000
3,3,5,18000
2,3,7,35000
7,6,1,250000
3,2,8,38000
2,2,3.6,16000
3,3,5,50000
3,2,5,6000000
3,3,8,7000000
1,1,1.9,1880000
1,1,2.7,3600000
1,1,3.8,5500000
6,4,16.6,19000000
2,2,6.9,14900000
2,2,8.6,18500000
6,6,12.5,43500000
2,2,5,2300000
7,7,14.2,28000000
0,0,6,9000000
7,7,11,15000000
5,4,5,10500000
6,5,1.5,65000000
5,4,5,10400000
3,3,4,19000000
4,4,4,8700000
3,3,7.1,15000000
0,0,5,8500000
5,4,1,12500000
4,4,3,4500000
5,5,6.7,28000000
2,2,4,8000000
8,7,1.9,300000000
4,4,8,17500000
2,2,4,3300000
6,8,1,29000000
4,3,1,50000
3,2,4.9,20000
4,3,6.7,26000
1,1,3.9,125000
7,6,1.3,350000
1,1,2.2,40000
1,1,2.2,70000
5,4,1,65000
6,6,2.1,700000
0,3,1,60000
5,5,1,550000
0,3,1,43000
0,0,1,45000
4,4,6,110000
3,2,1.1,45000
3,3,1.2,73000
3,3,1.1,55000
3,3,1,60000
1,1,2.7,13000
0,3,9.9,46000
4,3,13,40000
3,3,14.2,70000
4,3,1,70000
2,2,4,43000
3,3,12,90000
4,4,12,60000
3,2,6.7,30000
4,3,1,130000
3,3,1,130000
4,5,11,80000
3,3,1,75000
0,0,5,23000
0,0,5.5,45000
1,1,2,30000
4,3,1,95000
3,3,10,35000
4,4,3,17500000
4,6,5,14000000
5,5,5,13000000
5,4,7.5,12200000
0,0,10,19000000
1,2,3,1900000
3,3,5,15000000
2,3,3,3500000
1,2,3,2300000
4,3,5,12500000
2,3,3,4490000
3,3,3,5800000
3,4,1,42500000
3,3,3,5000000
4,4,12,32500000
6,5,1.1,43000000
5,4,10,19000000
5,5,17,41500000
4,4,13,27000000
4,3,5,10000000
0,0,8,22500000
3,2,5,9000000
6,5,2,160000000
4,3,5,16500000
5,4,10,25000000
5,4,10,22000000
6,5,2,150000000
6,5,1,31000000
6,5,1,29000000
7,6,8,26500000
4,3,5,15000000
5,4,10,19500000
5,5,1,31000000
4,3,5,10500000
4,4,10,22500000
4,4,10,27500000
6,5,1,36000000
3,3,2,8500000
6,5,1,57500000
7,5,10,17000000
4,4,10,25500000
3,4,3,6000000
6,5,1,36000000
4,4,4,10000000
3,3,3,6700000
4,3,5,9500000
4,3,5,12500000
3,4,3,6500000
2,2,2.5,4000000
3,3,3,6300000
5,3,6,14000000
5,3,10,19000000
3,3,5,10900000
4,3,6,11500000
4,4,5,10200000
6,5,10,14500000
0,0,2.5,2300000
3,3,10,19000000
4,3,5,13000000
6,5,10,23500000
6,5,10,34500000
0,0,5,13000000
3,3,2.5,3800000
0,0,8,25000000
2,3,2.5,3500000
0,0,4,6500000
0,6,2.2,80000000
0,5,12.5,18000000
0,5,1,40000000
0,5,10,21000000
4,4,5.5,6000000
4,3,5,7500000
3,2,3,10000000
9,6,10,30000000
3,3,10,5500000
6,6,10,22600000
4,4,5,10500000
4,4,7,11500000
4,3,5,6800000
2,2,3.8,3800000
2,2,2.8,1950000
4,4,5.6,7200000
3,5,5,10000000
6,9,1,18000000
2,2,5,4500000
9,9,1,52500000
2,2,4.4,10000000
2,2,4.2,8000000
3,5,2.6,3600000
5,5,9.5,23000000
2,2,4.2,11500000
3,3,7.1,9500000
5,5,15.6,135000000
4,3,10.7,25000000
2,2,5.9,18000000
0,3,9.8,12500000
0,2,4.4,4800000
5,6,7.6,12500000
2,2,4.8,7800000
2,2,2.9,4000000
3,3,10.2,20000000
3,3,6,5700000
3,3,4.8,11000000
3,3,8,20000000
0,0,8.8,11500000
6,6,9.6,25000000
6,6,9.6,25000000
6,6,9.6,25000000
4,2,4.8,11000000
3,2,4.8,11000000
0,0,7.1,27000000
6,8,8,30000000
2,2,4.2,7700000
2,2,4.2,6000000
2,2,4.8,9000000
5,4,4.8,17000000
5,4,4.8,13000000
5,5,4.8,15500000
0,4,8.9,37500000
3,3,5.3,7000000
5,5,6.4,14000000
4,3,12,22500000
3,3,6.2,13000000
2,2,4.2,7500000
1,2,2.4,2250000
2,2,3.6,4000000
6,5,5.6,16000000
3,3,7.3,17500000
4,4,12,22500000
6,6,18,67000000
6,6,8,20000000
0,0,8,10000000
5,4,12,19000000
0,3,7.8,11300000
3,3,7.9,18000000
6,5,1,117500000
2,2,3.2,4200000
4,4,16,17000000
3,3,8,15500000
6,6,1.1,67500000
3,5,4.2,10500000
0,0,4.9,5400000
3,3,7.1,8500000
0,0,3.3,6800000
2,2,4.2,7600000
5,3,3.2,12500000
4,4,4.4,12000000
2,2,4.9,7000000
2,3,4.9,35000
2,2,4.2,18000
4,3,10.7,70000
1,1,1.6,20000
1,1,2.2,15000
3,3,8,50000
3,3,4.9,25000
4,4,4,115000
3,2,4.8,25000
3,3,4.4,55000
3,3,1.2,150000
4,3,6.7,100000
6,6,1,280000
2,3,4.8,30000
3,3,4.2,24000
1,2,2.2,9000
2,2,4.8,25000
0,0,4,25000
2,2,3.6,18000
2,2,4.8,18500
4,3,6.7,100000
2,2,2.9,18000
6,5,1,115000
3,3,5,13500
4,4,1.3,110000
8,10,10,8000
3,3,1,45000
2,2,14,45000
2,2,5.6,30000
3,2,5,15000
6,5,1,150000
6,5,10,100000
5,5,1,280000
5,4,1,42000
3,3,5,17000
6,5,1,54000000
4,4,8,28500000
9,7,1,47500000
3,3,5,7500000
8,7,1,115000000
10,11,4,500000000
3,3,1.2,65000000
10,9,2.4,210000000
2,2,5,3500000
0,0,11,22000000
0,1,3.3,5400000
0,10,6,65000000
2,2,4.3,9600000
5,5,1.4,100000000
3,0,7.8,9800000
6,5,7,14500000
3,3,5,7000000
0,0,4,5800000
1,1,1.9,1900000
8,7,1,55000000
4,4,6,11000000
3,3,5,14000000
6,10,8,27000000
0,0,2.2,3638000
4,5,6.7,26000000
8,8,1.3,36000000
1,2,5,18000000
0,0,3.8,3200000
6,5,8,16900000
4,3,1,45000
2,2,7.1,250000
6,5,2.4,600000
0,0,1,60000
6,6,1,90000
0,3,1,42000
0,3,1,60000
8,7,2.4,1200000
3,3,10,35000
3,2,6,22000
0,0,7,40000
0,2,7,24000
0,0,1.4,430000
1,1,1.8,12000
0,0,1,85000
3,3,9.8,60000
4,4,7,45000
2,2,10,32000
2,2,3.1,15000
3,3,10,36000
1,1,3.6,22000
6,5,10,18000000
6,6,19,20000000
3,0,3,8400000
6,5,10,22500000
7,6,5,7000000
6,5,10,25000000
7,6,2,90000000
2,2,6,6000000
0,0,5,11000000
0,0,10,18000000
4,5,15,22500000
3,4,5,5300000
6,6,10,16000000
4,4,5,12000000
6,5,1,79000000
0,0,5,11500000
3,3,4,7300000
6,5,1,45000000
4,3,5,10000000
3,3,3,4500000
2,2,3,2000000
6,5,5,13000000
4,3,5,8500000
7,5,10,16500000
1,1,5,3800000
3,3,5,9500000
7,6,5,12500000
6,5,10,17500000
6,5,2,79000000
6,5,2,75000000
6,7,6,350000000
4,3,3,7000000
3,3,3,8000000
3,3,11,10600000
5,5,10,14800000
3,4,8.3,35000000
4,4,5,13000000
0,1,17,30000000
0,0,4,640000000
5,4,1,45000000
6,5,14,27000000
6,5,1.1,41000000
6,5,1,46000000
3,3,3,7700000
3,3,5,12500000
3,3,6,15000000
4,3,5,12000000
0,0,11,150000000
3,3,1.2,42500000
5,7,11.2,24500000
6,5,10,20500000
5,4,5,14000000
5,5,1,39000000
2,2,5,4200000
4,3,5,12500000
0,5,1,49000000
0,5,1,65000000
0,5,1,50000000
0,4,10,40000000
0,4,8.5,22500000
0,0,1,55000000
0,0,10,34000000
0,0,10,35000000
0,0,1,45000000
0,0,1,45000000
7,6,1,85000000
0,4,8,180000000
3,4,1,22000000
3,4,1,22200000
3,4,1,22500000
3,4,10,22500000
4,4,1.2,45000000
6,5,1,48500000
1,3,5,12500000
0,0,6.5,14900000
0,0,5,8500000
0,0,3,7000000
0,0,5,8500000
0,0,5,8500000
0,0,5,8500000
0,0,5,9000000
0,4,5,9800000
4,3,3.1,6000000
3,3,10,12000000
6,6,1,24000000
3,3,5,5000000
6,6,12.4,27000000
3,2,4.5,5500000
4,7,3,4800000
2,4,2.2,6000000
3,5,4,5500000
2,2,5,9700000
2,4,14,30000000
6,5,10,22000000
2,2,4,3800000
3,3,4,4000000
7,5,10,15500000
4,4,10,18000000
3,5,7,27000000
4,4,5,8000000
0,1,2.9,3500000
0,2,5.3,11500000
0,5,10,22500000
6,6,10,17000000
1,2,3,3500000
0,0,5,7000000
0,0,5,8000000
0,0,9,15500000
2,2,6.2,11500000
5,5,10,19000000
1,2,2.8,2400000
3,3,5,15000000
0,3,4.9,10000000
0,3,5.3,12000000
0,2,4,9000000
0,3,6,14500000
3,3,6.7,9600000
2,2,9.6,7000000
1,2,3,2950000
3,2,4.8,4800000
5,5,12,41000000
0,0,4.8,17000000
3,3,5.3,6200000
3,2,4.8,9200000
3,3,9.6,15800000
2,2,4.8,8000000
3,5,3.2,1600000
0,0,9.7,40000000
4,7,4.8,15500000
3,3,8.2,14500000
2,2,3.6,8500000
3,3,5.1,11500000
6,6,1.2,65000000
6,4,4.8,8500000
5,5,4.8,52000000
9,9,1,73500000
3,2,4.8,7000000
3,3,7.1,12500000
2,2,4.2,4500000
5,5,14,14500000
4,6,7.6,12500000
3,3,6.2,7000000
0,0,4.9,9500000
4,5,4.8,11000000
0,0,5.8,4200000
2,4,4.8,8500000
5,5,1,95000000
6,5,8,36500000
5,4,12,14500000
0,3,5.3,9000000
2,2,3.6,3200000
2,2,5.3,9800000
2,2,3.1,1360000
2,2,4,4000000
6,6,2.3,9000000
5,5,14.7,50000000
1,2,1.8,3000000
4,4,5.8,16500000
0,0,2,3200000
3,3,9.6,12000000
3,3,5.6,16000000
2,2,4.8,16000000
5,4,14,14500000
2,2,3.6,3000000
2,2,4,7500000
0,0,1.2,66000000
0,0,20,80000000
2,2,4.4,6700000
3,3,10,20500000
6,5,17.1,67000000
2,2,2.7,2400000
2,2,3.1,3500000
2,2,4,4000000
3,3,8,18000000
10,3,5.6,16000000
6,3,3.2,85000000
2,2,4.8,3000000
4,4,4.8,14200000
3,3,1.2,54500000
2,4,4,9800000
6,5,1,95000000
0,0,3.3,6500000
8,6,1,91500000
4,5,3.2,2500000
2,2,4.8,6000000
3,3,7.6,9000000
0,0,8,20000
5,5,15.6,130000
0,4,11.6,130000
2,2,4.8,60000
3,2,10.8,35000
6,6,1,125000
2,2,4.8,18000
3,3,4.8,36000
3,3,9.6,45000
2,2,4.4,30000
2,2,2.9,15000
3,2,4.8,22000
2,2,4.8,24000
2,2,4,18000
3,3,9.6,33000
2,4,4.2,24000
5,5,14,280000
2,2,4.9,36000
2,2,4,12000
4,3,1,95000
0,0,1.2,600000
3,3,1,135000
0,0,4.9,45000
5,4,4,100000
3,3,7.6,70000
3,3,7.6,65000
2,2,5.3,45000
3,3,7.6,55000
3,3,7.6,60000
5,5,1,550000
2,1,5.6,27000
1,1,0.8,22000
7,6,2.4,400000
3,3,1,60000
1,2,10,38000
4,3,6,25000
2,2,3.6,17000
2,2,5,23000
2,2,5,20000
3,4,7,30000
0,0,7,17000
5,4,10,65000
4,3,15,50000
3,3,9,28000
0,0,1.9,12000
6,5,5,550000
2,2,1,200000
4,4,0.5,25000
3,3,1,175000
2,2,1,225000
2,2,7,37000
6,5,1,225000
5,5,6,45000
2,2,4,23000
0,8,2,180000000
3,5,1.6,130000000
3,2,10,6000000
0,10,1.3,90000000
3,2,5,3500000
5,5,14.2,49000000
3,2,4,6000000
0,3,4,6800000
0,2,5,11000000
0,5,5.5,14000000
0,3,14.9,39500000
6,7,1,72000000
6,7,2.1,250000000
4,4,8,26000000
5,8,1.1,80000000
2,2,2.4,2150000
2,2,4,6000000
5,3,23,185000000
0,3,23,185000000
3,2,5,5500000
0,4,6,8500000
0,4,5.5,9000000
0,0,2,280000000
6,6,1,55000000
3,3,14,45000000
3,3,14,45000000
5,5,7,15500000
6,6,12,55000000
5,4,4.4,18000000
6,6,1,61000000
10,8,1,52500000
2,3,1,45000
0,0,3,22000
0,0,5,38000
0,0,5,35000
0,0,5,35000
0,0,5,22000
0,0,10,25000
0,0,5,25000
0,0,8,20000
0,0,3,23000
6,10,2,250000
2,2,4.4,45000
3,4,1,55000
2,2,7,30000
4,3,11,70000
6,5,10,24000000
6,5,10,23000000
3,3,5,11000000
5,5,10,22500000
0,0,1,170000000
0,0,1.5,2100000
0,0,1.5,2300000
0,0,1.5,1600000
0,0,3,4500000
0,0,2.5,3300000
1,1,2,3650000
3,2,3,8300000
6,5,10,24000000
0,3,3,4500000
0,3,3,4500000
0,0,3.5,20000000
0,0,9,30000000
0,3,3,4500000
0,3,3,4600000
0,3,3,4500000
6,5,1,55000000
6,5,1,50000000
5,4,5,13500000
7,5,10,26000000
6,6,10,25000000
6,5,1,40000000
4,3,5,11500000
7,7,2,65000000
6,5,10,25000000
4,3,11,30000000
5,5,6,10000000
5,4,10,23800000
6,6,1,33000000
4,3,5,9000000
5,3,5,9800000
3,3,4,7500000
0,0,6,280000000
5,3,5,9800000
6,5,10,23000000
6,5,10,18800000
1,1,2,7750000
6,5,1,42500000
4,4,5.2,8800000
3,3,2.5,3500000
2,2,1.5,2400000
5,4,10,19500000
3,4,3,5800000
6,5,10,28000000
4,4,3,4200000
2,3,5,5000000
7,6,1,36000000
4,3,10,20000000
3,3,10,12000000
7,5,10,20000000
6,6,10,19500000
6,6,10,17500000
6,6,10,19500000
5,4,1,34000000
4,3,5,14000000
2,2,4.5,4800000
3,4,16,75000000
4,4,5,11500000
3,3,5,10500000
0,0,6,13500000
8,7,2,65000000
5,5,4.7,8500000
0,0,1,37500000
4,3,4,8200000
6,5,10,21000000
2,2,2,4500000
3,4,7,5000000
4,3,3,7000000
2,2,3.1,3750000
0,0,6,6800000
4,3,3,5000000
5,5,13,18000000
0,0,8,11000000
0,0,6,11000000
3,3,5.3,5000000
4,4,5,6500000
7,7,1,52000000
0,0,10,80000000
2,2,5,2900000
4,8,5,14500000
3,3,10,10000000
4,4,5,8200000
5,5,5,9000000
5,3,5,8000000
2,2,2.9,3400000
4,4,6,43000000
2,2,4.7,6700000
5,5,8,26500000
8,8,16,50000000
3,3,3.5,12800000
4,4,12,55000000
3,3,8,12500000
3,3,5.3,9000000
2,2,4.7,6000000
2,2,4.4,6500000
2,2,4.4,7000000
2,2,4,5000000
3,2,3.3,5600000
5,4,16,75000000
3,3,6,15200000
2,2,5.3,5000000
0,0,8,6000000
0,0,5.3,6500000
6,6,16,41000000
2,2,3.2,2500000
2,2,4.8,7800000
4,4,8.4,16500000
5,5,9.2,70000000
2,2,4.2,5500000
2,2,2.4,5800000
5,5,1,140000000
2,2,4.4,6500000
0,2,4.2,7500000
2,2,4.2,7200000
3,3,8,16000000
3,3,5,14500000
0,6,3.2,9000000
0,4,3.2,9800000
0,0,1.6,3600000
0,2,2.9,3800000
5,7,3.2,7800000
6,6,1,125000000
0,0,8.7,35000000
0,0,2,170000000
3,4,3.2,6800000
3,3,5.8,13500000
3,3,9.6,15000000
2,2,6.7,35000000
6,5,8.6,16500000
5,5,7.6,7000000
2,2,4.7,18500000
3,3,8,14500000
3,3,6.4,8500000
2,2,5.4,13500000
4,4,4.8,15500000
6,6,2,39000000
2,2,2.9,6500000
0,0,4.8,9000000
3,3,4.4,6800000
2,2,4,9500000
4,3,5.6,12500000
3,3,6.4,8700000
4,4,6,43000000
6,6,1,125000000
2,2,4.2,50000
2,2,4.2,48000
2,2,4.2,45000
2,2,4.2,40000
3,3,16,60000
5,4,4.8,130000
0,0,16,68000
3,3,6.1,45000
3,3,7.6,50000
1,1,12.4,40000
3,3,8,90000
0,2,4.4,40000
6,4,1.2,475000
0,4,8,60000
3,3,8.9,125000
2,2,8,55000
5,5,1,130000
4,4,12,90000
8,8,2,250000
3,3,1,75000
4,4,10,150000
4,4,10,200000
3,3,8.9,125000
5,6,1,300000
5,4,12.4,200000
6,7,1.1,400000
4,4,10,140000
4,3,8.9,150000
3,3,10,55000
3,3,16,75000
3,3,8,35000
5,5,1,225000
3,3,7,50000
10,11,4,1500000
2,2,2,30000
3,3,4.9,45000
3,3,8,75000
4,4,9.8,105000
3,3,7.8,47000
2,2,8,43000
5,5,1,75000
1,1,0.9,13000
0,0,1,300000
2,2,1,100000
0,0,1.6,450000
0,0,1,155000
6,6,14,85000
1,1,2.7,12000
4,3,1,45000
2,2,12,65000
3,2,1,35000
0,3,10,60000
0,4,8,40000
3,3,7,27000
0,9,3,200000
0,2,10,35000
0,6,1,80000
0,3,10,30000
0,3,12,30000
0,3,10,35000
0,3,10,40000
0,2,10,15000
0,2,1,25000
3,3,1,80000
3,2,7,18000
0,0,10,26000
3,2,5,22000
0,3,1,50000
0,4,2,80000
0,2,5,26000
2,2,9.3,50000
2,2,5,31000
4,4,4.4,45000
4,3,13,38000
2,2,4.2,25000
0,2,7,42000
2,2,5,13000
2,2,5,18000
5,4,5,38000
4,4,1,150000
4,3,10.7,65000
3,2,1.1,45000
5,4,2.4,320000
4,3,10,48000
6,5,2.4,300000
3,2,11.6,18000000
5,5,8,28000000
8,6,1,65000000
4,4,8,18000000
3,3,1.2,66000000
4,4,5,11500000
2,2,5,6000000
1,1,4.3,4700000
0,5,1,52500000
0,5,1,35000000
3,3,9.6,16500000
4,4,8,16800000
5,6,10,9900000
6,4,6,11800000
6,5,8,34000000
6,6,1.2,150000000
2,2,5.3,8000000
3,3,7,10500000
1,1,2.7,2500000
6,6,1,27500000
0,5,11,16000000
0,9,6,13500000
5,5,10,18000000
0,0,6.5,23000000
5,4,5,10500000
3,2,1,26000
3,3,10,40000
5,4,10,58000
0,0,1,55000
5,5,10,24500000
5,5,1,39900000
2,2,3,2490000
2,2,3,2290000
4,3,1,22500000
4,4,9,65000000
0,4,10,25000000
0,5,1,35000000
0,2,7.7,15000000
0,0,6,12500000
3,3,5,13300000
0,0,2,130000000
0,6,2.6,180000000
0,0,1,70000000
0,0,4,280000000
0,0,4.5,455000000
0,0,6,900000000
0,0,3.5,280000000
0,0,1.7,125000000
0,0,1,90000000
0,0,2.7,270000000
0,0,2,80000000
0,0,2,120000000
0,0,1,65000000
0,0,1,45000000
0,0,4,160000000
3,3,2,5000000
4,3,5,13000000
6,5,1,51500000
4,3,5,13000000
5,4,11,265000000
4,3,5,13000000
7,6,2,74000000
1,2,5,3400000
2,3,5,6200000
6,5,1,43000000
1,2,3,2400000
2,2,3,4400000
3,3,1,40000000
7,5,5,12000000
2,3,2.5,3600000
2,2,2,2350000
0,6,1,36000000
0,4,10,19500000
6,4,10,29000000
0,3,3,3500000
7,5,10,18500000
3,3,2.5,4700000
4,4,5,13500000
3,3,5,13000000
3,3,5.5,15000000
5,4,1.5,52000000
2,4,5.5,16300000
3,3,3,5500000
3,3,5,13500000
4,3,5,9000000
0,0,10,28000000
0,10,1.2,35000000
7,8,10,17000000
4,3,4,9500000
2,2,5,8500000
3,3,7.5,14500000
4,3,3,5700000
4,4,3.5,8000000
3,3,3,8000000
7,5,10,24000000
6,4,13.3,22500000
10,10,1,40000000
5,5,7,11500000
1,2,5,2200000
4,5,10,10500000
3,3,3,6750000
7,5,1,42500000
3,2,2.5,3700000
0,0,5,8500000
0,0,11.1,11500000
6,4,7,20000000
4,3,2.5,5200000
4,4,6.2,16500000
6,6,1.6,82500000
6,4,10,17500000
6,7,1.6,82500000
0,0,1,57500000
5,5,10,22500000
4,5,10,18500000
4,4,5,5000000
10,11,1,29900000
0,1,1.8,3500000
0,2,2.9,5000000
3,2,5,5000000
2,2,5,3100000
0,5,7,17500000
2,2,10,10500000
6,5,10,19500000
4,4,7,10000000
2,2,4.3,5000000
2,2,2.2,27000
6,4,1,275000
3,3,9.6,46000
3,3,12,175000
3,3,8,37000
6,5,1,110000000
8,7,2,260000000
4,3,10.7,19500000
4,3,4.8,12500000
3,3,10,11500000
3,3,9.4,10000000
4,4,14,16500000
3,3,5,11000000
0,2,4.8,9000000
3,3,8,13500000
2,2,4.2,5000000
7,6,12,40000000
2,2,4.2,6300000
4,4,13.1,17000000
3,3,10,13500000
3,3,8,14000000
3,3,8,15000000
3,3,8,20500000
3,3,5,8500000
3,3,5,12000000
3,3,6,14500000
3,3,6.4,11000000
0,0,1,117500000
2,3,4.8,7000000
4,4,10.7,13500000
2,2,4.8,6500000
2,2,4.8,7000000
2,2,4.8,6500000
1,1,2,1850000
0,3,6,15000000
0,3,5.8,11000000
0,3,6,9000000
0,4,7.1,11000000
0,3,7.3,25000000
0,3,7.6,15000000
0,2,4.2,3400000
0,2,3.6,5000000
0,2,3.6,5500000
0,2,3.6,4000000
3,3,6.7,21500000
6,6,9.6,37500000
0,3,5.8,7200000
0,3,5.8,7000000
0,2,3.6,4200000
0,6,12.4,27500000
0,3,11.1,33000000
0,2,4,7000000
0,2,3.8,7800000
0,3,6.4,15000000
0,3,6.4,13500000
0,3,5.8,8500000
0,6,1.3,70000000
0,6,16,65000000
0,2,3.8,6500000
0,3,6.9,9000000
0,2,4,7000000
0,2,3.3,5500000
0,2,3.3,4500000
0,3,7.6,30000000
0,2,3.6,7000000
0,6,14,55000000
0,3,6.2,11500000
5,4,4.8,9500000
4,4,8,18000000
2,4,4.4,4500000
6,6,4.8,16000000
3,3,10,12000000
2,2,4.2,6500000
4,4,12.2,13500000
3,3,6,15000000
3,3,8,21000000
4,3,8,20000000
2,2,4.2,8600000
5,5,8,21500000
2,2,3.8,4000000
3,5,5.3,6000000
3,3,8.9,32500000
3,3,6.7,12500000
2,3,18,40000000
0,0,4.8,16000000
4,4,1.2,60000000
0,2,4.7,5500000
3,3,7.1,15500000
3,3,7.3,12500000
3,3,8,14600000
4,4,4,35000000
4,3,9.6,17000000
0,4,4.8,11000000
9,8,16,24000000
3,3,7.1,11000000
4,4,4,100000
2,2,6,37000
4,4,1,100000
2,2,3.8,45000
3,3,1,56000
2,2,6,20000
1,1,14,8000
0,0,7,60000
3,3,1,120000
3,3,12.2,62000
0,0,10,23000
0,0,10,27000
0,0,5,35000
2,2,8,30000
2,2,8,32000
2,2,4.4,30000
1,1,3.3,28000
6,6,8,70000
2,2,11.3,38000
0,0,10,60000
0,0,10,70000
2,2,2.7,20000
0,3,1,65000
6,10,2,600000
0,3,1,46000
0,0,1,56000
0,0,1,45000
6,6,1,100000
0,0,1,62000
0,3,12,30000
0,2,8,23000
0,4,5,45000
6,10,5,1600000
2,2,5,31000
0,0,1,60000
0,4,6,25000
0,3,8,28000
0,4,1,35000
0,3,10,32000
0,2,7,28000
0,4,1,60000
6,6,11,22500000
4,4,1,35000000
5,4,6,13000000
5,5,12,45000000
0,0,8,28800000
6,5,1,42500000
6,5,10,22500000
6,4,6.3,12500000
3,3,7.1,16000000
0,0,1,60000000
2,2,3.6,3350000
4,4,3,4200000
3,3,7.1,20800000
5,4,7,13500000
2,2,2.9,4000000
3,2,6.4,8700000
10,11,1.1,45000000
1,1,1.7,4300000
1,1,4.3,4600000
2,4,3.6,13000000
0,0,12,12100000
8,8,14,65000000
7,7,14.2,22000000
0,0,5,35000
0,0,7,55000
0,0,5,40000
0,0,2.2,20000
3,3,5,30000
0,0,0.6,6000
0,0,1.1,7000
0,1,2.8,35000
0,5,1,115000
3,2,5.3,65000
6,5,10,70000
3,2,10,38000
2,2,3.8,20000
5,4,1,37500000
6,5,1,25000000
1,2,5,3800000
6,5,1,45000000
6,5,2,91500000
6,5,1,49000000
6,5,1,46500000
6,5,1,47500000
6,5,1.2,55000000
6,5,1,65000000
7,6,1,32500000
4,4,2.8,7000000
3,3,10,18000000
5,0,1.1,60000000
3,3,1.3,72500000
5,5,2,125000000
5,4,12,21500000
3,3,10,17000000
3,3,10,15500000
6,5,5,16000000
0,0,2,2000000
6,6,12,27000000
9,8,23,125000000
4,3,3,5750000
6,5,5,16000000
5,0,5,15000000
0,0,1,1300000
4,4,5,15800000
4,3,1,19000000
1,3,5,7000000
4,4,10,21000000
5,5,1,32500000
3,3,5,12500000
4,5,3,7000000
0,7,10,21000000
5,5,10,18500000
7,6,2,160000000
0,0,4,16000000
7,7,10,26800000
7,7,1,72500000
6,5,1,50000000
6,5,1,44000000
7,7,1,35000000
3,3,4.1,340000000
4,3,5,12000000
3,3,3.5,8500000
3,3,5,12500000
3,3,5,11500000
0,0,4,7500000
7,7,1.1,65000000
6,6,10,21000000
0,0,10,17000000
4,4,5,10500000
0,0,1,35000000
6,5,1,41000000
0,0,3,5000000
0,0,4.5,7500000
0,0,5,8500000
0,0,4,7000000
6,5,14,31000000
5,4,8,24000000
3,8,5,9000000
0,0,5,10000000
0,0,5,10000000
0,0,5,10000000
0,0,5,10000000
0,0,5,10000000
0,0,5,10000000
0,0,5,10000000
0,0,5,10000000
0,0,6,8000000
3,3,5,6000000
4,3,10,14500000
3,6,5,6500000
6,5,1,42500000
3,2,4.4,4500000
0,0,3.5,3200000
6,5,10,15500000
6,5,10,21000000
6,5,10,24500000
7,6,1,38000000
5,5,5,9000000
5,5,5,9000000
5,5,6,9500000
5,5,5,8800000
5,5,5,8000000
2,2,4,2400000
2,2,3.4,5500000
4,5,1.2,47500000
0,0,4.4,3000000
0,0,5,3000000
6,5,15,29000000
2,2,4.4,40000
3,3,1,150000
8,11,1,285000
0,3,9.6,55000
0,3,6.2,40000
0,2,4,25000
0,3,6,35000
0,0,9.6,160000
0,3,6.7,45000
0,2,4,25000
0,0,10.2,110000
0,3,9.6,55000
0,3,6.2,40000
0,5,9.6,50000
0,3,6.2,38000
0,3,7.1,45000
0,3,9.6,55000
0,3,7.1,55000
4,3,1,180000
4,3,8,38000
2,3,4.9,35000
5,4,11.1,145000
3,3,8,105000
0,0,2,395000
2,2,4.9,35000
3,3,9.8,55000
8,8,1.1,96000000
3,3,8.9,19000000
2,2,12.9,26000000
3,3,7.3,12000000
2,2,4.8,4000000
2,2,3.8,5300000
2,2,1.6,6300000
3,3,8,16500000
5,5,1.3,137500000
3,3,9.6,25000000
6,6,1,90000000
0,0,4.2,5500000
4,4,4.9,9000000
3,3,4.7,12500000
3,3,8.9,21000000
4,4,14,55000000
2,2,6.7,7500000
2,2,5.1,4800000
2,2,5.1,4500000
2,2,6,4700000
5,5,8,60000000
4,4,4.8,19500000
6,6,9.3,25000000
2,2,6.4,6000000
4,4,16,27000000
2,2,3.6,4600000
2,2,4.2,5800000
2,2,3.2,3800000
6,9,8,29000000
3,3,5,5500000
2,2,4.9,7900000
0,0,3.1,3400000
2,2,4,5000000
3,3,9.6,26500000
2,2,3.4,8300000
0,0,3.2,3700000
2,2,4,7800000
2,3,6,16000000
0,0,4.2,5500000
2,2,4,9500000
3,3,7.3,19000000
5,5,4.8,16500000
2,3,5.6,9000000
3,3,6,15000000
3,3,6.4,22500000
3,3,5.3,12000000
0,0,9.6,31500000
3,3,5.6,8000000
3,3,8,17000000
3,2,4.3,6000000
4,4,12,14500000
4,3,17.9,60000000
3,3,9.6,32500000
3,3,7.1,5500000
6,6,9,38000000
6,5,10,66000000
2,2,3.6,2500000
2,2,2.4,1300000
2,2,3.8,6000000
4,4,12.4,45000000
8,6,18,78500000
3,3,6.7,11500000
6,6,16,55000000
4,3,8,20000000
2,2,2.8,3700000
3,3,10,16000000
3,3,6.4,24000000
0,3,7.3,23000000
4,4,1,95000000
5,4,14.2,50000000
3,3,5.3,6500000
1,2,2.4,2950000
5,0,10,56000000
6,7,2,220000000
0,3,1,60000
0,3,12,30000
0,3,12,28000
0,7,1,70000
0,2,1.3,140000
3,3,7,50000
6,4,1.2,300000
8,8,12,140000
6,6,9,120000
3,4,6,65000
3,3,12,60000
2,2,4,32000
2,2,10,32000
2,2,1,27000
0,10,1,60000
0,0,3,7000
3,3,14.2,60000
3,3,12,70000
3,3,1,35000
4,3,1,100000
2,2,7.6,200000
3,3,12,60000
2,2,4,24000
4,3,6.7,28000
4,4,7,40000
3,2,7,23000
2,2,7,22000
3,2,7,17000
3,2,5,7000000
6,6,10,34000000
5,4,4,14500000
5,4,4,14500000
4,6,15.6,18000000
6,6,10,39000000
4,4,6,12500000
0,0,10,13000000
0,0,8,35000000
5,4,4.4,17000000
0,0,5,9500000
0,6,6,35000000
4,6,9,20000000
8,5,1,31500000
5,5,1.7,65000000
0,0,5,21500000
3,3,5,28000000
3,2,5,7000000
4,6,5,7000000
0,0,1,140000000
3,3,7,5500000
3,4,5,14000000
6,6,10,33000000
1,2,9.3,8000000
6,6,5,13000000
0,2,5,3000000
0,2,5,3300000
0,2,5,3500000
0,3,8,5800000
0,3,8,6900000
0,3,8,7500000
0,3,8,4600000
0,0,4.7,7600000
3,2,7.1,8500000
7,6,2.4,120000000
3,3,6,6000000
4,6,4,8500000
5,5,10,23000000
5,5,10,22000000
2,2,2,3000000
6,5,10,20700000
2,2,2.9,3500000
0,0,5,4200000
6,5,10,20500000
3,3,7,28000
0,0,5,45000
3,3,5,22000
3,2,5,25000
0,0,5,25000
0,0,18,35000
0,0,8,20000
0,0,5,35000
3,3,7,35000
2,2,5,35000
3,3,1,60000
2,3,10,26000
3,2,6,75000
0,5,10,25000000
0,5,10,24000000
0,3,5,10500000
7,5,1,51500000
6,5,1,75000000
5,5,12,25000000
7,6,2,165000000
1,2,5,4000000
0,4,5,12200000
4,3,3,5950000
4,4,3,5500000
3,3,3,4490000
6,6,12,28000000
3,3,6,23500000
5,4,10,37500000
5,5,10,25000000
3,3,10,19500000
0,0,4,5600000
7,6,2,110000000
6,4,7.2,11000000
0,0,1,36000000
6,6,1,31000000
6,6,1,30000000
5,5,10,17500000
4,4,5,11300000
5,4,10,28000000
6,6,16,33000000
9,7,3,137500000
4,3,10,19500000
5,5,1,45000000
2,1,2.3,10500000
2,2,7,9000000
7,5,17,41000000
7,6,2,115000000
6,5,2,85000000
4,4,5,11500000
6,6,2,130000000
1,1,2.9,3350000
6,5,1,35000000
0,0,3,4200000
6,4,5,9000000
6,4,7,20000000
0,0,1,46000000
7,5,1,36000000
6,5,1,35900000
7,5,1,35800000
7,6,1,36000000
3,3,5,9000000
7,7,1.8,115000000
4,4,10,15000000
3,3,5,9900000
2,4,3,2650000
1,1,1.8,3000000
3,3,10,12000000
4,4,12,17500000
3,3,10,14500000
4,4,17,80000000
5,5,8,70000000
2,2,5,25000000
6,5,12,22500000
3,3,5,10000000
3,2,2,6500000
4,3,3,6500000
0,0,2.5,5500000
0,0,3,3500000
0,0,7,15000000
1,3,2.5,2500000
6,7,10,40000000
10,7,1.6,70000000
6,6,10,24000000
2,2,4,4000000
0,0,5,10000000
9,8,10,25000000
7,5,8,12800000
4,4,5,7500000
4,3,11,19000000
10,7,1,41000000
7,6,2,600000
5,4,9,200000
3,3,9.6,35000
3,3,7.1,40000
2,2,4.8,55000
3,2,4.8,20000
3,3,7.6,65000
0,0,13.3,70000
8,7,2,500000
3,3,11.4,55000
3,3,11.4,60000
3,3,11.4,60000
3,3,11.4,60000
3,3,11.4,60000
3,3,11.4,50000
3,3,11.4,60000
3,3,11.4,70000
2,2,6,40000
3,3,8.4,53000
6,6,1,300000
6,6,14,250000
0,0,14,250000
0,0,14,140000000
2,2,5.3,8000000
2,2,3.6,5200000
2,2,3.2,6000000
3,3,5.3,6800000
3,3,5.8,5500000
2,2,5.3,9000000
3,3,4.7,7200000
8,7,2,199900000
3,2,5.6,10500000
3,3,10.2,47000000
4,4,12,57500000
2,2,2.7,2800000
6,4,1,102000000
4,3,10.4,49500000
7,6,1,130000000
3,3,6.4,13500000
3,3,16.4,10500000
4,3,16.4,10500000
5,4,4.8,9700000
0,0,8,24000000
0,3,10,13300000
0,3,8,14500000
6,6,10,27000000
2,2,3.8,3800000
0,0,8,27000000
3,3,4.8,19000000
3,3,6.2,16000000
2,4,2.4,6000000
4,4,4.8,12000000
0,3,6.7,7000000
3,3,8,11000000
2,2,3.8,4500000
2,2,3.8,4500000
2,2,3.8,4500000
2,2,3.8,4500000
2,2,3.1,3500000
2,2,3.1,3500000
2,2,3.1,3500000
4,4,13.1,14500000
2,2,4.2,8500000
2,2,2.7,6500000
5,5,12,65000000
3,3,10,20500000
5,5,1.3,147500000
3,3,8,6800000
3,3,7.3,15000000
4,4,12,65000000
3,3,3.2,6800000
7,6,1.6,200000000
2,2,3.8,4500000
3,3,6.2,5800000
3,3,10.6,17500000
6,6,8,27500000
3,3,4.8,11000000
4,4,3.2,17500000
4,3,10.7,34500000
0,0,6.4,13500000
3,3,10.7,35000000
6,7,16,50000000
2,2,4.4,8000000
3,2,4,10000000
2,2,2.6,3800000
3,2,4,11500000
2,2,4,5200000
0,0,4.6,8500000
3,3,6.7,12500000
5,5,1,97500000
5,5,1,92500000
0,0,7.1,29000000
2,3,5.1,6500000
2,2,2,6600000
6,6,16,40000000
4,4,4.8,19000000
2,3,7,70000
2,2,4,11000
0,7,1,200000
0,0,5,62000
0,0,8,85000
4,3,11.3,60000
2,2,8,35000
3,3,4.4,45000
4,3,1,55000
4,4,14,300000
6,5,1.3,500000
1,1,1,100000
6,5,1,325000
7,6,1.8,600000
3,3,12,65000
3,4,5,22000
2,2,5,25000
3,2,5,17000
4,3,13,50000
3,3,1,50000
3,3,1,40000
6,3,1.2,85000
0,0,3.6,32000
6,5,10,30500000
2,4,4,15000000
2,2,3.3,2800000
5,5,1,97500000
8,8,10,13000000
0,0,7,14500000
3,2,9.3,47000000
4,4,5,8500000
0,9,17.8,150000000
0,0,10,25000000
0,3,6,15000000
0,5,10,25000000
4,4,5,11000000
1,2,3.5,3000000
5,6,10,21000000
5,5,7,14500000
2,2,5,6000000
0,0,5,14500000
4,4,5,9000000
3,3,2,5000000
2,2,5,6200000
0,0,5,25000
0,0,5,30000
0,0,2,225000
0,0,1,200000
0,0,1.5,12000
0,0,10,25000
0,0,5,16500
0,0,5,13000
0,0,5,18000
0,0,10,35000
0,0,6,16500
0,0,8.5,25000
0,0,4.5,15000
0,0,12,25000
0,0,10,25000
0,0,5,35000
0,0,7.5,30000
0,0,7,10000
0,0,2,25000
0,0,1.1,14000
0,0,7.5,16000
0,0,7.5,26000
3,5,5,35000
3,3,5,35000
3,3,8,40000
3,3,12,35000
2,2,5.3,60000
1,1,2,14000
5,4,10,67000
3,3,10,35000
4,4,1,50000
5,5,16,110000
3,3,5.5,45000
3,4,14,40000
4,4,1,45000
3,3,10,46000
7,6,2,102000000
7,6,2,102000000
2,3,3,4500000
4,4,10,22000000
3,3,2,4500000
4,4,10,22300000
4,4,10,22200000
4,4,10,22400000
4,4,10,22100000
4,4,10,22500000
4,4,10,22600000
4,4,10,22800000
4,4,10,22800000
4,4,10,23200000
4,4,10,23400000
4,4,10,23500000
4,4,10,23000000
3,3,2,5000000
5,5,1,40000000
4,4,10,23300000
4,4,10,22700000
5,5,1,37500000
4,4,10,23100000
4,4,10,22900000
0,0,2.5,2400000
4,4,2,6000000
3,3,2,6000000
0,0,2.5,2400000
5,4,4,6500000
2,4,4.2,5000000
5,4,10,22000000
4,3,5,14300000
6,5,1,45000000
6,5,7.5,18000000
3,3,5,9500000
0,0,5,12500000
7,5,1,45500000
0,0,1.2,62500000
3,5,7,8000000
6,5,8,13200000
2,4,3,2650000
6,5,1,40000000
2,1,2,3400000
0,5,5,10800000
0,4,5,8500000
0,3,3,6700000
0,4,10,18000000
0,4,7,16000000
0,2,5,8000000
0,3,5,9000000
0,4,5,9000000
0,3,3,6600000
0,5,10,21500000
0,3,3,6800000
0,3,5,10500000
0,3,5,10000000
0,5,10,21000000
0,4,8,16500000
0,5,10,21000000
0,5,10,22500000
0,4,10,18000000
3,3,5,13200000
0,0,4.5,13000000
1,2,3,4200000
6,4,1,33000000
7,5,1,85000000
4,4,4,10500000
4,3,5,12000000
0,3,3,5750000
3,3,3,6500000
3,3,5,7500000
3,3,5,9500000
3,3,10,12500000
1,1,1,1700000
5,5,10,22000000
0,0,8,13000000
4,4,10,26000000
3,3,8,70000
0,0,10.2,110000
0,0,1.2,500000
0,0,2,800000
0,0,10,250000
0,0,1.2,180000
0,0,1.2,250000
0,0,12,200000
0,0,12,1500000
0,0,2,1300000
0,0,1.2,600000
2,2,4.5,55000
3,3,4,23000
3,4,8,55000
3,3,1,130000
3,3,1,135000
0,0,7.3,60000
2,3,6,40000
3,3,10,35000
3,2,4,45000
3,3,12,55000
3,3,1,170000
3,3,1.2,65000
3,3,1,150000
6,6,1.2,400000
3,3,1,125000
3,3,6.2,35000
4,3,8,80000
2,3,5.7,8000
1,2,2.2,12000
3,3,14,80000
3,3,14,80000
3,3,15.6,180000
1,2,4,25000
0,0,3.8,30000
3,3,6.9,80000
3,3,7.1,60000
2,6,4.8,40000
3,3,1,140000
3,3,4.9,6000000
4,4,4.8,19000000
4,4,4.8,24000000
6,6,9.6,30000000
4,4,4.8,13200000
4,4,4.8,13500000
4,4,9.8,30000000
2,2,5.8,9500000
3,3,5.6,9500000
4,4,1.2,60000000
0,2,3.6,9500000
0,2,3.6,8000000
4,3,12.4,50000000
3,3,16,42500000
4,4,4.8,13000000
5,5,4.8,23500000
3,3,6.7,12000000
0,0,2.4,2500000
0,0,1.8,1600000
0,0,4.8,5000000
0,0,2.4,2500000
3,3,4.8,8400000
2,2,2,1500000
2,2,2,1500000
2,3,2.9,2400000
2,2,4,7500000
2,2,3.3,6500000
3,3,7.1,9500000
2,2,3.8,6000000
2,2,3.1,4500000
10,11,12,30000000
0,7,2,120000000
0,0,18,8000000
5,5,16.9,50000000
1,1,2,1850000
2,2,3.8,4300000
3,3,6.2,8000000
0,0,9.6,16500000
0,0,1.5,45000000
0,0,10.6,17500000
2,2,4.2,5000000
0,0,5,8500000
2,2,4.2,10600000
6,6,1,115000000
3,3,8,11000000
4,3,8.4,32500000
6,6,1,113500000
3,3,8,18000000
0,0,8,10300000
5,4,16,43000000
3,2,4.4,8500000
2,2,2,6000000
7,6,4.8,16500000
3,3,5.6,15000000
2,2,4,7000000
0,6,1,135000000
0,4,1,90000000
0,6,1,135000000
0,4,1,90000000
3,2,4.8,9800000
3,3,6,5200000
3,3,7.3,13000000
3,3,8,20000000
3,3,6.1,14500000
3,3,8,15000000
6,6,1.3,180000000
4,6,3.4,9300000
0,0,9.8,12500000
0,0,4.4,4800000
6,7,3.2,8000000
0,3,8,20000000
5,5,14,140000000
0,0,2,200000000
1,3,2.6,1700000
4,4,9.6,38000000
2,1,2,6500000
2,2,4.8,8500000
0,0,4.8,8000000
0,0,4.8,8500000
0,0,4.8,9500000
0,0,4.8,6700000
0,0,4.8,6500000
0,0,7.3,8500000
6,6,9.6,26500000
6,6,2,200000000
2,7,4.8,8400000
4,3,9.6,50000000
5,4,4.8,9500000
0,2,4,5000000
0,4,16,35000000
0,3,4.4,5500000
0,3,5.1,13000000
0,2,3.3,4200000
0,2,3.2,11000000
0,6,9.6,31500000
0,3,5.6,7500000
0,3,5.6,7500000
0,3,10.4,14000000
0,3,6,8000000
0,3,14,16000000
0,2,4.4,4800000
0,2,4.8,9000000
3,3,5.8,13500000
4,6,3.4,9300000
2,2,4.2,7500000
5,5,9.6,36000000
3,4,4,6500000
3,2,4.8,9500000
2,2,4.8,23000000
6,6,4.8,12500000
4,3,9.6,17000000
5,5,7.6,45000000
3,3,4,26500000
2,2,3,4500000
0,8,10,31000000
0,1,4.5,6000000
0,2,7.1,8800000
3,3,5,13000000
3,3,4,6200000
0,0,7,15500000
2,2,5.3,9000000
2,2,5.3,7700000
1,1,3.8,3500000
6,4,5,7500000
6,5,10,24500000
6,5,10,24500000
2,2,5,22000000
5,4,4.4,15000000
5,4,5.6,11000000
5,3,4.4,16500000
0,0,4,6600000
2,2,5.1,3800000
4,3,1,85000
3,3,10,30000
7,6,1,200000
8,7,2,300000
3,3,7,20000
4,4,1,45000
2,2,10,28000
2,2,12,35000
2,2,4,35500
5,4,14.6,50000
3,3,1,100000
3,3,10,40000
8,6,1,140000
2,2,6.2,55000
6,5,1.9,150000000
0,0,1,30000000
2,2,3.6,3200000
1,1,4.3,4800000
5,4,5,6075000
7,7,2.4,155000000
0,0,5,13000000
3,3,5.7,4600000
5,5,4,14500000
6,6,1,39000000
3,3,5,6800000
2,2,5,4200000
5,5,1,89000000
2,4,4,15000000
0,0,1,45000000
2,2,4.5,4500000
2,2,2.9,3800000
2,2,2.9,3000000
3,3,5,6500000
2,2,3.1,3500000
3,3,5,13000000
0,3,5,11000000
0,0,18.5,6000000
0,2,4.5,4000000
0,0,6,12000000
0,0,4.5,7000000
5,5,10,26000000
3,2,4.6,5300000
5,5,1.2,60000000
2,2,2.9,3500000
6,6,1,28000000
2,2,5.3,12500000
5,5,7,13000000
8,6,1,39500000
5,5,12,27000000
3,3,5,6500000
2,2,3.3,3400000
6,5,10,23000000
2,2,7,16000000
5,5,12.1,22500000
6,5,10,24500000
6,5,10,24500000
7,6,1,37500000
3,4,5,6500000
2,2,5.2,12000000
5,5,7,13200000
2,3,5.5,17000
0,0,6,20000
0,0,12.5,50000
0,0,17.1,60000
0,0,4,20000
0,0,5.5,35000
0,0,5.5,25000
0,0,5,16000
2,2,2.7,16000
2,1,2.9,35000
6,5,1,42500000
6,5,1,39500000
6,5,10,20000000
6,5,1,47500000
3,3,5,15500000
6,5,10,32500000
6,5,1,49000000
5,5,1,75000000
4,4,10,20000000
6,5,1,48000000
3,3,5,6400000
4,4,5,15000000
6,4,5,7500000
0,4,3,8300000
0,4,2.5,7000000
4,4,10,24500000
6,5,1,30000000
6,4,10,14300000
3,3,12,26000000
9,4,8,90000000
4,3,5,12800000
6,5,10,18500000
4,3,5,14800000
2,2,3,3950000
6,5,1.1,51500000
6,5,1,42000000
4,5,8,17500000
4,3,5,11500000
2,3,6,10500000
6,8,3.2,16000000
3,3,5,9800000
4,4,3.5,10300000
6,4,5,10000000
4,4,3,9500000
4,4,3,9500000
0,0,5,11500000
4,3,5,11500000
3,3,10,13500000
4,4,10,25000000
4,4,3,15500000
4,3,3,7500000
4,3,5,13500000
4,4,10,20000000
2,2,46,4500000
0,5,10,14800000
4,4,3,15500000
5,5,13,40000000
2,3,8.6,12500000
4,4,10,16500000
0,0,10,18500000
0,0,10,19000000
6,5,8.7,13000000
0,0,1,57500000
5,4,10,20000000
6,6,10,17500000
4,3,4,6500000
6,5,1,45000000
2,2,4.3,5500000
3,3,14,80000
3,3,6.7,65000
7,6,1,250000
4,4,12,100000
5,4,1,165000
8,7,4,1300000
6,6,1,325000
3,3,1,130000
6,6,1,400000
3,3,9.6,42000
3,3,8,75000
3,3,8,85000
0,4,1.2,120000
0,4,1.2,120000
0,0,1,122000
0,0,1,140000
2,2,4.8,24000
5,5,1,300000
3,3,1,55000
2,2,4.8,26000
0,4,16,60000
0,3,16,70000
0,3,9.6,45000
0,2,3.2,28000
0,2,4.4,20000
0,3,8.6,40000
0,2,4.4,25000
0,2,4.4,24000
0,3,7.1,34000
0,3,7.1,34000
0,3,7.1,34000
0,1,2.4,17000
0,2,4.4,25000
3,3,4.9,55000
0,0,15.6,180000
2,2,4.9,50000
1,2,2.2,31000
6,4,13.3,24000000
0,0,2.6,3000000
2,2,2.4,4200000
3,3,7.1,30000000
3,3,7.8,6000000
3,3,8.9,19000000
6,5,15.6,100000000
5,5,9.6,27000000
3,3,8,16000000
3,4,6,12000000
7,6,4.8,21000000
2,2,5,20000000
2,2,6.2,13000000
2,3,3,5800000
5,4,4.8,53500000
0,0,8,13500000
2,2,3.3,4000000
2,2,4.8,7000000
0,0,4.8,5000000
2,2,4,7000000
2,4,4,5500000
3,3,7.8,9500000
3,3,4.4,4000000
3,4,5.1,11000000
3,3,6.4,8000000
6,5,8,25000000
2,2,9.6,15000000
4,4,16,18000000
5,7,4.8,28000000
5,4,13.3,55000000
3,3,8,14000000
3,4,4.8,17500000
3,3,6.2,11000000
4,4,9.6,19000000
2,2,2.4,3200000
3,3,4.8,20000000
3,3,10,14500000
2,2,3.3,3000000
3,3,3.2,15000000
3,3,6.4,9000000
5,5,9.6,31000000
2,1,2.4,4000000
3,4,5.1,6800000
3,3,8,8500000
4,4,11.2,7500000
6,8,1,70000000
6,9,9.6,22000000
5,5,12,65000000
2,2,2.4,2600000
2,2,2.4,2750000
2,2,2.4,2700000
2,2,2.9,5000000
2,2,2.4,2650000
1,2,3.2,1800000
3,3,6,12500000
6,6,1.1,82500000
4,4,14,55000000
5,5,1,61500000
5,5,1,97500000
5,5,1,95000000
4,4,14,90000000
6,5,2,185000000
0,4,5.6,55000000
0,4,5.6,50000000
7,7,14.4,41000000
7,11,8,35000000
0,0,2.7,2800000
6,6,1,500000
2,2,7,55000
1,2,10,40000
3,3,1,44000
3,2,8,36000
2,3,1,43000
3,3,1,35000
7,6,10,52000
5,5,1.6,450000
1,2,5.6,25000
1,2,5,14000
2,2,7.6,60000
3,3,12,46000
2,3,10,40000
0,0,8,36000
3,3,10.7,85000
4,5,6,80000
1,1,2.7,13000
2,2,6,35000
0,0,1,65000
3,3,10,33000
2,2,3.8,18000
3,3,1,60000
1,1,1,18000
2,2,10,37000
1,1,3.3,23000
1,1,3.3,23000
1,1,3.3,23000
2,2,5.5,35000
2,2,5.5,35000
2,2,3,18000
3,3,8,25000
3,3,8,27000
2,2,2.9,15000
3,3,14,65000
6,6,1,300000
4,4,13,25000000
5,5,14,32000000
7,6,1,39000000
9,6,10,24000000
6,5,1,35000000
3,2,6,6800000
4,4,5,12000000
6,5,7,14000000
6,5,7,13500000
6,8,1,25000000
6,5,7,13500000
4,6,8,16500000
6,6,9,13000000
0,0,10,22500000
0,0,5,8500000
0,0,5,10000000
0,0,5,9000000
0,9,4.5,16000000
0,0,5,7500000
0,4,17,26000000
0,4,17,26000000
0,4,2,56000000
0,5,10,27500000
0,5,10,18500000
0,5,10,23500000
0,5,10,23000000
0,5,10,23000000
0,4,17,26000000
0,4,17,26000000
0,4,17,26000000
6,5,10,20000000
5,5,10,27500000
0,0,3,15000
0,2,5,18000
3,2,10,32000
2,4,1,55000
0,0,1,40000
4,3,1,45000
4,4,5,32000
3,2,7,24000
3,3,5,33000
4,4,5,32000
6,5,15,130000
3,3,10,40000
0,2,10,37000
0,0,10,18500000
5,4,10,23000000
0,0,10,18500000
0,0,10,17500000
5,5,12,22500000
0,0,10,15500000
5,5,5,13500000
8,6,1,35000000
0,0,10,21000000
5,4,10,26500000
6,5,1,71500000
7,6,1.1,94500000
5,5,3,8500000
7,5,1,32500000
3,3,4,9000000
3,3,4,9000000
5,5,8,15000000
5,5,5,10500000
3,3,4,7800000
4,3,5,9700000
5,4,9.5,18500000
6,7,2,39000000
5,4,1,27500000
2,3,2,3300000
5,4,1,33500000
4,3,10,20000000
0,0,1.1,47500000
5,4,10,22000000
5,5,10,16500000
4,3,5,7000000
3,5,2,6200000
0,5,10,19500000
3,3,10,14000000
0,3,5,12800000
0,0,1.6,2400000
4,4,7,17500000
0,0,2,70000000
0,4,1.1,43500000
4,5,5,12000000
7,5,10,25500000
6,5,1,50000000
0,4,3,6800000
0,8,4,7200000
0,6,8.5,26000000
0,3,6,22500000
0,5,4,8500000
0,7,3.5,8500000
0,3,4,12000000
0,9,5,15000000
0,9,3.5,4700000
0,4,2,5200000
0,3,3,5000000
0,8,1,40000000
0,6,1,35000000
0,5,1,45000000
0,8,2.5,10000000
0,6,2.5,5200000
4,4,2.5,3999000
4,3,10,12800000
0,0,1.6,2400000
0,0,5,17500000
5,4,10,32500000
3,3,10,9300000
0,0,6,7500000
4,3,1,33500000
5,3,5,14500000
3,3,11,10000000
4,4,10,30000000
6,5,1.5,90000000
4,3,3,6800000
0,0,15,35500000
3,3,10,22000000
8,7,1,43000000
1,1,3,1300000
0,0,10,19000000
0,0,10,19000000
0,0,10,19500000
8,8,14,23000000
4,4,4,7800000
3,3,1,135000
1,1,4.8,15000
3,3,8.2,50000
3,3,9.8,33000
2,2,4.9,45000
4,4,1.2,90000
3,3,1,120000
3,3,10.2,125000
3,3,8,32000
2,2,2,30000
3,3,1,150000
3,3,8,50000
2,2,4,22000
6,5,1,250000
6,6,1,225000
4,4,12,170000
5,4,9,200000
5,4,11.6,150000
4,3,4.8,130000
3,3,10.2,50000
2,2,4.8,19000
0,3,4.8,45000
7,6,2,750000
4,3,1,200000
0,0,4.8,60000
3,3,5.3,35000
2,2,4.8,20000
6,5,1.2,300000
2,3,7.6,65000
3,3,4.9,40000
4,3,1,130000
3,3,1,150000
2,2,3.3,3800000
0,0,4.8,7500000
2,2,4,4000000
4,4,4,42500000
0,0,1.3,180000000
6,6,2,180000000
0,0,1.3,185000000
4,4,4,39000000
0,4,4,40000000
0,9,2,250000000
0,4,4,29000000
0,4,4,29000000
5,5,4.8,42500000
4,8,6.4,13500000
2,4,3.2,5000000
2,2,4.2,9000000
3,2,3.6,9500000
5,5,1,82500000
3,5,5,7000000
3,3,7.1,14500000
2,2,5.1,6525000
2,2,5.1,6550000
2,2,5.1,6500000
2,2,4,15000000
3,3,8,14400000
3,3,8,10300000
2,2,5.1,6500000
3,3,8,14500000
4,4,14,60000000
0,6,9.6,29000000
5,5,1,80000000
5,5,16,100000000
2,2,4.2,6200000
4,4,4.8,45000000
4,4,16,27500000
3,3,6.7,13500000
3,3,7.1,30000000
0,0,3.4,27500000
2,4,4.8,7000000
1,2,2,3400000
2,2,4.9,5000000
2,2,3.3,4800000
5,4,1,93000000
8,6,1,85000000
4,6,7.1,16000000
2,3,8,16500000
3,3,8,13700000
4,4,9.6,21000000
3,3,7.1,26000000
5,5,1,80000000
3,3,8.9,35000000
2,3,3.6,4000000
4,3,14.7,35000000
2,2,4.9,6815000
3,3,8,16000000
3,3,8,19900000
5,4,1,80000000
4,3,11.1,40000000
5,5,4.4,16500000
0,0,4.4,6500000
2,2,4.4,5800000
2,2,4.8,6500000
5,5,10,35000000
6,5,10,18500000
6,5,1,47000000
7,5,10,25000000
8,7,1,75000000
6,6,1,75000000
4,4,5,26500000
6,6,12,57500000
6,6,7,35500000
0,0,8,22000000
0,0,6.7,19500000
5,5,10,13500000
0,5,7.7,6600000
2,2,4,3700000
3,4,4.4,18400000
4,4,7.5,16000000
2,2,5.1,4715000
4,4,5,18500000
7,7,1,65000000
4,4,7,15500000
6,6,14,57500000
6,6,14.2,61000000
5,4,10,16000000
4,5,3.5,6000000
4,4,7,9500000
3,2,7,7200000
3,0,10,28000
1,2,3,20000
3,3,1,70000
0,0,6,14000
6,7,8,40000
1,1,1.1,12500
0,0,1,50000
0,0,1.3,300000
4,4,7,60000
3,3,5.3,37000
2,2,3,17000
4,4,4,46000
4,4,10,70000
5,4,1.3,150000
2,2,5,16000
2,2,6.4,60000
1,2,9.3,30000
2,6,4,48000
2,4,4,40000
0,0,4,37000
2,3,5,45000
6,5,8,15500000
5,5,7,14500000
3,3,11,25000000
1,1,3.1,4000000
7,7,1.3,70000000
6,5,1,48500000
6,5,10,25000000
6,5,1,47000000
5,5,1,46000000
5,5,10,21000000
2,2,5,4200000
2,2,4,2450000
1,1,1,2900000
0,3,4.4,5000000
0,4,7,12800000
0,7,1,41000000
6,5,1,47000000
6,5,10,24500000
2,2,5,4500000
6,6,6,24000000
3,3,5,3650000
0,5,10,25000000
8,6,1,42500000
5,4,10,23000000
6,5,10,24000000
6,5,10,23000000
5,5,7,14500000
6,5,10,24000000
6,5,10,18500000
6,5,12,23000000
6,5,10,15500000
6,5,10,20500000
0,0,7,28000
4,3,12,38000
4,3,5,35000
0,0,7,45000
0,0,5,35000
0,0,3,22000
0,0,5,33000
3,4,8,45000
0,0,10,60000
6,10,10,200000
10,7,2,75000000
3,3,3,5300000
6,5,1,48000000
3,3,10,20000000
9,8,2,95000000
6,5,1,72500000
5,5,4,6500000
6,6,12,14500000
0,1,4,1700000
4,4,10,19200000
4,5,5,9000000
7,4,3.6,15000000
2,2,3,3600000
4,3,5,9000000
6,6,2.3,140000000
8,6,1,41000000
2,4,2.5,3500000
3,3,2.5,5200000
6,5,1,40000000
0,0,4,90000000
4,3,10,16000000
5,5,1,49500000
3,3,10,10000000
6,4,10,20000000
3,3,3,6500000
4,3,3,7000000
3,3,1,45000000
1,1,5,8500000
2,2,3,4500000
0,0,1,60000000
6,5,1.5,82500000
6,5,10,19000000
2,3,4.5,6190000
4,3,5,15800000
5,5,1,33500000
4,3,5,14500000
10,10,2,94500000
7,5,2,95000000
6,5,1,36500000
2,2,2,2500000
6,5,2,80000000
6,6,2,75000000
0,0,4,40000000
4,4,10,32500000
6,5,1,49900000
3,2,10,23000000
4,4,10.5,32000000
2,2,3.1,3200000
4,3,1,155000
5,4,13.3,170000
5,4,11.6,140000
2,2,4.8,25000
0,0,4.2,36000
3,3,10,47000
3,3,10,55000
3,3,10,55000
2,2,4.2,40000
3,3,8,50000
5,5,1,450000
3,3,1.2,150000
3,3,14,77000
3,3,16,70000
3,3,14,135000
4,4,12,170000
1,1,1.2,30000
2,2,2.2,125000
2,2,4,50000
4,4,1.3,190000
10,11,2.2,550000
0,2,4,14000
0,0,4.8,17000
3,3,12,80000
10,8,1.4,400000
7,6,1,250000
7,6,1,350000
4,3,8.4,100000
4,3,1,115000
4,3,1,120000
2,2,4,40000
6,5,1,350000
7,6,2,400000
2,2,4,3600000
3,3,6.2,6500000
3,3,9.6,17500000
1,2,2,7500000
6,4,12,62500000
5,5,1.4,50000000
0,0,16,15000000
5,6,9.6,27000000
3,3,6.7,12500000
5,7,4.8,13800000
2,4,4.8,4800000
3,3,5.8,15000000
3,3,6.9,16500000
0,0,9.6,21500000
4,4,16,70000000
5,2,3.8,4800000
2,2,3.8,5000000
3,3,2.4,6500000
0,0,4.8,8200000
2,2,4.2,5500000
3,2,3.6,5500000
3,3,8,14000000
3,3,4,6000000
3,3,4,4500000
2,2,3.6,5500000
0,0,5.5,7000000
2,2,2.9,4000000
2,2,4.2,5900000
2,2,4.2,5500000
3,3,5,6642000
0,0,5.6,16000000
3,2,4.8,9800000
8,8,1.2,120000000
6,6,9.6,25000000
0,0,10,42000000
6,11,4.8,17000000
3,3,8,12500000
4,4,1,42500000
4,3,7.6,28500000
2,2,4.4,7500000
3,3,8,14500000
4,4,12,59000000
6,6,2,160000000
4,6,3.2,9800000
4,4,4,32500000
3,3,5.8,9600000
4,4,14,57000000
5,5,16,35000000
4,3,8,30000000
3,3,8,21500000
2,2,2.9,4000000
5,4,12,70000000
2,2,4.2,9000000
3,3,8,14800000
3,3,6.1,15500000
5,4,8.9,30000000
3,3,6.2,13000000
4,3,10.2,18200000
3,3,8,35000000
3,3,5.6,9000000
3,3,8,35000000
3,3,6.4,11000000
2,2,4.4,6500000
2,2,4.7,6000000
3,3,5.3,9000000
3,5,6.9,9000000
0,7,4,550000000
4,4,8,34000000
0,0,8.9,32500000
3,3,7.8,32500000
3,3,5.3,9000000
2,3,3.8,3100000
5,5,8.8,55000000
6,5,1,125000000
4,3,10.7,40000000
2,2,2.2,5600000
2,2,4,5600000
2,2,4,11000000
5,5,9.6,32000000
4,3,9.8,30000000
2,2,3.6,3700000
8,8,1.1,85000000
2,5,6,7500000
6,6,1,37500000
4,4,10,42000000
6,5,5,11500000
6,9,11.2,50000000
6,5,1,43500000
4,6,5.6,22000000
1,1,1.9,3045000
1,1,2.3,3626000
6,5,10,24500000
5,4,11,28000000
4,4,10,45000000
5,5,10,40000000
4,4,5,11000000
2,2,6.2,15500000
6,4,5,12000000
2,2,3.1,5500000
0,0,1,45000000
4,3,6.7,7300000
2,2,4,25000
3,2,9,30000
3,3,1,60000
3,2,7,25000
3,2,7,23000
6,5,8,60000
1,2,2,22000
1,1,3,12000
3,3,8,27000
3,3,1,70000
3,3,10,28000
0,0,14.2,65000
3,3,10,45000
2,2,5.6,35000
1,1,1.3,14000
3,3,1,65000
3,3,5,17000
5,4,11.1,50000
3,4,11.1,45000
3,3,1,46000
3,3,1,50000
5,5,1,110000
4,4,2,62000
3,3,1,85000
0,0,3.1,18000000
1,1,2.5,2500000
3,3,5,7000000
3,4,17,22000000
6,5,7,13500000
6,6,13,12000000
5,5,7,14500000
5,5,8,14000000
7,5,14,26000000
6,5,10,20000000
6,5,10,18500000
7,5,10,17500000
4,4,5,9000000
6,5,10,19000000
5,4,1,45000000
2,2,3.3,2350000
0,0,5,35000
0,0,5,23000
0,0,5.5,45000
0,0,5,35000
0,0,5,25000
3,3,11,36000
3,3,1,65000
0,0,1,55000
5,5,10,65000
4,3,7,25000
4,3,5,13000000
4,3,5,13000000
4,3,5,13000000
5,10,6.5,15000000
6,5,10,21500000
3,3,10,21600000
0,0,3,5500000
5,6,4,6500000
4,5,10,15000000
3,2,3.5,3950000
2,2,3,2490000
5,3,5,9800000
3,3,5,7500000
6,5,8,14000000
2,2,1.5,3325000
6,4,14,36500000
3,3,3,6600000
6,5,1,37500000
2,4,3,3200000
5,4,14,42500000
4,3,3,7000000
6,5,8,14000000
5,4,4,9500000
6,6,1,38000000
4,3,3,7500000
4,3,2,5500000
6,6,1,11800000
3,3,6,18000000
3,3,10,21500000
6,5,10,24000000
6,5,10,22000000
5,4,5,15000000
6,5,10,22500000
4,3,7,14000000
6,5,1,41500000
6,5,1,52500000
7,5,1,55000000
6,5,1,34000000
6,5,10,21000000
6,5,1,25000000
6,5,10,30000000
6,5,10,30000000
6,5,1,37000000
2,3,5,7000000
6,5,1,42000000
6,5,1,62000000
4,3,5,13500000
3,3,6.7,6200000
2,2,3.6,5000000
4,4,4,36500000
3,3,5.8,9300000
0,6,9.6,31000000
0,4,5.1,12500000
0,2,4.8,10000000
0,6,16,40000000
0,6,16,42500000
0,6,9.6,37500000
0,6,9.6,40000000
0,4,4.8,18500000
0,2,6.2,6800000
0,2,3.1,4200000
0,2,3.1,2600000
0,2,3.1,3000000
0,2,3.1,3200000
0,3,6,10500000
0,3,6,10200000
0,3,5.6,7500000
0,3,6.4,10000000
0,2,3.1,5000000
5,5,8,50000000
0,0,9.6,45000000
5,5,1,130000000
4,4,16,27500000
3,3,8.8,15000000
0,0,1,99000000
3,3,11,27500000
0,0,3.2,8000000
3,3,5.1,15000000
4,5,9.6,20000000
7,6,1,150000000
3,2,4.8,20000
4,4,3,100000
1,1,0.9,11000
0,0,16,50000
3,3,8,75000
0,0,16,150000
3,3,9.6,45000
0,0,1.2,250000
3,3,16,55000
3,3,9.6,53000
3,3,7.6,55000
3,3,7.6,55000
2,2,4.2,32000
2,2,5.3,60000
4,3,1.2,55000
3,3,7.6,65000
4,3,16,60000
1,2,3.1,19000
3,3,6.4,20000
3,3,7.3,85000
3,3,8.9,85000
2,2,5.6,33000
2,2,4.8,25000
3,3,16,60000
3,3,8,55000
5,5,1,300000
0,0,3.2,13000
4,4,16,225000
2,2,6.7,65000
3,3,4.5,30000
3,3,5,25000
3,2,4.2,36000
2,2,6,60000
3,3,6.1,40000
4,4,10.2,115000
4,5,1,200000
7,11,1,270000
3,2,4.8,9200000
4,4,12.4,51000000
7,6,2,300000000
5,4,12,59900000
4,3,5,15000000
3,4,8,27500000
3,2,4.9,11000000
2,2,2.7,2000000
4,3,13.8,54500000
4,4,9.6,32000000
3,3,5.1,17500000
6,5,1,20500000
4,4,10,65000000
3,2,7.6,26000000
3,3,8.9,16500000
6,5,19.6,112500000
6,6,1.3,180000000
4,4,12,62500000
0,0,2.2,2650000
2,2,4.8,6100000
3,2,4.8,7400000
3,3,6.4,21500000
3,3,4,36000000
4,4,11.6,45000000
4,4,12,37500000
3,3,8.9,21000000
2,2,2.8,2800000
3,3,8,27000000
3,3,10.2,30000000
5,5,16,130000000
5,8,3.2,8200000
1,2,3,5200000
2,2,4.2,11500000
4,3,9,14400000
5,5,9.6,14400000
0,0,8,14000000
2,2,4.2,6500000
5,4,4.8,12000000
3,2,4.7,7500000
0,0,1,85000000
7,6,1,195000000
10,11,12,45000000
10,10,3,200000000
6,4,7.7,22500000
4,3,5,14000000
3,5,4.8,9000000
0,0,5.6,7800000
6,6,9.6,30000000
2,2,3.1,6200000
2,2,4.2,4500000
4,3,4.8,5500000
4,4,1.1,69500000
3,3,8,18000000
5,5,18.7,80000000
5,4,5,14500000
3,3,4,4700000
0,5,7,15000000
4,4,5,8000000
2,3,4.5,4500000
3,4,10,9000000
6,6,15,21000000
6,6,1,83000000
5,5,7,37000000
6,6,1.5,90000000
5,5,1,65000000
5,5,2.4,125000000
9,7,1.9,400000000
9,7,1.3,160000000
2,2,3.3,4500000
10,9,16,43000000
4,3,5,13500000
3,3,1,48000
3,2,7,200000
3,3,12,40000
6,6,10,42000
4,4,1,50000
4,4,1,55000
3,3,7,27000
2,2,7,26000
6,5,1,160000
3,3,5.8,55000
3,3,19.5,85000
7,6,1,280000
3,3,19.5,140000
0,0,4,11500
2,2,7,25000
1,1,2.8,22000
3,3,1,54000
5,2,5,18000
5,4,1,130000
4,3,12,80000
2,3,5,25000
4,4,7,29000
0,0,6.5,25000
0,0,1,70000
3,2,7,26000
2,2,6.2,60000
3,3,8,29000
3,3,8.6,50000
2,2,1.2,45000
3,3,14.2,70000
0,0,2.2,8500000
0,0,3.1,8500000
0,0,3.8,12500000
0,0,3.8,10000000
0,0,8,25000000
0,0,8,30000000
0,0,1.6,2345000
3,3,2.5,4500000
0,0,2,4000000
4,4,4,7000000
6,10,1.2,80000000
3,5,4.4,6500000
4,4,10,16000000
1,2,3,4200000
4,4,5,9000000
4,4,2.8,4500000
6,5,10,23500000
5,5,7,14500000
6,6,1.6,52500000
3,3,5,10500000
3,3,5,10500000
5,3,5,10500000
6,5,7,13500000
3,4,4,16000000
5,5,1,22500000
4,6,6,9500000
6,6,4.5,11000000
2,2,6,6000000
1,1,1.6,3200000
3,3,10,12500000
5,4,8,15000000
3,2,7,7500000
3,3,10,17500000
4,7,7,20500000
6,7,12,27500000
4,4,5,7200000
6,6,14,26500000
0,0,1,50000
0,0,15,50000
0,0,14,75000
4,5,10,22000
3,4,1,45000
4,3,1,50000
3,3,1,65000
0,0,5,15000
4,4,5,25000
4,4,5,32000
4,3,15,45000
3,3,10,25000
5,4,12.4,80000
4,4,14,65000
3,3,16,25000
6,4,5,26000
0,0,5,18000
2,2,5,15000
0,0,5,12000
5,3,3,8000000
0,0,1,62000000
2,2,2,2400000
4,4,11,18000000
4,4,11,18000000
2,3,4.5,6500000
4,5,8,16900000
3,3,10,12500000
0,3,2,4200000
5,4,10,20000000
3,3,5,12800000
7,5,10,23500000
4,3,5,9500000
4,3,5,13000000
4,3,5,13000000
4,3,5,12500000
6,5,8,12200000
7,5,10,21000000
6,5,8,13000000
6,4,8,17000000
5,4,10,16000000
4,3,5,11500000
5,4,8,18500000
6,4,5,9500000
5,4,3.5,7500000
4,3,5,10000000
5,5,1,58000000
5,5,10,20000000
5,5,1.2,37000000
6,10,1,40000000
4,4,10,19500000
0,0,1,56500000
0,0,10,32500000
3,3,10,13200000
7,5,8,15000000
2,3,5,8500000
7,5,1,55000000
4,4,5,9500000
1,2,3,3900000
5,5,1,43500000
6,4,4,6800000
5,5,5,60000000
5,4,5,7200000
6,5,1,54000000
4,6,4.9,7000000
4,4,10,72500000
2,2,4.5,14000000
3,3,6.4,14000000
0,0,16.9,65000000
3,0,10.7,40000000
1,2,2.4,2200000
8,6,1.1,90000000
2,2,8.3,14500000
0,8,1,85000000
4,4,4.8,14500000
3,3,8,11200000
3,4,4.8,7500000
3,3,6.7,11000000
4,3,8,18500000
2,4,4.7,7000000
0,12,8,55000000
4,3,8,14300000
6,5,8,19500000
5,5,9,75000000
5,4,4.8,24000000
2,2,3.3,3500000
2,2,4.8,5200000
4,4,3.4,17500000
6,7,2.4,7000000
4,3,8,22000000
5,6,4.8,9500000
3,3,8,16300000
8,7,16,42500000
3,3,6.9,10000000
3,3,8,28000000
2,2,4.9,10000000
2,2,4.2,50000
2,2,4,27000
4,3,8.9,75000
3,3,8,32000
5,4,11.7,75000
3,3,8.9,50000
3,3,5,25000
2,3,8,42000
2,2,4.9,20000
2,2,4.8,35000
5,4,1,300000
2,2,4,18000
2,2,4.8,22000
2,3,3.3,20000
1,1,3.2,14000
2,2,6,58000
2,2,4.8,22000
3,3,6,25000
3,3,4.8,40000
3,3,4,110000
5,5,16.8,105000
6,5,18.7,125000
10,11,4,2600000
10,11,4,2400000
5,4,12,175000
10,11,4,2200000
6,6,4.8,27500000
2,2,3.3,4500000
6,6,4.8,15500000
2,2,3.1,4900000
0,3,5.6,6500000
3,3,3.1,2600000
2,2,3.8,8000000
2,2,4.4,5700000
2,2,3.6,7500000
3,3,6.9,16500000
6,8,4.8,15000000
2,2,4.8,8500000
2,2,4.8,6500000
3,3,6,13500000
3,3,9.6,38000000
6,6,9.2,12700000
2,2,3.3,3900000
2,2,3.6,6500000
4,3,5,8500000
3,2,4.8,2000000
6,5,3.2,9500000
7,7,8,30500000
2,2,4,6200000
2,2,4.7,4900000
4,3,4,36000000
3,4,7.7,12500000
3,3,8,30000000
8,6,5.6,24000000
2,2,3.3,6500000
4,4,7.1,8500000
2,1,2.4,4000000
5,4,10,52500000
5,4,14,16000000
2,3,8,24000000
6,10,3.2,7000000
4,3,8,18000000
2,2,4,6500000
2,2,3.4,6500000
2,2,3.6,6800000
3,3,5,12500000
4,3,8,14000000
2,2,2.4,5200000
6,6,2,250000000
3,3,11.4,28000000
3,3,11.4,28000000
3,3,11.4,27500000
3,3,11.4,27500000
3,3,11.4,32500000
3,3,11.4,32000000
3,3,11.4,32500000
3,3,11.4,32000000
3,3,11.4,27500000
3,3,11.4,31000000
3,3,11.4,31000000
3,3,11.4,31000000
3,3,11.4,31000000
3,3,8,16000000
3,3,6.1,15600000
2,2,4.2,6500000
6,6,14.2,42000000
7,6,14.2,55000000
7,9,1,66000000
7,6,1,47500000
2,2,3.6,3700000
2,1,2.8,3700000
6,6,10,37500000
3,2,5,6500000
6,5,5,10000000
5,4,6,13000000
6,6,17.8,49000000
3,3,6.7,7600000
0,0,5,16000000
2,2,16,13500000
2,2,4.4,45000
2,2,3.6,16000
3,3,1,35000
0,0,1,13000
4,3,13,40000
3,3,1.3,140000
5,5,1.4,220000
3,3,7,24000
2,2,5.1,28000
2,2,13,70000
3,3,14.2,35000
3,2,5,20000
3,3,14.2,62000
3,3,1,77000
5,5,1,100000
3,3,1,43000
6,6,1,110000
2,2,12,34000
6,7,1,270000
3,3,1,60000
3,3,1,80000
1,2,5,6500000
7,5,7,15000000
3,4,4.2,4800000
0,7,1.2,60000000
0,0,7,12500000
4,4,6,9000000
6,6,14,25000000
6,5,1,70000000
3,2,4.4,6000000
3,3,10,11700000
7,5,10,15500000
0,4,10,24000000
0,6,10,20500000
6,6,4.5,11000000
5,5,7,14700000
0,0,5,5800000
0,2,5.8,6500000
4,4,11,80000
1,2,5,14000
3,3,10,30000
3,3,12,35000
1,2,5,13500
3,2,8,26000
0,2,5.8,40000
2,2,5,16000
7,5,1,32000000
4,4,5,10000000
6,5,10,39000000
4,3,5,13500000
0,4,6,14000000
0,5,1,42500000
0,5,1,40000000
0,4,1,45000000
0,2,1.2,3000000
0,3,5,13500000
0,5,10,25000000
0,2,2,1800000
5,4,10,15000000
3,4,6.5,7500000
3,3,10,12000000
4,6,10,15000000
7,6,7.5,17500000
6,5,10,16500000
6,5,1,48000000
0,0,1,53000000
6,5,1,43500000
2,2,6,15000000
4,3,5,9500000
4,3,5,13000000
4,3,5,13000000
4,3,5,12500000
1,2,5,2500000
0,4,10,25000000
0,0,1,35000000
0,4,10,19500000
0,4,10,24000000
6,4,8,17000000
4,3,5,11600000
0,0,3,4490000
3,3,6,8800000
3,2,10,17500000
5,5,3,7500000
2,5,2,8000000
3,2,3,5400000
3,2,3,5400000
5,4,10,26500000
5,5,1.5,60000000
3,3,10,14500000
3,4,4,15000000
0,5,1,52000000
5,6,2,110000000
7,5,1,55000000
5,4,6,350000000
4,3,5,9500000
2,2,3,3200000
1,1,5,4000000
2,5,3,5000000
5,4,10,23000000
5,4,10,26500000
5,4,10,26000000
5,4,10,27000000
6,5,1,43500000
5,5,12,25000000
6,4,4,11000000
3,3,7.2,11000000
7,9,5,9800000
6,5,1.2,43500000
0,0,2.2,3300000
4,3,5,15500000
6,5,10,31000000
4,2,5,9000000
2,2,5.1,6815000
3,3,8,10600000
3,3,8,19900000
4,4,1,60000000
4,4,10.6,48000000
2,2,4.4,10500000
2,2,2.7,3300000
4,3,8.9,32500000
3,3,8,13700000
5,5,1,135000000
3,3,8,26500000
3,3,9.6,15500000
3,3,5.7,6200000
0,3,7.8,12500000
0,2,6.4,10000000
0,2,3.3,6300000
2,2,4.4,9600000
3,3,10,24000000
3,3,10,30800000
3,3,10,30800000
3,3,10,30500000
3,3,10,24000000
3,3,10,30500000
3,3,6.1,14500000
2,2,5.1,6000000
3,3,8,19400000
3,3,8,14200000
3,3,6.1,14500000
3,3,8,19200000
3,3,8,14000000
2,2,5.1,6000000
3,3,6.1,14400000
3,3,8,19000000
3,3,8,14000000
3,3,8,13800000
4,4,13.2,38000000
2,2,5.1,6000000
2,2,4.2,6200000
2,2,4.2,7200000
3,3,10,11300000
4,4,13.2,40000000
4,4,13.2,40000000
4,4,13.2,41000000
4,4,13.2,38000000
4,4,13.2,41000000
2,2,3.4,4000000
3,3,6.4,14000000
2,2,3.6,4500000
3,2,6,34000
6,6,1,275000
5,4,1,195000
0,0,4.8,25000
1,2,3.2,10000
4,5,1.2,100000
0,0,2,800000
3,4,1,160000
4,4,1.2,75000
4,4,1.2,80000
4,3,9.8,80000
2,2,4.8,19000
2,2,8,21000
6,10,2,1500000
4,3,11.4,50000
4,3,11.4,60000
6,8,1,375000
4,4,4,125000
1,1,3.2,16000
3,3,1,130000
5,5,1,400000
5,5,1.2,550000
4,4,12,200000
3,3,1,110000
3,3,1,110000
2,2,4.7,35000
3,3,6,45000
2,2,4.6,38000
5,3,4.3,24000
2,2,4.4,40000
2,2,3,3500000
3,3,9.4,10500000
5,4,14,17500000
5,4,14,18200000
5,4,14,15500000
3,3,8,14000000
6,6,8,22500000
5,5,1.2,90000000
6,6,8,40000000
6,6,2,85000000
2,2,3.8,8500000
4,4,10.6,48000000
4,4,1,60000000
6,6,9.6,37000000
0,0,4.8,12500000
2,2,4.4,7500000
5,5,9.8,72500000
2,2,4.4,8000000
2,2,3.3,5300000
0,0,13,42000000
10,8,9.6,32000000
3,3,5.6,20000000
6,6,12,55000000
3,2,5.8,8000000
3,3,7.3,17500000
2,4,4.4,4700000
3,3,6.7,22000000
0,0,5,2900000
2,2,4.2,8000000
5,5,12,65000000
4,4,10.2,35000000
3,3,3.2,4300000
3,3,8,25000000
6,8,10.4,35000000
4,4,3,6500000
2,2,5.2,6500000
4,4,12,39000000
7,7,4,9200000
7,8,1,41000000
0,4,1,140000000
0,0,7,15500000
0,0,5,4000000
2,2,5.4,26000000
4,4,6,19000000
0,0,1,46000000
4,5,9,42500000
5,5,1,41000000
7,10,4,11000000
5,4,1.9,220000000
5,4,7,11000000
0,0,3.6,4000000
10,9,1.3,190000000
0,1,2.7,5000000
4,4,5,15000000
7,5,8,80000
6,5,1.1,250000
5,4,10,60000
6,5,1,180000
1,1,3.6,15000
5,4,1.2,210000
7,7,2,450000
3,3,7.8,70000
2,2,7,20000
4,5,12,130000
2,2,5.6,65000
3,3,5.8,20000
0,0,1.3,130000
5,5,1.2,350000
5,4,2,400000
1,2,2.2,10000
4,3,1.1,130000
3,3,10,75000
1,3,8,17000
6,5,1,240000
10,11,9,125000
2,2,5,17000
3,3,1,35000
7,7,1,200000
2,2,4.9,25000
3,3,1,55000
1,1,1,10000
0,0,12,120000
3,3,7.6,75000
10,9,1,300000
2,3,7.5,30000000
6,5,15,25000000
4,4,5,8500000
6,6,14,20000000
4,3,5,9500000
0,0,10,16500000
0,0,10,16500000
5,5,1.4,61000000
5,4,7,16000000
7,6,15,75000000
2,2,5,5600000
7,7,8,14500000
0,0,5,2900000
7,5,10,21000000
2,2,4.2,6200000
0,0,4,4000000
6,6,10,20000000
6,6,5,9000000
6,5,10,24000000
6,5,12,25000000
4,3,11,22500000
2,3,5,2600000
2,3,5,2600000
6,5,8,16000000
6,5,10,22000000
2,2,10,26000
4,4,1,65000
3,3,10,35000
2,1,3,49000
3,3,1,60000
5,5,10,65000
1,1,2.2,28000
0,4,5,30000
6,4,10,21500000
6,6,1,30000000
4,3,5,10500000
2,3,1,57000000
2,2,2,4500000
5,6,4,6000000
3,3,2,7500000
4,4,5,15000000
3,3,3,5100000
4,0,4,7000000
6,5,5,14500000
4,4,13,28000000
3,3,5,11500000
3,3,5,11000000
3,3,5,11000000
0,7,1.5,105000000
3,3,5,11800000
3,3,5,11800000
3,3,5,11300000
3,3,4,10500000
3,3,5,11300000
3,3,5,12300000
3,3,5,12300000
3,3,3,8500000
3,3,5,12300000
3,3,16,120000000
3,3,4,8500000
5,4,10,17000000
6,6,1,55000000
4,3,5,21500000
4,3,5,22000000
4,3,5,22000000
5,5,10,16000000
5,5,1,32500000
4,4,6.5,13500000
6,5,1,49000000
6,5,1,72500000
2,2,3,2000000
5,5,10,23500000
5,5,1,62500000
3,3,5,9500000
6,5,1,59000000
8,6,1,44000000
6,5,1,46500000
4,4,2,4000000
6,5,5,15800000
5,5,1,32500000
5,5,1,33000000
3,3,10,19900000
0,0,3.5,9000000
0,0,3,7000000
5,4,5,9900000
7,5,10,23800000
6,5,13,21500000
6,5,5,15500000
2,2,4.5,15000000
10,11,10.8,55000000
3,2,4.8,9500000
4,4,9.8,30000000
3,3,6.2,18000000
4,4,6.4,40000000
4,3,9.6,17000000
0,0,16,32000000
0,0,7.1,22500000
3,3,8,21000000
2,2,4,5000000
0,2,4.4,9600000
0,2,4.4,9000000
0,2,8,27000000
0,0,8.9,31000000
0,0,4.4,9400000
3,3,8,9500000
5,6,9.6,11000000
3,3,11.1,33000000
2,2,3.1,4700000
5,5,1,105000000
5,4,15.6,42500000
3,2,3.6,6200000
5,4,8,16000000
7,7,2,200000000
4,4,12,56000000
2,2,3.8,2900000
2,2,5,8700000
0,0,6,7000000
2,2,4,5200000
3,3,8.4,12500000
2,2,3.3,5200000
3,3,9.6,16500000
6,6,8,25500000
2,2,3.1,3250000
4,4,3.2,9800000
5,4,4.8,19800000
5,4,12,79000000
3,3,7.6,22500000
6,6,8,37000000
2,2,4,3000000
2,2,2.6,4500000
4,4,4.8,13500000
2,2,4.2,10000000
2,2,4.2,8500000
3,3,7.3,15000000
2,2,4.2,9000000
6,6,9.6,48000000
3,3,5.3,6500000
0,0,2.8,3500000
2,2,3.1,4600000
4,4,4.8,13000000
1,2,1.2,11000
1,2,1.2,10000
7,7,1,700000
0,0,2,1200000
0,0,2,600000
7,7,1,700000
5,5,17.1,115000
5,5,17.1,115000
5,5,17.1,105000
3,3,12,85000
4,4,10,160000
3,3,1,120000
2,2,4,26000
2,2,5.3,55000
4,4,1,130000
3,3,4.9,40000
3,3,1,130000
3,3,1.2,150000
5,0,1.2,550000
0,14,18,350000
2,2,4.4,55000
0,3,9.3,90000
0,3,9.3,92000
4,3,12,105000
4,4,1,250000
3,3,8.9,225000
3,3,6.3,45000
4,3,1,120000
4,4,1,140000
0,0,4.9,50000
3,2,4.8,17000
2,2,4.4,50000
4,3,8.2,80000
3,3,5.3,60000
3,3,8,45000
3,3,1,130000
0,10,2,800000
3,3,1,120000
3,3,6,30000
4,4,1.2,500000
3,3,10.7,85000
0,0,4.2,6000000
3,3,5.6,11500000
4,3,11.6,14200000
2,1,3.1,5700000
3,5,16,45000000
0,0,2.6,2800000
2,3,3.8,8000000
4,4,10.4,17500000
3,5,3.2,4000000
3,3,7.6,31000000
8,8,1.1,72500000
5,5,8,24500000
0,3,11.1,35000000
2,2,4.2,12500000
0,3,7.6,23500000
5,4,1,95000000
2,2,4.4,4000000
2,2,4.2,11500000
0,0,4.8,13000000
3,3,12.4,50000000
8,7,8,30000000
3,2,4.9,6000000
2,2,3.6,4500000
3,3,4.9,6500000
1,2,2,1600000
1,2,2,1300000
2,2,4.8,12200000
1,2,2,1400000
1,2,2,1500000
3,3,8,14000000
1,2,2,1600000
4,4,13.3,32500000
4,4,6.7,22000000
3,3,7.9,23500000
4,4,9.8,38500000
4,4,12,42500000
7,6,1,65000000
0,0,5,11500000
5,4,6.7,24000000
2,2,5,3650000
4,4,10,43600000
2,2,5,3650000
0,0,2.8,13800000
8,6,10.9,19000000
3,3,8,7000000
0,0,4,350000000
5,4,5,16500000
0,0,3,4140000
5,5,8,17500000
3,3,7.8,7500000
6,6,12,21500000
5,5,9,32500000
5,5,9,32500000
0,2,3.1,3500000
0,2,5,7000000
7,5,1.3,30000000
4,5,9.3,25000000
0,4,5.6,17500000
0,0,6.7,16500000
0,5,9.3,25000000
4,4,10,38000000
1,1,2.7,4000000
5,5,1,90000000
7,5,1,46500000
1,1,2.8,5000000
3,3,7.6,41000000
5,4,14.9,14200000
5,8,6,7700000
1,1,4,4950000
0,0,1.5,38000000
4,3,1.1,120000
5,4,1,130000
4,3,1,85000
3,3,14.2,60000
6,6,1,160000
2,2,7.6,60000
4,3,5,20000
6,6,1,170000
3,3,1,50000
3,3,1,85000
4,4,1,60000
6,6,1,185000
7,7,1,200000
2,2,6.4,43000
2,2,7.1,55000
2,2,7,25000
3,3,1,110000
3,2,5,15000
3,3,10,80000
2,2,5.6,20000
4,3,16,80000
3,2,5,24000
4,3,6.7,26000
3,3,12,55000
3,3,1.3,95000
0,0,1.3,350000
0,0,2.4,500000
6,5,10,70000
5,5,1,150000
3,3,1,52000
2,2,3.1,45000
5,5,10,70000
0,0,1.8,600000
6,5,10,65000
4,3,16,65000
4,3,1,76000
7,6,15,35000000
6,5,10,18000000
0,0,5,6500000
0,0,5,6800000
0,0,7,8500000
0,0,5,7000000
0,0,5,7500000
6,4,7,20000000
1,2,3,2450000
1,2,5,4800000
4,6,6,5500000
7,6,15,23300000
4,4,6,7500000
3,3,8,5200000
3,3,6,4500000
5,5,5,5000000
3,3,5,3500000
6,4,6,14000000
0,0,5,8500000
6,6,18,15000000
3,3,5,4800000
5,4,10.9,26000000
2,2,5.3,7500000
6,5,4,7500000
5,5,10,23000000
2,2,4,5000000
2,2,5.3,5000000
0,0,0.6,6000
0,0,1.1,7000
0,0,5,35000
0,0,5,35000
2,2,5,20000
0,0,1.8,9000000
2,2,3,2100000
2,3,4,3500000
6,5,1,48500000
5,4,2,85000000
5,4,10,18500000
6,5,1.5,86500000
8,7,1,37000000
5,5,10,14800000
6,5,10,23500000
6,5,10,20000000
5,5,10,25000000
2,3,3.2,9000000
2,2,2.2,3300000
0,5,10,22000000
1,1,2.5,4000000
5,5,7,8200000
5,4,10,24000000
5,4,8,17000000
10,10,1,65000000
2,3,5,5500000
4,3,3,6000000
3,3,5,16000000
7,6,10,21600000
6,6,10,19000000
3,3,3,4200000
5,5,10,17200000
6,5,1,47500000
6,5,1,45000000
0,0,3,4500000
8,7,2,111100000
6,5,1,43000000
0,0,5,6500000
3,1,2,2300000
8,5,12,29000000
8,5,1,45000000
5,3,5,13000000
8,5,10,21000000
3,4,3,7300000
8,5,1,48500000
8,5,1,48500000
8,5,12,27000000
8,5,11,26000000
8,5,10,19500000
7,6,12,26000000
6,5,1,52000000
1,2,3,4000000
0,0,2.5,3200000
7,5,10,23000000
3,3,3,6500000
3,3,5,10200000
4,3,10,12000000
3,3,7.7,24000000
3,3,3,4490000
5,4,11,15500000
4,4,9.8,30000000
3,3,6.2,18000000
4,4,6.4,40000000
2,2,4,4300000
5,5,4.8,6000000
5,5,4.8,7000000
5,5,10,15000000
8,7,4.8,8000000
5,5,3.2,7000000
5,5,3.2,7000000
0,0,4.8,13000000
2,2,4.9,3800000
2,2,4.9,3800000
0,0,4.2,4300000
0,3,4.8,18000000
5,4,4.8,16000000
3,3,5.3,11500000
3,3,7.3,12000000
2,2,3.8,6500000
4,4,1.1,72500000
6,6,9.6,37000000
2,2,2.9,3500000
3,3,6.4,9500000
2,2,3.8,4000000
3,3,4.8,3600000
3,3,8,23000000
2,2,4.2,13000000
2,2,4,3800000
0,0,9.6,45000000
0,0,3.2,2350000
3,3,8,14000000
3,3,8,19900000
2,2,4.2,15000000
0,2,4.9,7250000
4,4,4.8,52500000
1,2,2.9,3165000
2,2,3.6,4500000
3,3,8,13200000
3,3,5,8700000
7,7,1,60000000
3,3,6.4,14000000
4,4,4,34000000
3,3,3.2,7000000
2,2,3,2100000
3,3,10.2,35000000
0,2,4.8,13000000
0,2,4.8,13500000
0,2,4.8,14500000
0,0,1,300000
3,2,5.1,26000
10,11,8.9,1200000
2,2,3,26000
6,6,1,275000
4,3,1,140000
6,4,1.6,350000
2,2,3,25000
4,3,1,165000
7,6,1,350000
3,3,1,180000
3,3,5.8,40000
3,3,6.2,40000
8,11,1.2,700000
3,3,1,110000
2,2,4.4,40000
0,0,3,18000
2,2,4.4,32000
3,3,11.6,67000
5,5,17.1,102000
3,3,1,130000
3,3,1.6,150000
2,2,5.5,6800000
5,5,10,27500000
6,6,1,73000000
3,3,10.2,17000000
2,2,5.3,10000000
1,1,2.2,4500000
8,6,8,13500000
5,5,1,75000000
4,4,5,21000000
6,5,1,55000000
3,3,8.9,17000000
3,3,7.1,16000000
4,4,1.1,85000000
1,1,2,9500000
0,0,4,3500000
3,3,5.6,7500000
2,2,2.9,2600000
5,5,7,165000000
4,4,6,15000000
4,3,5,7200000
3,3,5,7000000
6,6,14,40000000
2,2,3.3,3800000
7,8,5.6,8500000
6,5,1,34500000
6,7,1,37000000
2,2,3.5,4850000
0,0,10,12500000
0,0,1.4,90000000
5,5,14.2,130000
2,1,3,100000
7,7,1.1,250000
7,7,1,240000
7,7,1.1,245000
7,7,1.1,250000
6,5,1.1,180000
6,5,1.1,175000
5,5,1.1,180000
5,5,1.1,180000
0,1,2.7,38000
10,11,1,500000
7,6,22,680000
6,6,2,275000
2,2,8,27000
6,6,2,285000
6,6,2,285000
2,2,10,27000
6,6,2,280000
3,3,1,110000
3,3,1,100000
3,3,1,115000
3,3,1,105000
2,2,5,25000
5,4,1.2,650000
0,3,12,55000
3,3,10,45000
4,4,1.3,150000
2,2,5,25000
4,3,11,50000
3,3,14.2,39000
4,3,1,62000
1,1,2,20000
2,2,3.1,30000
3,4,3.8,5000000
5,4,7,19000000
3,2,6,17000000
6,6,6.7,7800000
5,4,7,14500000
0,0,10,23000000
2,2,2.7,3400000
7,5,1,45000000
5,5,10,22000000
0,0,17.6,25000000
0,0,1.3,35000000
5,5,7,14500000
1,2,2.7,3500000
5,4,7,11000000
4,8,2.1,180000000
0,8,10,24000000
4,4,4.4,6500000
2,3,6,9200000
5,5,7,14000000
6,6,1,18000000
0,0,10,80000
0,0,1,100000
0,0,5,25000
0,0,1,75000
0,0,5,30000
0,0,5,35000
0,0,5,35000
5,5,9,55000
5,5,12,80000
0,0,5,35000
5,5,10,60000
5,5,12,75000
7,6,1,90000
3,3,10,30000
4,4,8,50000
3,3,1,28000
0,5,7,50000
0,3,1,50000
2,4,5,15000
3,3,1,60000
3,3,10,30000
2,2,10,38000
2,2,3.6,45000
3,2,10,40000
5,5,1,36000000
0,0,5,12000000
4,3,5,10000000
6,6,8,14000000
2,2,4,6200000
4,3,5,13000000
1,0,3,2100000
4,3,5,11400000
4,3,5,10500000
6,5,1,44500000
3,3,3,4490000
2,2,3,2490000
3,3,3,4490000
3,3,3,2490000
2,2,3,2290000
6,5,1,51000000
2,2,3,5500000
4,3,3.5,5200000
0,3,2.5,7000000
5,5,10,18500000
3,3,3,9500000
6,5,1,45000000
4,4,6.5,7000000
0,0,3,6000000
6,5,10,24000000
6,5,1,36500000
6,5,10,25000000
6,5,1,60000000
6,5,1,67500000
3,2,10,15000000
6,5,10,25000000
0,5,10,39500000
6,5,1,50000000
6,6,16,22000000
6,5,10,31800000
5,4,10,22500000
0,5,1.9,43500000
7,6,1,32500000
4,3,1,62500000
4,4,7,14000000
7,5,5,13500000
3,3,5,7200000
0,2,8,26500000
0,6,12,42500000
0,6,12,42500000
2,4,5,5500000
6,4,1,90000000
6,6,14,60000000
3,3,6.9,11500000
2,2,5.2,6200000
4,4,14,15800000
6,5,1,110000000
6,4,4.8,30500000
0,0,4.8,11000000
5,5,1,110000000
3,3,8.9,45000000
2,2,5.3,12000000
4,4,14,17000000
0,3,8,21000000
0,3,6,15000000
0,4,12.2,13500000
0,0,7.6,19500000
0,3,8,14500000
3,3,9.6,15500000
7,6,1,120000000
3,3,8,23000000
3,3,9.8,13800000
7,6,1,145000000
0,0,1,130000000
3,3,7.2,11500000
3,3,5.3,10500000
3,4,7.1,10000000
3,3,5.8,8000000
3,3,5,14000000
5,5,1.1,85000000
3,6,3.2,6000000
5,6,9.6,33500000
3,5,7.1,15000000
6,6,1,110000000
2,4,4,7500000
5,6,12,22500000
3,5,4.4,7000000
10,8,2,190000000
3,3,5.3,10000000
2,2,4,7500000
6,6,9.6,28000000
6,5,3.2,9000000
6,5,1,69500000
2,6,3.8,5000000
3,3,8.7,29000000
2,2,3.8,6500000
1,2,2.2,4000000
3,3,8,8500000
3,3,8,20000000
3,3,6.4,15500000
2,2,2.4,3500000
3,3,8,16000000
4,3,12,34000000
3,3,6,8000000
2,2,4,6200000
3,3,5.8,14500000
3,3,5.3,12200000
6,6,16,38500000
3,3,7.6,13500000
2,2,3.8,7000000
3,3,6.4,13500000
6,6,16,41500000
7,10,3.2,7000000
5,4,4.8,16000000
8,6,1,91000000
3,3,10.7,18500000
3,3,1,108000000
4,6,3.4,9800000
3,3,7.3,14800000
0,0,12,37500000
0,0,12,38000000
0,0,12,34000000
0,0,12,32500000
3,3,5.8,31000
3,3,1,110000
5,5,1.3,600000
2,2,4.2,20000
0,0,4.8,60000
2,2,4.2,16000
3,3,7.1,62000
5,5,4.8,55000
3,3,8.9,125000
6,5,1,325000
4,4,10,140000
4,3,4,110000
3,3,7.3,45000
2,2,4.2,18000
6,5,1,325000
5,4,1.3,250000
3,3,1,99000
2,2,4.8,18000
1,3,1,18000
4,4,8,60000
2,3,9.6,35000
0,0,12,32500000
0,0,12,32500000
0,0,12,33500000
0,0,12,33500000
0,0,12,33000000
0,0,12,33000000
0,0,12,33000000
0,0,12,35000000
0,0,12,35000000
2,2,4.3,6800000
0,0,12,37000000
0,1,1.6,1000000
0,0,12,37000000
0,0,12,33000000
3,3,4.8,14000000
6,6,8,20000000
6,6,4.8,13000000
6,6,4.8,14000000
6,6,14.2,20000000
5,5,9.3,17000000
8,8,2,33000000
6,5,6.7,14000000
5,5,6.7,14500000
10,10,1,108000000
8,5,8,26500000
5,5,6.7,13500000
6,5,9.3,15000000
0,2,4.4,16000000
8,7,14.2,33000000
7,6,16,35000000
2,2,7.2,15900000
1,1,2.7,3892000
3,3,8.7,22000000
3,3,4,13000000
4,4,5.6,17500000
7,6,8,26500000
0,2,5,3000000
0,2,5,3300000
0,2,5,3500000
0,3,8,5800000
0,3,8,6900000
0,3,8,7500000
1,1,2.7,2850000
2,2,4,8000000
2,2,3.5,2000000
6,10,2.4,130000000
0,0,11.4,41500000
4,3,14.4,40000000
5,5,10,26000000
0,1,2.7,2800000
10,10,1,31500000
6,5,1,45500000
6,6,1,35000000
3,4,5,9500000
2,2,1.3,165000
0,3,10.9,50000
0,3,10.9,60000
0,2,4.4,20000
0,9,8,700000
0,0,3.3,20000
4,4,1,60000
9,9,2,650000
3,3,1,130000
0,0,1,45000
4,3,1,45000
3,3,1,40000
0,0,1,60000
4,4,1,40000
3,3,1,38000
3,2,7,25000
0,0,3,8000
4,2,10,30000
6,4,12,75000
3,3,7,22000
3,3,16,60000
7,5,15,25000000
5,5,1,55000000
5,5,1,50000000
6,5,13,22000000
5,5,10,25000000
0,0,5,12500000
0,0,7,20000000
0,0,7,11000000
0,0,10,22500000
0,0,10,23500000
0,0,7,15000000
0,0,5,8500000
0,0,5,14500000
0,0,6,13000000
0,0,5,11500000
0,0,5,11000000
0,0,6,13000000
0,1,3,3500000
0,1,3.6,7500000
6,6,7,15000000
4,4,5,15500000
4,4,6,18000000
4,4,5,15000000
2,2,2,8000000
4,4,5,13000000
0,0,5,8000000
0,1,3.6,7500000
0,0,7,53000000
0,1,3.6,7500000
0,1,3.6,7500000
5,5,10,25000000
5,5,14,28000000
0,1,3.6,7500000
0,1,3.6,7500000
8,7,10,21500000
2,1,4,7000000
0,5,10,25000000
7,5,8,13500000
4,4,5,9800000
0,5,7,13000000
3,2,5,5000000
0,6,1,45000000
0,4,7,14000000
6,5,10,22500000
5,4,7,13500000
4,3,5,10500000
2,3,6.7,6300000
2,2,5,5000000
6,5,8,12000000
2,2,5,5500000
0,0,5,35000
0,0,5,25000
0,0,5,35000
0,0,5,35000
3,3,3.5,20000
0,0,5,20000
4,3,5,35000
4,3,5,40000
4,3,5,35000
4,3,5,35000
4,3,5,35000
0,0,10,30000
0,0,10,30000
3,2,1,60000
0,2,7,24000
0,0,10,25000
0,0,5,16500
0,0,10,28000
4,4,14,65000
7,8,12,29000000
3,3,5,11000000
6,5,10,19500000
3,3,11.6,27000000
9,7,1,45000000
0,4,1,10500000
6,5,2,140000000
7,6,2,75000000
6,5,2,63000000
0,0,10,23500000
7,6,2,68000000
6,5,2,76000000
6,5,2,75000000
6,5,1,35000000
5,4,10,33000000
4,3,2,65000000
6,5,2,65000000
7,5,2,85000000
7,6,2,180000000
6,5,2,120000000
6,5,2,75000000
0,3,10,18500000
0,5,1,41500000
6,5,1,43000000
4,4,6,14500000
3,2,3.5,4350000
5,4,10,20000000
6,5,2,220000000
2,2,5,8000000
0,0,5,9700000
4,5,5,16500000
0,0,3,7500000
4,3,5,10300000
7,6,1,52500000
4,3,4,8000000
5,4,10,30500000
6,5,1,70000000
6,5,1,37000000
2,3,2,4200000
0,0,3,3700000
2,3,2,4800000
4,3,1,18500000
4,4,4.8,17000000
2,2,2.5,5500000
6,6,1.2,80000000
4,3,8,16000000
3,3,5.3,13000000
9,8,1,150000000
8,8,9.6,35500000
6,6,1,115000000
4,4,12,16000000
3,3,8,16000000
6,6,8,42500000
3,3,8,13500000
3,3,8,16000000
4,3,9.6,36500000
2,2,3.3,6200000
10,11,4,1000000000
3,3,8.3,23000000
0,0,1.7,178600000
0,0,2.4,270000000
6,6,12,47500000
2,2,4.9,6800000
2,2,4.2,4500000
2,2,4.2,4500000
2,2,4.2,4500000
2,2,3.3,3500000
2,2,3.3,3500000
2,2,3.3,3500000
7,6,1.3,165000000
7,6,1,145000000
3,3,10.7,27500000
3,3,8,20000000
3,3,6.1,14700000
0,2,4.8,9000000
0,2,4.8,11500000
3,3,7.1,9500000
0,4,6.4,11000000
3,3,6,12500000
0,3,7.3,14500000
3,3,1,70000000
2,2,4,9000000
4,3,11.1,32500000
3,2,8,55000000
2,2,1.2,10500000
4,4,4.8,14000000
0,0,4.8,14000000
5,4,4.8,9500000
2,2,4.7,3800000
2,2,4.4,8200000
3,3,7.1,1500000
0,2,5.1,2500000
6,5,1,90000000
4,7,3.2,8600000
0,4,4.8,8500000
3,3,8,23200000
3,3,5.6,5000000
3,3,8,23000000
3,3,8,27500000
4,3,8,27500000
2,2,7,11000000
4,3,4,40000000
3,3,7.6,27000000
1,2,3.2,3200000
3,2,6.2,9000000
8,10,1.2,70000000
4,4,9.8,16000000
0,0,12,130000
0,0,12,150000
0,0,12,128000
0,0,12,145000
0,0,12,145000
0,0,12,135000
0,0,12,125000
0,0,12,125000
0,0,12,125000
0,0,12,145000
0,0,12,145000
0,0,12,145000
0,0,12,145000
0,0,12,145000
0,0,12,145000
0,0,12,150000
0,0,12,125000
0,0,12,125000
0,0,12,125000
0,0,12,125000
2,2,2.4,27000
5,5,1,325000
5,5,1,120000
5,4,12,145000
5,8,2,500000
2,2,4.8,22000
3,3,8.3,80000
6,6,1,375000
2,2,4,45000
3,3,1,110000
5,5,1,330000
5,5,12,150000
5,4,4,7000000
4,4,6.7,22500000
4,4,10.9,31000000
6,6,14.2,40000000
1,1,1.6,2625000
6,5,7,16000000
7,6,11,55000000
2,2,6.8,10000000
2,2,5.7,4500000
2,2,5.7,4500000
6,6,8,15000000
2,2,3.8,4700000
3,3,5.6,3999000
4,3,5,9000000
9,7,1,28500000
2,2,10.7,18500000
6,5,7,36000000
3,3,8,7000000
2,2,5,3550000
2,2,5,3000000
1,1,2.4,4600000
8,7,1,65000000
8,6,1,45000000
6,5,8,14500000
8,6,1,45000000
6,5,8,37000000
2,2,3.3,5264000
6,5,1.3,250000
3,3,1,70000
1,1,8,20000
1,1,1,14000
5,5,1,190000
4,4,1.3,110000
4,4,10.2,45000
2,2,5.3,25000
6,5,12,80000
2,2,5.5,35000
3,3,7,22000
0,0,4,3550000
1,1,3.6,75000
3,2,7,19000
3,3,7,20000
0,0,5,20000
6,6,1,300000
3,3,1,100000
3,3,12,65000
5,5,1,325000
6,5,1,37500000
6,7,1,30000000
2,3,6,9000000
6,5,11,34500000
4,3,3,6000000
7,5,10,26000000
8,7,1,21500000
3,0,2,3300000
4,4,3,9500000
4,4,3,9500000
4,3,4,8000000
2,3,8,7500000
4,3,5,12800000
4,3,5,10000000
3,3,3,6750000
3,3,3,3495000
8,7,1,45000000
5,4,10,26000000
4,3,5,14000000
4,4,3,8000000
4,4,3,8000000
5,5,3,7000000
3,8,19,15000000
3,2,3,4500000
3,3,5,15000000
6,7,6,8000000
0,5,1,33000000
6,6,5,11500000
6,5,10,16000000
4,4,10,14000000
0,0,10,24000000
2,1,5,6500000
4,4,4.4,6000000
4,4,10,17500000
6,5,10,21000000
7,6,10,13400000
0,4,8.5,12000000
0,5,10,13000000
0,4,7,4500000
0,3,11,9000000
1,2,3,2300000
1,2,5,2500000
0,1,2.9,3500000
0,2,5.3,11500000
0,5,10,22500000
0,5,1.2,38000000
6,6,11,25000000
0,0,10,18500000
0,0,7,13500000
0,0,1,30000000
0,0,10,15500000
0,0,7,13500000
0,0,12,15000000
0,1,2.4,1800000
0,5,7,15000000
0,0,1,37000000
0,0,1,47500000
0,0,1.1,550000000
6,5,7,13500000
0,0,5,13000
0,0,5,18000
0,0,10,35000
0,0,6,16500
0,0,8.5,25000
0,0,4.5,15000
0,0,12,25000
0,0,10,25000
0,0,7.5,26000
0,0,5,35000
0,0,7.5,30000
0,0,7,10000
0,0,2,25000
0,0,1.1,14000
0,0,7.5,16000
3,3,12,30000
4,3,6,33000
3,3,10,30000
0,2,4.4,25000
1,1,2,17000
6,5,8,50000
0,2,5.3,40000
0,3,7.1,60000
3,3,3,7000000
6,6,5,9500000
3,3,4,9500000
6,5,1,49500000
6,5,1,40000000
6,5,1,48500000
6,5,1,38000000
3,3,10,8500000
3,3,10,8300000
4,4,10,31000000
3,3,10,8100000
1,2,6,6200000
4,4,5,9500000
4,4,5,9500000
4,4,5,9500000
3,3,3,5500000
3,3,5,5500000
4,3,4,8400000
4,4,5,9500000
2,1,3,3800000
3,3,3,5400000
3,3,3,5400000
3,3,3,5600000
3,3,3,5400000
3,4,1,45000000
3,3,5,5500000
3,3,5,10000000
3,3,4,7000000
3,3,3,5500000
3,3,3,5500000
3,3,3,5200000
2,1,3,3600000
3,3,3,5500000
3,3,3,5500000
3,3,3,5500000
3,3,3,5200000
3,3,3,5200000
3,3,3,5400000
3,3,5,9600000
3,3,5,8500000
2,1,3,3800000
3,3,5,9400000
3,4,10,17500000
2,2,3,2700000
9,7,1,42500000
7,5,1,34500000
2,2,2.5,3800000
6,5,1,37000000
2,1,5,22600000
0,0,5,15000000
5,5,10,21000000
6,5,1,48000000
6,5,1,51500000
4,4,10,20000000
2,2,3,3400000
3,3,9.3,16100000
3,3,6,15000000
3,3,5,12500000
3,3,5,11000000
5,4,4,35000000
3,3,12,36000000
2,2,4.2,8500000
0,0,4.8,15000000
3,3,5.3,7500000
5,4,4,36500000
7,6,1,150000000
2,2,4,3500000
5,4,12,75000000
3,3,7.6,29000000
6,6,14,65000000
3,3,6,13500000
3,3,6,12500000
2,2,3.3,4500000
3,3,7.1,8800000
2,2,4.2,5800000
4,3,7.1,35000000
7,6,1,90000000
4,3,10.2,22000000
7,6,1,115000000
4,4,7.6,33000000
3,3,8,18000000
3,3,5.8,15000000
3,3,6.7,11500000
2,2,1.6,2800000
0,0,9.8,19000000
1,3,3,2400000
5,5,1,162500000
2,2,2.9,4500000
6,5,8,55000000
3,3,10,14500000
7,6,1.8,200000000
0,0,12,75000000
3,3,15,18000000
6,6,8,40000000
3,3,15,22500000
4,4,1,37500000
3,3,12.4,45000000
9,9,9.6,44000000
4,7,8,13200000
3,3,9.5,8000000
7,7,6,26500000
6,6,9.6,24000000
8,8,1,72500000
4,4,4.8,17500000
2,2,3.2,4000000
8,6,9.6,25500000
3,3,7.6,16500000
6,6,8,18000000
5,4,4.8,12500000
0,0,1.2,65000000
2,3,4,4500000
2,2,4.7,12500000
3,5,5.8,7000000
7,7,9.6,24000000
3,3,15.1,22500000
3,3,8,14900000
7,6,1,160000000
2,2,2.6,3500000
4,5,16,40000000
5,8,16,50000000
6,5,2,650000
5,5,8.8,170000
5,5,8.8,170000
2,2,2,30000
2,2,2,30000
2,2,2.9,18000
0,0,9.6,60000
3,3,9.6,45000
2,2,4.4,55000
4,3,10.2,90000
3,3,6.5,40000
2,2,4.4,24000
5,5,2,400000
3,2,4.2,45000
4,4,12,65000
4,4,16,80000
2,2,4.2,18000
2,2,1.3,110000
2,4,4.4,25000
3,3,11.4,85000
2,2,6,60000
3,3,12,80000
3,3,6.4,50000
2,2,3.9,6125000
2,2,3.6,5635000
5,5,7,37000000
6,5,1,80000000
1,1,2,3330000
1,1,1.5,2490000
1,1,1.9,3127000
0,0,11,17500000
0,0,11,20000000
6,6,1,76500000
3,3,4.6,7294000
3,3,5.5,8652000
1,1,1.8,3000000
1,1,1.9,3270000
2,2,6.7,8500000
4,3,2,110000000
4,3,4,14300000
1,1,1.9,3127000
5,5,5,10000000
2,2,3.3,5264000
2,2,8,10000000
8,7,12,25000000
0,10,2.4,70000000
6,4,8,13500000
3,2,6,9000000
2,2,5,6500000
6,4,8,14000000
7,5,10,30000000
3,3,12,9000000
6,5,10,15500000
2,2,3.3,4000000
5,3,5.6,9500000
2,2,4.6,4600000
7,4,10,20000000
3,3,4.6,7294000
3,2,9.3,12500000
2,2,3.6,5635000
1,1,4.2,4600000
3,3,6.7,7600000
3,3,5,16000000
6,6,1,90000000
4,4,4,14500000
2,2,3.6,4000000
0,1,2.2,3638000
5,5,4,17500000
0,6,11.2,55000000
1,1,2.8,3000000
2,2,4.2,4400000
8,8,1,500000
3,3,1,68000
3,3,1,90000
3,3,1,85000
3,3,1,87000
3,3,1,88000
5,5,1,180000
5,5,1,185000
5,5,1,190000
5,5,1,180000
6,6,12,55000
4,4,1.2,95000
3,3,1,100000
3,3,1,40000
4,4,10,85000
3,2,9.3,150000
5,5,10,28000000
6,5,2,180000000
6,5,1,36500000
5,4,6,12500000
5,4,1,52000000
4,3,5,12000000
4,3,10,16000000
5,0,6.1,106500000
0,5,1,44000000
7,6,1,35000000
7,6,1,47000000
4,3,4,6000000
1,1,2.5,5000000
0,0,11,55000000
5,5,1,46000000
7,0,1.5,70000000
0,5,7,12000000
0,4,10,16500000
0,5,10,26000000
9,9,10,26000000
0,0,8,14500000
0,2,3.5,4500000
0,2,3.5,5200000
0,2,5,6500000
0,2,5,6000000
0,5,7,12500000
0,0,7,12000000
5,5,10,16000000
5,3,10,15500000
5,4,7,11500000
0,5,7,12500000
0,5,7,15000000
6,4,7,13500000
0,3,5,10500000
0,3,5,11000000
0,3,5,11500000
0,5,12,16500000
0,5,7,10500000
5,5,1.6,35000000
2,6,5,7000000
0,1,3.6,7500000
5,4,10,18000000
8,7,7,37000000
6,5,14,27000000
8,7,8,16000000
2,2,3,4000000
4,3,6,7000000
5,4,5,3600000
9,7,12.4,23000000
6,4,6.2,14500000
6,4,10,25000000
4,4,13,17500000
0,0,10,30000
0,0,5,35000
0,0,5,18000
0,0,5,40000
0,0,7,30000
0,0,5,20000
0,0,12,70000
0,0,8,50000
0,0,5,25000
3,3,11,45000
0,1,3.7,35000
3,3,1,100000
2,2,3.8,65000
0,7,1,25000000
4,3,5,11000000
4,4,8,12500000
5,5,1,65000000
3,3,3,3500000
0,5,1,35000000
5,3,5,10500000
6,5,10,17500000
1,2,3,2000000
3,5,4.5,6200000
3,3,5,5500000
7,5,8,12700000
7,6,1,47500000
6,4,1,38000000
3,3,10,20000000
6,5,1,50000000
4,3,5,13000000
5,5,1,47000000
3,2,10,16000000
5,5,1,40000000
0,0,9.7,35000000
3,3,6,16000000
3,3,6,15400000
3,3,8,20800000
2,2,2.5,2700000
4,4,4,13500000
2,2,4.8,12000000
3,3,8.6,13000000
5,4,14,17500000
5,5,1.1,70000000
7,6,12,86500000
7,6,1,115000000
6,6,8,19000000
4,4,4.8,13500000
2,2,5.1,10000000
6,6,8,17000000
5,5,1,200000000
6,6,9.6,75000000
5,5,2,240000000
3,3,6.8,10000000
4,4,9.8,57500000
3,3,8,29000000
3,3,8.9,34000000
3,3,6.2,18500000
1,1,4.8,28000000
3,3,8,18000000
3,3,5.9,10800000
9,8,17.6,102500000
3,3,5.3,7500000
4,4,7.2,28000000
2,2,5.3,9800000
3,3,8,4900000
3,3,6,14000000
2,2,4.2,5000000
4,4,14,14000000
3,3,6,11000000
3,3,8,13500000
4,3,10.2,39500000
3,3,6.2,8150000
3,3,8,14300000
3,6,1.8,3000000
3,3,8,23500000
3,2,4,13000000
6,10,9.6,35000000
2,2,5.2,13500000
2,2,4.2,10500000
4,3,6,61000000
2,2,3,2400000
2,2,4.9,9200000
2,2,4,15000000
3,3,5.6,17000000
6,6,1,115000000
0,0,8,45000000
3,3,6.7,13000000
3,3,8,27500000
2,2,4.8,25000
2,2,4.8,23500
1,1,4.8,16000
3,3,6.2,55000
3,3,8,85000
3,3,8.9,65000
3,3,1.1,125000
2,2,2.2,27000
2,2,4.8,125000
3,3,7.8,85000
0,0,3,1000000
3,3,6.4,75000
4,4,1,200000
3,3,9.6,57000
0,0,6.7,22000
6,5,1,300000
6,5,1,36500000
1,1,4.3,4500000
2,2,6.3,6800000
3,3,4.9,11000000
2,2,3.8,4000000
4,3,5,12800000
0,0,10,50000000
6,5,5,9500000
3,3,5,7000000
8,5,1,47500000
5,5,10,28500000
3,3,5,9500000
2,2,6.4,14200000
2,2,6.4,14900000
2,2,6.5,15600000
2,2,6.5,15700000
2,2,7.2,16100000
2,2,7.2,16900000
2,2,7.4,17800000
7,6,10,22500000
3,4,3.5,4000000
3,3,7.9,17800000
3,3,7.9,19200000
3,3,9.6,22000000
3,3,9.7,24000000
8,7,10,27500000
1,1,2.6,5200000
6,5,8,35000000
6,5,8,30800000
2,2,4.1,2338000
8,6,1,265000
2,3,10,25000
3,3,1,70000
3,3,1,70000
0,2,7.1,60000
0,1,3.6,50000
2,3,4.9,36000
6,5,11,105000
0,0,10.9,27000
0,0,8,25000
6,4,7,30000
0,0,12,55000
4,3,1,75000
4,3,5,65000
3,3,1,62000
2,3,7,65000
1,1,1,17000
4,4,16,125000
3,3,1,55000
5,4,10,25000000
5,5,5,6500000
4,4,10,27500000
6,6,10,33600000
3,3,5,6100000
1,4,5,8000000
2,2,1,35000000
0,0,10.5,17000000
0,3,5,10500000
0,3,5,12000000
0,4,5,11000000
4,3,10,19000000
3,2,4,8000000
1,3,2,4500000
7,6,15,25000000
5,5,5,11500000
4,3,5,14500000
3,3,5,13500000
4,3,5,12500000
5,5,1,77500000
2,2,4,5000000
4,4,6,3950000
3,4,5,11000000
4,3,4,8900000
5,5,1,77500000
5,7,7,16500000
5,5,10,17000000
0,0,2.2,4000000
5,4,10,26000000
5,7,5,10500000
4,3,5,22500000
3,6,8,11000000
1,2,3.5,5800000
4,4,3,6000000
5,5,7,13500000
0,3,11,25000000
5,6,10,14000000
7,7,11,45000000
3,3,5,7800000
0,0,2.5,5000000
5,5,7,14500000
4,4,10,19000000
1,2,2,3500000
3,3,8.4,13200000
5,5,7,11000000
0,0,3,3300000
1,1,0.8,12000
3,3,10,45000
3,3,8,47000
3,3,12,50000
4,4,4,30000
1,1,2,8000
0,0,3.7,50000
2,1,3.6,50000
2,1,3.6,45000
2,1,3.6,45000
3,3,5,14500000
6,5,1,66000000
3,3,3,7500000
3,3,5,11000000
3,3,3,7000000
3,3,5,10500000
0,0,6,14500000
5,5,1,37500000
4,3,5,10000000
6,5,10,20000000
6,5,1,42500000
5,4,10,19500000
6,5,10,25000000
6,5,10.5,24000000
3,3,5,10000000
5,5,5,13000000
4,4,5,12000000
2,2,3.9,3200000
4,3,5,11000000
4,4,5,7500000
5,4,10,22000000
6,6,1,29000000
0,4,10,23500000
8,7,1,150000000
0,3,6,16500000
4,4,12,65000000
2,2,4,5000000
0,6,1,40000000
0,3,4.8,7500000
5,5,11.6,25000000
2,2,4.4,8000000
5,5,10,70000000
7,6,16,56500000
6,5,12,95000000
0,0,4.8,5500000
0,3,3.2,4000000
0,3,3.2,4000000
0,2,2.9,4600000
0,2,2.9,4500000
0,2,2.9,4500000
2,2,4.9,5800000
2,2,4.2,2660000
0,8,9.6,38000000
0,0,12,26000000
6,10,12,26000000
3,3,4.8,8000000
7,6,1,67500000
2,2,9.1,39000000
3,3,9.7,63000000
2,3,4,4999000
2,3,3.8,4000000
6,5,1,38500000
2,3,3,5100000
2,1,2.2,6200000
2,2,8.4,48000000
0,3,10.2,55000000
0,3,8.9,28500000
6,7,16.6,75000000
4,4,14,18000000
3,2,4,8500000
4,4,12,60000000
5,4,12,62500000
6,6,1.5,85000000
3,3,4.7,7500000
2,2,4.2,9000000
6,6,4.8,11000000
5,4,4.8,12500000
2,2,3.1,3400000
3,2,4.2,13000000
3,3,4.8,5800000
4,5,4.8,19500000
3,3,5.3,4800000
6,5,5.6,12500000
9,8,4.8,30000000
2,2,4,3500000
6,4,2,250000000
1,1,1.3,2500000
4,8,5.1,20000000
3,3,5.3,10000000
2,2,4.4,9000000
2,2,4.2,8000000
2,2,4.7,8500000
0,0,3.2,2500000
3,3,5.6,7500000
2,3,4.8,15000000
2,3,5.2,12000000
2,4,5.3,4850000
3,4,1.5,90000000
4,7,8,8000000
2,3,4.6,7500000
4,4,10,10000000
2,2,4.4,6000000
4,4,4.8,12000000
4,4,16,25200000
3,3,12,18000000
2,2,4.8,10000000
4,4,1,45000000
4,3,9.8,35000000
4,3,14.2,180000
5,5,2,450000
6,5,1,285000
3,3,1,125000
10,10,1.2,400000
3,3,8.9,125000
5,5,1.2,300000
4,4,10,200000
3,3,1,150000
6,6,2,450000
3,3,2,120000
5,4,12,80000
3,2,4.7,50000
4,4,6.7,31000000
4,4,4,15000000
5,6,10,12500000
6,5,1,47000000
6,5,10,24500000
3,3,14.2,46000000
6,5,9,45000000
4,3,13,13000000
4,4,17.8,65000000
10,9,1.2,92500000
2,2,5,3800000
8,6,14.2,45000000
3,3,8,7000000
5,5,2,270000000
6,4,8,23000000
1,1,2.9,19000
2,2,1.6,125000
5,5,1,54000
4,4,8,33000
5,5,1,50000
2,2,8,25000
3,3,14.2,35000
6,6,1,160000
3,3,14.2,35000
4,4,1.2,35000
6,6,1,110000
2,3,4.9,40000
6,6,1,70000
3,3,1,35000
4,4,1,35000
6,6,12,60000
3,3,12,30000
3,3,12,30000
4,4,10,50000
2,2,10,24000
2,2,10,24000
3,3,5,30000
2,2,5,16000
2,2,5,15000
6,5,10,65000
2,2,3.1,12000
1,1,2.4,10000
6,5,10,68000
1,1,1.3,8000
4,4,1,80000
3,3,1,65000
4,4,5,100000
2,2,10,40000
1,1,1,40000
1,1,1,42000
1,1,1,30000
1,1,1,28000
2,2,5,35000
2,2,5,35000
3,3,4,32000
6,5,17.8,160000
6,5,18,160000
3,3,14.2,58000
2,2,5.1,45000
4,4,5,10500000
4,4,7.5,15000000
4,4,5,12000000
4,4,1,40000000
4,4,1,40000000
4,4,5,12000000
5,5,10,37000000
3,3,4,14800000
3,3,4,13800000
5,4,10,19500000
2,2,5,6200000
2,3,5,10000000
3,2,2.5,2500000
7,5,1,89900000
6,5,1,42500000
4,3,5,14500000
4,3,2.5,3800000
0,0,5,11000000
5,4,10,16000000
5,5,10,17000000
7,5,1,45000000
0,0,1,20000000
0,0,2,5500000
0,0,10,12500000
0,0,13.5,150000000
0,3,5,9000000
0,3,3.5,3900000
0,3,3.5,3700000
0,3,3.5,6000000
1,2,2.5,2250000
3,3,6,8700000
7,5,10,21500000
3,3,2,5500000
2,3,2.5,4500000
2,3,2.5,4000000
5,4,10,36500000
0,0,6,14000000
1,1,2,4400000
2,3,3,3000000
6,5,16,25000000
0,3,5,5000000
6,5,11.6,32500000
4,3,5,11500000
5,4,5,11000000
5,4,5,6500000
2,2,7,6000000
5,4,5,7500000
0,6,10,27000000
0,6,10,30000000
0,6,10,24000000
0,6,10,24000000
6,7,14,28000000
3,8,3,8500000
10,9,1,58500000
1,1,2.7,4800000
6,9,1,175000
6,5,12,65000
5,3,5,30000
3,3,6,28000
3,5,5,30000
5,4,4,25000
6,5,10,75000
2,2,4,14000
2,2,7,18000
2,2,7,15000
0,0,2,225000
0,0,1,200000
3,3,1,45000
0,3,10,35000
5,4,7,45000
2,3,10,35000
6,5,10,60000
4,4,10,25000000
6,5,1,38000000
3,3,10,18500000
4,4,1,33500000
3,3,10,21500000
2,2,5,17500000
5,4,9.8,31000000
3,3,8,23000000
2,2,3.8,4200000
0,0,6.4,9500000
0,0,6.4,9500000
2,2,4.2,10000000
3,2,4.8,7500000
0,0,4.8,7000000
0,0,1,130000000
5,4,12,59000000
0,2,4.9,5000000
0,3,5,8200000
0,3,8,5000000
0,3,10,9000000
3,3,4.9,16000000
3,3,4.9,16000000
6,6,3.2,15000000
2,2,4.4,7700000
0,0,8,10000000
0,2,3.3,6700000
0,2,4,10000000
0,3,7.1,26800000
3,4,8,18000000
5,5,1,106000000
0,0,12,37500000
3,3,8,25500000
0,0,8,20000000
0,0,8,24000000
0,2,3.1,5500000
0,3,10.7,19000000
0,4,6.4,22500000
0,8,9.6,36000000
0,6,16,80000000
0,5,14,80000000
0,6,9.6,115000000
0,3,5.3,6500000
0,6,4.8,25000000
0,3,6.4,7500000
0,2,3.1,3500000
0,2,4.7,8500000
0,2,4.7,5500000
2,2,2.8,3400000
0,3,5.8,11000000
3,3,8,33500000
0,7,6,26500000
6,5,1,127500000
7,7,1,85000000
3,3,5.8,10000000
4,4,13.2,38500000
4,4,14,58500000
4,4,14,58500000
5,5,1,70000000
3,3,9.4,8000000
0,0,8,6000000
7,7,16,58000000
3,3,7.8,25000000
5,5,12,95000000
6,6,1,110000000
5,5,12,92500000
2,2,4.1,7400000
6,5,14.8,55000000
5,10,4.8,15000000
0,0,3.2,15000000
0,0,4.8,12000000
0,4,4.8,17000000
0,0,4.4,6000000
0,2,4.8,15000000
0,6,4.8,23000000
0,6,4.8,15500000
0,3,5.3,5500000
0,0,4.8,11000000
0,0,7.1,30000000
3,3,10.7,28500000
0,3,10.7,35000000
0,3,8.9,31000000
0,3,8,27500000
6,5,14.8,55000000
4,4,7.7,17500000
0,0,4,42500000
0,0,1.3,180000000
0,0,2,240000000
0,4,1.3,185000000
0,4,4,39000000
0,4,4,40000000
0,9,2,250000000
0,3,4,29000000
0,3,4,29000000
0,5,4.8,45000000
2,5,3.2,7000000
6,6,1,160000000
6,6,1,120000000
3,3,7.1,37000000
3,3,7.1,28000000
0,3,6,14500000
4,4,4.8,12800000
0,2,4.2,12500000
0,0,2,240000000
3,3,6.2,25000000
4,3,5.3,50000
2,2,4.7,40000
3,3,8.9,80000
4,4,14,85000
5,5,1,115000
5,5,1,115000
2,2,4.2,21000
3,3,1.3,120000
3,3,1,140000
4,3,6.7,77000
3,3,1,90000
6,6,10,36000000
4,3,5.6,20000000
9,9,15,50000000
5,5,8,11500000
3,3,10.7,6900000
0,0,6,8500000
0,0,4,10000000
0,0,6,12000000
6,5,1.9,200000000
2,2,5,3800000
2,2,3,3800000
5,5,10,31000000
1,1,2.4,3550000
3,2,4.9,5000000
3,3,10,7000000
2,2,6,4700000
3,3,13.4,42500000
3,2,5,6000000
3,3,3.5,2700000
2,2,3,3200000
6,5,1,45000000
2,2,5,38000
4,3,1.2,128000
5,4,1,60000
3,2,5,18000
6,5,1,160000
1,2,2.2,15000
4,4,1,110000
4,3,1.2,300000
5,5,1.3,300000
3,3,1,60000
0,0,2,12000
4,3,14,40000
3,2,7,25000
3,3,5,35000
6,5,3.6,600000
3,3,1,250000
10,9,3.6,500000
4,5,8,60000
7,6,1,90000
3,3,1,43000
3,2,7,19000
3,0,1,42000
6,6,7,60000
4,4,1,48500
6,5,17,41000000
6,5,1,70000000
5,4,17,36000000
3,3,5,16500000
3,3,3,5750000
1,2,5,4000000
2,2,3,4500000
1,2,5,4000000
2,3,4,6500000
1,2,5,3300000
3,4,10,9500000
2,3,4,5600000
5,4,10,22500000
0,0,2,2000000
0,5,10,18000000
0,5,10,24000000
3,3,2,3500000
5,4,10,36000000
2,3,4,7100000
6,5,14,26000000
2,3,3.5,4100000
0,0,3,4000000
3,3,3,5700000
1,2,5,4300000
5,4,10,36000000
5,4,5,8700000
0,3,5,11500000
4,4,2.5,6000000
0,0,5,13000000
5,4,5,9800000
5,5,8,18500000
3,4,5,8500000
7,6,5,12000000
5,4,10,39500000
5,4,15,27000000
6,5,1,39900000
4,3,5,12000000
3,2,18.2,5300000
4,3,5,12500000
4,3,5,12500000
3,3,5,6500000
0,0,4,50000000
4,3,5,9800000
3,3,2.5,5700000
5,4,10,17500000
6,5,17,41000000
3,3,10,21200000
5,4,10,23000000
3,3,10,17500000
5,4,10,21500000
4,4,10,13500000
5,4,10,23500000
5,4,10,26500000
4,4,5,6800000
3,3,5,8500000
2,2,5,7500000
2,3,3.5,6800000
3,3,13,17500000
7,5,1,53000000
0,0,5,15000000
4,3,2.5,5500000
2,2,2.5,3500000
0,0,2.5,4500000
0,3,2.5,4600000
0,0,3,6500000
0,0,3,6500000
0,0,3,6500000
0,0,3,8500000
0,0,5,9000000
0,0,5,11500000
0,0,5,12500000
0,0,7,14000000
0,0,7,16000000
0,0,7,16000000
0,0,5,8500000
0,0,5,10000000
0,0,14,35000000
0,0,5,8500000
2,3,5.3,9000000
3,3,5,10500000
5,5,10,22500000
5,4,7,13500000
7,5,10,20900000
4,4,2.8,4500000
5,5,6,9500000
7,7,12,25000000
6,6,11,16500000
3,2,7.5,8000000
1,2,5,3100000
1,2,5,2800000
1,2,5,2600000
1,2,5,2350000
6,6,6,16000000
6,6,14,28000000
7,7,1,47000000
2,2,5,6500000
3,3,6,7000000
7,6,5,11500000
5,4,10,19000000
3,2,5,5800000
6,5,10,22500000
6,5,10,18000000
6,5,10,25000000
5,5,10,23000000
6,5,10,24000000
6,5,10,27000000
2,2,6,20000
0,0,18,35000
0,0,8,20000
6,5,14,80000
1,1,3.1,35000
2,1,3.8,35000
6,6,1,125000
5,5,10,55000000
0,0,8,8950000
2,2,4,11000000
4,2,1,89000000
1,2,2,2200000
5,4,8.6,18000000
3,4,6.4,10000000
2,2,4.2,6500000
3,2,4.8,12000000
0,6,19.2,70000000
4,4,7.1,22500000
3,3,5,11700000
4,4,4.8,14000000
3,3,5.1,7500000
4,3,6.9,13000000
4,3,9.6,25000000
2,3,2.4,52000000
3,3,8.6,10500000
2,2,2.1,3000000
3,3,5.1,7500000
0,10,13.3,65000000
4,7,7.5,25000000
2,2,4,4000000
0,0,4.8,6000000
2,2,3.3,3000000
6,6,4.8,16500000
3,4,7.8,12200000
3,2,4.9,6000000
3,2,4.9,7000000
3,3,16,26000000
2,2,4.4,8500000
6,6,1.2,95000000
8,7,9.3,40000000
8,7,9.3,55000000
8,7,9.3,45000000
0,0,2.6,2800000
3,3,9.8,18500000
3,3,8,22500000
2,5,3.2,7000000
3,3,8,22500000
3,3,4.5,6000000
3,3,4.5,6000000
3,3,4.5,6500000
2,2,2.4,5000000
4,3,10,30000000
3,3,10.2,53000000
4,3,10,32500000
4,3,10,30000000
3,3,10.2,50000000
6,5,1,110000000
3,3,10.2,39000000
4,3,9.3,22500000
3,3,10.2,41000000
3,3,8,9500000
4,4,1,95000000
3,3,6.4,8500000
4,4,11.6,35000000
4,4,10,57500000
0,0,2.4,3500000
2,2,4.7,7300000
7,6,8,19000000
2,2,8,8300000
0,2,3.8,6000000
2,3,3.4,5200000
7,6,1,115000000
4,4,2,350000
3,3,4.9,45000
4,3,1,140000
4,3,1,135000
7,7,1,300000
3,3,8.9,85000
5,4,1,160000
6,7,2,750000
6,6,1,350000
3,3,6.7,60000
2,2,4.4,40000
4,4,8.9,120000
0,4,7,13000000
0,2,7,8500000
10,11,1.3,180000000
3,3,13.1,18500000
0,0,12,41500000
7,7,14,63000000
0,0,10,35000000
2,2,5,3200000
0,0,5.8,11000000
2,2,4,2400000
0,0,10,28000000
6,7,1,31500000
2,2,7.6,6000000
7,6,2,47500000
4,4,5,11000000
6,4,6,12500000
3,3,5,7500000
5,4,5,11000000
3,3,7.3,5800000
1,1,4.4,11000000
7,6,4.4,1700000
0,2,7,24000
0,2,7,24000
0,3,10,28000
0,2,10,27000
5,4,2.4,450000
2,2,4,15000
2,2,4.9,75000
3,3,11.1,40000
2,2,10,40000
5,6,1,100000
6,6,1.9,300000
6,6,1,300000
5,5,14,75000
3,3,8,35000
4,3,10,65000
4,3,1,130000
3,3,7.3,36000
4,3,1,42000
3,2,1,45000
3,3,1,85000
3,3,1.3,95000
1,2,5,32000
3,2,1,300000
10,9,2,350000
4,3,2.4,290000
6,6,1,100000
1,1,2.7,12000
6,6,14.2,140000
9,7,1.3,395000
6,5,2,380000
3,3,1,40000
8,7,1,100000
3,3,15,120000
1,1,4,10000
1,2,5,27000
3,3,10,30000
2,2,5.8,40000
2,2,9,18000
2,2,5,25000
2,2,6,21000
4,3,5,10500000
3,3,3,7500000
3,3,3,6800000
0,0,10.3,35000000
4,3,5,14500000
6,5,10,24000000
4,5,5,20000000
5,4,5,10000000
6,5,1,60000000
6,5,1,49000000
6,5,10,24500000
7,5,8,13300000
4,4,10,17000000
7,6,8,17500000
6,5,10,25800000
7,6,1,30500000
6,5,1,52000000
6,5,7.5,15000000
5,4,10,19900000
6,6,2,59000000
4,5,5,7500000
8,7,1,44000000
6,5,10,20000000
5,4,10,35500000
3,3,3,7000000
2,2,5,6500000
5,4,10,23500000
5,5,10,19000000
3,2,7,9000000
5,7,5,6700000
6,5,10,22500000
4,6,7,10000000
5,5,10,20000000
4,4,16,14000000
3,3,10,17000000
4,4,5,7500000
4,5,5,9500000
4,4,5,8000000
6,4,4,11000000
6,5,4,10000000
7,5,10,18500000
6,5,10,25500000
8,6,1,35000000
4,3,5,13000000
6,6,1,33500000
4,4,5.5,14000000
4,3,5,12500000
5,5,7,10700000
4,3,5,12000000
5,4,9,24000000
6,5,12,25000000
0,0,10,16500000
0,0,10,16500000
0,3,5,11000000
0,0,18.5,6000000
0,0,6,12000000
0,0,4.5,7000000
2,2,5,6000000
5,4,8,25000000
4,3,3,5400000
6,5,5,8800000
2,3,1,3750000
2,3,1,3750000
3,4,3,7700000
6,5,10,24000000
6,5,10,24500000
5,4,10,27000000
4,3,5,3200000
6,5,8,13500000
0,1,1.6,1850000
6,5,8,16000000
1,1,2.5,3400000
2,2,3.6,5000000
7,6,16,26500000
6,5,1,39000000
5,4,10,23000000
1,1,1.8,2000000
1,1,3.2,4320000
8,6,1,42500000
2,3,3,3500000
7,5,1,38500000
5,5,10,70000
0,0,12.5,50000
2,2,4.8,7600000
3,3,6.4,9500000
0,0,8,45000000
3,3,6,13200000
2,2,4.2,11200000
3,3,6.4,10000000
0,0,5.3,10200000
2,2,5.1,5000000
3,3,8.8,17000000
6,5,1,150000000
3,3,9.3,26000000
0,3,6.8,15000000
0,2,2.6,13000000
0,6,4.8,14000000
0,4,15.4,29000000
0,3,4,16000000
0,4,9.6,18500000
0,3,4.8,13000000
2,2,3.6,5000000
3,3,9.6,17500000
3,5,3.2,5500000
3,3,6,8000000
3,3,8.6,12500000
0,4,12,18900000
0,4,12,18900000
0,3,9.2,14400000
0,3,9.2,14400000
0,3,9.1,14300000
0,3,9.1,14300000
0,2,7,11000000
0,2,7,11000000
0,2,6.6,10300000
0,2,6.6,10300000
0,2,6.4,10100000
0,2,6.4,10100000
0,2,4.9,7672000
0,2,4.9,7672000
2,2,4.7,7364000
2,2,4.7,7364000
5,5,10,67000000
4,4,10.7,30000000
3,3,8,25000000
3,3,13,56000000
4,4,4,39500000
4,3,9.8,27000000
8,6,1,100000000
2,2,4.4,16000000
2,2,4.7,13500000
2,2,4.4,3500000
2,2,3,2700000
3,3,6.7,14000000
8,8,1.5,100000000
2,2,4.9,17500000
2,3,4,5000000
3,3,7.1,11000000
1,2,2,1600000
2,2,4,7600000
6,6,2,175000000
2,2,2.9,5000000
4,4,4.8,17000000
0,2,4.2,5600000
0,0,4.2,7200000
4,4,3.2,14000000
1,2,2,2100000
3,3,5.3,7500000
4,3,8,18500000
2,2,4.9,10000000
2,3,3,2500000
3,3,5.5,7500000
0,2,4.2,4500000
2,2,1.6,1500000
2,2,4.2,9500000
4,4,14,14500000
3,3,8,7000000
4,4,10.4,17500000
4,4,10.4,17500000
6,5,4.8,16000000
0,0,10.4,17500000
0,0,9.4,10000000
3,3,8,18500000
3,3,8,12000000
3,3,8,6800000
3,3,4.8,8000000
2,2,5,7000000
3,3,4.8,17000000
3,3,4.8,6600000
0,0,4.9,9000000
2,2,4.2,7700000
0,0,2,25000
3,3,9.3,110000
0,0,6.2,85000
3,3,6,32000
3,3,7.1,32000
4,4,8.9,50000
0,0,9.6,28000
3,3,7.8,65000
4,4,4,120000
3,2,5,8000000
2,2,4,12500000
2,2,3.4,6400000
7,6,1,55000000
4,5,8,45000000
5,4,1,38000000
7,5,1,50000000
7,5,1,45000000
4,6,3,3500000
6,5,10,32500000
1,1,2.7,7320000
3,3,10,9000000
7,7,1.5,65000000
4,5,4.4,17000000
4,4,6,11500000
3,3,4,4500000
6,5,12,18000000
3,3,4.5,4500000
6,5,1.1,33000000
3,3,4.9,3700000
2,2,5,5500000
4,5,4,15000000
4,2,4,17500000
5,5,5.6,27000000
4,4,4.4,13200000
7,7,12.4,47000000
6,5,10,40000000
2,2,3.8,5999000
2,2,3.8,5999000
2,2,4.1,6440000
3,3,4.7,7336000
1,1,1.5,2595000
1,1,1.5,2595000
1,1,2.7,2850000
2,2,4.1,6475000
7,6,10.9,22500000
2,2,3.5,5565000
1,1,2.7,2250000
2,2,3.5,5495000
6,6,1,35000000
3,3,5.5,8652000
3,3,5.5,8652000
5,5,1,33000000
1,1,1.9,3165000
4,2,10,200000
8,7,2,180000
0,0,2.9,45000
0,0,6,80000
0,5,6,100000
4,4,10,35000
4,3,10,38000
0,0,7,32000
0,0,17.1,60000
0,0,6,35000
0,0,5.5,25000
0,0,5,16000
0,0,3,15000
0,0,4,20000
2,2,5,15500
0,0,10,50000
0,0,1,13000
0,3,7,32000
0,4,10,50000
0,0,7,50000
0,0,7,35000
3,3,1,55000
0,6,12.4,80000
3,3,1,57000
3,3,10,30000
3,3,10,35000
3,3,1,50000
0,0,7,35000
4,3,10,30000
2,2,6,14000
6,5,1,40000000
6,5,12,25500000
0,0,1,40000000
5,3,5,12500000
6,6,1,27500000
6,8,10,40000000
1,2,5,1750000
0,0,1,46500000
2,2,2,4200000
6,4,5,14500000
3,3,5,8500000
6,5,1,62500000
4,3,5,9800000
6,7,5,20000000
5,4,8,16800000
5,4,8,17400000
6,5,13,32000000
4,3,5,12000000
4,3,5,10300000
6,8,5,16500000
3,2,10,11200000
3,5,4,7000000
5,4,5,10200000
7,5,1,35000000
2,2,10,15000000
6,5,12,22500000
4,5,4,8000000
3,3,2,3800000
3,4,5,9000000
0,0,5,30000000
5,4,8,24000000
7,5,13.5,27000000
7,5,17,32500000
3,3,10,14500000
4,4,12,15500000
5,4,10,34000000
3,5,2,6000000
3,3,3.5,8200000
5,5,10,28000000
8,7,1,33000000
4,4,3,2800000
4,3,5,10700000
7,7,1.6,60000000
6,5,1,48500000
4,4,1,31600000
3,3,5,5800000
2,1,4,3600000
3,4,2.5,3950000
6,5,1,67500000
5,4,5.2,9200000
4,3,5,9000000
0,0,1,22500000
6,5,5,13500000
0,4,2.2,4200000
4,3,5,10200000
6,5,10,14000000
2,1,5,8500000
4,6,3,9500000
3,4,5,7800000
5,4,10,31000000
6,5,10,27000000
2,3,2,3800000
3,4,7,7500000
4,4,5,11000000
7,5,10,22000000
5,4,7,13800000
5,4,4,5000000
6,5,1,46000000
3,3,5,4500000
5,4,1.1,29000000
6,5,10,16500000
4,8,1,20000000
6,6,15,66500000
6,5,10,26000000
5,5,10,22500000
5,5,8,28500000
6,4,7,14000000
5,5,16,26500000
6,9,14,20000000
1,1,3,5500000
4,4,17.8,26000000
7,6,1,90000000
3,3,5.3,7800000
4,3,11.4,33000000
3,3,4.8,20000000
3,2,5,10000000
2,2,4.4,7000000
2,2,4.1,5500000
2,2,4.8,8000000
2,2,3.3,3600000
6,6,3.2,8500000
2,4,3.8,3900000
4,8,2,170000000
3,2,3.8,3450000
3,3,6,4900000
3,3,4.2,5500000
2,2,3.1,4500000
5,5,6.4,35000000
3,2,3.6,8500000
2,2,3.5,6300000
3,3,6,10500000
4,4,1.2,52000000
4,4,1.2,52000000
4,4,4.8,16000000
5,9,4.8,20000000
3,3,6.9,12500000
4,3,8,26500000
3,6,3.4,4500000
2,3,3.4,4300000
2,2,4.4,6500000
5,5,16,39800000
0,0,1.8,1250000
0,0,4.8,16000000
2,2,2.6,2300000
4,4,1.2,50000000
4,4,10.6,28500000
4,4,4.8,21500000
4,4,3.4,3600000
4,4,3.4,3600000
2,2,3.4,4500000
2,2,3.4,4500000
2,2,3.4,4500000
2,2,3.4,4500000
4,4,5.2,26000000
0,0,1.2,30000000
0,0,4,200000000
0,0,4,200000000
0,0,1.2,30000000
4,4,5.2,26000000
2,2,3.8,6500000
7,7,1.6,140000000
2,2,3.4,6500000
2,2,4,5000000
2,2,3.4,5200000
4,3,4.9,8500000
4,4,4.8,13000000
0,2,5.3,21000000
0,3,7.6,22000000
0,3,8,27500000
0,3,8.9,31000000
0,3,8.9,31000000
0,2,4.4,9600000
0,2,4.4,9000000
0,2,8,27000000
0,0,8.9,31200000
0,0,4.4,9400000
3,3,6,15200000
3,3,6.4,10000000
0,0,1.2,42500000
2,2,3.6,3500000
8,6,16,42500000
5,5,1,80000000
3,3,11.4,31000000
3,3,10,24000000
0,3,6.7,13500000
0,3,6.7,13500000
0,4,7.6,15500000
0,2,4.2,7000000
4,3,10.7,35000000
2,2,4.4,7000000
0,0,8,13000000
0,0,10.7,24000000
3,3,8,13000000
4,3,7.4,25300000
2,2,4.2,8000000
2,4,4,4600000
5,4,12,180000
3,3,10,45000
4,3,9.8,83000
4,4,12,170000
3,3,8.4,60000
4,3,9.8,85000
3,3,11.4,50000
3,3,11.4,50000
2,2,3.1,18000
1,1,5.3,135000
2,2,4,28000
2,2,4.4,55000
2,2,4,20000
2,2,5,30000
2,2,5,35000
6,6,1,100000
6,6,1,100000
6,5,1.6,298000
3,3,16,1500000
3,3,7.6,80000
4,4,7,55000
3,2,9,30000
6,5,1,100000
2,2,6,22000
6,6,1.2,250000
0,0,1.2,110000
0,3,1.2,92000
6,6,14.2,140000
0,3,14.2,65000
0,3,14.2,70000
0,3,14.2,60000
0,2,14.2,40000
0,5,12.4,120000
2,2,3.5,5530000
3,3,5.6,8764000
0,0,2.9,2800000
7,6,1,49000000
6,6,1,30000000
5,4,8,27500000
3,3,6.7,20000000
3,3,6.7,20000000
1,1,2.4,2750000
3,3,10.6,40000000
1,1,2.2,2500000
1,1,2.5,2850000
8,6,12.4,47500000
2,2,4.6,4500000
1,1,3.1,4100000
1,1,2.1,2400000
6,5,1,45000000
9,9,10,16000000
4,4,6,10500000
0,0,20,130000000
8,5,1,100000000
1,1,2.4,2750000
2,2,3.5,5530000
3,2,5,3400000
7,6,1,50000000
6,5,1,50000000
0,1,0.7,1200000
6,5,1,42000000
0,0,10,35000
3,3,3,20000
3,2,5,20000
4,3,12,32000
2,2,3.1,18000
2,2,3.6,20000
2,2,3.6,20000
2,2,3.1,18000
2,2,10,38000
0,2,5,16000
0,2,5,13000
3,2,16,38000
4,3,8,40000
2,2,4,15000
3,3,6,15000
2,2,8,35000
2,2,8,35000
0,0,8,60000
4,3,5,9900000
5,4,10,22000000
5,4,1,33500000
6,5,10,18000000
6,4,8,18000000
2,3,3.2,9000000
6,5,1,60500000
0,0,2,5700000
3,3,5,11500000
2,1,3,3400000
5,4,10,26000000
4,3,5,13500000
4,3,5,13500000
0,3,5,8500000
4,4,6,11500000
5,5,6,10000000
2,2,2,3500000
7,6,1,49000000
5,4,14,35000000
4,4,5,6000000
6,5,1,62500000
6,5,1,47000000
4,4,3,5500000
0,0,8,44000000
0,3,5,5800000
0,3,5,8000000
3,3,3,4200000
3,3,11.6,25000000
1,2,2,2500000
5,4,2,62500000
6,5,2,155000000
7,6,2,120000000
6,5,1,45000000
8,7,2,120000000
4,4,10,32000000
7,6,11,22500000
0,0,4,12000000
5,4,5,12100000
6,5,1,66500000
6,5,10,26000000
6,5,1,44000000
6,5,18,32500000
5,6,10,18900000
6,5,1,41500000
6,5,1,40500000
2,2,4,8000000
0,0,10,25000000
0,0,1,35000000
6,5,7,12000000
1,1,2.5,3800000
3,3,10,7000000
5,6,5.7,9500000
5,5,2.3,69000000
3,3,8,11800000
0,0,4,9500000
0,0,5,7500000
5,5,10,21000000
3,3,10,19000000
4,4,18,16000000
3,2,5,8500000
0,2,6,9500000
0,0,16,22500000
0,0,6,9300000
0,0,2.5,3300000
0,0,4,5000000
0,0,4,6500000
0,0,3.5,4200000
1,1,2.7,2800000
4,4,5,7500000
6,5,10,12500000
6,5,10,10500000
5,4,12,15000000
5,4,10,18000000
6,5,1.1,43000000
7,7,5,9000000
2,2,4.9,6000000
3,3,8,13000000
4,4,9.6,15500000
4,4,14,62500000
3,3,6.2,13500000
2,4,5.1,8500000
3,3,12,15000000
2,2,4.2,5500000
3,3,7,12500000
6,10,9.9,9000000
4,4,2.4,9500000
6,6,9.6,38000000
3,3,8,19500000
2,2,4.7,8000000
2,2,3.2,3500000
2,2,3.3,4000000
2,2,2.7,3150000
6,6,1.2,70000000
3,3,8,7500000
5,5,1,65000000
5,5,17.1,62500000
2,2,3.3,2800000
2,2,4.7,5300000
4,3,7.6,25000000
4,3,8.9,32500000
2,2,2.6,2950000
2,2,3.3,5000000
7,6,16,40000000
3,3,6.1,15000000
2,2,3.2,6000000
4,4,9.6,21000000
2,2,2.8,3200000
6,9,6.4,15000000
3,4,3.2,7200000
0,0,8,12800000
3,3,8,12800000
8,6,4.8,15500000
1,1,1.3,2500000
3,3,8,7200000
4,4,12,65000000
3,3,5,11500000
3,3,6,7800000
0,0,8,13500000
3,3,8,12600000
3,3,5,7700000
4,4,4.8,22000000
3,3,14,27500000
6,6,9.6,45000000
3,3,6,6500000
3,3,5,12500000
3,3,5,11500000
3,3,7.6,31000000
3,3,5,11000000
0,0,4.2,5500000
3,3,5,12000000
3,3,5,11600000
2,2,4.2,14500000
3,3,8,13000000
0,0,8,10000000
3,2,4.2,12000000
3,3,5.1,11500000
3,3,8,13400000
3,3,8,13500000
3,3,8,13600000
3,3,7.6,65000
5,5,1.2,325000
3,3,6.4,50000
3,3,5.8,70000
3,3,5,25000
3,3,6.2,70000
4,3,8,30000
0,0,14,70000
2,2,10,120000
3,3,7.6,70000
2,2,3.6,16000
0,7,1,200000
0,0,2,500000
0,0,2,700000
0,0,1.3,500000
0,0,2,750000
3,3,6.7,90000
0,0,1.8,600000
8,6,1,90000
3,3,1,85000
3,2,8,22000
8,7,1,390000
7,5,1,170000
4,4,2,480000
9,9,1,200000
7,6,1,260000
4,3,11,65000
4,5,7,75000
3,3,1.3,110000
2,3,7,36000
0,0,10,40000
3,3,14,50000
3,2,8,36000
1,3,5.6,9000000
6,5,10,40000000
3,3,7,10500000
7,6,1,48000000
6,5,10,22500000
4,3,11,20500000
8,7,1,55000000
7,6,1,47000000
5,5,5.6,12000000
5,5,10.1,15000000
5,5,7,15000000
2,2,2.1,2800000
1,1,3.8,20500000
0,7,1.1,120000000
0,4,1.2,100000000
0,6,1.3,112500000
0,4,1,110000000
7,6,10.1,38000000
7,6,1,40000000
5,4,10,29500000
3,3,11,19500000
7,7,12,47000000
6,5,1,44500000
3,2,4,5200000
0,0,5,35000
0,0,5,35000
0,0,5,35000
0,0,5,32000
0,0,10,60000
3,3,3,25000
3,4,1,40000
3,2,7,20000
1,1,2.1,12000
2,2,5,19000
0,1,2.8,35000
0,5,1,115000
4,4,1,45000
4,4,1,65000
0,0,4,15000
5,3,5,13000000
4,3,5,16000000
3,6,3,12000000
5,3,5,4700000
0,0,10,22500000
6,5,10,18500000
2,3,4,4500000
2,2,5,12000000
1,2,3.5,4000000
4,5,5,8500000
3,3,6,6500000
2,2,5,5500000
3,3,10,23500000
3,4,5,12000000
6,5,1.2,33000000
3,3,10,23000000
3,3,10,23500000
3,3,10,15000000
3,3,10,12500000
3,3,10,22000000
4,4,12,26000000
3,3,3,4490000
2,2,3,2290000
3,3,3,4490000
2,2,3,2290000
2,2,3,2490000
2,3,5,6500000
0,3,5,9800000
0,2,5,4000000
0,2,5,3500000
3,3,5,8500000
8,6,1,39000000
2,2,3,2290000
6,5,1,50000000
4,7,6,12500000
3,3,3,3600000
5,5,10,18500000
7,6,1,61500000
5,5,10,20000000
5,5,10,19000000
3,3,5,12500000
2,2,3.2,5500000
3,3,5,13000000
3,4,6,8500000
7,6,7,15000000
6,5,1,42800000
4,3,5,22500000
5,4,7,16000000
1,2,5,3850000
1,4,8,3500000
4,3,5,9200000
2,3,4,15000000
0,4,10,32000000
0,0,10,30000000
3,4,2.5,5500000
4,4,6,13500000
6,6,9,22500000
2,2,5,6000000
3,3,10,10000000
3,3,10,8000000
3,3,5,6300000
2,2,3,3900000
3,4,5.5,6800000
4,6,7,7500000
3,4,5,11000000
3,3,5,10000000
4,4,7,14500000
4,4,10,22500000
5,6,7,14500000
3,3,6,45000
6,8,14,250000
6,8,16,200000
6,8,16,160000
2,2,10.7,9000000
3,3,8,13700000
3,3,8,13800000
3,3,8,13800000
3,3,2.4,2000000
4,4,12,78000000
5,4,17.2,28000000
3,3,8,20500000
3,3,8,14500000
4,3,12,34000000
3,3,5.3,6500000
4,4,9.6,17500000
0,0,7.1,6500000
5,3,16,25500000
2,3,4.9,6500000
6,8,3.6,17500000
2,2,3.3,7200000
2,2,3.2,4000000
2,2,2.9,3500000
2,2,4.2,7800000
3,3,8,18000000
2,2,4.9,6500000
0,6,9.6,31000000
0,4,5.1,12500000
0,2,4.8,10000000
0,6,16,40000000
0,6,16,47500000
0,6,9.6,37500000
0,6,9.6,40000000
0,4,6.2,6800000
0,2,3.1,4200000
0,2,3.1,2600000
0,2,3.1,3000000
0,2,3.1,3200000
0,3,6,10500000
0,3,6,10200000
0,3,5.6,7500000
0,3,6.4,10000000
0,2,3.1,5000000
2,2,4.9,6500000
0,0,2.6,3600000
0,0,2.6,3600000
6,6,14,60000000
3,4,4.8,5200000
9,9,1,74000000
3,3,6,14500000
6,5,1.2,130000000
3,3,8,20000000
3,3,6.7,6500000
3,3,4.2,14500000
3,3,8,9500000
7,7,4.8,21000000
2,2,5.3,8000000
9,8,16,52500000
0,3,7.2,11000000
0,2,4.8,13000000
0,2,4.8,13500000
0,2,4.8,14500000
0,3,8,16000000
0,0,1.8,2100000
0,0,3.1,3500000
0,0,4.2,4800000
2,2,2.4,2850000
5,5,12,92500000
6,6,1,110000000
5,5,12,95000000
2,2,4,5500000
0,0,4.8,14000000
5,6,6.6,17000000
3,5,8,15000000
3,3,2.4,10000000
1,1,1.4,3200000
2,2,3.2,2500000
4,4,14,62500000
0,4,4.8,13500000
0,0,9.6,25000000
0,0,8,14000000
0,0,8,25000000
0,0,1.2,60000000
0,0,9.3,35000000
0,0,2,180000000
0,0,16,37500000
4,4,14,62500000
5,5,1,75000000
5,5,1,75000000
5,5,1,65000000
5,5,1,200000000
5,5,2,240000000
6,6,9.6,75000000
3,3,11.4,26500000
3,3,11.4,31500000
3,3,11.4,32000000
3,3,11.4,31000000
3,3,11.4,28000000
3,3,11.4,28500000
3,3,11.4,29500000
3,3,11.4,29000000
3,3,11.4,30000000
3,3,11.4,30000000
3,3,4.2,4600000
3,3,7.8,80000
3,3,9.8,150000
3,3,10,25000
3,4,8,26000
4,3,16,80000
6,5,10.2,140000
4,3,1,90000
0,0,12.4,24000
1,1,1,1000
6,5,14,160000
3,3,11.6,48000
7,6,1,105000
3,3,1,90000
3,3,14,55000
3,4,1,110000
1,1,0.5,20000
0,0,5,30000
3,3,1,85000
9,9,1,220000
3,3,1,90000
8,7,1.3,800000
3,4,1,110000
6,5,1,160000
9,9,1,250000
10,10,2,350000
10,11,2.4,600000
6,5,1,300000
2,1,3.6,50000
2,2,7.1,40000
2,2,3,18000
9,8,2.3,1300000
3,3,1,70000
6,5,1,135000
6,5,10,80000
3,3,4,28000
4,3,10,40000
3,2,8,36000
3,4,6,50000
0,0,5,16000
3,3,4.7,36000
4,0,4,18500000
8,9,16,85000000
1,1,2.4,4500000
2,3,10,4000000
5,5,1,45000000
6,4,5,9000000
1,1,2.5,3990000
0,0,4,450000000
1,1,2.8,4900000
10,10,1.2,150000000
10,10,1,90000000
0,0,14.2,60000000
6,4,5,11500000
2,2,4.8,7500000
2,2,12.2,18500000
5,5,1,75000000
6,6,1,70000000
6,5,1,41000000
6,6,4,16000000
5,5,1,41500000
3,2,4,5500000
4,6,5,26500000
3,3,8,5800000
2,3,4,10500000
0,0,5,35000
0,0,5,35000
0,0,5,35000
0,0,5,32000
0,0,5,22000
0,0,5,38000
0,0,5,35000
0,0,10,30000
0,0,5,40000
0,0,5,25000
0,0,5,30000
2,2,5,25000
2,2,3.6,18000
0,0,13,400000
4,4,1,42000
3,2,6,22000
3,3,6,50000
3,2,6,25000
3,3,7,25000
1,1,3,25000
2,3,5.5,30000
3,2,7.1,90000
4,4,1,60000000
0,4,6,14500000
0,3,5,10500000
6,6,1,40000000
6,5,1,75000000
6,5,1,72500000
6,5,1,61000000
5,7,10,22000000
0,0,1,39500000
1,1,1.8,2600000
3,4,3,5600000
5,5,10,21500000
3,3,11,17500000
6,4,9,15000000
2,2,3,2290000
6,5,10,36000000
3,3,2.5,8000000
6,5,1,73500000
5,5,1,40000000
6,5,1,36000000
0,0,2,6500000
0,0,4,11500000
3,3,3,4490000
6,5,1,35900000
4,3,4,7800000
6,5,1,45000000
7,5,1,55000000
3,3,5,15800000
6,6,1,27500000
0,2,2,3500000
0,4,2.5,4600000
0,4,5,7500000
0,2,2.5,3800000
0,4,5,9000000
0,3,3,5500000
0,3,3.5,4100000
0,2,2,3700000
0,4,2.5,4500000
0,4,5,9200000
4,3,3.5,7800000
0,0,5,11500000
0,4,4.5,8000000
0,0,7,20000000
3,4,5,12000000
0,0,1,27500000
0,0,7,20000000
0,0,3,3400000
3,3,12,32500000
0,3,3,6800000
0,4,7,13500000
6,5,1,53500000
4,4,5,12000000
4,4,10,19500000
6,5,10,23300000
6,5,10,22800000
2,3,4,9500000
3,4,10,16500000
6,5,1,31000000
7,6,1,33000000
6,5,1,38500000
7,6,10,20000000
0,0,1,36000000
7,6,1,38000000
3,3,5,9200000
6,5,10,19500000
6,5,1,41000000
6,5,1,47000000
3,0,3,6500000
4,4,10,17000000
5,5,10,22000000
4,5,5,9000000
0,0,10,20000000
9,9,1.1,41000000
5,5,12,26500000
6,4,6,10000000
5,5,7,15000000
2,2,6,6300000
5,5,7,14000000
3,2,5,4000000
7,5,7,14000000
3,2,4.8,26000
4,4,10.7,70000
4,3,8,45000
2,2,5.3,35000
2,2,3.2,18000
2,3,5.6,11500000
2,2,4.2,7000000
6,6,9.6,37000000
4,4,1.1,72500000
2,2,3.8,6500000
2,2,4.2,10000000
6,5,1,125000000
0,3,6.7,15000000
2,3,3.8,17000000
6,5,12,77500000
7,6,1,105000000
8,7,1.3,180000000
0,0,2.4,725000
3,3,5,12500000
3,3,7.1,11500000
2,2,3,5000000
5,5,12,45000000
3,3,4.8,3700000
5,5,4.8,15000000
7,6,1.3,150000000
2,2,2.2,7500000
3,3,10,13500000
2,2,4.2,6850000
0,5,1,85000000
3,3,6.2,14500000
2,2,4.2,14500000
3,3,8,30000000
3,3,8,13600000
3,3,8,13800000
3,3,11.6,12000000
3,5,2.8,3500000
3,3,8,19400000
0,0,4,38500000
4,3,7.6,22500000
6,6,2,200000000
0,0,4.4,6600000
3,3,6,7200000
3,3,8.9,22500000
4,3,16,25500000
2,2,4.8,5200000
2,3,5,5010000
0,0,4.8,15500000
0,0,4.8,16500000
0,0,4.8,18000000
0,0,4.8,17500000
0,0,4.8,18500000
0,0,4.8,19000000
0,3,7.1,18000000
3,3,5,12400000
3,3,8,20000000
3,3,8,21500000
0,2,3.3,2600000
0,3,5.6,4500000
0,2,3.3,2700000
3,3,5,13500000
0,0,4.5,15500000
0,0,6.7,9800000
8,8,6.1,1450000000
3,3,6,15000000
4,6,2,5500000
5,5,9.6,43000000
1,2,2.5,1600000
2,2,4.7,6550000
5,4,8,10000000
3,3,7.1,11500000
2,2,3.3,3000000
3,3,7.6,15500000
2,2,4.4,5000000
3,3,8,12400000
3,3,5,12800000
3,3,5,12600000
6,6,1,110000
2,2,6,28000
6,5,10,80000
1,2,10,40000
0,1,1.3,26000
2,3,0.5,11000
3,3,1,55000
3,2,5,17500
0,0,14.2,29000
4,3,1,120000
0,0,2.6,14000
0,1,1.2,10000
0,0,14.2,35000
0,0,14.2,35000
0,3,9.3,55000
4,3,10,37000
2,2,5.3,65000
6,5,1.9,450000
3,3,11.8,45000
3,3,11.8,40000
2,2,3.3,15000
0,0,12,60000
3,2,5,16000
3,3,8.2,75000
0,0,4,1680000
6,6,4,700000
6,7,4,700000
6,4,9.3,55000
10,10,3.6,690000
1,1,2.2,16000
0,0,10,32000
6,5,10,28500000
5,6,8,13500000
3,2,5,11000000
3,2,5,12000000
4,4,6,14500000
0,0,8,18500000
0,0,5,21000000
0,0,7,31500000
4,4,5,9300000
2,2,7.3,17000000
6,6,4,16000000
7,5,8,15000000
6,4,6.7,14000000
4,3,5,13500000
2,2,3,3300000
4,4,5,11500000
2,2,3.9,4000000
6,6,1,40000000
5,5,10,25000000
4,4,5,14000000
0,0,4.9,11500000
5,4,10,37500000
5,5,4,16500000
0,7,2,299500000
7,6,1,45000000
6,6,14.2,31500000
1,1,3.3,4950000
2,2,7.2,16600000
4,3,12,23000000
6,5,1,47500000
6,5,10,26000000
5,5,10,25000000
5,5,10,21000000
2,2,5.7,11000000
8,7,8,12000000
7,5,7,12500000
7,7,1,49000000
0,0,5,35000
2,2,2.7,20000
5,4,12,65000
4,3,10,60000
0,3,12.4,40000
0,3,12.4,45000
3,3,8,78000
3,3,15,35000
6,5,10,22900000
6,5,5,10200000
4,3,5,12500000
3,3,11.4,16500000
6,5,1,73500000
3,3,5,9600000
5,4,10,20500000
3,3,6,11200000
5,4,12,23500000
2,1,3.5,15000000
3,3,3,4490000
2,2,3,2490000
6,5,1,29500000
6,5,1,32000000
6,5,1,58500000
5,4,11,18000000
4,3,10,25000000
6,5,1,38000000
3,4,3,4000000
6,5,1,42500000
3,3,3,9000000
3,3,4,15000000
4,4,5,16000000
4,4,4,14000000
4,4,7,22000000
3,3,5,13000000
4,4,10,18000000
3,3,3,7500000
3,3,5,12500000
6,4,15,45000000
0,0,1,45000000
5,4,4,11000000
4,4,9,25000000
6,5,1,88000000
4,4,13.9,37000000
4,3,3,5000000
4,3,5,9700000
5,5,1.2,52500000
5,3,3,4800000
5,5,1,55000000
3,3,5,7800000
3,3,5,7500000
3,3,3,5000000
1,1,3,5500000
1,1,3,4000000
4,4,3,5000000
3,3,4,6200000
5,5,10,25000000
5,6,10,25000000
3,3,5,12500000
2,2,10,16500000
5,5,1,36500000
3,3,5,13500000
3,2,3,4000000
2,2,2.5,1300000
6,6,10,17000000
5,4,7.5,16000000
2,2,2.5,1200000
4,3,2.5,6000000
3,3,5,10500000
3,3,5,9000000
3,3,5,9000000
3,3,5,10500000
3,3,5,10500000
3,3,5,9000000
5,5,5,10500000
6,6,8,16500000
3,3,4,9000000
3,3,4,9000000
3,3,4,9500000
3,3,4,9500000
3,3,4,9000000
3,3,4,9000000
5,5,8,15000000
2,2,4.2,20000
0,2,3.3,25000
0,2,4.9,40000
0,3,8.9,50000
0,3,8,75000
6,6,1,260000
3,2,3.3,30000
3,3,10,46000
4,3,5.3,60000
3,3,1,130000
2,2,4.2,5200000
3,3,6,12500000
2,2,4.8,13000000
3,3,6,6500000
3,3,4,3700000
2,2,5.1,5500000
2,2,4.2,11000000
4,6,3.2,8700000
4,4,7.6,18000000
4,3,11.4,40000000
9,9,4.8,15000000
2,2,2.7,5600000
2,2,4,8500000
2,3,4.8,7000000
2,5,4.8,3000000
6,5,18,105000000
3,2,4.7,5500000
2,1,3.2,3300000
1,2,1.8,2200000
3,3,5.5,6500000
5,5,4.8,30000000
0,4,4.8,26000000
4,4,10,13000000
3,3,10.4,25000000
0,0,16,40000000
1,2,1.1,2500000
3,3,4.8,11500000
4,3,10.7,20500000
6,6,4.8,16000000
0,0,2.6,2700000
3,5,4.8,10000000
0,0,2.6,3250000
4,3,8,16000000
6,8,8,32500000
1,2,2,2500000
3,5,7.6,8000000
7,7,9.6,23000000
2,4,4.4,4200000
9,10,9.6,34000000
4,5,5.6,8600000
3,2,8,10200000
3,2,9.4,9000000
0,4,12,68000000
0,5,1,100000000
0,5,2,160000000
3,3,7.6,19000000
2,2,5,10500000
0,0,8.9,30000000
0,5,2,140000000
0,7,1.3,101500000
0,6,1.3,240000000
0,6,1.3,240000000
0,6,1.3,180000000
0,6,1.2,195000000
0,6,1.2,180000000
0,0,2,165000000
0,0,4,360000000
0,2,4.2,12800000
0,3,8,35000000
0,5,1,95000000
0,0,5.3,14000000
2,4,4.8,7000000
8,7,16,50000000
2,2,2.1,3100000
4,4,8,31500000
4,4,5.8,16500000
6,6,10.4,31500000
4,4,2.4,8500000
3,3,6.1,15000000
0,3,8.9,20000000
4,4,14.2,42500000
3,3,6.4,12500000
2,2,3.1,7500000
2,2,3.2,4000000
2,2,3.1,4500000
2,2,4.2,6200000
3,3,3.2,4500000
8,7,3.6,15000000
3,3,6.9,17000000
6,6,9.6,26000000
0,0,8.7,21800000
8,7,1,37500000
3,4,9.4,25500000
3,3,4,28000
3,3,5,20000
6,6,1.3,400000
6,6,1.3,400000
7,7,1.3,450000
4,4,5,40000
3,2,8,34000
2,2,10,48000
3,3,1.3,170000
6,6,1,200000
10,10,1.3,600000
4,5,13.3,125000
3,3,11.1,33000
0,0,5,90000
5,5,11.1,60000
0,8,2.4,1680000
8,6,1,110000
8,6,1,100000
1,1,2.2,10000
1,1,3.6,125000
4,3,12.9,13000000
7,6,1,42500000
6,5,1,48000000
0,0,4.4,16000000
6,6,1,29000000
6,6,9.3,45000000
2,2,2.5,4300000
2,2,3.9,4200000
5,5,1,48000000
8,7,1.2,160000000
5,5,14,32500000
0,0,6.7,7300000
9,10,10,15000000
6,6,14.2,45000000
0,4,14,37500000
3,3,8.4,18000000
6,6,3.1,90000000
0,8,1,28000000
8,7,1,36000000
0,0,1,62500000
0,6,14.2,55000000
0,9,12.4,58000000
0,6,14.2,50000000
0,6,12.4,45000000
0,6,14.2,55000000
0,6,14.2,68000000
5,4,8,15000000
5,4,14.2,13000000
2,2,5.7,7700000
2,2,6.4,8700000
9,10,7,26000000
0,6,14.2,48000000
3,5,2.5,6500000
3,4,3,3000000
2,4,2.5,3000000
2,4,6,9000000
4,4,5,6500000
0,0,13,17000000
6,5,1,41500000
2,1,3.6,7200000
0,0,10,18500000
4,5,1.9,65000000
2,4,3,10000000
6,6,7,9500000
0,0,1,75000000
0,0,10,37500000
0,0,10,37500000
0,2,4.2,5454000
6,6,15,22000000
0,0,10,23000000
6,6,10,45000000
0,0,10,24000000
5,5,12,11000000
4,3,11,20000000
7,6,1,41500000
6,6,1,37000000
5,4,4,40000
5,6,10,55000
0,0,5,35000
0,0,5,35000
0,0,5,22000
0,0,5.7,150000
0,0,5,40000
0,0,5,32000
0,0,5,25000
0,0,5,35000
0,0,5,35000
0,0,3,22000
0,0,5,33000
2,3,8,50000
2,3,5,35000
6,6,10,40000
6,6,10,40000
4,4,1,45000
2,2,2.5,1100000
0,0,10,22000000
5,5,10,26500000
0,0,10,24500000
7,7,1,58500000
4,0,10,23500000
5,5,10,24000000
4,4,3,5000000
10,8,1.5,210000000
0,3,2,5000000
0,3,2,4500000
0,5,7,17500000
0,6,7,17000000
0,2,2,5000000
0,4,7,15000000
1,2,4,6500000
4,4,5,9000000
3,3,4,6800000
4,3,5,14500000
4,4,5,15000000
0,5,8,26500000
2,2,3.5,6500000
0,0,1,50000000
5,4,5,8200000
5,4,5,9500000
0,6,1,28000000
0,0,2.9,180000000
4,4,10,41000000
4,3,3,4000000
1,1,2.2,4000000
7,6,1,45000000
3,3,5,13000000
4,3,10,25000000
4,3,10,19500000
6,5,1,34900000
0,2,2.5,7000000
0,3,2.8,8000000
0,0,11,32500000
6,5,1,36000000
6,5,10,23500000
6,6,11,19000000
3,3,8,16500000
7,6,2,82500000
5,5,3,3900000
4,3,12.5,18500000
4,3,7.3,14000000
4,4,10,35000000
5,6,5,8000000
6,5,1,37500000
6,5,10,15500000
5,4,10,20000000
4,8,8,100000
8,8,8,100000
3,3,1,140000
2,2,2,30000
6,5,1,250000
6,5,2,300000
0,0,4.8,25000
3,5,6.4,35000
4,4,1,300000
2,2,3.3,16000
4,4,4.8,20500000
3,3,5,12500000
3,3,8.8,28000000
3,3,5,11500000
2,2,5.6,12000000
4,3,8,17000000
6,6,8,20000000
2,2,4.2,8000000
2,2,4.7,10500000
3,3,5,11400000
6,5,1,127500000
5,5,9.6,29900000
0,0,1.7,6200000
0,0,8,10000000
3,2,5.1,8000000
4,4,7.3,17500000
3,3,7.3,11500000
2,2,4.9,6000000
3,2,2.2,8500000
0,0,1.3,5500000
2,2,4.8,26000000
7,6,1,150000000
3,2,4.7,6550000
3,3,5.6,8466000
7,6,2,240000000
2,2,4.2,2660000
3,3,10,9000000
3,3,8,5000000
2,2,5.6,11000000
0,3,6.4,13500000
2,2,5.3,5800000
2,2,4.2,9500000
3,4,1.6,100000000
3,3,5,7700000
3,3,8,12600000
2,3,2.4,5500000
3,3,8,13500000
3,8,3.2,6000000
3,3,5,11500000
2,2,3.8,12500000
3,3,6.2,13500000
3,3,8,11500000
3,3,11.6,11700000
3,3,8,12800000
3,3,4.8,5975000
5,4,14,18000000
2,2,4.2,5400000
3,3,7.6,19000000
3,2,4.2,5400000
2,3,5.1,6000000
4,4,4.8,13000000
0,0,8,14500000
2,2,4.5,9500000
3,3,4.8,7500000
3,3,6.1,10500000
5,5,14,160000000
5,5,15.6,82500000
2,2,3.3,2500000
3,3,6.1,15000000
3,2,4,5500000
3,3,5.8,13000000
3,4,4,4500000
3,3,6.7,9800000
2,2,4,7800000
2,2,4,7500000
2,3,4.2,4500000
7,6,4,600000000
3,3,6,15000000
5,4,4.8,19000000
3,2,4.2,6200000
2,2,3,2000000
3,5,7.6,5500000
1,1,2.4,4200000
4,4,8,17500000
2,2,4.4,7000000
6,6,2,160000000
2,0,2.5,2700000
4,4,10.7,21000000
4,3,8.9,32500000
1,2,4.8,9500000
1,1,2.4,2200000
3,3,1,40000
1,1,8,25000
6,5,10,60000
0,0,4.4,24000
0,0,8,39000
0,0,1,65000
2,1,4.4,50000
3,4,1,52000
2,2,9,44000
3,3,1,60000
1,2,1.3,25000
3,3,9.3,50000
3,2,2,140000
10,11,1.2,180000
3,3,1,33000
5,4,1,100000
5,4,1,100000
2,2,6,10000
2,2,2.8,18000
1,1,1.5,15000
2,2,2.2,15000
3,2,10,25000
0,0,2.4,32000
7,6,1,180000
2,2,6.2,60000
1,1,2,2660000
5,4,6,10000000
6,5,15.6,25000000
7,7,10,40000000
2,2,4,6500000
4,4,8,15000000
4,4,8,15000000
8,7,10,15500000
4,4,8,13500000
3,3,14,15500000
8,7,1,28500000
4,4,4,14500000
1,1,2.2,3700000
6,6,1,90000000
3,3,5,16000000
1,1,1.7,2800000
1,1,3,4100000
1,2,5.4,24000000
3,3,5,12000000
2,2,3.4,5950000
2,2,2.7,2500000
0,0,2.5,2600000
0,0,5.5,1600000
5,4,5,11500000
3,4,3,5000000
1,3,4.1,6000000
0,0,7,20000000
0,0,1.1,55000000
0,0,1.1,60000000
0,0,1,55000000
0,0,7,20000000
4,3,3,4550000
2,2,7,13000000
5,4,5,9500000
7,5,10,12000000
3,2,5,5100000
7,5,10,16500000
2,5,3,4300000
6,6,3.5,17500000
9,9,1,42500000
2,2,5,6000000
5,5,17,29000000
2,2,5,5800000
7,6,12,15000000
4,6,10,22000000
2,2,1.8,1500000
0,5,10,16000000
1,1,4,9000000
4,4,14.5,27500000
4,4,5,8000000
7,5,10,20500000
5,9,7,11000000
0,4,11,22500000
0,5,10,24000000
0,5,10,21500000
0,0,10,26000000
0,0,7,16000000
0,0,7,14500000
0,3,5,10500000
0,3,5,10500000
7,9,6.5,9000000
0,0,5,22000
0,0,7,30000
0,0,10,65000
0,0,5,36000
2,2,5.8,15000
5,4,10,55000
5,5,10,80000
6,5,10,60000
4,4,17.1,52000
3,2,7,33000
4,4,1,50000
2,2,4,15000
3,3,14,42000
2,2,10,38000
3,3,11,65000
4,4,12,65000
2,2,3.8,25000
3,3,11,60000
0,2,10,40000
5,4,10,57000
0,0,2,7500000
5,4,10,39500000
2,3,3,10000000
6,6,7.4,14500000
5,4,10,30000000
6,4,10,35000000
6,5,1,61000000
6,5,1,39500000
6,5,1,42500000
4,4,3,9500000
4,4,3,9500000
4,4,5,10500000
6,5,1,44500000
8,6,1.2,40000000
3,3,5,7800000
3,3,5,8000000
3,3,5,8000000
3,3,4,7000000
3,3,3,5500000
2,1,3,3600000
2,1,3,3500000
2,1,3,3500000
2,1,3,3600000
3,3,3,5500000
3,3,3,5500000
3,3,3,5400000
3,3,3,5600000
5,4,7,22500000
7,7,1,60000000
6,5,1,35000000
0,0,10,22500000
4,3,5,4500000
3,3,5,13500000
4,4,5,12000000
3,3,8,16500000
0,0,10,23000000
2,2,6,9000000
5,5,1,40000000
0,4,5.4,13000000
0,4,5.2,12500000
0,4,6,16000000
0,1,2,2500000
0,0,10,22000000
0,4,8,16500000
0,4,12,17000000
1,2,2,3000000
2,2,3,5500000
2,3,3,4000000
4,4,6,8000000
5,4,1,35000000
6,5,1,55000000
2,1,3,7000000
6,5,1,39500000
3,3,6.7,26000
8,7,1.2,540000
3,3,4,45000
2,2,1,130000
3,3,1,135000
3,3,14.2,115000
4,4,16.9,130000
2,2,4.2,20000
6,6,16,100000
4,4,14.2,100000
4,3,1,100000
3,2,4,40000
4,3,8,150000
3,3,5.8,9000000
2,2,3.6,3700000
3,3,9.6,30000000
2,3,4.9,5500000
2,2,3.3,3500000
2,2,3.3,3500000
2,2,3.3,3500000
2,2,3.3,3500000
2,2,3.3,3500000
2,2,4.9,5000000
3,3,4.9,5500000
3,3,4.9,5500000
3,3,4.9,5500000
3,3,4.9,5500000
3,3,9.6,32500000
2,2,2.9,2700000
2,2,2.9,2700000
0,0,1.3,150000000
3,3,8.9,30000000
1,2,1.8,2100000
2,3,2.8,4200000
3,3,9.6,34500000
0,0,16,47500000
6,6,4.8,14000000
2,2,4,6500000
2,2,4.5,7500000
2,2,4,6000000
2,2,4,3500000
2,2,2.2,2475000
5,8,16,60000000
6,6,9.6,32500000
2,2,7.1,22500000
3,3,9.6,27000000
2,2,5.1,6000000
6,9,5.7,12000000
10,11,9.6,35000000
2,3,4,4500000
2,2,3.3,8500000
2,2,3.3,4200000
3,3,6,12000000
2,2,4.2,5625000
3,3,9.6,18000000
2,2,3.6,5000000
3,3,8,12500000
6,6,12,60000000
3,3,5,10500000
6,6,15,72500000
3,3,4.2,8000000
4,4,9.6,24500000
9,9,12.4,60000000
2,2,3.2,6200000
7,7,3.2,500000000
4,4,17.6,45000000
3,3,9.8,52500000
3,3,6.2,15000000
2,2,4.2,6000000
2,2,4.2,6000000
3,3,8,40000000
6,5,14,135000000
6,6,9.6,25000000
2,2,4.2,14000000
2,2,3.2,3500000
4,3,12.4,51000000
2,2,2.8,4200000
3,3,5.6,7500000
2,2,4.2,3000000
2,2,2.4,1800000
2,2,2.4,2000000
2,2,2.4,2200000
2,2,2.4,2500000
2,3,4.8,25000000
2,2,4.9,18000000
3,3,9.3,17000000
4,3,8,11000000
2,2,3.6,6000000
2,3,8,35000000
3,3,6.2,10600000
3,3,6.2,10600000
0,0,2,123500000
2,2,5.6,9000000
3,2,4.4,12000000
2,2,5.4,8500000
2,2,4.2,8500000
5,4,1.1,63000000
4,3,8,22500000
3,3,7.6,32800000
3,2,4.9,6300000
7,6,1,165000000
3,3,5,9000000
0,0,11.6,30000000
0,0,4.8,11000000
3,2,11.3,17000000
2,2,5.7,7700000
0,2,3.1,3500000
4,4,5.6,8000000
2,2,6.2,60000
2,2,5,32000
6,5,10,60000
0,0,10,70000
3,3,11.8,46000
10,8,1,350000
4,3,1,110000
3,3,1,90000
1,1,6,16000
2,2,4,26000
6,6,14,80000
3,3,14,32000
2,2,8,38000
3,2,8,23000
0,0,1,60000
4,5,13.3,130000
3,3,10,45000
3,3,10,44000
1,1,1.8,1750000
3,3,3,6900000
6,4,6,12000000
3,3,7.1,14400000
4,4,8,17000000
4,4,5,16500000
3,3,8,11500000
5,4,5,9500000
6,5,1,42500000
2,3,5,6500000
7,6,1,60000000
8,0,5,18500000
0,0,5,10000000
0,0,5,9500000
0,0,5,10000000
0,0,5,10000000
0,0,5,10000000
0,0,5,10000000
0,0,5,10000000
0,0,5,9500000
0,0,5,10000000
0,0,7,18500000
5,4,5,11500000
6,5,5,8500000
6,5,1.1,43500000
6,5,10,25500000
6,5,10,20000000
4,3,5,10500000
5,5,10,25000000
8,10,18,60000000
5,5,1.1,50000000
5,5,1.1,45000000
6,5,7,15000000
5,5,7,15000000
6,6,8.5,16000000
6,4,11,14500000
2,2,2,3700000
2,3,3.2,2700000
2,6,3,9000000
4,4,4,33000
5,4,7,60000
2,3,4,18000
0,2,5,18000
2,2,4.5,18000
2,2,4.5,18000
0,0,12,55000
0,0,5,23000
0,0,5.5,45000
1,2,2,6000
5,4,10,25000
1,1,10,20000
5,3,12,115000
0,0,5,15000000
3,3,5,12000000
6,5,7.5,22500000
0,0,1,36000000
6,5,10,29000000
6,5,10,28000000
0,0,2.1,69500000
0,0,2.5,4500000
6,5,1,51500000
7,6,1,45000000
3,2,10,15000000
6,5,1,41500000
6,5,10,17000000
7,7,1.8,160000000
6,5,1,42800000
0,0,5,11500000
4,8,6,8000000
6,5,10,23500000
4,4,7.5,14500000
6,4,10,25000000
3,3,10,12000000
0,4,1,33500000
7,7,2,100000000
0,3,5,12800000
4,4,12,17500000
6,5,10,23800000
2,2,4,4000000
7,5,1,38000000
2,2,5,2500000
4,3,5,9600000
6,5,1,61000000
6,5,1,41500000
4,8,1.1,38500000
6,5,1,37500000
4,3,5,12800000
7,6,1,40000000
2,2,1.5,2800000
7,5,1,75000000
7,6,1,43000000
5,5,4,6500000
6,5,1,35000000
5,4,5,8000000
6,5,10,35000000
2,2,4.2,65000
5,4,11.1,130000
0,0,3.2,13500
4,4,1,135000
5,4,4,95000
3,3,11.4,55000
3,3,11.4,55000
3,3,11.4,55000
3,3,11.4,55000
3,3,11.4,55000
3,3,11.4,55000
3,3,11.4,60000
3,3,11.4,60000
3,3,11.4,60000
3,3,11.4,60000
6,4,1.9,60000
2,2,4.7,27000
2,2,5.3,20000
2,2,4.7,22000
5,5,1,115000
5,5,1,110000
5,5,1,120000
3,3,9.6,52000
3,3,9.6,52000
4,4,10,150000
3,3,6.1,40000
3,3,5,11600000
0,0,5.6,3700000
3,3,8.4,75000000
3,3,6.4,21000000
3,3,14,17000000
6,8,8,29000000
3,3,8,7300000
0,0,8,45000000
3,3,9.4,9500000
2,2,5,5000000
6,6,1,90000000
2,2,4,10000000
0,0,8,28000000
3,3,6.1,9000000
2,2,4,6050000
3,3,8,9500000
0,0,4.2,4500000
4,4,9.3,35000000
5,5,8,70000000
2,3,6.4,14000000
3,5,6.8,13500000
2,2,4,8500000
3,3,8,9400000
3,3,6.7,7500000
1,2,2.4,1800000
0,3,5.6,11000000
0,3,5.6,12000000
0,3,12,45000000
0,5,1,30000000
2,2,4.2,8000000
8,6,2,260000000
3,3,5.6,8466000
0,3,8.9,30000000
0,5,2,140000000
0,7,1.3,101500000
0,6,1.3,240000000
0,6,1.3,240000000
0,6,1.3,180000000
0,6,1.2,195000000
0,6,1.2,180000000
0,0,2,165000000
0,0,4,360000000
0,2,4.2,12800000
0,3,8,35000000
0,5,1,95000000
0,3,5.3,14000000
3,3,8,27500000
2,2,4.9,5800000
3,3,5,7700000
0,3,7.6,8200000
0,3,7.6,8500000
0,4,12,14500000
0,3,8.4,10000000
0,3,6.7,7500000
0,4,9.8,12500000
0,3,7.6,12500000
3,3,8,12600000
0,0,8,12500000
3,3,5,11200000
3,3,8,12800000
3,3,8,6800000
8,6,2,270000000
6,6,1,105000000
0,0,8,13700000
2,2,3.3,3050000
3,3,5.6,6000000
1,2,4.8,9500000
2,2,2.2,4000000
3,3,8,9500000
3,3,5,11400000
2,2,4.2,6200000
4,3,7.1,12000000
3,3,6.4,16000000
0,0,4.9,7200000
2,2,2.4,3200000
3,3,6,11000000
2,2,2.2,2200000
0,0,4.9,7200000
0,0,6.1,12000000
0,3,8,9800000
3,3,2.6,3200000
2,2,2.4,4000000
2,2,3.8,3200000
0,10,4.8,20000000
2,2,3.1,6500000
0,0,2,10000000
5,4,16,120000000
3,3,5.3,10000000
2,2,2.9,2700000
2,2,2.9,3000000
10,11,19.2,170000000
4,3,10.4,33000000
4,5,4.8,35000000
0,0,5.8,8200000
4,4,12.4,19500000
6,5,1,53500000
5,5,16,55000000
2,2,3.1,3600000
6,5,1,45000000
4,4,4,19000000
3,4,5,16800000
0,0,2.4,1600000
3,2,5,4500000
1,1,2.7,4792000
2,2,3.3,2800000
2,0,3,4500000
4,3,1,50000
3,3,1.5,120000
2,2,3,20000
6,6,1,170000
6,6,1,170000
6,6,1,170000
6,6,1,170000
3,2,8,28000
1,1,5,16500
4,4,1,150000
3,3,11.8,45000
4,4,1.1,350000
3,3,1,50000
4,4,1.3,275000
5,5,1.4,160000
6,6,1,170000
2,2,6,35000
5,5,10,120000
3,3,1,60000
2,2,3.1,17000
4,4,6.7,30000
0,5,10,55000
0,4,6,45000
0,2,10,35000
0,3,1,35000
2,2,3.6,16000
3,3,1,40000
3,3,1,55000
3,3,10.7,26000
3,2,8,36000
0,6,1.6,400000
3,3,4.9,22000
3,2,7.5,23000
6,5,19,53000000
9,10,10,35000000
2,4,2,3500000
3,3,3,4500000
4,4,5,7000000
2,3,2.5,4000000
3,3,10,6960000
6,5,10,21000000
5,5,10,18000000
4,4,6,8000000
6,5,10,22500000
4,5,11,16000000
2,2,1.8,1500000
4,4,5,6500000
9,7,1,32500000
5,5,10,17500000
3,3,6,7600000
6,6,10,14000000
8,8,6,10000000
4,4,5,8000000
4,4,5,6500000
4,4,5,6500000
7,6,14,35000000
1,2,5,4400000
2,2,3.1,3300000
5,5,10,20000000
0,2,3.1,4000000
1,2,3.5,4300000
4,3,5,7000000
2,2,7.6,13500000
6,5,1,200000
2,3,1,35000
4,4,7,50000
1,2,3,14000
1,3,5.3,15000
2,2,3,13000
4,3,5,9100000
6,6,1,45000000
2,2,2,3700000
4,3,5,15500000
5,5,8,17000000
6,5,10,24000000
6,5,1,42000000
3,2,3,5000000
6,5,1,82500000
6,5,1,55000000
9,7,1,47500000
2,3,5.7,8500000
5,4,7,8000000
6,4,10,22000000
5,4,11,19700000
3,2,5,9000000
6,6,5,12000000
7,6,10,22500000
0,0,2,72500000
4,3,4,7300000
2,1,3,3200000
2,2,3,4300000
6,5,1,42500000
4,6,8,15500000
5,4,10,17500000
4,8,6,22500000
4,3,5,8750000
5,5,5,8700000
4,3,10,16500000
0,0,5,1950000
4,4,5,7700000
4,4,4,7500000
4,4,4,8200000
3,3,1,25000000
5,4,5,7000000
4,4,5,8000000
7,6,2,70000000
4,3,2,110000000
6,5,2,125000000
6,5,2,70000000
5,5,5.5,16500000
6,5,2,60000000
6,5,2,65000000
6,5,2,130000000
6,5,2,160000000
6,5,2,80000000
6,5,2,120000000
6,5,1.5,190000000
6,5,2,190000000
6,5,1,42500000
5,5,10,23000000
6,5,1,32500000
6,5,1,33000000
7,6,2,85000000
6,6,4,260000000
7,6,4,220000000
7,6,4,260000000
6,6,1,40000000
3,3,10,14500000
3,3,7.1,38000
6,5,1,300000
2,2,5.3,48000
4,4,1.2,100000
4,4,16,115000
0,3,12,60000
0,3,5.8,40000
0,6,12,200000
4,3,8,85000
3,3,7.8,75000
0,4,1,225000
0,4,1,115000
0,3,1,100000
0,6,1,400000
0,2,8,100000
0,5,1,225000
0,0,1.2,65000
3,3,17.8,90000
6,6,2,640000
3,3,8,35000
3,3,9.8,62000
3,3,8,35000
3,3,6,40000
2,2,4.4,50000
3,3,8,90000
2,2,5.3,50000
4,3,8,75000
3,3,5.3,48000
2,2,4.8,16000000
2,2,3.2,4600000
2,2,5.3,14000000
8,8,16,65500000
9,8,12,31000000
6,5,2,150000000
0,0,9.6,40000000
0,0,4.8,16500000
4,4,4,36500000
3,3,4.9,7500000
2,2,3.8,5500000
8,7,9.6,32000000
4,4,16,34500000
2,0,2.4,3500000
2,2,2.4,2800000
2,2,2.4,3000000
4,4,8.8,8000000
3,3,6,15000000
3,3,10.3,38000000
2,2,2.4,4000000
2,2,2.2,3200000
6,5,1,115000000
2,2,4.7,4800000
3,2,4.2,7000000
2,2,4.2,3400000
8,4,8,22500000
3,2,4.9,7000000
3,3,6.9,6600000
2,2,3.2,5000000
3,7,6,16000000
3,3,8,19800000
4,4,6,14500000
10,10,16,38000000
3,5,16,28000000
7,7,1,100000000
2,2,5.1,7500000
3,3,10.8,20000000
1,2,3.3,3900000
1,1,2,2200000
10,11,9.7,80000000
6,5,1,73500000
2,2,4.2,6800000
3,3,5,12500000
4,4,9.8,42500000
2,2,3.1,4500000
4,6,6,4850000
2,2,4.2,6200000
0,2,4.7,6500000
0,2,4.7,5500000
0,2,4,7000000
0,0,4.8,17000000
2,3,6,8000000
2,2,2,5500000
2,2,4,3200000
1,2,2,1400000
1,2,2,1075000
1,2,2,1075000
2,2,4.4,7500000
3,3,7.6,25000000
5,5,12,95000000
6,6,1,110000000
5,5,12,92500000
1,2,2,2000000
2,3,3.4,2800000
2,3,4.8,7000000
4,4,4.8,18000000
2,2,4,9000000
3,3,7.1,11000000
3,3,6.1,14500000
2,2,5.1,6000000
3,3,8,19400000
3,3,8,14200000
3,3,6.1,14500000
3,3,8,20500000
3,3,8,14000000
2,2,5.1,6000000
2,2,5.6,9000000
5,4,5,9000000
6,5,8,37000000
5,4,5,9000000
7,6,10,16000000
5,5,1.3,27000000
2,2,5,5000000
4,4,6,17000000
5,4,6,17500000
4,3,14.3,13000000
3,0,8,5950000
3,3,7.6,14000000
6,5,19.8,18000000
6,4,7,28000000
3,3,7.6,14000000
0,0,19.8,18000000
4,3,5,14500000
5,4,7,11500000
6,6,6,15000000
4,4,5,8500000
3,3,8.5,13200000
3,3,11.8,45000
2,2,4,50000
3,3,8.5,50000
0,0,5.3,20000
5,4,1.3,120000
0,0,5,20000
3,3,1.3,130000
3,3,1,80000
3,3,1,70000
3,3,9.3,40000
3,5,1,80000
0,0,1.6,250000
0,0,1,200000
0,0,1,180000
0,0,1,298000
0,0,2,750000
0,0,1,200000
3,2,10,20000
3,2,10,25000
4,4,1,35000
1,1,1,18000
2,2,4.9,23000
3,3,1,60000
1,1,3.1,15000
3,2,5,20000
6,6,4,15600000
7,7,12.4,16000000
8,6,6.7,16000000
4,4,5.6,13000000
5,5,1,56500000
1,1,2.5,2200000
4,3,2.5,4700000
3,2,5,4250000
0,0,2,3500000
0,0,2,2500000
0,0,2,3000000
0,0,4,6500000
0,0,7,20000000
0,0,5,8500000
4,4,5,7000000
4,3,5,11800000
9,9,1,55000000
6,6,5,5000000
6,5,12,23500000
6,5,10,23500000
6,5,10,23500000
7,5,1,45000000
4,4,7,13500000
2,2,7.6,13500000
4,5,7,14900000
5,5,7,15000000
0,8,1.1,55000000
6,5,10,25000000
2,2,2.7,2500000
3,4,8,41000000
0,0,5.5,6600000
5,5,6,11000000
4,4,5,8500000
6,5,10,23500000
8,7,10,24000000
6,5,7,15000000
6,5,7,13500000
6,5,7,14000000
6,5,7,15500000
6,5,7,15000000
6,5,10,22000000
6,5,10,19000000
6,5,10,24500000
7,8,10,29500000
6,5,1,48000000
6,5,1,47000000
6,5,7,14500000
4,4,7,12000000
0,0,7,45000
0,0,5,25000
4,3,3,18000
0,0,19,250000
0,0,10,80000
0,0,1,100000
0,3,5,30000
0,0,5,35000
2,2,3.1,12000
5,4,1.5,140000
1,2,5,14000
3,3,1,60000
7,6,1,120000
4,4,7,50000
2,2,10,33000
3,3,6,11900000
5,6,6,11500000
6,5,1,44900000
6,5,1,42500000
3,3,5,14500000
5,4,1,38000000
5,4,1,38000000
4,4,10,17500000
0,4,15.4,27000000
7,5,10,21000000
6,5,1,42500000
3,5,7,15000000
0,0,8,44000000
6,5,1,47500000
0,0,10,21000000
4,5,3,9800000
6,5,1,74000000
5,4,10,27500000
5,5,1,35000000
6,5,1,45000000
0,0,5,10000000
6,5,1,42500000
4,5,1,29500000
6,5,15,32500000
0,0,3,17000000
0,5,10,23000000
0,3,5,11000000
0,3,5,10000000
0,3,5,11000000
0,0,5,12000000
2,3,4.2,4300000
4,4,10,35000000
4,4,10,35000000
4,3,6,11500000
0,0,1.8,9000000
5,4,10,20500000
4,3,5,22000000
3,2,10,17000000
5,5,1,38000000
5,4,10,17000000
5,4,10,14500000
3,3,4,8500000
3,3,6.1,14400000
3,3,8,19000000
3,3,8,14000000
3,3,8,13800000
2,2,5.1,5800000
2,2,4.2,6200000
4,3,14,110000
4,3,1,160000
3,3,12,100000
8,7,2,300000
3,3,1,115000
3,3,6.1,40000
3,3,8,60000
2,2,12,60000
3,2,4.9,45000
4,4,16,75000
4,3,1,165000
4,4,4,80000
2,2,4.9,32000
3,3,4.8,32000
3,3,5.6,7900000
3,3,9.4,10500000
2,2,3,4500000
2,0,4.8,6500000
0,0,2,130000000
0,4,8.9,16500000
0,6,1,135000000
0,4,1,90000000
0,0,8,9500000
5,5,1,120000000
0,2,2.9,3400000
3,2,5.3,13000000
3,3,8,23000000
0,2,2.4,6400000
0,0,4.8,14500000
0,0,5.8,19000000
3,3,4.4,5500000
0,2,3.2,3500000
0,2,2.4,3500000
0,2,3,3500000
2,2,2.4,3500000
3,3,4.8,5200000
0,3,5.1,6500000
0,2,2.2,2700000
0,2,2.4,10000000
0,3,3.6,3500000
4,3,7.6,17000000
3,8,3.2,8500000
2,2,4.2,5500000
3,3,4.9,12000000
3,3,5,5000000
3,4,5.5,9000000
3,3,8.9,43000000
0,3,5.3,12000000
0,2,4,9000000
0,3,6,14500000
3,3,6.2,3900000
4,5,8.9,15000000
3,3,8,22000000
7,6,2,270000000
2,2,2.4,2300000
4,3,8.9,35000000
3,2,3.3,6000000
0,3,9.1,14300000
0,3,9.1,14300000
0,3,9.1,14300000
0,2,7,11000000
0,2,7,11000000
0,2,7,11000000
0,2,7,11000000
0,2,6.6,10300000
0,2,6.6,10300000
0,2,6.6,10300000
0,2,6.6,10300000
0,2,6.4,10100000
0,2,6.4,10100000
0,2,6.4,10100000
0,2,6.4,10100000
2,2,4.9,7672000
2,2,4.9,7672000
2,2,4.9,7672000
2,2,4.9,7672000
2,2,4.7,7364000
2,2,4.7,7364000
2,2,4.7,7364000
2,2,4.7,7364000
3,3,11.6,12000000
4,4,10,57500000
2,2,4,7000000
2,2,4.2,13000000
3,3,7.3,16500000
2,2,4.2,6500000
0,0,4.2,9000000
3,3,8,22500000
2,2,4,5800000
0,0,8,15500000
5,4,4.8,40000000
2,3,6.4,8700000
2,2,2.7,3500000
3,5,3.2,6400000
6,5,1,100000000
3,3,5,15000000
5,5,4.4,16500000
3,3,6.4,14000000
0,0,5,8200000
5,5,4.4,17000000
4,3,10,21000000
0,4,7,13000000
0,2,7,8500000
6,5,12,35000000
3,3,9.1,8200000
0,0,2,69000000
6,6,10,20000000
6,6,9.3,13000000
3,3,7.8,7000000
2,2,6,5400000
6,6,1.2,68000000
2,2,5.1,4600000
1,1,4.2,3800000
5,6,7,12500000
4,3,1,40000
8,7,1,145000
8,7,1,145000
3,3,3,17000
0,0,1,200000
2,2,10,31000
0,0,1.3,500000
3,3,10,31000
0,0,1,150000
2,2,10,34000
4,3,1,45000
2,2,6.2,65000
4,3,1,43000
5,5,1,200000
2,2,3.6,26000
0,0,5,20000
10,11,1,160000
1,1,1.3,25000
2,2,10,38000
2,3,1.1,55000
0,0,7,24000
0,0,7,24000
0,3,10,28000
0,0,3.3,14000
3,3,1,65000
0,0,1,40000
4,3,11,60000
3,3,2.4,252000
2,2,6.7,45000
2,2,3.6,45000
5,5,8,62000
3,3,1,80000
7,6,1,115000
0,0,5,20000
3,3,1,48000
0,0,1,67500000
0,0,13,26000000
0,0,10,21500000
0,0,1,55000000
0,0,1,35000000
0,0,1,160000000
0,0,3,15000000
0,0,10,21000000
0,6,2.2,80000000
0,5,12.5,10800000
0,5,1,40000000
0,5,10,21000000
3,3,3.5,5780000
5,5,1,45000000
2,2,4.2,7080000
6,5,1,39000000
6,6,1.3,67500000
3,7,6,22000000
1,1,3.6,6500000
3,3,12.4,13000000
2,2,5,4800000
5,4,10,23000000
2,2,1.8,1500000
4,5,10,25000000
0,6,12.4,26000000
5,5,7,15500000
5,5,7,14000000
9,6,12,15000000
0,0,10,24000000
0,0,6,8500000
0,11,1,40000000
6,5,10,23000000
4,4,5,6500000
6,5,10,20500000
7,7,8,12800000
0,0,10,25000
0,0,5,16500
0,0,5,13000
0,0,5,18000
0,0,10,35000
0,0,6,16500
0,0,5,35000
0,0,8.5,25000
0,0,7.5,30000
0,0,7,10000
0,0,2,25000
0,0,1.1,14000
0,0,7.5,16000
0,0,4.5,15000
0,0,7.5,16000
0,0,12,25000
0,0,10,25000
0,0,7,24000
1,2,4,16000
3,3,1,75000
0,0,3,15000
0,0,3,16000
0,0,3,17000
0,0,3,18000
0,0,3,20000
0,6,12.4,80000
2,2,4,30000
2,2,8,25000
2,3,3,4000000
4,3,4,4800000
3,4,1,90000000
3,3,3,6500000
4,6,4,8500000
3,3,5,11000000
4,3,2.5,4800000
4,3,3,9200000
4,3,4,11000000
6,5,1,53500000
2,3,3,7600000
7,5,8,14600000
0,0,5,6600000
4,5,10,25000000
4,3,5,9500000
4,3,2.5,6500000
3,3,2,120000000
7,6,1,30000000
6,4,8,15800000
5,4,10,18000000
5,3,5,11500000
6,5,10,14000000
4,4,10,29000000
6,5,2,69500000
6,5,2,73000000
6,5,1,35000000
6,5,1,42500000
6,5,10,21400000
6,5,1,48500000
6,5,10,24000000
6,5,1,32500000
6,5,10,25000000
4,3,5,9600000
6,5,10,25000000
0,0,15,18000000
4,5,4.5,6500000
6,5,10,18500000
6,5,10,20000000
4,3,4,8600000
5,4,10,20200000
6,5,10,23500000
5,4,10,25000000
5,5,1,42500000
5,4,5,16000000
6,5,10,18500000
6,5,10,25000000
0,0,16,45000000
5,5,12,15700000
5,4,10,23500000
7,6,11,17000000
10,8,1,30000000
4,3,4,7800000
6,5,5,10000000
0,0,2,150000000
4,3,5,9600000
0,0,1.1,80000000
0,0,5,9500000
6,5,10,19000000
6,5,10,18000000
5,6,7,12000000
5,4,10,19500000
4,3,10,18000000
10,10,2.2,119900000
6,5,1,40000000
4,3,10,12500000
4,3,10,13500000
9,4,5,14000000
6,5,2,97500000
1,1,2,3650000
6,5,1,34000000
6,5,2,75000000
3,3,4.9,45000
3,2,4.8,30000
3,3,4,45000
3,3,12,85000
4,4,14.2,110000
5,5,2,375000
5,5,1,400000
6,6,1.3,450000
4,10,14,390000
3,3,1,125000
4,4,10,145000
3,3,11.1,110000
0,0,3.6,15000
2,2,4,34000
2,2,4.4,55000
3,3,6.2,42000
0,0,10,62000
4,3,10,62000
3,2,6,33000
3,2,6,33000
4,3,2,75000
4,3,1,180000
6,6,12,150000
1,5,4.8,25000
1,1,4.8,14000
3,3,7.6,90000
3,3,12,90000
3,3,4.9,55000
0,0,2.4,1500000
2,2,4.4,45000
3,4,9.6,37000
3,3,6.4,38000
2,2,2.6,15500
3,3,9.6,30000000
1,1,2.4,1450000
6,6,3,7500000
3,3,9.6,20000000
4,3,0.4,2500000
8,6,19.2,65000000
0,0,16,56000000
3,3,15,29000000
3,3,7.1,9000000
3,3,6.4,15000000
5,4,5.6,16000000
1,1,2.6,3700000
9,9,7,14000000
10,10,3.1,80000000
7,5,8,29500000
0,0,2,130000000
3,3,8,11500000
2,2,3,3200000
3,2,5,5000000
6,6,2,42500000
8,6,10,16000000
0,0,10,8000000
7,7,10,13000000
2,2,3.1,6500000
6,4,1.2,17500000
2,2,4,9000000
2,2,4,6500000
5,5,10.1,43000000
1,1,0.7,30000
0,0,2.7,30000
3,3,1,100000
4,3,10,48000
5,5,16,135000
4,3,1,50000
2,2,6,33000
2,2,6,20000
3,2,10,26000
6,6,1,160000
4,4,1,85000
3,3,14.2,130000
3,3,1,70000
5,4,1,120000
4,3,1,110000
5,5,12,130000
3,2,8,35000
1,2,6.7,37000
3,3,19,55000
2,3,4.9,45000
5,3,11,65000
4,3,12,65000
9,9,1,300000
5,3,12,110000
5,5,1,25000000
4,3,7,7500000
1,1,3,2200000
3,3,10,40000000
0,0,10,16500000
0,0,10,16500000
4,4,5,9500000
2,2,3,4500000
7,6,1,45000000
2,2,4,3800000
5,5,10,20000000
2,2,5.9,7080000
4,4,5,10500000
2,2,4.2,7080000
7,8,1,32500000
0,0,5,15000000
6,5,7,15500000
6,4,6,9000000
6,5,12,25500000
6,5,10,23500000
3,4,4,12500000
5,9,5.4,18500000
3,4,4,6500000
3,3,5,10500000
0,0,2,225000
0,0,1,200000
0,0,10,50000
0,0,1,13000
0,0,7,32000
0,0,10,50000
0,0,7,50000
0,0,7,35000
1,2,2,15000
1,1,10,7000
2,2,3,17000
3,3,6,20000
4,3,10,18500000
6,5,2,150000000
2,2,2,2000000
2,3,3,5500000
2,3,3,5200000
4,3,10,14500000
5,4,5,13800000
5,4,10,30500000
6,5,2,182500000
7,6,2,125000000
5,6,5,11000000
5,4,7,23500000
1,1,2,2395000
3,3,3,6750000
6,5,2,165000000
5,4,5,15000000
0,0,4.5,7000000
4,5,4,7000000
4,3,5,14000000
8,6,1,34000000
4,4,10,24000000
3,3,10,22000000
2,2,4,40000000
3,3,10,16000000
6,5,1,46000000
3,3,5,15000000
5,5,16,42500000
3,3,14,52500000
6,5,5,15000000
0,0,2.7,12500000
2,2,3,3750000
0,0,3,4500000
5,5,10,13900000
6,5,10,23000000
3,3,8,8000000
4,3,7,11500000
4,7,7,10000000
3,2,3,3900000
5,4,5,11800000
4,3,5,13000000
7,5,12,20000000
2,2,3.9,4200000
7,6,2,89900000
3,3,5,8500000
2,3,2.5,4800000
5,4,10,19000000
2,2,5.2,7500000
2,4,3.8,3900000
2,2,3.3,4000000
8,8,2,135000000
4,3,12.2,36500000
4,6,3.2,6700000
2,2,2.4,2200000
2,2,2.9,2600000
2,2,4,10000000
3,2,4.3,14000000
4,4,4.8,45000000
2,2,3.3,3500000
8,7,8,32500000
5,6,4.8,20000000
4,4,8,6500000
2,2,3.8,8000000
2,2,2.4,4200000
4,3,12,35600000
5,5,1,80000000
3,3,9.8,13500000
4,3,12,54000000
3,3,5.3,19200000
4,3,12,33500000
3,3,10.7,50000000
4,4,9.8,35000000
4,4,4.8,21500000
1,2,1.7,1750000
0,3,7.3,12500000
0,3,6.9,22500000
0,4,8,16500000
0,3,7.3,15500000
0,3,6.4,16500000
0,3,6.9,13500000
5,4,4.8,12500000
0,0,8,25000000
3,3,8,6800000
3,3,8.2,18500000
3,3,9.6,16000000
3,3,8,24000000
3,3,9.6,11500000
2,2,4,6500000
2,2,4.5,3200000
2,2,4.7,5000000
4,4,4.8,19000000
3,3,7.8,22000000
3,3,10.7,45000
3,3,6.4,38000
4,3,10.1,60000
3,3,7.8,80000
2,2,4.8,18000
2,3,4,30000
2,2,2.4,30000
5,4,9.8,100000
6,6,1.3,385000
3,3,1,140000
2,2,4.4,50000
3,3,12,90000
3,3,1,100000
2,2,3.3,18000
2,2,4.8,20000
3,3,14,110000
5,5,17.1,105000
5,5,17.1,115000
5,5,17.1,110000
5,5,17.1,120000
2,2,4.4,20000
8,8,18,300000
3,3,6.2,65000
6,6,14,225000
8,8,18,300000
0,5,1,300000
4,4,11.6,160000
0,0,10.7,90000
4,5,2,150000
3,3,6.7,50000
3,3,8.9,50000
2,2,4.4,50000
3,3,16,70000
4,3,10.2,55000
0,0,16,55000
4,4,7.8,60000
3,3,1.2,70000
3,3,16,55000
2,2,2.7,4400000
2,2,4.4,5500000
3,3,6.2,7500000
3,3,8.9,20500000
0,0,3.8,6000000
3,3,8,13800000
2,2,3.3,4000000
4,6,3.2,9800000
2,2,3.6,3900000
7,7,7.1,15500000
6,6,9.6,26000000
2,2,4.2,9500000
3,5,6.4,13500000
7,7,9.6,26000000
0,0,6,3500000
2,2,4.4,10000000
2,2,4.2,13500000
3,4,12,25000000
0,0,3.3,3600000
5,5,14,100000000
3,3,6.2,16000000
6,5,15.6,100000000
3,3,6.7,16500000
0,0,8,7100000
6,4,9.2,52500000
3,3,7.1,15500000
3,4,9.4,13000000
2,2,4.8,16200000
3,3,4.8,19500000
0,3,5,6500000
3,5,7.3,9500000
4,5,6,13500000
5,5,13.3,24000000
4,4,12,50000000
4,4,12,65000000
4,4,12,53500000
4,4,12,65000000
4,3,10,46500000
1,1,2.4,4200000
4,4,12,54000000
4,4,12,65000000
4,4,11.2,47500000
4,4,12,61500000
4,4,12,56500000
4,4,12,65000000
4,4,12,50000000
5,5,12,53000000
4,4,12,62000000
4,4,12,63000000
4,10,4.8,13000000
4,4,12,57500000
4,4,12,57500000
4,4,10,49000000
3,3,8,7700000
7,7,8,24500000
3,3,1.2,66000000
3,3,1.2,66000000
10,7,16,95000000
5,4,6,9800000
6,5,8,30000000
2,4,10,20000000
4,10,5,12200000
6,5,10,23000000
2,3,6,19800000
3,2,6.7,55000000
6,6,1,39500000
3,3,3.9,5500000
2,2,4.1,7100000
2,2,3,2700000
0,0,6,10500000
9,9,1,350000
0,0,12,35000
0,0,10,26000
0,3,1,35000
2,2,5,22000
2,2,5,14000
5,4,14,56000
1,1,1,45000
3,3,7,28000
2,2,15,25000
4,4,5,40000
1,1,5,23000
3,3,1,95000
7,6,1,100000
3,3,1,50000
7,6,10,70000
9,8,10,82000
2,2,4,27000
2,2,2.5,3000000
0,0,2.2,4500000
0,0,5,11000000
0,0,15,37500000
0,0,5,10000000
0,0,3,5500000
4,4,7.5,16500000
1,3,3,3300000
5,4,1.4,40000000
1,5,4,4500000
4,3,5,7500000
4,4,7.3,27000000
4,3,5,10000000
4,3,5,10800000
5,4,8.6,10000000
4,3,5,9800000
7,7,1,22000000
7,9,10.9,28000000
6,5,1.8,45000000
10,11,1.2,55000000
2,2,2.4,2400000
2,2,2.7,3800000
6,5,1,48000000
0,2,4,3500000
0,0,5,35000
5,5,10,75000
3,3,5,35000
2,2,5,23000
2,2,5,20000
4,4,7,55000
0,1,1,5000
2,5,4,15000
0,0,5,22000
5,4,15,100000
2,2,5,20000
3,2,10,25000
3,2,11,45000
3,3,5,40000
5,5,11,72000
5,4,12,19000000
6,5,10,25000000
6,5,1,42500000
4,4,10,18500000
6,5,6,14500000
1,2,5,4000000
6,6,15,36000000
0,0,5,12000000
2,3,5,6500000
6,5,1,42500000
2,3,3,5000000
5,5,5,11000000
0,0,5,12500000
4,5,5,19900000
5,4,8,17500000
2,2,2,4500000
7,6,8,13500000
3,3,8,8000000
3,4,5,8000000
3,3,3,6500000
6,5,17,27500000
3,3,3,5100000
4,4,12,23000000
4,4,10,22000000
0,0,2,3000000
3,2,10,14000000
1,2,7,11000000
8,7,5,11000000
2,3,6,12500000
8,6,10,16500000
6,5,1,29000000
2,2,2,3000000
5,4,11,17500000
1,1,1.9,3200000
4,3,5,7200000
5,4,10,20000000
2,2,3,3000000
1,2,1,1800000
4,4,1,36500000
3,3,10,13000000
3,3,10,19500000
2,3,3,3500000
3,2,5,8200000
4,4,12,18500000
3,3,10,14000000
4,4,4,12000000
3,2,5,8200000
4,3,5,9000000
4,3,10,20000000
3,5,5.4,12000000
4,4,10,18500000
4,4,10,47500000
4,4,8,46000000
4,4,10,50000000
5,5,12,50000000
4,4,10,46000000
4,4,10,52500000
4,4,10,50000000
4,4,16,72500000
0,0,12,60000000
4,4,12,57500000
4,4,12,61500000
4,4,12,60000000
4,4,12,52500000
4,4,10,46500000
4,4,12,65000000
4,4,8.8,52500000
6,6,16,70000000
5,5,1,75000000
3,3,1,75000000
6,6,1,72500000
5,5,1,80000000
5,5,1,75000000
5,5,1,71000000
5,5,1,75000000
3,3,1,63500000
6,6,1,80000000
2,3,4.4,7600000
2,2,4.4,4800000
3,3,1,65000000
3,3,1,81000000
5,5,17.2,76500000
5,5,1,65000000
5,5,1,75000000
5,5,1,75000000
5,5,1,83500000
4,4,1.2,65000000
2,2,4,4600000
0,3,6,10500000
0,2,3.3,2600000
0,3,5.6,4500000
0,2,3.3,2700000
2,2,4,4600000
0,3,6.4,8200000
0,3,6,8500000
0,2,4.7,9200000
0,4,6.4,8500000
0,3,6.3,7400000
0,4,12,14500000
3,3,5,7500000
3,2,5,11000000
4,3,4.8,5000000
5,5,4.8,22500000
2,2,1.6,6500000
6,6,16.8,75000000
0,0,15,6000000
2,2,4.2,10000000
9,11,5.7,20000000
0,0,5.6,35000
4,4,1,280000
3,3,16,45000
4,4,9.6,75000
5,5,1,180000
0,2,3.3,12000
0,2,4.7,16000
6,5,16,150000
2,2,4.4,30000
3,3,6.2,60000
2,2,4.9,30000
3,3,8,125000
7,6,1.2,250000
0,0,11.2,55000
5,5,1,350000
5,5,2,300000
2,2,12,75000
5,4,12.4,85000
10,11,6,1200000
3,3,7.8,110000
3,3,5,25000
3,3,8,37000
4,4,1.3,100000
0,0,8,35000
2,2,4.8,25000
3,3,8,50000
1,2,3.2,14500
0,0,1,145000
2,2,6,25000
3,3,16,58000
3,3,6.2,30000
3,3,10.4,50000
2,2,5,55000
2,3,4.8,21000
2,2,4.8,15000
2,2,3.3,15000
0,4,10,55000
2,2,3.8,22000
2,2,4.8,21000
2,2,4.8,22000
2,2,4.8,30000
1,2,2,10000
5,4,6.4,55000
2,2,3.6,20000
3,2,4.9,25000
4,2,3.2,25000
2,2,4.2,43000
3,3,5.8,34000
6,4,9.2,250000
3,3,2.6,13000
5,6,9.6,22500000
4,3,9.6,18000000
3,2,4.8,9400000
3,2,4.8,8800000
5,4,10,65000000
5,4,4.8,12500000
3,2,4.8,9500000
5,4,4.8,14000000
5,4,4.8,13000000
5,4,4.8,13000000
5,4,4.8,13000000
2,2,4.2,9000000
3,3,16,36000000
3,3,4.8,8000000
6,8,3.2,8000000
2,2,3.8,5500000
4,4,4.4,12500000
4,4,11.6,37500000
3,3,4,7000000
4,3,15.6,50000000
4,3,8.4,45000000
0,0,8,20000000
3,2,2.4,4500000
4,4,10,50000000
3,2,4.4,8300000
3,3,3.8,6000000
3,3,5,12500000
3,3,4.8,15000000
3,3,4.8,7200000
5,5,8,18000000
8,6,10,37500000
3,3,9.8,18000000
2,2,5.3,5600000
3,3,5.8,8500000
0,0,4.8,22500000
0,2,5.3,21000000
0,3,7.6,22000000
0,3,8,27500000
0,3,8.9,31000000
0,3,8.9,31000000
0,2,4.4,9600000
0,2,4.4,9000000
0,2,8,27000000
0,0,8.9,31200000
0,0,4.4,9400000
0,0,2.2,6400000
2,2,2.7,3600000
3,3,4.8,15000000
3,3,7.1,15000000
2,2,4.8,9000000
5,4,6,65000000
3,3,6.4,9000000
2,2,4.7,7364000
3,3,6.4,12000000
0,0,11.7,19500000
2,2,4,8000000
3,3,18.6,47000000
3,3,4,5000000
1,1,2.2,7500000
10,7,1,35000000
0,0,14.2,23000000
10,9,1.2,97500000
4,2,4,5400000
6,6,7,36000000
6,5,7,15800000
6,4,6,24000000
7,7,14.2,38000000
1,1,2,3800000
6,6,1,77500000
3,4,4,5100000
1,1,4.5,6000000
4,4,5,10500000
0,6,17.8,71500000
0,6,1.1,82500000
1,1,2.4,4800000
5,4,5,13500000
6,5,1,55000000
0,6,12.4,55000000
5,5,1.1,60000000
5,5,10.7,37000000
3,3,8,7350000
2,2,5,4000000
2,2,5,3550000
2,2,5,2850000
3,3,8,5900000
2,2,8,5800000
2,2,8,6000000
7,7,12,18000000
2,2,4,10500000
0,0,1,110000000
1,1,2.7,4750000
7,5,10,28500000
3,3,11.8,18500000
3,2,4,3200000
2,2,10,28000
2,3,8,42000
1,1,1,20000
4,4,10,60000
2,2,1,35000
4,4,1,50000
1,1,5,23000
3,3,10,60000
1,1,0.6,20000
4,4,1,70000
3,3,4.4,25000
3,3,7,20000
4,3,1,35000
6,5,10,65000
3,2,10,30000
4,3,1,35000
5,5,1,120000
3,3,10,40000
3,3,1,60000
3,3,1,45000
3,3,12,38000
2,2,1.3,70000
8,6,1,85000
3,2,5,17000
5,4,1,25000000
3,9,5,8000000
4,5,5,9000000
3,3,3,6000000
4,3,12,25000000
6,5,8,16000000
2,2,5,6500000
3,3,6,4500000
0,10,4.4,90000000
4,3,5,10000000
8,7,2,75000000
4,4,9,11500000
6,5,8,16000000
3,5,5,12000000
7,6,1,38000000
1,2,5,4000000
2,3,5,5000000
6,5,10,18500000
6,5,10,25000000
7,5,5,35000
5,4,5,30000
7,7,2,200000
1,1,0.8,5000
3,3,5,30000
0,0,7,30000
0,0,5,35000
0,0,5,25000
0,0,5,30000
0,0,5,32000
4,4,7,45000
6,5,10,60000
6,5,10,50000
3,2,5,18000
3,2,10,25000
0,0,7,17000000
4,3,5,11500000
0,0,2,90000000
7,6,10,18000000
3,5,5,13000000
5,4,10,18500000
3,3,3,3600000
5,5,1,49500000
0,5,1,39000000
0,5,1,40000000
2,2,3,2800000
3,3,3,5700000
5,5,1,68500000
5,5,1,49900000
6,5,10,14800000
6,3,6.8,11000000
3,3,11,13000000
3,3,10,15500000
4,5,10,18500000
4,4,5,12000000
3,3,10,25000000
5,5,1,45000000
3,3,10,20000000
7,6,1,37500000
4,3,5,12500000
0,3,5,8500000
3,2,10,14000000
0,3,5,14000000
4,4,10,20500000
3,3,5,8500000
4,4,5,15000000
6,5,10,16500000
4,3,5,11500000
3,1,4,5500000
2,3,2.5,5500000
0,3,5,11000000
0,3,5,10500000
0,3,5,10500000
0,4,10,21500000
4,3,10,17500000
5,4,5,14000000
5,4,8,119000000
5,4,10,18500000
6,5,1,63500000
6,5,1,56500000
5,4,10,35000000
2,2,3,2500000
6,5,18,40500000
3,3,1,31000000
6,5,1,49000000
4,4,5,12500000
0,3,5,11500000
0,0,1,14000000
0,0,1,45000000
7,6,2,85000000
2,2,2.9,3000000
2,4,19.6,45000000
2,2,2.4,3100000
9,8,2,132500000
2,4,2,5000000
5,4,4,13500000
3,3,6,5000000
2,4,4.2,7500000
3,5,3.2,9800000
2,2,3.3,4650000
2,2,3.6,7000000
3,3,4.2,8500000
2,2,4.9,6500000
3,3,5,9000000
2,2,5,8500000
2,2,3.8,5800000
3,3,3.8,5500000
2,2,3,3000000
8,10,18.8,130000000
7,4,5.1,15000000
2,2,4.7,16500000
4,3,10.2,25000000
10,10,1.2,76000000
2,2,4.4,6500000
4,6,3.2,8700000
2,2,4,4500000
2,2,3.8,5200000
2,2,3.4,6500000
8,7,1.1,102500000
2,2,2,1500000
2,2,2,1500000
4,3,8.9,40000000
2,3,2.9,2400000
3,3,8,42500000
6,5,1.2,125000000
4,4,4.8,17500000
4,4,4.8,14000000
4,4,4.8,16000000
4,4,4.8,13800000
4,4,4.8,19000000
4,4,4.8,19000000
4,4,4.8,14500000
2,2,4.8,12500000
3,3,4.9,7200000
5,5,1,82000000
3,3,8,22000000
2,2,4.8,8200000
5,6,4.8,47000000
6,6,1.4,50000000
7,6,1,150000000
2,3,3.2,4300000
4,3,8,14500000
3,3,7.1,65000
3,3,7.4,55000
2,2,4.8,24000
3,3,8.9,125000
4,4,10,150000
3,2,4.8,60000
5,4,16,250000
5,4,12.4,190000
4,3,8.9,90000
2,2,4,25000
4,4,2,270000
2,3,8,35000
0,3,9.3,90000
0,3,9.3,92000
3,3,16,65000
3,3,6.2,30000
4,3,1,140000
2,2,4.4,25000
3,3,7.3,55000
2,2,4.4,22000
4,5,1,275000
3,3,8,75000
4,4,8,45000
3,3,12,50000
3,3,8.8,42000
3,3,9.6,40000
2,2,3.3,21000
2,2,4.3,25000
2,2,4,23000
9,10,12.4,240000
5,3,1.3,135000
3,3,16,60000
3,3,1,180000
2,2,4,22000
3,4,4,90000
5,5,2,550000
3,3,8,35000
10,10,1,100000000
3,3,6.4,12500000
2,2,4.8,9000000
0,2,4.4,5500000
0,2,4.4,5500000
0,2,4.4,5500000
0,2,4.4,5500000
0,2,4.4,5500000
0,3,6.2,7500000
0,3,6.2,7500000
0,3,6.2,7500000
0,3,6.2,7500000
0,3,6.2,7500000
5,5,18,105000000
4,4,10,66000000
2,2,3.7,6500000
10,10,2.4,130000000
10,9,1.3,100000000
2,2,4.6,8050000
3,4,5,7000000
2,2,7,15000000
2,2,3.4,5950000
4,3,6.7,7000000
3,2,5,3300000
3,3,6,75000000
1,1,2.4,4050000
1,1,2.3,3900000
1,1,1.5,2565000
6,7,10,14500000
2,2,6,5500000
0,0,4,39000000
6,6,2,115000000
2,2,3.7,6500000
5,4,6,13000000
5,5,6.7,14000000
1,1,2.2,3758000
0,0,5,15000000
3,3,9.3,16000000
3,3,5,16000000
6,6,1,90000000
4,4,4,14500000
4,4,5,15000000
3,3,5,15000000
4,3,1,150000
6,6,1.3,180000
2,2,6,23000
7,6,1,300000
4,4,5,40000
1,1,2.9,40000
6,6,14,175000
2,3,4.9,42000
3,3,1,60000
0,0,1.1,100000
3,2,4,24000
3,2,9.8,37000
5,4,5,40000
2,2,5.3,33000
3,3,1,35000
1,1,1,25000
1,2,3,12000
6,5,1,250000
6,4,1,400000
4,4,5.6,55000
3,2,2.5,3800000
0,0,1,40000000
0,0,10,16000000
0,0,10,14000000
0,0,5,9000000
0,0,5,8500000
0,0,5,8500000
0,0,15,26000000
0,0,10,16000000
0,0,1,40000000
10,10,10,22500000
4,4,7,22500000
5,5,15,42500000
3,4,5,8500000
3,5,4.5,11000000
8,5,1,45000000
6,5,10,16500000
6,5,7,15000000
3,2,5,4000000
3,2,5,4000000
3,3,3,3500000
2,2,7.3,15000000
4,4,5,6500000
6,5,7,13500000
2,2,5.6,6000000
6,5,10.9,26000000
0,0,5,20000000
0,0,3.5,16500000
3,7,5,9800000
7,6,1,40000000
6,5,11,26000000
0,0,3,5000000
0,8,3.5,6500000
0,0,5,10000000
0,0,1.5,2500000
2,3,3,6500000
4,4,2,52500000
0,0,19,500000
0,0,17,500000
2,2,4,5000
1,1,2.2,40000
2,2,4.9,52000
1,1,2.2,38000
1,1,2.2,35000
2,2,4.9,52000
2,2,4.9,50000
2,2,4.9,49000
1,1,3.3,7000
2,2,4.9,45000
1,2,5,35000
0,0,13,200000
0,0,13,50000
0,0,7,40000
4,4,8,47000
4,4,5,9000000
5,3,5,7000000
4,3,5,10000000
5,3,5,7000000
4,6,7,10000000
0,5,12,24000000
0,0,5,15000000
0,5,2,215000000
7,6,10,23800000
3,3,10,20000000
4,3,3,6800000
7,5,1,40000000
7,6,10,25000000
5,3,5,11500000
6,6,10,21000000
2,3,5,6000000
4,4,5,9500000
4,3,3.5,5200000
4,3,3.5,6300000
4,3,4,6500000
6,5,10,18800000
0,0,5,10000000
5,5,5,9500000
2,3,4,5500000
4,3,6,11500000
2,2,7,9000000
6,5,10,24000000
2,2,2,3400000
2,2,2,4000000
3,3,5,10000000
3,3,6,10500000
1,1,3,2600000
5,5,1,21000000
5,5,1,45000000
6,6,10,41500000
5,5,10,20500000
7,6,1,39000000
7,6,1,32000000
3,3,5,12000000
7,5,1,48000000
2,2,3,7500000
0,0,8,6500000
3,3,10.7,60000000
4,3,6,8000000
4,4,13.3,40000000
4,4,10.7,36000000
4,4,6.4,55000000
0,0,1,160000000
6,5,10,70000000
6,5,10,65000000
6,5,8.8,67500000
3,3,12,42500000
5,4,4.8,15000000
4,3,8.9,45000000
3,3,16,41000000
0,2,4.8,14000000
0,2,2.9,3700000
0,2,2.9,4200000
0,2,4.4,5500000
0,2,4.4,5600000
0,6,16,50000000
4,4,4.8,17000000
2,2,4.8,8500000
5,4,11.1,50000000
0,0,2.6,4000000
8,6,16,55000000
2,5,3.2,12500000
6,6,1,100000000
1,3,2.7,4500000
0,0,6.2,11500000
2,2,4.4,7500000
4,3,9.6,21000000
3,3,8,22000000
3,3,8,23000000
3,7,4,16000000
2,2,3.2,3300000
3,3,5.3,12000000
2,2,4.2,6200000
6,5,19.6,115000000
2,2,4.4,7000000
5,5,14,115000000
3,3,6,8500000
4,4,10,15500000
2,2,2,7000000
3,3,6.9,13500000
2,2,4.2,5500000
0,0,4.8,9000000
0,0,4.8,4500000
0,0,8,7500000
0,0,8,11000000
3,3,7.4,10000000
2,3,4.8,10000000
3,3,8,20000000
2,2,4.6,7000000
2,2,4.8,4000000
1,2,3.2,3600000
2,2,4.4,9000000
1,1,1.3,2250000
3,3,6.9,12500000
0,3,10,45000
4,4,12,100000
3,3,7.1,65000
4,4,12,105000
3,3,6.7,65000
7,6,1,250000
4,4,1.3,100000
3,3,5.8,30000
0,4,1.2,80000
0,4,1.2,100000
0,3,15,65000
0,3,16,65000
0,6,9.6,85000
0,6,8,70000
0,6,12,110000
0,2,4.4,23000
0,2,4.4,24000
0,2,4.4,20000
0,2,4.8,26000
0,2,4.8,23000
2,2,2.4,28000
3,3,14,110000
3,3,14.2,90000
3,3,16,85000
1,1,1,90000
5,5,1,275000
2,2,4,20000
3,3,10.7,55000
3,3,10.7,55000
2,2,4.8,22000
3,3,1,220000
2,2,4.9,70000
3,3,7.6,50000
2,0,6.2,100000
4,3,10.3,35000
5,4,14,90000
6,7,4.8,13000000
4,0,9.7,47500000
3,3,5.3,5500000
2,2,3.8,7500000
2,2,4.8,4000000
2,0,3.6,6800000
6,10,1.2,160000000
5,5,12,95000000
3,3,4.8,5500000
2,3,3.3,4200000
6,6,1,120000000
7,6,9.6,27000000
0,0,3.8,5900000
6,6,1.3,65000000
0,0,9.6,25500000
6,6,9.6,32500000
2,2,4,5800000
2,2,3.3,3800000
2,3,3.3,3800000
6,6,1.3,140000000
3,3,4.8,12000000
2,2,3.6,3800000
3,3,6.2,12000000
2,2,4.2,3700000
2,2,6.4,9000000
4,4,8.5,60000000
3,3,6.7,7000000
2,2,3.3,4000000
2,2,5.3,9500000
6,7,3.2,10300000
7,6,2,310000000
4,3,8.8,13500000
8,7,16,70000000
2,2,4.2,5500000
4,4,7.8,15000000
0,0,4.1,7000000
3,3,8,13400000
3,3,8,21500000
0,0,4.3,4600000
2,2,3.8,6650000
0,4,16,18000000
2,2,6.4,1293000
8,8,1,92500000
6,4,5,6500000
1,1,1.6,2400000
1,2,3.3,5000000
5,5,7,12000000
4,5,6,6700000
5,4,8,35000000
4,4,5.6,6000000
0,0,8,29500000
6,7,1,57500000
1,1,2.6,5200000
4,5,3.8,360000000
6,6,1,64000000
6,5,8,14500000
8,7,10.9,36500000
4,4,6.7,15500000
3,3,5.6,14500000
4,4,8,23500000
3,3,5.8,7500000
5,4,8,11000000
6,5,6,24000000
2,2,4.3,7500000
0,4,14.2,9000000
0,4,14.2,9000000
1,1,2.2,3800000
5,4,5,23000000
1,1,2.7,4751000
0,0,5,15000000
2,2,3.8,6600000
1,1,2.3,3817000
5,5,8,27000000
5,5,5,11000000
1,1,2.4,4005000
0,0,8,7600000
2,2,3.7,6500000
2,2,3.8,6650000
1,1,2.3,3945000
3,3,1,100000
4,3,10.7,40000
6,5,1,170000
6,6,1,200000
6,5,1,145000
3,3,6.8,85000
3,4,5,50000
3,3,13,75000
3,4,5.6,35000
0,0,1,80000
1,3,6.7,22000
2,2,5,18000
0,0,1.2,150000
6,4,10,60000
4,4,1,55000
0,1,5,16000
2,2,2.7,36000
2,2,5.6,27000
3,3,1,170000
1,3,4,22000
3,2,8,31000
1,1,1.3,18000
2,2,8,35000
2,2,5,26000
3,2,8,30000
3,3,5,22000
3,3,1,93000
0,0,1,200000
4,3,1,42000
0,0,1,150000
7,7,1,200000
4,3,1,43000
7,6,1,105000
4,3,7,15000000
0,3,5,15000000
4,3,3,2500000
0,0,2,5200000
0,0,5,11500000
0,0,5,11500000
0,0,7,18500000
0,0,5,11500000
0,0,7,20000000
0,0,7,20000000
0,0,7,20000000
0,0,7,18000000
0,0,7,17500000
7,5,16,24000000
0,0,10,20000000
8,7,1,38000000
6,5,10,15500000
4,3,3.9,6500000
2,2,3,2200000
6,5,8,16500000
5,5,6,12500000
6,6,13,28000000
2,2,3,5500000
5,5,1,45000000
6,7,13,30000000
5,4,10,18000000
6,5,10,18000000
5,5,7,16000000
0,0,10,24000000
2,2,2.8,2700000
6,5,11,19000000
5,5,10,26500000
5,4,10,18000000
5,5,4,5500000
5,5,7,15000000
5,4,7,55000
4,3,10,55000
4,3,10,55000
3,3,1,30000
9,8,2,190000
6,5,1,130000
5,4,5,35000
3,3,12,30000
3,2,10,28000
5,5,12,90000
5,5,12,55000
5,4,10,80000
6,5,11,75000
6,4,7,50000
6,5,1.5,150000
6,5,1.5,250000
7,6,18,150000
4,3,5,36000
5,4,7,55000
6,5,10,90000
9,8,1.9,185000
6,5,8,50000
3,3,5,22500
7,7,1,130000
3,3,11,40000
1,1,2,4000
3,2,10,28000
4,3,10,65000
6,5,12,60000
4,3,10,59000
2,2,5,22500
2,2,5,23500
2,2,5,24500
2,2,5,25500
2,2,5,26500
2,2,5,25000
3,3,1,55000
7,5,10,19500000
5,3,1.1,45000000
5,4,1,34500000
5,3,8,14500000
6,5,1,42500000
4,3,5,13000000
2,2,7,7500000
6,4,10,16000000
2,1,3.2,6000000
4,3,7,10800000
5,4,5,14500000
4,3,6,9000000
6,5,1,45000000
6,5,2,210000000
2,3,5,5000000
0,0,10,23000000
3,2,4,3800000
5,4,10,16300000
4,4,4,11000000
6,5,1,29900000
4,3,7,18000000
0,3,6.5,10500000
5,3,4,14000000
8,7,1,30000000
5,5,1,40000000
3,3,10,14000000
6,6,10,23000000
2,2,4,9000000
0,0,5,10500000
5,5,1,44000000
0,5,1,44500000
4,4,3,7000000
0,2,2,3300000
5,5,1,35000000
4,4,8,13000000
3,3,5,7300000
6,5,1,61200000
6,5,1,60200000
6,5,1,35000000
4,3,9.5,19000000
6,5,2,110300000
3,2,2.5,3900000
6,5,5,16500000
6,5,1,35000000
4,4,1,33500000
5,4,1,45000000
4,3,4,7500000
0,0,3.4,8000000
0,0,4.8,6500000
6,6,9.6,45000000
0,0,3.4,3600000
0,0,2.6,3600000
0,0,2.6,3600000
4,4,10.7,60000000
3,3,5.8,18500000
3,3,8,29000000
3,6,4.8,16500000
2,2,4.9,11500000
2,2,4.9,11500000
0,4,4.8,11500000
0,4,4.8,12000000
4,4,4.8,15000000
4,4,4.8,15000000
6,6,9.3,25000000
6,5,1.3,120000000
2,2,2.9,3400000
2,2,3.6,4500000
2,2,3.3,3500000
2,2,3.7,4200000
2,2,3.8,5500000
2,2,3.8,5000000
3,3,5.8,5000000
2,2,4.2,8000000
0,0,1.2,70000000
1,1,2.4,4000000
1,1,2.4,3000000
5,5,12,92500000
6,6,1,110000000
5,5,12,95000000
2,2,4,12500000
2,2,4.2,6600000
6,5,1,125000
5,4,14,90000
6,5,1,130000
6,5,1,126000
6,5,1,115000
4,4,4.8,150000
3,3,8,30000
2,2,4.4,50000
4,4,8,110000
4,3,1,65000
2,2,6,29000
4,4,2,270000
4,4,1,250000
2,2,4.4,40000
3,3,9.6,40000
4,3,1,110000
3,4,12.4,85000
2,2,4.8,20000
10,10,19.2,300000
2,2,6,50000
4,4,8.9,90000
3,3,16,45000
3,3,8,38000
2,2,12,28000
5,5,1.6,370000
3,3,8,45000
6,6,9.6,80000
2,2,4.4,25000
2,2,4.2,35000
3,3,8,180000
2,2,4.9,75000
3,3,8,65000
4,4,10.7,175000
3,3,1,220000
8,7,16,170000
0,0,3.8,22000000
1,1,3.8,5500000
1,1,2.2,3690000
4,3,5,14000000
2,2,3,1900000
0,0,1.3,165000000
6,6,7,36000000
6,6,1,40000000
10,11,1.3,70000000
0,0,10,90000000
0,7,16,42500000
0,6,16,37000000
6,7,8,50000000
4,5,5,16500000
6,5,16,70000000
3,3,8,5800000
2,2,3,3200000
0,1,3.9,26500000
3,3,8,7000000
3,3,10.2,20000000
0,0,8,15500000
5,4,4,14000000
0,0,1.3,110000000
7,6,1.8,120000000
6,5,1,95000000
4,4,7,8000000
0,3,6.7,19000000
4,4,5.6,17500000
7,6,8,26500000
3,5,4,22000
2,2,5.6,27000
4,4,2,500000
3,4,1,100000
2,3,4.9,45000
4,3,1,58000
0,0,1,140000
4,3,6.7,26000
2,2,6,35000
4,3,1,50000
3,3,16,45000
6,0,1,85000
4,3,1,40000
4,3,10,35000
4,4,1,105000
3,2,4.9,20000
3,3,1,40000
3,3,14.2,80000
4,5,8,80000
2,2,7.1,75000
4,4,1.2,250000
2,2,7,40000
3,3,1,120000
3,3,12,140000
2,2,4.4,25000
2,2,5.6,30000
2,2,5.6,25000
2,4,3.6,35000
3,3,12.4,60000
4,4,1.2,80000
2,2,6.4,18000
3,3,12,30000
6,8,1,220000
5,5,10,26000000
5,5,5,7000000
7,7,2,39000000
3,3,6,6500000
3,3,3.5,7500000
5,4,10,29000000
6,5,1,31500000
6,5,13,31000000
4,3,1,31000000
3,7,11,16000000
0,0,5,9500000
0,0,5,9500000
0,4,5,9500000
0,0,2.5,2600000
0,0,5.5,1600000
0,0,2.5,2600000
0,0,4,7500000
0,0,4,7510000
7,8,7,17000000
1,1,1.8,2500000
5,4,5,10500000
4,4,6,13500000
0,1,2.9,3500000
0,2,5.3,11500000
0,5,10,22500000
0,5,1.2,38000000
1,2,2.9,2000000
5,5,7,14000000
5,5,7,14000000
4,4,8.4,15000000
7,5,1,49000000
6,5,10,24000000
9,8,1,36000000
5,5,10,20000000
7,5,7.3,11200000
7,7,7,13500000
3,3,5,9500000
2,4,2.5,2500000
4,4,5,12000000
4,3,4,5200000
4,4,5,19000000
2,2,1,26000
0,2,5.3,40000
0,3,7.1,60000
0,6,1.2,95000
0,2,10,30000
0,2,2.6,20000
3,3,1,42000
4,3,1,45000
2,2,5,30000
6,5,6,240000000
5,4,8,20000000
5,5,1,65000000
5,4,10,30000000
6,5,10,22500000
6,5,2,147500000
1,1,2.2,8600000
2,2,4,15400000
1,1,3.1,12000000
3,5,3.3,5800000
1,1,1.9,9713000
2,2,2.3,4850000
3,3,5,11500000
6,5,6,13000000
7,5,1.2,55000000
5,5,5.2,15500000
0,4,5,7000000
7,7,1.5,150000000
5,9,5,13000000
3,3,2.5,4500000
4,4,5,7700000
2,2,3,3800000
3,3,5,7000000
5,2,3,6600000
0,0,3,7600000
5,4,4,9500000
0,0,10,11000000
3,3,5,12500000
2,3,3,6500000
3,3,5,13200000
2,3,5,5400000
3,3,5,12200000
4,4,6.2,12500000
5,5,1,55000000
3,2,3,7200000
7,6,2,160000000
6,5,1,61300000
6,5,1,49900000
3,3,5,9000000
3,3,4,7000000
2,2,5.1,5900000
2,2,4.8,12000000
3,3,10.2,49000000
3,3,7.8,22500000
2,2,2.4,7500000
3,3,5,9725000
2,2,4.4,7500000
1,2,1.8,2200000
1,1,2,2500000
2,3,3.2,3200000
7,6,10,70000000
4,4,3.4,3600000
4,4,3.4,3600000
2,2,3.4,4500000
2,2,3.4,4500000
2,2,3.4,4500000
2,2,3.4,4500000
2,2,3.4,5200000
2,2,3.6,9500000
2,2,3.4,6200000
3,3,13.3,24000000
2,2,3.2,5500000
4,4,1,80000000
6,6,9.6,50000000
6,6,10,25000000
3,3,8,19800000
4,4,10,13000000
1,1,2.4,3500000
4,4,8,34500000
0,0,14,135000000
3,3,6,14500000
3,3,7.8,21000000
3,3,6.2,13500000
4,4,10.7,38000000
2,2,3.2,15000000
1,1,2,1500000
2,2,4.4,5500000
4,4,12,65000000
2,2,4.8,6000000
5,5,14.8,55000000
0,6,16,41500000
0,3,5.1,11000000
0,2,4.9,7000000
3,3,8.6,14000000
2,2,2.9,6000000
4,4,4.8,16000000
1,2,1.8,1600000
5,5,2,170000000
5,5,8,39000000
3,3,5.4,8000000
3,3,6.8,10000000
3,3,6.8,9500000
3,3,4.9,8000000
3,3,5,12000000
3,3,9.6,19500000
2,2,2,2000000
5,5,8,27500000
4,4,12,18900000
2,2,4.8,5500000
3,2,4,12500000
3,3,7.8,29000000
3,3,8,20000000
2,2,4,6500000
2,2,4.4,5500000
3,3,8.9,26000000
3,3,5.1,26000
7,6,1,260000
7,6,1,225000
2,2,4.2,70000
3,3,5.1,65000
2,2,4.2,70000
4,4,12,160000
2,1,2.2,27000
2,2,4.8,20000
2,2,4.8,20000
5,5,9.6,50000
5,5,1,185000
3,3,14.2,52000
3,3,8.8,38000
7,6,2,450000
2,2,5.8,55000
2,2,4.4,35000
3,4,4.8,50000
3,3,11.1,100000
4,3,7.3,40000
10,11,4,1200000
7,5,2,500000
3,3,6.7,70000
3,3,1,130000
3,3,8,35000
3,3,10.7,85000
6,6,2,450000
3,3,1,150000
4,3,8,75000
6,5,10,29500000
7,6,1,33000000
6,5,8,13000000
4,4,4,13000000
5,5,6,19000000
5,5,6,17000000
0,0,8,18500000
0,0,5,21000000
0,0,7,31500000
4,4,6,14500000
7,6,1,44500000
6,4,7,14200000
6,9,1,45000000
3,5,5,15500000
6,6,1.5,35000000
7,6,10,16500000
5,6,14.2,47000000
3,3,6,12000000
0,0,8,36500000
7,5,5.1,21500000
5,5,5.6,17500000
5,6,8,16500000
3,3,5.6,13600000
3,3,5.6,15500000
4,5,6.7,21000000
4,4,6.7,17000000
3,3,6.7,14500000
1,1,3.6,9000000
2,2,3.8,3000000
2,2,3.8,2500000
2,2,3.8,2800000
1,1,2.4,1600000
1,1,2.4,1400000
4,4,10,16000000
0,0,1.2,80000000
2,2,6.1,10200000
3,3,4.9,11500000
5,5,1.3,80000000
6,5,7,14500000
2,2,5.3,14500000
1,1,2.4,4050000
0,0,14.2,42500000
1,1,2.3,3900000
5,5,1,95000000
5,5,14.2,41000000
2,2,2.9,7500
4,4,10,78000
4,3,10,45000
5,5,7,110000
4,3,1.2,62000
5,5,7,85000
2,2,5,22000
3,3,6,30000
2,2,6,30000
4,4,4,42000
5,4,5,100000
7,7,1,190000
2,2,7.6,40000
6,5,6,82000
0,10,2,800000
3,3,1,85000
3,3,1,130000
3,3,7.1,47000
7,7,9,55000
3,3,10,60000
1,1,5.6,45000
3,3,10.7,65000
1,3,5.6,25000
2,2,5.6,40000
5,5,1,95000
2,2,2.7,18000
0,0,1.2,110000
0,0,12.4,75000
0,0,1,85000
9,9,1.2,350000
2,2,5.6,35000
2,2,6.2,55000
2,2,5.6,50000
2,1,3,3600000
3,3,3,5200000
3,3,5,8800000
3,3,5,9000000
3,3,5,9800000
3,3,5,9500000
3,3,5,10500000
3,3,5,11000000
3,3,5,10000000
3,3,3,5500000
4,4,5,12000000
5,4,4,6500000
0,0,10,23000000
6,4,10,14500000
2,2,5,7500000
8,7,2.1,125000000
0,0,1,32000000
0,0,1.1,55000000
0,0,1.1,60000000
5,4,14,26500000
4,2,4,4900000
3,2,8,17500000
2,4,6,5500000
1,1,3,5300000
7,6,10,20000000
0,0,13,17000000
1,1,2,3470000
6,5,10,16500000
5,5,7,12800000
2,2,3,3200000
5,4,7,13000000
2,2,5,13000000
2,4,3,10000000
5,4,7,11200000
0,0,10,22500000
0,0,10,23500000
0,0,7,15000000
0,0,5,8500000
0,0,5,14500000
0,0,6,13000000
0,0,5,11500000
0,0,5,11000000
0,0,6,13000000
5,5,1,46500000
5,5,8,12500000
1,1,2.4,7700000
2,4,9,5200000
0,0,11,55000000
0,3,5,9600000
0,5,1,25000000
0,1,4.9,6800000
0,5,10,16500000
0,3,8,11500000
2,4,8,22000
0,0,5,40000
0,4,7,50000
5,4,12,75000
6,5,10,95000
5,4,8,55000
0,0,5,35000
3,3,7,24000
2,2,6,20000
2,2,3.3,25000
3,3,1,40000
3,2,1,60000
3,3,10,35000
3,3,7,70000
4,4,7,100000
2,2,4,33000
3,3,10,35000
2,2,14,25000
0,0,10,28000
0,2,8,19000
0,2,5,10500
3,2,5,16000
5,5,7,50000
7,5,10,23000000
3,3,2,4000000
3,3,2,4000000
5,5,1,45000000
7,7,2,110000000
8,5,11,22500000
5,4,11,19300000
6,5,1,50000000
3,0,5,11800000
4,5,6,10500000
5,5,24,60000000
5,5,1,55000000
7,5,2,140000000
6,5,1,53000000
0,4,5,10200000
4,4,7,19000000
4,3,5,12800000
4,4,10,16000000
0,0,32,416000000
5,5,14,30000000
4,4,3,6500000
6,5,1.2,48500000
7,7,10,9500000
2,3,2.5,6500000
4,3,5,8700000
2,2,2.1,2900000
3,3,2,3500000
5,4,5,12200000
8,7,1,40000000
6,5,2,155000000
6,6,2,195000000
4,4,8.6,67500000
0,0,6.4,41000000
2,2,2,6000000
6,6,1,87500000
2,2,4,6700000
2,2,2.7,2500000
2,2,4.2,7600000
2,2,4,8000000
2,2,4.2,8500000
4,3,7.3,23000000
3,3,8,21000000
2,2,4.2,11500000
2,2,4.2,11500000
4,4,4,36000000
2,2,4.2,11000000
3,3,4.8,7000000
5,4,12,65000000
6,5,1,50000000
5,4,8,14500000
4,6,16,80000000
3,3,7.1,12000000
4,4,9.8,14500000
2,2,3,5200000
3,3,6.7,13500000
3,3,6.4,16000000
2,2,3.3,3200000
3,3,5.4,8000000
2,3,5.6,6500000
7,6,1,125000000
4,4,10.7,14500000
3,3,6.2,11500000
2,6,3.6,14000000
3,3,4.9,7000000
2,2,5.1,9000000
10,10,4,340000000
3,2,7.1,15000000
7,7,12,42000000
4,3,9.3,30000000
2,2,2.8,2200000
3,3,8,6200000
2,2,4.2,5000000
3,3,5.3,4000000
2,2,3.6,8000000
4,4,7.6,35000000
3,3,4.4,7500000
3,4,2.4,2000000
4,4,8,17500000
2,2,2.8,2600000
2,2,2.8,2600000
2,2,1.6,2000000
2,2,1.6,2000000
5,5,1,68000000
3,6,6,4500000
3,6,6,4500000
4,4,14,59000000
4,4,4,11000000
4,4,4,11000000
4,4,10,58000000
3,3,2.4,3500000
3,3,2.4,3500000
5,6,4.8,7000000
5,6,4.8,7000000
7,6,1,115000000
1,2,3.2,3200000
0,0,4.4,13500000
1,2,2.8,2500000
4,4,4,39000000
2,3,5.3,8000000
3,3,8,7500000
3,3,8,9800000
2,2,4.8,13500000
3,3,8,20500000
3,3,8,20500000
3,3,8,20500000
3,3,5.8,35000
3,3,11.1,130000
3,3,6,35000
3,3,6.7,50000
4,3,1.3,200000
2,2,4.2,45000
2,2,4.2,50000
7,6,2,550000
3,3,11,130000
5,4,4,100000
7,6,2,550000
5,4,12,110000
0,0,2,700000
4,3,9.6,35000
2,1,2.4,21000
2,2,3.1,18000
6,5,2,400000
4,3,1,220000
2,2,4.2,34000
4,3,9.8,82000
6,7,1,470000
7,6,2,300000
4,4,2,120000
5,6,16,45000
0,0,4.4,60000
3,3,10,43000
5,5,1,105000
2,2,14.2,100000
2,2,4.1,45000
0,3,8,7000000
0,6,1,33000000
0,0,19.5,75000000
0,0,3,250000000
0,0,2.4,150000000
0,0,6.9,35000000
1,1,3,3300000
1,1,2.3,46000000
6,6,8.8,36500000
6,6,7,17000000
6,5,14.3,52500000
2,2,5,3300000
3,3,5,4300000
4,4,14.2,42500000
5,4,10,23800000
1,1,1.8,2900000
8,8,1,45000000
0,0,10,35000000
0,0,4,5500000
0,4,6,12500000
0,4,6,11500000
0,2,2.9,3500000
0,2,2.9,2800000
0,2,3.2,2800000
4,4,5,8600000
2,2,3.6,8000000
0,5,14.2,38500000
0,4,14.2,42500000
4,4,4,19000000
6,5,12,40000000
6,5,10,32500000
6,7,1,60000000
3,2,5.6,30000000
2,2,5,2500000
1,1,2.7,1580000
7,5,14,20500000
4,3,12,15000000
0,0,10,55000000
6,4,7,35000000
3,3,5.5,6300000
0,1,1.5,2595000
0,1,1.9,3127000
0,1,1.9,3270000
0,2,3.3,5264000
0,2,3.4,5411000
0,2,3.5,5495000
0,2,3.5,5544000
0,2,3.7,5754000
0,2,4,6342000
0,2,4.6,7210000
0,3,5.5,8652000
0,1,2.8,3000000
0,3,12,9000000
0,3,6,5800000
0,2,4.6,4600000
2,2,4.2,4400000
5,4,6.7,10000000
10,10,1.3,75000000
2,2,3.3,5264000
3,3,11.8,45000
3,3,12,60000
7,6,1,260000
0,0,10,35000
4,4,1.2,250000
3,3,1.6,180000
9,7,1,360000
0,0,1,200000
4,4,4,48000
0,0,2,500000
9,7,1,300000
0,2,7,22000
0,3,12,45000
0,3,12,35000
5,5,1.3,500000
5,5,9.3,100000
9,9,2,500000
3,2,10,30000
5,5,1,260000
4,4,2,250000
3,3,1,80000
2,0,7,42000
2,2,7.8,55000
5,5,1.3,500000
6,5,1,65000000
4,2,3,8000000
2,2,10,28000000
0,0,3.5,9000000
2,4,5,7500000
6,5,1,55000000
0,3,5,9500000
0,5,1.9,55000000
0,5,10,18500000
6,6,1,65000000
6,6,10,31000000
6,6,1,22000000
5,4,5,23000000
5,4,4,13000000
0,0,7,53000000
4,4,3,4500000
3,3,8,13000000
4,4,5,8500000
3,3,5,4300000
4,4,10,21000000
5,6,6,9500000
4,3,5,11000000
0,0,2,2700000
8,6,15,20000000
5,6,6,7800000
7,6,1.4,37500000
9,7,13,30000000
4,4,6,9000000
5,4,12,21500000
4,3,5,30000
0,0,5,33000
1,1,5,16000
1,1,2.7,30000
0,2,10,35000
0,0,10,40000
7,5,7,48000
0,1,1.6,17000
0,2,2.9,18000
0,3,7,48000
0,3,7,25000
0,2,7,22000
0,2,7,22000
0,1,1.6,15000
0,2,2.9,18000
0,5,10,70000
0,2,3.1,20000
0,2,2.9,20000
3,3,10,33000
4,3,3,7000000
5,4,10,34500000
3,6,5,11000000
4,4,1,45000000
6,5,2,160000000
6,5,1,57500000
5,4,13,35000000
6,5,2,160000000
4,3,5,9600000
6,5,2,129000000
5,4,8.5,24500000
6,5,10,14000000
6,5,10,18500000
3,3,9.8,25000000
2,2,5.1,9500000
2,2,5.1,22500000
2,3,4.8,17000000
5,5,2,180000000
4,7,3.2,7000000
3,3,6.4,30000000
1,2,5.4,5500000
6,5,1,87500000
5,4,12,62500000
2,2,4.8,8500000
6,6,8,22000000
3,2,3.4,6800000
3,3,10.7,36000000
2,2,4.4,14000000
7,6,1,115000000
3,3,8,11500000
0,0,2,190000000
3,3,7.8,25000000
3,3,8,15500000
3,3,5.3,7200000
7,6,1,155000000
2,2,3.3,6350000
0,0,4.4,7150000
3,3,10,11000000
3,3,6,9500000
0,11,1.2,105000000
2,3,4.4,7500000
2,2,8,16500000
0,0,1,95000000
5,3,4.8,19000000
5,6,1.3,65000000
0,0,1,135000000
4,4,4.8,17000000
4,3,7.8,25000000
2,2,4.3,7500000
3,3,10,11000000
2,3,3.2,5500000
3,3,7.6,25000000
3,3,8,13900000
3,3,8,13000000
7,7,1,160000000
3,3,8,10000000
0,0,8,12000000
0,3,4.9,7000000
5,4,6,65000000
3,3,5.3,9100000
3,3,5.3,8000000
3,3,5.3,8100000
7,6,2,200000000
5,5,12,95000000
6,6,17.6,42500000
3,3,8,55000000
2,4,4.8,7600000
3,3,4.1,7000000
2,2,4,5500000
1,2,9.6,7500000
2,2,3.1,6500000
6,5,1,70000000
6,11,4.8,12000000
4,4,1.1,100000000
3,3,5.8,9000000
3,3,7.8,25000000
5,5,1,225000
3,3,5.1,55000
3,3,8.9,70000
9,3,8.9,90000
4,4,17.8,400000
3,3,1,100000
2,7,8,35000
2,9,4,60000
0,0,4.2,18000
2,2,4.2,30000
7,11,1,500000
3,3,9.6,47000
3,3,9.6,50000
3,3,5,26000
4,3,5.6,43000
4,3,5.8,48000
0,2,4.8,20000
0,2,4.8,22000
3,2,4.2,27000
2,2,2.7,16000
3,3,6.7,45000
2,2,4.2,37000
3,3,9.3,80000
3,3,8.9,55000
4,4,1,140000
4,4,1,130000
2,2,4,27000
3,3,1,150000
3,3,1,150000
3,3,1,125000
3,3,6.8,35000
5,4,11.6,150000
3,3,16,65000
6,6,18,250000
5,5,14,140000
3,3,4.4,35000
3,3,1,120000
6,6,2,600000
3,3,1,180000
3,3,7.8,75000
4,4,5,9800000
1,1,2.7,2500000
2,2,3.6,3700000
1,1,2.5,3700000
1,1,2.4,11000000
3,2,4.9,5000000
4,3,6.7,6800000
2,3,4,4500000
4,3,4,17500000
4,3,4,19000000
3,2,5,6000000
0,9,1,90000000
5,4,10,23000000
7,5,7,16000000
2,0,10,8600000
3,3,14,75000
3,3,14,65000
3,3,1,62000
3,3,14,60000
3,3,1,100000
4,4,13.2,50000
3,2,10,50000
6,5,10,150000
4,4,1,50000
6,6,1.2,180000
2,2,6,20000
5,5,11,35000
4,4,8,110000
4,4,1,45000
6,5,1,45000000
7,5,10.9,13800000
4,4,4,9000000
6,5,1,59000000
5,4,4,8500000
8,7,1,58000000
5,6,5,8000000
3,0,4,4600000
6,5,1,59000000
5,5,10,24500000
6,5,1,40000000
5,4,10,25000000
0,0,1,67500000
0,0,13,26000000
0,0,10,21500000
0,0,10,21000000
0,0,1,55000000
0,0,1,35000000
0,0,1,160000000
0,0,3,15000000
6,5,15,37000000
2,2,4.7,6500000
4,4,5,9000000
2,2,3,4988000
6,5,10,26500000
6,5,14,28000000
8,7,1,48000000
7,5,1,31000000
4,3,6,40000
0,5,1,90000
0,0,1,95000
4,3,12,70000
3,3,14,36000
0,0,5,15000000
6,4,4,10000000
3,3,3,4500000
0,0,10,22800000
2,2,5,8300000
2,1,10,12500000
1,2,3.5,4200000
3,2,1,12000000
6,5,5,16500000
2,2,14,15000000
2,4,1,4000000
5,5,10,29000000
2,3,3,2500000
4,4,4,6300000
3,3,7.7,24000000
2,2,5,6000000
2,2,5,6500000
6,5,10,22500000
6,6,1,25000000
0,0,6,9500000
3,4,5,13500000
3,3,5,13500000
4,3,5,9500000
6,5,1,45000000
2,4,7,11000000
2,2,1.7,2500000
4,3,5,11500000
3,3,3,7000000
2,2,3.8,6000000
3,3,4.8,10500000
2,2,12,26500000
0,6,16,38000000
5,5,2,145000000
2,2,4,10000000
7,7,1.4,70000000
1,1,2,2500000
2,2,2.9,2000000
3,2,4.2,9800000
3,3,8.9,19000000
2,2,4.2,9500000
0,0,4,9500000
2,2,3.4,4500000
4,4,10,55000000
4,4,1,25000000
8,6,12.3,29000000
0,0,3.8,7000000
4,4,6,45000000
2,2,4.2,9700000
2,2,3.6,3100000
3,3,5,14000000
2,2,2.4,2500000
4,6,3.4,8000000
3,3,5,5500000
3,3,5,8000000
7,5,1,75000000
3,3,8,19900000
3,3,8,21500000
2,2,6,13800000
2,2,6,14500000
0,0,8,13800000
0,0,5,11500000
0,0,5,8500000
0,0,5,8200000
3,3,7.3,22500000
4,5,16,52500000
4,4,10.6,47500000
2,2,4.8,6300000
2,2,2.9,2700000
2,2,2.9,2700000
2,2,2.9,2700000
2,2,2.9,2700000
3,2,3.6,4000000
1,1,3.3,3500000
4,4,14,14000000
8,6,1,75000000
3,3,8,19900000
3,3,8,13000000
3,3,8,12000000
3,3,9.6,14000000
3,3,7.1,8800000
3,3,8,6500000
3,3,8,9600000
3,3,8,9500000
5,4,1,62500000
4,3,8,23500000
3,3,7.6,10000000
2,5,4.9,5200000
3,3,7.6,11000000
3,2,2.4,7500000
7,6,10,33500000
2,2,2.4,3700000
2,2,4.4,4800000
4,6,3.2,11000000
4,4,9.8,17000000
2,3,3.2,7500000
5,5,4.8,17000000
4,3,7.8,19000000
4,4,3.2,7800000
4,4,10.7,41000000
2,2,4.2,12000000
3,2,4.4,14000000
3,3,8.9,18000000
3,3,6.8,14500000
5,4,12,65000000
6,6,1.2,91500000
3,2,4.4,5000000
3,3,7.1,10500000
0,0,7.8,75000
4,3,1,125000
2,2,4.8,22000
1,1,4.8,20000
5,5,2,400000
3,3,10,160000
4,4,10,180000
0,11,1.2,400000
2,2,4,25000
3,3,5.1,43000
8,6,1,325000
6,4,1,225000
0,1,2.4,25000
6,5,2,450000
3,3,7.6,34000
3,3,13.3,170000
0,0,9.6,30000
4,4,10.7,70000
2,2,4.2,28000
4,4,6.2,28000
8,6,2,425000
4,4,3,3900000
2,2,3.6,6500000
1,1,2.7,4500000
5,4,1,38000000
2,2,5,7000000
3,3,10.4,12000000
4,4,5,9000000
3,3,5,15000000
2,2,2.5,3700000
3,3,6,15000000
4,4,10,18000000
6,5,10,25000000
6,6,19.5,70000000
9,6,1,45000000
0,0,1.1,82000000
4,3,11,19500000
5,5,6,12200000
3,5,6,5200000
10,2,4.4,14000000
2,2,5,10000000
2,2,6.2,50000
4,3,1,75000
4,3,1,120000
3,2,1,85000
0,0,1,90000
0,0,1,60000
4,3,1,37000
4,3,1,35000
2,2,7,30000
3,3,1,80000
4,4,10,25000
0,0,4,600000
0,0,1.1,420000
0,0,1.3,450000
4,3,1,95000
3,3,11,70000
2,2,6.7,28000
3,3,6.7,27000
1,1,2.4,17000
5,5,8,110000
2,2,7,30000
3,2,10,34000
0,0,7,30000
3,3,0.9,25000
4,3,11,70000
4,5,14,60000
7,7,1,50000
3,3,1,90000
2,2,7,30000
2,2,6,25000
7,7,2,650000
4,3,1,42000
4,3,1,40000
4,3,1,38000
4,3,10,35000
5,4,10,25000000
6,5,2,145000000
6,6,2,50000000
6,5,1,155000000
5,4,10,22500000
4,3,5,8800000
5,5,1,68500000
5,4,10,41000000
2,2,3,5200000
0,0,10,16500000
6,5,1,75000000
3,3,2.8,8000000
6,5,1,76000000
6,5,1,59000000
1,2,3,3500000
2,2,10,25000000
5,5,10,17000000
6,5,10,20000000
3,3,5,11700000
5,5,10,18500000
3,3,5,13000000
3,3,5,11000000
3,3,4,14800000
6,5,5,13500000
4,3,3,6000000
6,5,1,82500000
4,4,7,11500000
7,6,1,45000000
6,5,1,62000000
3,3,10,19500000
4,3,7.5,11700000
5,4,7,12000000
0,2,5,5500000
0,0,7.5,4500000
0,0,2.5,3500000
0,0,2.5,3500000
0,0,5,7500000
0,0,5,10000000
0,0,10,16500000
0,0,10,16500000
6,6,10,14000000
4,4,7,17000000
6,6,10,12500000
6,4,6,9000000
5,4,10,9500000
4,4,4,8500000
0,0,10,22500000
2,2,4,6000000
2,2,5,5000000
0,0,5,10000000
4,5,8,7000000
2,2,4,4500000
6,5,10,21000000
7,6,10,18000000
5,5,5,12500000
1,1,2.2,3800000
2,2,6,5500000
6,6,1.3,67500000
5,4,10,23000000
3,2,8,25000
3,3,5,17500
4,3,4,40000
2,2,5,18000
4,4,4,35000
0,0,5,35000
1,2,5,16000
0,0,5,35000
0,0,5,35000
0,0,5,25000
0,0,5,32000
0,0,5,40000
0,0,5,35000
2,2,5,25000
5,5,7,45000
1,2,3,15000
1,2,3,12000
2,3,1,28000
3,2,6,22000
1,1,2.4,24000
4,3,10,32000
7,5,1.1,85000
6,5,1.5,195000000
8,8,1.2,68000000
6,5,1,25500000
2,2,1.4,2250000
7,6,1,31000000
0,4,1.3,40000000
4,4,5,11800000
2,2,3.6,6000000
3,3,6.2,11000000
3,2,4.2,5550000
4,3,9.6,14500000
6,5,2.1,165000000
3,3,5.2,5500000
2,2,4.9,8500000
2,2,3.3,4100000
6,5,1,105000000
3,3,4,5000000
2,3,3.2,6500000
2,2,4.8,7500000
2,2,4.8,6500000
3,5,7.1,12500000
3,3,4.2,11000000
6,5,12,94500000
7,6,4.8,10000000
6,6,1,110000000
3,3,7.1,37000000
4,4,9.8,42500000
2,2,4.9,11000000
4,4,4.8,47500000
4,4,8.9,45000000
3,3,6,8000000
4,4,16,55000000
0,0,4.2,7000000
2,2,4.8,26000000
6,6,10.4,31500000
4,4,5.8,16500000
4,4,12,68000000
5,5,1,100000000
5,5,2,160000000
0,2,8,27500000
4,3,8.4,20000000
3,3,2,165000000
5,4,12,65000000
0,6,9.6,21000000
0,0,4.8,14500000
3,3,8,8500000
2,2,3.3,3000000
3,3,5.6,4500000
6,6,9.6,23000000
2,2,4.4,6500000
8,7,4.8,8500000
7,7,10,7500000
7,7,4.8,15000000
2,2,4.8,4500000
2,2,4,4300000
6,6,4.8,6000000
3,3,8,7000000
3,3,8,16000000
3,3,7.3,12500000
2,2,4.2,6800000
3,3,8,13200000
3,3,6.4,7500000
3,3,6.4,7800000
3,3,4.9,9000000
3,3,8.6,10500000
4,4,8.9,30000000
3,3,6,5800000
2,2,3.2,4000000
3,2,5.3,12000000
2,2,2.4,7700000
2,2,5.1,6200000
6,5,1,112500000
3,3,8,16500000
0,0,4.8,540000000
3,3,8,15000000
2,2,4.2,4500000
2,2,2,5000000
3,3,8,14000000
8,8,1.2,135000000
3,3,8,30000000
6,5,1,120000
3,3,9.6,30000
3,3,8,75000
3,3,8.9,75000
3,3,9.6,46000
0,0,16,200000
8,9,12.4,160000
3,3,4.9,55000
3,3,9.6,35000
2,2,2.9,15000
2,2,4,25000
2,2,4,25000
2,2,5.6,37000
5,5,1,225000
4,3,7.1,40000
5,5,1,220000
4,4,12,150000
4,4,2.4,225000
3,3,12,68000
3,3,8,65000
3,3,7.6,75000
3,3,6.2,35000
0,0,1.4,400000
5,2,4.4,50000
3,3,12,80000
3,3,1,150000
2,2,3.8,17500
4,3,16,50000
3,3,1,130000
3,3,9.6,42000
3,3,1,115000
5,11,2,500000
6,12,2,500000
2,2,2.9,16000
5,4,2,280000
2,2,7.1,75000
0,0,1.2,300000
6,5,1,199000
6,6,2.1,350000000
10,9,1,31500000
0,0,1.8,210000000
4,4,6.2,10000000
10,6,1,40000000
0,3,10.2,13500000
1,1,4.3,4500000
2,2,5.7,7700000
8,5,1,50000000
6,5,10,30000000
8,7,3,55000000
6,6,14.2,50000000
7,6,1,52000000
2,3,4.4,7500000
1,1,1.4,2300000
1,2,5,5000000
7,6,13,32500000
2,2,6.3,6600000
4,3,12,17500000
0,0,7.1,4800000
0,0,1,135000000
0,0,16,120000000
0,0,3.1,9000000
3,3,5.1,9500000
4,4,1,27000000
6,5,1.6,60000000
6,6,5,9000000
3,5,4,4700000
2,2,4.2,7080000
6,5,7,13500000
2,2,5,3400000
2,2,3.9,9100000
2,2,3,10000000
6,6,1,325000
6,6,1.2,475000
7,7,1,700000
1,2,6.7,30000
6,5,16,140000
3,3,14.2,75000
6,5,1,90000
3,3,6,45000
5,4,1,70000
4,3,6.7,30000
6,6,1,175000
2,2,4.4,23000
2,2,6.2,60000
9,9,16,450000
6,6,1,60000
3,3,14.2,65000
4,3,6.7,28000
3,2,4.9,20000
4,4,12.4,120000
6,6,8,90000
5,5,8,115000
4,3,10.9,43000
2,2,4.4,27000
2,2,8,40000
0,0,1,35000000
6,5,1,65000000
3,3,5,17000000
0,0,5,5500000
5,4,10,22500000
4,4,7.5,16000000
2,2,1.8,3200000
7,6,1,62500000
0,5,10,25500000
6,5,1,54000000
6,5,1,35500000
3,3,3,4490000
3,3,7,13000000
2,2,3,2490000
5,4,1,26000000
0,2,8,8500000
0,4,10,23500000
6,5,10,24000000
4,3,5,12000000
5,3,3,6000000
4,3,8,10800000
0,0,10,15000000
3,5,5,9500000
6,5,1,52500000
7,6,8,15000000
4,3,5.5,11500000
4,4,10,28000000
6,5,1,35000000
6,5,1,60000000
1,2,2.4,3500000
7,6,1,34000000
6,6,2,125000000
6,6,13,32000000
4,3,7,18500000
6,5,1,35000000
3,3,11,12500000
2,2,10,14000000
1,2,5,1500000
1,2,5,1800000
1,2,5,1900000
4,5,8,9500000
5,5,1,42500000
6,5,1,66000000
6,5,1,54000000
5,4,10,39500000
6,5,7,12500000
5,4,10,22000000
6,5,1,67500000
5,4,12,31500000
6,5,1,52500000
5,4,10,30000000
5,4,10,32000000
3,3,2.8,6500000
4,4,3.5,8000000
5,4,3,8500000
4,4,5,11200000
3,3,2,5500000
3,3,2.5,6000000
3,3,2.8,6500000
4,4,3.5,8000000
6,5,10,28500000
7,6,10,19000000
0,0,5,12500000
0,0,5,12500000
5,4,8.5,22500000
2,5,3.5,7500000
5,3,4,8000000
2,6,5,8000000
0,4,14,38000000
7,6,10,19000000
2,2,5,4200000
4,3,10,32500000
6,6,9,16500000
2,2,62.5,4800000
6,6,1.3,67500000
2,2,4.9,7400000
0,0,5,36000
4,3,5,35000
0,0,6,20000
0,0,6,22000
0,0,7,24000
5,6,10,55000
5,4,16,90000
3,3,1,50000
1,2,5,19000
2,2,10,50000
4,5,5,35000
3,3,7,25000
1,1,2.4,13000
5,5,10,80000
3,2,10,21000
3,3,4.8,9000000
4,3,8,14500000
3,5,9.6,10000000
0,4,4.8,12500000
0,4,4.8,12500000
0,2,4.8,10000000
0,6,4.8,16500000
0,4,4,12000000
0,6,5.6,16000000
6,6,4.8,22500000
4,4,10.7,31000000
2,2,4.4,7000000
2,2,4.9,6400000
3,2,4,12000000
3,3,6,13000000
3,3,8,7525000
0,0,4.8,12000000
8,8,1.5,55000000
4,4,8,22000000
2,2,4,7500000
3,3,10.2,37500000
6,5,17,80000000
4,4,4,32500000
2,2,6.2,5700000
9,8,8,26000000
5,4,8.9,29900000
0,2,3.3,4200000
2,2,3.2,4000000
4,3,7.3,18500000
3,3,16,26000000
0,2,4,9500000
7,6,2,175000000
7,7,9.6,40000000
3,3,8,19900000
6,6,18,80000000
2,2,5,13500000
6,5,8.2,20000000
6,4,3,9200000
7,6,1,130000000
0,0,8,10500000
2,2,5,8500000
2,2,4,3200000
3,3,7.3,11500000
4,7,1.5,150000000
6,5,2.2,180000000
3,3,8,13000000
3,2,5.8,13000000
3,3,8,9800000
3,3,8,20500000
8,8,12,42500000
2,2,5.6,7500000
3,2,3.8,7000000
4,3,4.8,46000000
4,4,4,35000000
4,3,4.8,46000000
2,3,4,6800000
3,3,5.3,14500000
3,3,6,8000000
3,2,4.8,7700000
4,3,6,16000000
1,1,1.6,1400000
5,4,14,65000000
10,11,4.3,45000000
2,2,5.6,8000000
3,3,16,45000
1,1,5.6,35000
3,3,16,60000
2,2,3.1,25000
0,3,8,35000
0,2,4.8,24000
0,4,5.6,65000
3,3,9.6,100000
3,3,1,135000
2,2,4,40000
1,1,0.9,26000
5,4,1,220000
2,2,4.8,22000
4,4,1,130000
2,2,4,38000
3,3,2,600000
4,3,9.3,40000
4,3,10,95000
1,1,0.4,5500
3,3,11.1,85000
5,4,1.3,150000
3,3,6.7,110000
4,3,1,95000
1,2,2.4,13000
4,4,10,125000
2,4,4,24000
7,7,1,400000
9,8,2,1200000
3,3,8.9,80000
4,3,9,32500000
7,7,1,32500000
2,2,8,13500000
1,1,1.6,5000000
2,2,3.6,6500000
4,4,5,11000000
7,7,3,40000000
5,4,5,11500000
0,0,9.3,17500000
6,6,12,50000000
6,6,12,67500000
6,6,12,26000000
6,6,10,50000000
6,7,12,75000000
6,7,12,55000000
6,6,14.2,24500000
6,5,8,14500000
6,5,7,15000000
5,3,4.4,16500000
7,6,14,24000000
6,5,7,16000000
6,5,9.3,29000000
6,6,1,42500000
4,5,7,14500000
2,2,6,5535000
6,4,7,15000000
1,1,1.7,2500000
10,9,1.1,85000000
0,5,8,24500000
0,0,4,10500000
3,3,9.7,8500000
5,5,1,60000000
4,4,8,15000000
6,6,14.2,45000000
6,6,10.9,35000000
0,2,4,4200000
2,2,4.2,7000000
1,1,1,2400000
5,4,6.7,25500000
6,6,16,55000000
9,9,1.3,180000000
5,5,1.1,140000000
2,2,3.3,4446000
3,2,10,68000
3,3,8,25000
6,6,1,235000
2,3,10,70000
2,2,6,32000
2,2,6,30000
6,6,1,180000
6,6,1,180000
6,6,1,180000
0,0,1.3,400000
0,0,2,600000
0,0,1.1,350000
0,0,1.3,350000
2,2,7.6,42000
2,2,5,20000
2,2,7.6,55000
2,2,4.4,15000
1,1,5.3,37000
2,2,7,110000
3,3,1,60000
1,1,6,40000
3,3,1,70000
3,3,18,75000
5,3,11,65000
4,4,9.3,80000
5,3,17,85000
5,3,11,60000
4,7,6,90000
3,2,4.4,24000
2,2,4.4,25000
5,3,11,60000
4,4,4.4,50000
8,7,1,175000
9,9,1.3,600000
3,2,5,20000
3,3,12.4,65000
3,2,10,21000
5,5,14,46000000
4,3,5,13900000
0,0,1.5,140000000
0,0,5,11000000
0,0,10,32500000
3,3,4,13800000
5,6,10,37000000
5,5,5,10000000
3,3,4,6000000
3,3,4,5000000
6,5,1,37500000
6,5,1,55000000
4,4,18,28000000
7,7,3,5500000
2,2,2.5,2800000
2,2,2.5,2800000
3,3,5,9500000
5,5,5,9500000
2,2,3,3000000
2,2,1,1800000
2,2,3,3200000
2,2,1,1900000
7,5,1,48000000
4,3,5,17000000
3,2,8,13500000
4,3,5,8600000
2,2,2.5,3200000
0,2,4,3000000
0,0,3,2800000
0,1,2.5,4500000
2,2,3,5000000
6,5,1,46000000
4,4,6,15500000
5,5,10,18500000
2,2,2,2000000
3,3,3,2800000
2,2,1.2,3200000
4,4,10,19500000
5,5,1,45000000
5,5,1,45000000
0,0,10,25600000
0,0,10,25600000
0,0,10,25600000
0,0,10,25600000
4,3,5,16000000
4,3,6,17000000
6,5,13,25000000
4,3,5,14800000
4,3,5,14500000
3,3,3,4490000
6,5,1,41500000
0,0,2.1,90000000
7,5,10,23500000
4,4,2.2,4200000
0,0,10,32500000
0,0,7,20000000
3,3,3,5000000
3,3,6,4500000
8,7,1,30000000
0,0,9.3,26000000
4,4,7,9000000
6,6,13,58000000
4,4,5,9500000
5,5,12,25000000
5,5,10,25000000
3,4,10,7500000
3,8,5.2,12000000
0,2,2.5,3000000
5,5,2,43000000
3,3,4,6500000
5,4,14,40000000
2,2,2.9,5000000
0,0,6.2,7500000
0,0,4.4,6000000
0,0,3.1,3500000
1,2,1.7,4000000
4,3,8.7,15000000
3,3,5.8,6500000
3,3,10,11500000
4,5,3.2,4000000
3,3,6.4,9000000
2,2,3.2,5800000
4,4,14,15000000
4,4,14,15500000
4,4,14,20000000
3,3,11.6,18000000
4,3,1.2,70000000
9,9,9.6,23000000
9,9,9.6,23000000
3,3,7.1,7300000
6,6,16,55000000
1,1,2,3400000
4,3,11.4,31000000
4,3,11.4,32000000
4,3,11.4,27000000
4,3,11.4,31000000
4,3,11.4,32000000
4,3,11.4,27000000
0,3,6.2,6000000
0,2,2.4,3800000
0,2,4.2,4600000
0,0,2.4,3600000
1,2,2,2000000
2,3,3.4,2800000
2,3,4.8,7000000
6,6,4.8,13000000
2,2,4.8,7500000
2,2,4.8,8500000
2,3,5.8,14800000
0,3,7.3,18000000
0,6,1,130000000
3,3,8,19500000
3,3,8,13800000
3,3,8,14500000
3,3,8,7000000
3,3,8,11800000
3,3,8,11000000
2,2,4.2,6400000
3,3,10,13000000
2,2,4.2,6400000
4,4,4.8,13000000
3,3,4.9,9000000
2,2,4.2,7500000
2,2,3.3,3500000
5,4,4.8,14500000
2,3,4.8,6800000
3,3,8,14500000
3,3,8,21000000
3,2,4.7,5500000
2,2,4.2,6200000
2,2,5.1,7000000
0,3,7.1,11000000
3,3,6.2,27000000
8,10,18,58000000
5,4,1,90000000
3,3,6,15000000
0,0,1.4,85000000
3,3,11.4,35000000
3,3,11.1,50000000
1,3,3.2,15000
2,2,2.9,20000
2,2,8,20000
1,2,8,25000
3,3,9.6,50000
4,3,11.4,56000
4,3,11.4,57000
0,1,1.6,7500
0,1,1.6,7500
0,0,3.2,17000
0,0,3.2,42000
0,0,3.2,15000
0,0,3.2,15000
0,0,3.2,12000
0,0,3.2,17000
0,0,3.2,17000
2,2,4.4,45000
0,0,4.4,65000
0,6,2,400000
2,2,4.2,30000
2,2,4.2,30000
2,2,4.2,40000
2,2,4.2,35000
5,5,1,400000
4,4,12,200000
1,1,3.1,5000
3,2,5.8,60000
3,3,6.2,70000
3,3,7.8,85000
2,1,2,30000
2,2,4.2,45000
3,3,5.6,55000
2,2,4.2,45000
3,3,5.8,50000
3,3,1,145000
4,4,14,90000
4,4,14,95000
3,3,7,25000
5,5,1.1,350000
0,0,5,38000
8,8,1,600000
0,0,1.1,77500000
0,4,2,190000000
6,6,5,9000000
2,2,2.1,2800000
3,3,9.1,16000000
0,0,10,38000000
5,5,10,29000000
6,6,1,40000000
0,0,5,3500000
4,3,8,5800000
4,4,10,24000000
0,0,7,25000000
4,3,1.8,14000000
5,5,1.3,110000000
6,5,3.5,350000000
5,5,3.2,340000000
6,5,10,42000000
5,4,5,9500000
4,3,5,13000000
7,7,4,23000000
4,4,8,24000000
3,3,5.4,8500000
1,1,2.7,2200000
3,3,5,6800000
6,6,1,39500000
2,2,3.9,3500000
3,5,4,14000000
4,3,9,32500000
2,2,3.1,22000
2,2,3.1,28000
0,0,2.6,26000
9,7,1,350000
4,3,1,95000
2,2,4.7,45000
3,3,1,75000
6,6,12,130000
7,7,1.2,500000
3,3,14.2,56000
5,5,1.2,350000
9,9,2,500000
3,3,14.2,59000
6,6,1.9,400000
4,3,1,45000
0,0,2,700000
5,5,1.2,700000
5,5,1.2,250000
8,7,1,250000
2,2,10,59000
3,3,1,200000
4,4,1,250000
3,3,1,150000
0,0,10,70000
3,3,1,160000
3,3,10,70000
0,0,1.6,250000
4,4,10,200000
9,9,2,400000
3,2,10,30000
3,3,10,27000
6,5,1,150000
4,4,1,100000
4,4,1,80000
3,3,1,85000
5,4,16,130000
0,0,1,160000
3,3,10,25000
0,0,3,22000
0,6,9.3,80000
0,3,8,30000
2,2,7,22000
3,3,1,37000
6,5,10,65000
2,2,5,30000
2,2,5,18000
2,2,5,22000
2,2,5,30000
2,2,5,30000
2,2,5,25000
6,5,1,59000000
5,4,12,15000000
7,6,1,28000000
4,3,2,27500000
0,6,12,26000000
4,4,5,8000000
5,4,10,20000000
3,3,3,5000000
5,5,3,7000000
3,3,5,10500000
3,3,5,14500000
3,3,3,2500000
1,1,3,5000000
4,4,5,6500000
0,6,19,52500000
6,5,1,60000000
6,5,1,39000000
4,3,4,7600000
7,5,8,18000000
5,4,10,25500000
4,4,5,6300000
7,5,2,150000000
0,0,5,11200000
8,6,12,34000000
5,4,10,21500000
5,4,10,18500000
2,3,12,26500000
6,5,1,45000000
4,5,3,5500000
3,3,5,8700000
4,3,5,13500000
0,0,10,25000000
0,0,2.8,5800000
0,0,2.2,4200000
0,0,2.5,2800000
0,0,3,3000000
0,0,3.8,8500000
0,0,8.5,20000000
0,0,7.8,10000000
4,4,5,8500000
7,6,5,8500000
0,0,12,18000000
7,5,7,25000000
6,5,7,14500000
6,5,7,13300000
5,5,10,15500000
5,5,10,20000000
6,5,10,15000000
3,3,10,25000000
5,5,10,24000000
3,5,10,38000000
4,3,10,32500000
2,2,5.6,5700000
9,6,6,24000000
2,4,3,6200000
0,0,10,25000
0,0,5,16500
0,0,5,13000
0,0,5,18000
0,0,10,35000
0,0,6,16500
0,0,5,35000
0,0,8.5,25000
0,0,7.5,30000
0,0,7,10000
0,0,2,25000
0,0,1.1,14000
0,0,7.5,16000
0,0,4.5,15000
0,0,7.5,26000
0,0,12,25000
3,3,4.8,4000000
3,3,4.8,4000000
3,3,4.9,8000000
3,3,5.6,8000000
3,3,8,32500000
3,2,4.4,5200000
7,6,1.3,137500000
3,3,8,19000000
2,2,4.2,8500000
3,3,6,14500000
3,3,8,12500000
3,3,5,8500000
2,2,4.2,5000000
5,6,8,30000000
3,3,10,11000000
8,8,2,150000000
4,3,8,18000000
10,10,6.4,25000000
3,7,16,60000000
0,2,4.2,8500000
0,2,4.2,10000000
0,2,4.2,10000000
0,2,2,5500000
0,2,2,4500000
0,0,12,57500000
3,3,10.6,12000000
6,5,1,130000000
3,3,3.6,4500000
4,4,12,60000000
0,0,1,115000000
2,2,3.3,4500000
3,3,9.6,25000000
2,2,3.1,3000000
0,0,6,18500000
5,4,12,75000000
2,2,2.2,4600000
0,0,12,97500000
2,3,2.4,2000000
3,3,8,13000000
3,3,8,13000000
3,3,8,14500000
3,3,8,14500000
3,3,8,14000000
3,3,8,14000000
3,3,4.9,14000000
3,9,3.8,9700000
2,2,4,6500000
2,2,3.6,7000000
4,4,4,33000000
3,3,9.6,24500000
2,2,5.3,5600000
4,4,3.2,6050000
5,5,19.2,53000000
4,4,10.8,30000000
4,4,14,18500000
2,2,3.8,5000000
9,9,5,18500000
4,4,4.8,17500000
5,4,5,9000000
5,5,1,70000000
2,3,3.4,4000000
7,7,16,50000000
3,5,3.4,7100000
4,4,14,57500000
4,4,14,58000000
1,2,3.4,3800000
3,3,10.2,23700000
1,1,3.4,3800000
2,2,4.8,28000
3,3,9.6,42000
2,2,4,27000
2,2,4,28000
4,4,7.6,110000
4,4,4,135000
2,3,4.8,16500
1,2,1.8,15000
3,3,7.6,90000
2,2,6.2,36000
3,3,7.1,65000
5,5,14,325000
3,3,10.2,135000
0,0,8,85000
3,3,8.9,90000
3,3,9.8,100000
4,3,6.7,65000
5,5,1.6,500000
4,4,10,180000
2,2,4.2,18000
0,3,5,25000
3,3,8,50000
0,3,6,40000
2,2,4.4,48000
3,3,6.9,70000
2,3,9.6,33000
3,3,4.4,25000
3,3,6.2,40000
3,2,4.4,22000
2,2,3.8,14000
2,3,5.6,16500
4,3,8,37000
4,3,1,110000
2,2,4.8,25000
4,3,1,95000
3,3,9.8,55000
5,5,1,115000
4,4,14,85000
3,3,12,85000
6,5,1,71000000
3,2,8.7,48000000
0,0,3,5090000
2,2,2.9,3890000
4,4,6,12000000
0,0,5,42500000
1,1,4.2,6500000
0,0,14,50000000
4,3,14.3,17500000
7,7,12.4,50000000
7,7,14.2,65000000
3,2,5,5500000
2,2,4.1,5500000
5,5,14.2,45000000
1,1,2.4,3500000
2,2,5,3500000
0,0,10,25000
0,0,1,100000
0,0,5,45000
0,0,3.5,25000
0,0,2.5,11000
0,0,2.5,18000
0,6,3.5,30000
0,0,3.5,14000
0,0,3.5,8500
0,0,4,20000
0,0,3,16000
0,0,2.5,16000
0,0,3.5,12000
0,0,2.5,18000
0,0,3.5,16000
0,0,5,25000
0,0,2,14000
0,0,4,16000
0,0,4,15000
0,0,3,9000
0,0,10,28000
0,0,7,25000
0,0,2,12000
0,7,3.5,25000
0,0,2.5,15000
0,0,2.8,13000
0,0,2,7500
0,0,3.5,11000
0,0,7,25000
0,0,4.5,35000
0,4,10,50000
0,0,7,50000
0,0,7,35000
0,0,10,50000
0,0,1,13000
0,3,7,32000
4,4,10,100000
6,5,10,65000
0,2,2.9,20000
2,2,4.9,45000
3,3,10,32000
6,5,1,80000
3,2,5,23000
4,3,5,25000
3,3,10,35000
3,3,8,50000
2,2,7,23000
4,3,5,13200000
2,2,5,7900000
4,3,3,6750000
6,5,1.1,46500000
5,5,1,42500000
5,4,7,15000000
2,4,2.5,76000000
6,5,10,21500000
6,4,10,25500000
4,4,10,30500000
7,6,10,22500000
6,5,1,35500000
6,5,1,55000000
6,5,1,61500000
6,5,1,40000000
4,3,5,8000000
2,4,2.5,6500000
4,3,5,14500000
4,3,5,9600000
5,4,10,29900000
6,5,10,18500000
3,5,3.5,5500000
4,3,4,8600000
6,6,13,32000000
4,4,4,13500000
2,2,3,3800000
3,3,24,52500000
6,5,10,21000000
0,0,3,4600000
0,0,10,24500000
3,2,5,7000000
5,4,5,12500000
6,5,1,37500000
0,0,1,37500000
0,0,1,40000000
1,3,5,7500000
6,5,1,55000000
4,3,5,11500000
5,5,10,24000000
3,3,4,8200000
0,0,2,120000000
6,5,4,300000000
5,5,1,70000000
3,3,4,8200000
6,5,2,182500000
6,5,1,44000000
4,4,7,19000000
5,4,1,65000000
6,5,2,150000000
0,0,1.1,55000000
0,0,1,60000000
0,0,13,18000000
0,0,11.5,24000000
0,0,5,12000000
0,0,6,22000000
4,4,2.5,5000000
8,8,10,25000000
1,1,1.6,2400000
4,5,5,4600000
6,5,2,59000000
6,5,1,48900000
7,6,1,45000000
6,5,10,24900000
4,4,10,26500000
4,4,7,15000000
0,0,1.2,65000000
2,2,5,9500000
2,2,3,2400000
2,2,5.2,3700000
2,2,3.4,4200000
2,2,3.4,4600000
5,8,5.1,20000000
2,2,3.4,3600000
0,2,4.2,6400000
3,3,7.6,15000000
3,3,8,9400000
3,3,7.1,19500000
3,3,6,9000000
2,2,3.3,3750000
6,5,1,67500000
2,2,3.1,4800000
2,2,4.4,5000000
2,2,4.9,7000000
2,2,3.8,3800000
3,3,8.6,14500000
3,3,8.6,14500000
2,2,2.7,2300000
3,2,4,10000000
6,2,4,10200000
6,2,4,10300000
6,2,4,10500000
3,2,4,10000000
6,6,12,60000000
3,2,5.6,11000000
3,3,6.7,7500000
3,2,5,6500000
2,2,2.7,6500000
2,2,5,5300000
3,3,5.2,9500000
5,4,15.6,62500000
6,6,16,50000000
6,5,1,95000000
3,3,8,16000000
2,2,4,8000000
3,3,4,37000000
6,6,1,80000000
6,6,1.2,112500000
7,6,1,109000000
8,7,2,200000000
0,3,10.2,16000000
3,3,7.1,27000000
2,3,2.4,11000000
2,2,4.4,7500000
2,2,3.2,3800000
3,3,8.9,53000000
9,8,5.3,30000000
4,4,10.4,44500000
3,4,9.6,14000000
4,3,18.5,25000000
4,4,14,18000000
3,3,4.2,15000000
2,2,4,6000000
3,3,9.4,11500000
4,4,14,19000000
3,3,8.9,19000000
4,3,12,55000000
0,0,5,5450000
3,3,6,11000000
2,2,4.4,7000000
2,2,5.3,16000000
2,2,4.2,5500000
0,0,2.4,1750000
3,3,8,13000000
0,0,2,1550000
3,3,10,11000000
0,0,2.4,2400000
2,2,4.2,10500000
5,4,12,18000000
3,3,5.3,14000000
4,3,1.3,120000
0,0,1,600000
5,5,1,280000
0,0,1.2,180000
6,6,2.1,160000
4,4,16,70000
2,3,5.6,16500
2,2,4,20000
4,3,2,15000
2,2,4,50000
6,6,10,300000
6,6,1,300000
3,2,3.6,22000
3,2,5.3,26000
4,3,8.4,45000
3,2,5.8,38000
2,2,4.8,21000
4,4,1,185000
0,0,8,30000
0,0,4.2,48000
2,2,4,50000
0,0,4,50000
2,2,4.4,25000
10,10,1.3,550000
2,3,4.9,35000
2,2,5.6,27000
3,3,18,70000
2,2,3,18000
2,2,3,12000
2,3,4,40000
3,2,5,20000
3,3,1,60000
1,1,2.7,38000
5,5,1.2,550000
3,3,1.2,175000
6,6,2,400000
5,5,1,430000
4,4,1,300000
8,8,1.4,300000
0,0,1,120000
3,3,1,250000
3,3,12,50000
3,3,1,110000
6,6,1,550000
3,3,14,60000
5,4,1.3,150000
0,4,8.9,130000
3,2,5,18000
4,4,14,100000
5,4,5,34000
7,7,1,200000
6,6,1,72500000
2,2,5,2700000
2,2,5,2300000
2,2,5,3550000
8,8,2,145000000
9,8,2.1,110000000
6,5,1,95000000
3,4,9.7,8500000
3,4,8,8500000
5,5,3.3,200000000
5,5,3,200000000
5,5,1.6,130000000
5,5,1.9,140000000
5,5,1,110000000
5,5,1,90000000
5,5,2.2,140000000
5,5,1.3,110000000
3,3,4,6200000
10,9,1.3,195000000
1,1,2.7,4598000
5,4,4.4,15800000
7,6,1,45500000
0,0,1,13000000
0,0,1,77500000
9,9,1.3,100000000
0,0,1,65000000
0,0,2,130000000
0,0,8,27000000
6,6,1,53500000
1,1,3.3,5300000
7,4,6,8200000
2,2,5.3,11000000
6,6,1.2,72500000
3,3,5,6500000
9,8,1,47500000
9,8,7,17000000
1,1,1.9,2950000
4,4,5,7500000
1,1,1.4,1850000
2,2,6,5800000
3,3,1,45000
4,3,5,48000
4,3,10.9,43000
5,5,1.2,230000
3,3,1,120000
6,6,5,100000
2,2,8,37000
3,2,1,80000
5,5,1.4,400000
10,11,2,1300000
4,4,2,700000
2,2,8,35000
0,2,5,18000
7,6,1,125000
0,0,5,35000
0,0,14,85000
0,0,2,225000
0,0,1,200000
0,0,4.2,2280000
0,0,4.4,1000000
0,0,2.2,500000
2,2,3.5,25000
2,2,4.4,28000
3,3,1,36000
6,5,10,65000
5,5,8,52000
0,3,6,22000
0,0,1.2,160000
3,3,10,35000
3,2,10,35000
10,11,10.5,150000000
3,3,1.7,5500000
6,5,10,16300000
6,5,1,42000000
4,3,5.5,15500000
4,3,5,16500000
6,6,8,19000000
7,6,2,165000000
4,3,7,14000000
4,4,4.5,15000000
4,4,5,8500000
4,4,10,21500000
5,4,8,22000000
3,3,5,11500000
7,6,1.2,39000000
4,3,5,14200000
0,0,4,12000000
4,4,10,18600000
0,4,7,29000000
5,4,10,28500000
5,4,10,32500000
4,3,5,17500000
5,6,12,24000000
5,6,7,13000000
3,3,3,6750000
2,2,8,16000000
5,4,16,18000000
4,3,5,12000000
5,4,5,6800000
4,3,5,12500000
6,5,1,55000000
6,5,1,42500000
6,5,1,61000000
6,5,1,52500000
6,5,1,57500000
6,5,1,50000000
6,5,1,47000000
0,0,7,20000000
0,0,5,8500000
0,0,5,6500000
0,0,4,6500000
0,0,2.5,2500000
0,0,2.5,3500000
4,1,4,7500000
1,2,2,1500000
4,4,4,4800000
3,6,5.3,8500000
1,3,2.5,2300000
0,2,7.6,13500000
6,6,11,10000000
5,5,10,17000000
3,3,4,2300000
2,2,5,8500000
3,4,3,5200000
3,3,6,8000000
2,2,5.8,8000000
6,6,10,15000000
7,8,7.5,23000000
2,2,4.4,25000
2,2,3.1,18000
0,0,10,90000
3,3,9.6,25000
3,3,5.1,35000
3,2,16,42000
3,3,8,30000
7,5,9.6,30000000
0,2,4.8,14000000
0,2,2.9,4200000
0,2,4.4,5500000
6,6,4.8,16000000
0,2,4.4,5600000
0,6,16,50000000
7,6,17.8,37000000
2,2,4.2,15000000
4,3,8.9,18500000
3,3,8,21000000
6,5,1.2,130000000
0,0,5.8,4700000
2,2,4.8,38000000
3,6,3.2,6500000
2,2,3.1,3500000
4,4,9.8,8300000
2,1,2.2,2900000
2,2,4.9,8700000
2,3,3.3,3600000
4,3,8.7,37500000
7,7,4.8,12500000
9,9,1.3,120000000
4,3,4,40000000
4,4,14,17000000
2,2,3.4,3500000
2,2,4.2,4900000
3,3,10,11500000
0,0,2.6,2500000
5,6,7.1,25000000
2,2,3.6,5200000
3,3,8,27500000
0,10,12,120000000
2,2,3.3,6000000
7,6,6.4,28000000
1,2,2,1250000
3,3,5.5,12000000
4,3,7.6,22500000
0,0,9.8,38000000
2,2,1.6,2500000
8,6,9.6,37500000
2,2,3.1,3500000
2,3,4.8,7500000
5,4,4.8,12500000
3,3,7.3,29500000
7,6,1,135000000
6,5,1,92500000
3,3,6,10500000
0,0,3.3,7400000
4,4,5,12500000
2,2,4,8000000
2,2,2.7,2300000
7,6,4.8,28000000
4,3,8,13500000
3,3,8.3,14500000
5,4,13.1,17000000
6,6,2.4,7500000
5,5,1.2,38000000
6,6,4.8,27000000
1,2,2,1100000
3,3,4.8,17500000
3,2,5.1,6800000
3,3,8.6,35000
5,5,1,275000
3,3,1,125000
2,3,6.4,30000
3,3,10,36000
3,2,4.8,45000
3,3,1,140000
3,2,4.7,57000
3,3,1,170000
3,2,4.7,57000
2,2,4.2,50000
4,3,5.1,50000
2,2,4.2,46000
3,3,5.1,60000
3,3,5,25000
3,2,5.3,50000
3,3,9.6,85000
2,2,4.2,35000
2,2,4.8,25000
2,2,4.7,45000
2,2,4.9,29000
4,8,1.2,650000
3,3,8,70000
3,3,7.3,53000
2,2,14.2,200000
3,3,6,81000
3,2,5.3,25000
3,2,5.3,25000
2,2,4.8,25000
3,2,4.8,20000
2,2,5.6,35000
3,2,6,25000
3,3,10,30000
2,2,1,215000
3,4,5.6,60000
6,5,2,450000
5,5,1,210000
6,6,1,415000
3,3,7,28000
2,2,5.6,25000
3,3,1,38000
5,5,4,67000
3,3,1,70000
2,2,10,41000
3,3,14,55000
3,3,1,110000
3,3,1.2,90000
0,0,1,87000
3,3,1.3,180000
4,3,1,40000
6,6,1.2,200000
2,2,3.1,25000
2,2,4,25000
7,6,8,80000
8,6,14.2,99000
4,4,13.2,50000
5,4,10,30000
2,2,8,35000
4,3,1,45000
6,6,1,120000
3,3,7,4500000
3,3,5,6500000
2,2,5,5500000
2,2,2.7,3000000
0,0,4,6500000
0,0,2.7,4840000
2,3,4,6500000
0,0,4.3,7696000
2,3,5,7100000
0,0,4.4,7920000
3,3,12,13000000
0,0,4.7,8400000
0,4,8,130000000
0,4,8,130000000
4,4,6,7500000
7,4,7.1,27000000
5,4,8,13000000
2,2,4,8400000
6,6,7,19000000
2,2,4.8,8500000
3,2,5,7500000
0,7,1,46000000
4,4,5.6,19000000
6,6,16,80000000
5,4,5,8000000
3,2,5,5700000
5,4,7,15000000
0,0,5,30000
3,3,5.5,21000
2,2,10,35000
1,1,0.8,5000
4,3,2.5,35000
0,0,5,35000
0,0,3,22000
0,0,5,33000
0,0,5,23000
0,0,5.5,45000
6,5,10,60000
2,2,5,36000
2,2,10,22000
3,3,5.9,55000
2,2,0.6,25000
6,5,10,65000
6,5,1,43500000
6,5,1,36000000
6,6,1,73500000
2,6,6,9000000
7,6,1,37000000
2,2,2,10000000
2,3,5,6500000
7,6,14,22900000
10,11,16,35000000
6,5,1,48000000
8,6,1,38000000
6,5,1,35000000
6,5,10,26000000
0,0,3,3750000
6,5,1,48500000
0,0,5,15500000
2,3,3,5500000
5,4,1,17500000
6,5,10,24000000
4,4,10,21000000
2,2,3,4200000
2,3,5,9200000
2,3,5,5600000
5,5,10,39900000
4,5,5,11200000
10,7,2,68500000
0,0,1,40000000
5,8,5,12000000
3,2,10,11500000
8,5,1,37500000
2,4,5,5500000
5,9,7.8,19000000
4,4,17,35000000
5,5,10,20000000
10,11,9.6,700000000
6,5,10,28500000
3,3,4,7800000
3,3,4,7800000
6,5,1,58000000
6,7,1,60000000
0,0,5,8500000
0,0,4,7000000
0,0,5,8500000
0,0,5,8500000
0,0,5,8500000
0,0,5.3,9500000
4,4,10,16000000
4,2,10,9000000
2,3,5,6500000
2,3,3,5500000
3,3,13,20000000
5,5,5,9500000
0,4,1,40000000
0,5,1,45000000
0,4,16,40000000
0,6,1.1,60000000
8,10,11,24000000
2,2,5,14000000
1,3,2.7,3000000
6,5,13,31500000
0,0,10,17700000
0,0,10,17800000
2,2,3,6450000
4,4,7,15500000
5,5,1,47000000
2,2,4.2,5000000
5,5,10,16500000
7,6,7,10000000
3,3,5,6500000
5,5,10,19000000
5,5,10,17000000
1,2,4,3600000
6,6,1.1,41500000
2,3,4,12000000
5,5,1.1,45000000
5,5,1.1,50000000
1,2,2.6,3500000
1,1,4,2200000
3,3,6.4,15500000
5,5,14,105000000
7,6,2,280000000
3,3,5.3,13500000
3,3,5.3,13500000
7,6,2,185000000
2,4,3.6,6600000
0,0,5.4,6800000
7,6,2,270000000
6,6,2,270000000
3,2,2.4,2800000
4,4,9.8,22500000
2,2,4.2,5600000
7,10,18,57000000
0,3,8,20000000
0,0,1.2,170000000
0,3,8,18000000
0,3,8,20000000
4,4,8,22000000
2,2,3.3,6400000
4,3,7.2,12000000
6,6,1,85000000
7,8,9.6,30000000
2,2,4.9,8500000
2,2,3.2,3800000
5,5,1,71000000
3,3,1.2,70000000
2,2,4,6500000
0,2,5.3,21000000
0,3,7.6,22000000
0,3,8,27500000
0,3,8.9,31000000
0,3,8.9,31000000
0,2,4.4,9600000
0,2,4.4,9000000
0,2,8,27000000
0,0,8.9,31200000
0,0,4.4,9400000
6,5,10,21000000
6,5,10,22000000
3,3,6.2,9000000
6,5,10,22000000
2,2,4.4,5800000
2,2,16,40000000
3,3,4.8,17500000
1,1,1.3,1900000
6,6,9.6,30000000
1,2,2.8,3650000
3,3,5.8,7000000
2,2,4,6500000
6,5,1.3,150000000
4,5,4.8,14000000
3,3,8,23000000
6,6,16,35000000
0,0,15.6,110000000
6,6,8,22500000
6,6,16,35000000
6,6,8,22500000
3,3,8,11000000
6,6,8,21500000
3,2,3.4,6500000
3,3,8,14500000
6,6,10,26000000
6,6,10,26000000
0,0,3.8,6500000
3,4,4.8,20000000
2,4,3,6500000
3,3,7.3,24000000
3,3,5.6,5500000
4,6,9.6,25000000
3,5,4.6,12700000
2,2,4.9,6500000
9,10,1,100000000
3,3,5.6,12500000
2,3,4.4,5900000
6,6,12,41000000
10,11,4,18500000
2,3,4,4300000
2,2,3,3800000
4,3,8,15000000
5,5,1,110000000
3,3,4.2,3250000
2,4,4.4,4500000
0,4,16,38000000
0,0,4.8,11500000
5,6,9.6,32500000
4,3,8,7600000
4,4,8,28500000
3,3,5.6,6800000
6,5,16,50000000
3,3,4.8,17000000
2,2,3.4,4000000
2,2,3.6,4500000
2,2,3,3500000
3,3,8,12200000
3,3,9.4,12000000
3,3,14,16500000
3,3,8,12200000
3,3,8.9,100000
4,5,4.8,43000
5,4,15.6,200000
5,5,14,150000
0,2,4.4,42000
0,2,4.9,55000
0,5,1,300000
0,2,2,27000
0,2,2,32000
0,2,2,32000
0,2,2,33000
0,2,2,35000
0,2,2,30000
0,2,2,45000
0,2,4,50000
0,2,2,28000
0,2,2,30000
0,2,4.4,40000
0,2,4.4,42000
0,2,4.9,55000
0,5,1,300000
0,2,2,27000
0,2,2,32000
0,2,2,32000
0,2,2,33000
4,3,9.8,50000
5,5,18.7,185000
3,3,1,100000
3,3,12,35000
2,2,6,22000
3,3,12,45000
1,1,0.5,10000
1,1,3.3,36000
2,2,1,75000
3,3,7,23000
0,0,1,185000
2,3,8,42000
5,4,1,45000
2,2,4.4,23000
2,2,5,35000
2,2,8,36000
0,0,1,60000
5,4,1.6,200000
6,6,1,250000
3,3,18,70000
10,10,1.1,300000
3,3,1,75000
3,2,16,50000
4,3,16,52000
7,7,2,225000
2,2,8,36000
3,3,12,65000
7,7,2,225000
3,3,1,50000
5,4,1.3,250000
2,2,1,150000
3,3,12,55000
4,4,5,38000
2,2,1,65000
2,2,5,35000
3,4,11,70000
3,3,12,35000
0,3,1,90000
0,2,4.4,60000
5,4,10,16000000
6,6,14.2,25500000
6,5,8,15000000
6,5,8,15000000
5,4,8,14000000
2,2,6.3,7000000
8,7,14.2,25000000
2,2,10,10500000
5,5,1,75000000
0,0,8,16000000
6,6,10.9,35500000
7,6,1,91000000
5,4,4.4,15700000
5,4,4.4,16200000
0,1,3.4,5696000
0,3,5.9,9900000
4,4,5.6,17500000
1,1,1.8,1600000
2,2,3.6,1500000
4,4,5,9000000
4,4,5,9000000
5,0,12,19000000
3,3,4.2,7500000
7,6,1,35000000
7,5,9.6,15500000
6,6,14,25500000
8,8,1.3,129800000
3,3,8,7450000
5,9,10,20000000
5,4,12,23500000
2,2,5,2850000
2,2,5,3800000
2,2,3.6,3750000
5,5,1.2,45000000
6,6,12,47000000
3,3,8,7500000
4,4,4,16500000
3,2,7,20000
6,5,10,80000
4,4,5,35000
2,3,4,20000
2,3,5,20000
2,2,10,10000
4,3,10,18000
2,2,5,25000
2,2,4.9,60000
3,2,10,30000
1,1,5,7600
4,4,9,40000
3,3,18.7,45000
3,3,10,32000
3,2,6,25000
2,2,6,16000
6,5,10,60000
5,4,10,65000
2,2,5,45000
2,2,4.9,65000
4,4,5,9500000
3,3,16,44
2,2,6,22000000
4,3,3,7650000
4,3,10,14500000
3,2,10,14800000
4,4,5,13500000
4,4,5,14000000
4,4,5,13500000
4,4,5,13800000
4,4,5,12800000
4,4,5,12500000
4,4,5,13000000
2,2,4.3,7990000
3,3,5,9500000
3,3,5,9500000
3,3,5,9500000
3,3,5,9200000
3,3,5,9000000
3,3,5,9500000
3,3,4,7000000
3,3,5,9400000
3,3,5,9300000
3,3,3,5500000
3,3,3,5300000
3,3,3,5400000
3,3,3,5500000
3,3,3,5500000
3,3,3,5400000
3,3,3,5400000
2,3,2,3600000
2,3,2,5500000
5,5,12,20000000
5,5,10,22500000
5,4,10,19500000
7,7,10,26000000
5,5,5,14500000
5,5,1,38500000
5,5,1,47500000
5,5,10,23500000
6,5,1,39900000
5,5,1,46000000
6,5,10,32500000
4,3,5,8500000
2,3,3,6200000
4,3,5,8500000
6,5,1,43500000
0,0,1,37500000
3,3,3,6500000
4,3,5,10800000
0,3,3,5500000
0,4,8,15000000
0,4,10,16000000
4,4,5,8500000
0,8,2,120000000
4,4,5,14500000
3,3,5,9000000
3,3,9.1,14000000
4,3,5,11500000
0,0,5,11500000
5,5,1,35000000
6,5,1,42000000
0,3,3,8000000
0,3,5,17500000
0,3,4,11000000
4,3,5,11500000
5,4,10,20000000
6,5,10,21000000
4,3,5,10500000
4,3,3,7500000
4,3,6,9000000
6,5,1,61000000
5,4,17,37000000
6,5,17,42000000
3,3,10,16000000
4,3,10,17500000
5,4,10,22500000
5,4,10,26000000
4,3,5,12000000
4,3,5,12200000
7,6,14,31500000
5,4,10,27500000
7,6,2,82500000
0,0,3,14000000
2,2,4,8500000
4,3,2.5,4200000
0,0,5,21000000
6,5,1,49500000
0,0,8,45000
4,3,16,80000
0,3,9.3,90000
0,3,9.3,92000
4,3,1,130000
3,3,7.2,35000
3,3,4.8,55000
2,2,4.8,25000
7,6,1,325000
4,3,7.8,80000
3,3,8,60000
1,2,3.2,12000
3,3,9.4,12000000
3,3,14,16500000
10,11,2,220000000
1,1,2.2,3000000
5,4,4,41500000
6,6,8,32500000
3,3,7.6,19500000
0,0,5,5000000
1,2,1.6,2500000
1,2,1.6,2500000
4,4,9.8,31000000
3,2,4.8,9900000
3,2,4,10000000
4,4,10.2,20500000
2,2,3.2,4500000
2,2,2.4,2500000
3,3,16,54000000
3,3,5.8,6500000
3,3,10.7,12500000
3,3,8.8,17000000
2,2,2.7,3500000
4,3,14.4,70000000
5,4,1.1,62000000
0,0,8,7500000
5,4,4,40000000
0,0,1,100000000
1,2,3.8,2800000
4,4,11,12400000
4,3,7.1,5136000
3,3,5,6642000
1,3,3.2,6000000
1,3,3.2,3800000
5,6,4.8,17500000
0,2,4,9000000
0,3,5.3,11500000
3,3,12.4,42000000
2,2,4,7000000
1,1,2,3600000
2,2,3.8,4000000
7,6,1.3,150000000
4,4,8,21000000
3,3,6.7,17500000
2,2,2.9,3000000
3,3,7.8,22000000
6,6,1,200000
6,6,1,200000
6,6,1,200000
6,6,1,200000
6,6,1,200000
5,5,10,55000
4,4,6,45000
2,2,10,35000
3,3,1,35000
9,7,1,400000
0,0,1,150000
3,3,10,75000
5,5,1.1,300000
4,4,1.1,900000
5,5,10,90000
7,7,1.1,650000
5,5,1.3,220000
2,2,4.9,35000
6,5,10,65000
3,3,1,35000
0,9,2,600000
3,3,10,45000
3,3,10,32000
3,3,1,90000
9,7,3,350000
5,4,10,50000
2,2,1,32000
5,4,10,50000
4,4,1,160000
3,3,12,55000
4,3,11,100000
3,3,12,65000
3,3,12,50000
4,4,1,85000
3,3,7.1,55000
6,6,10,115000
4,3,1,40000
8,6,1,280000
3,3,12,27500
3,3,1,60000
1,1,3,14000
3,3,10.9,210000
3,3,9,24500000
4,4,16,62500000
4,3,11,21000000
8,6,2.4,37000000
1,1,1.3,3400000
8,5,2.2,25000000
4,4,1,50000000
5,5,6,21000000
2,2,3,3100000
6,5,12,19000000
5,3,4.4,18200000
9,9,10,45000000
5,4,20,220000000
2,2,4.5,5500000
3,2,5,5800000
4,4,5,11000000
1,2,3.5,3100000
3,3,5,32000
1,1,1.6,7000
2,2,5,25000
3,2,10,35000
5,4,13,29800000
6,5,2,128000000
7,5,1,30000000
4,3,5,9500000
4,3,5,15000000
7,5,8,16500000
7,5,1,39000000
4,3,5,10500000
0,5,3,8000000
6,5,10,14500000
5,5,8,14000000
5,5,8,15000000
4,4,6,13000000
5,5,8,15000000
5,5,8,14000000
3,3,4,10000000
0,4,10,23000000
0,3,5,11000000
0,3,5,10000000
0,3,5,11000000
4,4,6,13000000
0,5,10,25000000
0,4,10,23000000
0,4,10,22000000
0,5,10,24000000
4,4,1,45000000
6,5,10,29000000
3,3,4,9000000
3,3,4,9000000
6,6,8,16500000
3,3,4,9500000
0,2,5,4000000
6,5,10,21000000
0,5,1.2,48500000
3,3,6,12000000
2,2,2.5,4200000
6,5,10,23000000
0,5,1,61000000
4,3,5,12000000
0,3,10,13000000
0,5,1,32500000
0,4,1,21500000
0,6,1,37500000
0,4,10,22500000
0,4,10,16500000
0,6,2,100000000
0,5,2,90000000
0,5,10,19500000
0,4,10,28000000
0,5,10,20000000
0,5,10,17000000
0,5,12,22500000
5,4,5.5,17500000
2,3,5,6600000
5,5,1,55000000
2,3,5,6800000
6,5,1,49500000
5,5,10,39900000
6,5,1,52000000
6,5,10,25000000
6,5,1,67000000
7,7,1,22500000
4,4,5,7700000
5,5,5,9000000
10,11,4,300000000
6,5,12,25000000
6,5,7.5,18000000
5,5,4,265000000
5,4,10,33500000
5,4,10,31500000
6,5,1,43500000
5,4,7,26000000
5,4,10,37500000
5,4,10,32500000
5,4,7,24000000
5,4,7,23500000
5,5,10,33500000
0,0,10,31500000
5,4,10,37000000
6,5,8,25000000
2,1,2,3800000
5,4,11,35000000
3,3,1,100000
3,3,1.3,165000
4,3,1,135000
2,0,1,130000
2,2,4.8,20000
3,3,7.8,75000
3,2,9.6,25000
2,3,9.6,40000
4,3,9.8,125000
0,0,4.8,35000
4,3,10.8,130000
4,4,2,450000
2,2,2,37000
4,4,7.1,13500000
2,2,2.2,7000000
5,4,4.8,12700000
2,2,3.6,4500000
3,2,3.1,3800000
2,2,3.1,5500000
2,2,4.9,7500000
3,3,6,17000000
3,3,6.7,11000000
3,3,8,21000000
4,4,4,13500000
3,3,5,11500000
3,3,4.8,8000000
3,3,5.3,10000000
2,2,4,13000000
3,3,5.1,8500000
0,0,3.6,4200000
5,5,1.3,140000000
6,5,10,28000000
5,5,1,85000000
6,5,1,38000000
0,2,4.4,5500000
0,2,4.4,7200000
0,3,6.2,8500000
0,3,4.8,15000000
0,3,8,33000000
0,3,6.2,8300000
0,2,2.9,3200000
0,2,3.3,5500000
0,2,4.4,6700000
0,2,2.9,4500000
0,2,4.2,5500000
0,3,7.1,11500000
0,3,7.1,12000000
0,2,5.6,7800000
3,5,3.2,9000000
3,3,5,11000000
3,3,6,12000000
3,3,9.5,39000000
2,2,4.4,5000000
2,2,3.8,4000000
3,3,3.2,3300000
2,2,4.8,5000000
3,3,5,9500000
3,3,5.3,9500000
8,8,8,30000000
5,5,1.3,140000000
2,2,5,14000000
6,5,8,23500000
3,3,5.8,14500000
2,2,4.4,9000000
5,4,14,18000000
3,3,9.3,16500000
3,3,6.7,7500000
3,3,9.3,22500000
6,7,8,30000000
4,4,10.9,35000000
2,2,4.2,8000000
0,2,4.8,12000000
6,6,9.6,32000000
6,6,5,8500000
8,5,3.3,47500000
5,4,12.4,23500000
10,10,2.1,145000000
0,10,8,23000000
2,3,3,4600000
7,6,14,26000000
7,5,7,14500000
8,7,14,25000000
6,5,7,16900000
6,5,6.7,15500000
5,5,1,575000
3,3,5,30000
2,2,4.9,22000
3,3,1,78000
2,2,6.1,50000
3,3,2.4,130000
2,2,3.1,24000
2,2,3.1,22000
10,10,1.3,700000
3,3,10,25000
3,3,10,26000
3,3,1,65000
2,3,6,40000
5,5,14,130000
1,1,4.4,17000
4,3,2,340000
0,0,2.6,85000
2,2,7,30000
6,6,1,92000
5,5,2,280000
1,1,4,100000
3,3,1,110000
3,3,1,230000
3,3,1,100000
2,2,3.1,22000
2,2,5,18000
2,2,3.1,16000
2,2,2.9,16000
1,1,1,90000
1,2,3,10500
3,3,1.1,220000
5,4,6,9700000
4,5,5.6,16500000
4,4,5.6,16500000
3,4,5.6,14000000
3,4,10,11000000
8,6,1,60000000
5,2,5,3850000
0,0,5,12500000
0,0,5,12500000
6,5,5,10500000
4,6,11,20000000
7,5,1.2,72500000
1,2,3,4700000
2,4,4,9500000
6,4,15,13500000
4,4,6,13500000
5,4,6,13000000
4,4,5,12500000
3,3,8,10000000
6,6,10,11000000
5,5,6,12500000
0,0,5,45000
0,0,5,45000
1,2,6,28000
1,1,2,19000
3,3,10,60000
5,5,10,45000
2,2,5,16000
3,2,5,13000
5,4,12,100000000
6,5,2,120000000
7,6,1,30000000
7,6,1,47500000
6,5,1,47500000
6,5,1,39000000
6,5,1,63000000
6,5,1,36000000
5,4,10,22500000
6,5,10,23000000
6,5,1,47500000
6,5,1,50000000
4,4,3.5,10000000
6,5,10,32500000
9,8,1,45000000
6,5,12,42500000
5,5,8,16500000
6,5,10,16000000
4,4,3,10500000
5,5,5,10500000
3,3,5,9500000
3,3,5,10500000
3,3,5,9000000
3,3,5,10000000
4,3,5,9500000
3,3,5,10500000
3,3,5,9500000
4,4,9,25000000
5,5,10,24500000
5,5,1,55000000
5,5,1,42500000
4,3,3,8000000
4,4,10,18000000
6,6,5,8000000
5,5,11,20500000
5,5,9,22000000
5,5,10,22500000
5,5,10,22000000
5,5,6,13500000
6,5,1,54000000
3,3,3,3300000
5,5,4,160000000
3,4,1,40000000
4,4,1,50000000
4,4,5,12000000
4,4,5,8300000
6,6,3,400000000
6,4,10,33000000
6,5,1,50000000
6,5,1,50000000
6,5,1,49900000
6,5,1,49900000
6,5,1,49900000
4,4,5,10500000
4,4,5,10500000
4,4,5,12000000
4,4,5,12000000
4,4,5,12000000
7,7,2.5,130000000
3,3,3,3000000
6,6,4,80000000
0,0,3,6500000
5,5,5,12000000
4,4,4,9500000
3,3,5,10000000
4,4,4,9600000
6,6,1,47500000
3,3,8,17500000
5,5,1.2,65000000
2,2,2,1700000
5,5,10,23500000
5,5,1.1,55000000
5,5,1,41000000
4,4,1,21000000
4,4,1,22000000
4,4,1,23000000
4,4,1,25000000
4,4,1,19500000
4,4,1,20500000
5,5,1,32500000
4,4,1,20800000
4,4,1,21000000
4,4,1,20000000
4,4,1,21500000
5,5,1,28000000
6,5,10,21500000
3,3,7,25000000
3,3,1.2,70000
3,3,4.3,24000
3,3,10.2,110000
2,3,16,42000
4,3,10.7,70000
3,3,9.6,47000
3,3,1,100000
8,7,2.2,550000
8,0,1,300000
3,3,5.1,55000
6,5,1,325000
4,4,4.8,60000
3,3,6,35000
3,3,6.2,48000
6,5,1,325000
3,3,10.7,55000
3,4,1,70000
2,2,3.3,20000
3,3,4.9,55000
0,0,16,140000
0,0,6.9,45000
0,2,4.4,22000
0,3,6.2,30000
0,2,4.4,25000
4,4,7.1,45000
5,5,2.4,170000
7,5,1,280000
5,5,16,160000
2,2,2.4,22000
3,3,16,50000
2,3,4.8,25000
3,3,16,50000
3,3,8.6,40000
0,2,14,85000
3,3,8,23000
3,3,9.6,26500000
5,5,6.4,14000000
2,2,4.8,7000000
5,4,10,73000000
0,0,7.6,12500000
1,2,3.8,3600000
0,0,4.8,7600000
7,6,2,150000000
4,4,4.8,16000000
7,6,1.2,130000000
2,2,4,3600000
7,6,1.2,130000000
2,2,2.9,3500000
0,0,6,25000000
7,6,4.8,15800000
7,6,2,155000000
0,0,15.1,120000000
5,4,14.4,56500000
0,2,2.9,9000000
0,2,2.9,9000000
0,2,2.9,9000000
3,3,8,16000000
6,6,16,25000000
6,6,9.6,22500000
3,3,9.6,17000000
6,6,8,25000000
6,6,8,21000000
3,3,8,20000000
3,3,8,14000000
6,6,8,14000000
3,3,8,20000000
3,3,9.6,17000000
6,6,16,25000000
6,6,8,21000000
6,6,8,22600000
6,6,8,14000000
8,6,9.6,35000000
7,6,4.8,16000000
2,2,4.8,11000000
2,2,3.3,3900000
2,2,4.3,4500000
4,4,3.3,7500000
2,2,4.8,26000000
2,3,3.4,2800000
1,2,2,2000000
2,3,4.8,7000000
6,6,4.8,13000000
2,2,4.8,8500000
4,3,10.4,49500000
2,2,4.8,7500000
3,2,4,9700000
2,2,2,3500000
4,4,4.8,14000000
4,4,4.8,17000000
1,2,2,1600000
1,2,2,1400000
5,7,4.8,6500000
4,6,3.2,6000000
1,2,2.1,2300000
2,3,4,3200000
3,3,8,9500000
3,4,8,18000000
5,5,9.6,32000000
0,2,4.2,4500000
8,7,4.8,15000000
3,3,5,5500000
3,3,8,6700000
3,3,8,14800000
3,3,8,9700000
3,3,8,9500000
3,3,8,9500000
3,3,8,13500000
3,3,6,14500000
3,3,8,19500000
2,2,2,4700000
3,2,4,10000000
3,2,4,10000000
0,3,10,10500000
3,2,4,10000000
0,4,12.7,16000000
0,0,6,9000000
0,0,9.6,50000000
2,2,4.2,8500000
3,3,7,9500000
4,4,4.8,14500000
3,3,6.4,11000000
0,0,14,15500000
3,3,7.1,6200000
0,2,4.9,6200000
4,4,12,65000000
2,2,4.2,3000000
2,2,4.7,4200000
2,2,4.2,2800000
2,2,3.3,5000000
2,2,3.7,2850000
2,2,4.2,2800000
6,6,12,70000000
3,3,8,6000000
6,4,10,15000000
3,3,9.1,3800000
3,3,9.1,3800000
6,6,6,13500000
3,2,10,12700000
8,7,14,25000000
3,2,6,1700000
2,2,5.1,4715000
2,2,5.1,4715000
2,2,6,5535000
3,3,7.8,7175000
3,3,9.1,8400000
2,2,6,5500000
2,2,6,5500000
5,5,8,35000000
5,5,8,37000000
5,5,8,25000000
4,4,5,23000000
4,4,5,23000000
6,5,10,17000000
7,6,10,15800000
5,4,8,14000000
5,5,6,12000000
2,2,6,7500000
2,2,6,8500000
7,6,10,16500000
4,4,8,36500000
5,5,1.1,68000000
2,2,4.4,4700000
6,5,8,14500000
5,5,7,13500000
6,5,8,14500000
6,5,8,14500000
6,5,8,14500000
6,5,8,15000000
8,6,11,32500000
6,5,8,14500000
0,0,10,16500000
0,0,1.6,75000000
3,3,5,20000
1,1,3.1,14000
2,2,9.3,55000
1,1,5,14500
4,3,1,75000
6,6,10,55000
2,2,6,22000
4,4,10,35000
2,2,6,22000
3,3,10,26000
3,3,10,25000
2,2,10,25000
3,3,10,26000
2,2,8,45000
3,3,16,80000
2,2,8,47000
2,3,1,50000
4,3,1,57000
3,2,12,38000
1,1,6,30000
4,4,2,350000
2,2,9.3,45000
3,3,8,7800000
7,6,12,26000000
6,5,10,28500000
0,4,1.2,40000000
4,4,1,85000000
0,0,4.3,450000000
7,5,1,30000000
10,10,2,200000000
5,5,1,59000000
2,2,3.3,2600000
2,2,3.3,5264000
2,2,4.6,4500000
10,10,1.1,80000000
10,10,12.4,50000000
8,6,1.2,41000000
4,3,1,22500000
8,10,1.2,75900000
3,2,5,5500000
6,6,1.1,40000000
5,4,18,26000000
0,0,5,10500000
4,4,5,8500000
6,6,8,15000000
4,4,6,13000000
4,4,5,11500000
6,6,5,8000000
4,4,4,6500000
6,6,10,22000000
4,3,5,8800000
4,4,4,7000000
4,4,5,7000000
4,4,5,7000000
2,2,5,4900000
6,5,2.3,69000000
6,5,10,22000000
5,5,6,40000
0,0,8,30000
2,3,6,22000
3,3,8,45000
2,2,3,12000
1,1,1.2,8000
3,3,10,30000
4,4,6,40000
2,2,6,30000
2,2,5.8,52000
4,4,10,44000000
6,5,1,34000000
6,6,1,67500000
5,5,1.3,75000000
5,5,2,140000000
5,5,1,36000000
4,4,10,32500000
4,4,1,36000000
4,3,10,12400000
4,3,3,8000000
6,6,1,36000000
0,3,3.5,7000000
4,3,3,8000000
3,3,2,5800000
9,7,17,40000000
5,5,1,56000000
6,5,2,220000000
5,5,1,40000000
6,10,4.5,25000000
4,5,10,31500000
6,6,10,35000000
4,4,5,13500000
4,3,10,16700000
7,5,17,41200000
6,5,1,31500000
5,5,1,60000000
4,3,8,8000000
0,0,5,5800000
3,3,12,19500000
5,5,1,57500000
3,3,5,22000000
3,3,5,16000000
5,4,11,21500000
8,7,10,32500000
3,3,1.2,80000000
7,6,1,31000000
3,3,7,21000000
5,4,1,57500000
7,7,1,50000000
6,5,1.1,60000000
4,4,5,14500000
6,5,1,44500000
7,6,2,350000
5,4,12,150000
3,2,1,110000
0,3,9.6,35000
6,8,16,225000
3,3,8,40000
3,3,9.6,35000
2,2,4,20000
3,3,1,125000
3,3,1,135000
3,3,1,135000
3,3,1,130000
3,3,4.8,12000
4,3,10.7,110000
3,3,10.2,125000
4,4,8.9,100000
0,0,6,25000
3,3,10.4,55000
3,3,10.7,55000
3,3,10.4,52000
3,3,8.4,53000
3,3,10.7,55000
3,3,10.7,55000
6,6,9.6,75000000
5,5,1,200000000
5,5,2,240000000
4,4,1.1,72500000
6,6,9.6,37000000
2,2,3.8,6500000
6,6,9,38000000
3,3,6,9000000
4,4,8,25000000
2,2,4.7,5200000
0,5,1,105000000
0,6,2,150000000
3,3,7.6,23000000
2,2,4.2,6500000
3,2,4.9,8500000
4,4,4.8,17500000
3,3,8,20000000
2,2,4.2,10000000
2,3,8,7200000
3,3,6,16000000
3,3,6,15000000
3,3,10,12500000
3,3,10,12500000
3,3,8,13000000
3,3,8,13100000
3,3,8,20000000
6,6,16,55000000
0,0,7.3,29500000
3,3,5.8,10000000
3,3,8,9700000
3,3,8,11000000
2,4,3,8500000
0,0,3.6,7700000
3,3,8,9600000
3,3,8,14700000
3,3,8,20800000
3,3,8,10000000
3,3,4.9,11000000
2,2,4.4,9000000
2,2,4.4,11000000
3,3,7.1,14000000
2,2,6.2,11000000
3,3,9.8,13000000
3,3,7.6,11000000
0,6,4.8,23000000
2,2,4.4,12500000
3,3,7.1,17000000
3,3,7.1,15000000
2,2,4.9,12500000
3,3,4.9,17500000
4,4,2,9500000
5,5,1.6,5600000
6,9,10.6,25000000
3,2,4.2,12500000
4,4,7.2,28000000
3,3,6.2,16000000
3,2,4.8,5000000
5,4,11.3,47500000
3,3,6,16500000
3,3,8,9500000
4,4,4.8,35000000
3,3,8,13500000
2,2,3.1,5500000
0,0,3.1,5500000
4,4,12,18900000
5,5,19.6,117500000
3,2,4.7,14000000
2,2,3.8,6600000
4,4,4,30000000
3,3,6,10000000
3,3,7.8,22500000
5,5,9.6,35000000
3,3,9.8,45000000
2,2,4,13500000
0,6,12.8,65000000
0,4,1,105000000
7,5,1,95000000
3,3,4.9,15000000
4,4,4.8,15000000
3,3,8.4,11000000
2,2,4.8,3700000
1,1,1.6,1800000
6,10,2,135000000
6,6,9,45000000
6,6,1,46500000
7,6,1,48500000
6,6,13,59000000
6,5,17.8,75000000
2,2,4.4,4500000
0,8,6,17000000
1,1,3.1,4140000
2,2,6.6,46000
3,2,7,18000
2,2,8,46000
0,0,1,60000
4,4,2.4,495000
1,1,2.7,33000
2,2,7,43000
2,2,5,16000
6,6,6,45000
1,2,5.6,17000
1,2,5,26000
2,2,6,35000
3,3,7,36000
2,2,10,43000
4,3,1,85000
4,4,16,110000
0,0,11,65000
4,3,10,95000
4,4,1,50000
2,2,5,30000
4,4,6,65000
6,9,1.3,190000000
3,3,11.3,26500000
4,2,4,13000000
5,5,5,16500000
8,7,14.2,61500000
0,5,10,27500000
6,6,1,150000000
6,6,7,36000000
0,0,2,130000000
5,4,6,12200000
10,9,2,300000000
3,3,6,11500000
5,5,7,14500000
6,5,5,8500000
5,4,7,14000000
5,4,5,12500000
1,1,4.3,6492000
4,4,4,18000000
3,2,5,7000000
2,2,4,3300000
2,2,6.1,10200000
6,5,1.1,25000000
4,3,5.3,23000000
4,3,5.3,23000000
2,3,4,10500000
1,1,2,7000000
5,6,5,6500000
0,0,5,12000000
4,4,5,8000000
9,9,10,17000000
6,5,10,23000000
0,0,10,17000000
0,0,5,12500000
0,0,12,40000000
0,0,5,13000000
0,0,5,7500000
0,0,2.5,2600000
0,0,5.5,1600000
0,0,2.5,2600000
0,0,4,7500000
0,0,4,7510000
3,3,5,6400000
5,4,5,11000000
3,2,6,3750000
3,2,5.5,4200000
4,3,6.7,8800000
4,4,7,13500000
0,11,4.2,110000000
5,5,8,13000000
0,3,7.3,8170000
0,2,6.3,7120000
0,2,6.3,7035000
1,1,3.2,3545000
0,3,10,18500000
0,4,10,20000000
0,5,10,21500000
3,3,10,14500000
0,3,10,11500000
4,4,17,26500000
6,5,10,27500000
4,3,10.9,25000000
6,5,1,47000000
6,5,10,21000000
2,2,3.6,4500000
6,5,1,47500000
0,0,10,50000
0,0,5,40000
0,0,6,35000
0,0,5,25000
0,0,7,50000
0,0,5,35000
4,4,7,60000
3,3,5,35000
4,4,5,35000
4,4,7,50000
3,3,5,35000
4,4,7,60000
5,5,11,90000
2,2,5,28000
0,0,8,35000
3,3,11,65000
0,3,10,40000
0,6,12.4,80000
4,3,10,60000
3,3,15,35000
2,2,8,24000
0,3,5,10000000
5,4,5,14500000
4,3,5,15000000
6,5,5,16800000
6,5,1,49500000
6,5,1,60200000
6,5,1,69000000
0,0,5,5000000
4,3,4,8000000
5,4,10,31500000
6,5,1,45000000
4,3,5,13500000
0,5,7.5,19000000
0,3,6,9500000
0,5,5,13000000
0,4,3.5,9500000
0,4,3.5,11500000
0,3,3,8000000
0,4,5,11500000
0,5,5,13500000
0,4,7.5,16500000
0,5,5,11500000
0,4,2,3500000
3,4,4,5500000
0,3,5,13000000
1,1,2,3000000
4,4,1,32500000
8,7,1,31000000
4,3,3,6500000
6,4,10,19000000
4,3,10,7200000
7,6,1,65000000
6,7,1,34000000
2,7,4.3,40000000
3,4,3.5,6000000
5,4,10,21500000
3,3,5.3,33000
2,2,3.1,23000
3,5,8,80000
3,3,8,45000
3,3,8,40000
5,4,10,250000
4,3,1,100000
3,3,5.1,55000
3,3,8,65000
2,2,2.2,25000
3,3,8,100000
5,4,4.8,125000
3,3,5.3,55000
2,2,4.4,40000
2,2,4.4,40000
3,3,10.8,53000
2,2,4.2,50000
3,3,7.1,45000
3,3,6.7,85000
7,7,2,550000
5,5,1,190000
3,3,5.3,55000
3,3,9.3,40000
5,5,1,300000
4,4,1.3,190000
3,3,16,75000
4,3,1,130000
3,3,1,160000
4,3,10.2,36000000
0,6,9.6,22000000
0,8,16,58000000
3,2,4.5,15000000
4,3,8,12400000
2,2,4.2,6200000
3,3,8,20400000
3,3,6,14800000
5,6,8,25000000
0,3,5.5,8500000
0,3,5.6,8500000
0,3,7.1,16800000
0,3,5.5,8000000
0,2,5.5,8000000
0,3,5.6,7500000
0,3,5.6,7500000
0,2,3.1,6800000
2,2,2.7,7000000
3,3,6.4,7000000
2,2,4.9,10500000
0,0,6,55000000
3,3,5.6,9000000
4,3,5,11500000
5,3,9.8,25000000
4,3,8,13500000
2,3,3.5,3500000
2,2,3.2,3200000
4,4,10.7,17500000
3,3,5.1,6500000
2,2,4.8,8000000
3,3,7.1,22500000
3,3,7.2,12000000
3,3,6.2,14000000
5,4,4.8,40000000
9,9,9.6,45000000
6,5,1,140000000
7,7,1,160000000
2,2,1.9,5000000
4,3,8,21000000
4,3,8,12000000
4,3,6.1,14000000
3,2,3.8,3500000
5,6,4,7500000
2,2,4.9,18500000
0,0,9.6,25000000
4,3,7.8,31500000
2,2,3.2,2500000
1,2,2.5,2450000
2,2,4.2,9800000
1,1,3.2,2500000
6,3,3.4,11500000
3,2,5.3,16500000
4,4,3.4,8500000
5,4,8,16000000
7,11,3.2,7000000
3,3,4.8,12000000
4,3,8.7,14000000
2,2,4.4,7000000
3,3,4,5300000
7,8,9.6,32500000
2,2,3.6,3900000
2,2,2.4,4800000
1,2,3.2,2100000
5,4,4.8,13200000
2,2,4,4200000
6,5,10,23000000
3,4,7,42000
2,2,1.2,18000
5,4,12,45000
3,2,8.9,55000
2,2,5,35000
2,2,5,30000
6,5,1.1,300000
6,6,1,170000
6,6,13,65000
4,3,1,60000
5,5,1,198000
2,2,7,22000
8,8,1,350000
7,7,1.3,240000
0,3,1.3,100000
3,3,5.6,40000
2,2,5,23000
6,6,1,170000
2,2,5,18000
5,5,7,90000
2,2,3.6,50000
2,2,9,35000
1,1,0.6,14000
3,2,8,25000
2,2,4.4,28000
5,4,1,47000
2,3,4.9,33000
2,2,1,65000
6,7,1,260000
2,2,5,30000
6,6,1.1,300000
0,0,8,50000000
2,2,4.4,13500000
6,5,8,30000000
6,5,1.1,130000000
4,3,5,14000000
2,2,4,7000000
3,2,4.5,5500000
0,0,12,24000000
5,4,5,8500000
0,0,14,35000000
0,0,10,35000000
0,0,3,9500000
0,0,5,15000000
0,0,5,16500000
0,0,7,35000000
0,0,5,15000000
0,0,3,9000000
0,0,10,35000000
0,0,3,10000000
0,0,3,11000000
0,0,10,22500000
0,0,3,8500000
0,7,3,8500000
0,0,3,8000000
0,0,3,8000000
0,0,2.5,2800000
0,0,2,2600000
0,13,8,11000000
0,5,8,7000000
0,0,3,5000000
0,8,3.5,6500000
0,0,10,10000000
0,0,5,10000000
0,0,1.5,2500000
5,5,9,19500000
3,2,5,5800000
5,5,5,9000000
2,2,4,3600000
5,4,8,14600000
2,1,3.6,8500000
5,4,8.6,10000000
3,3,7,9800000
6,6,10,19500000
4,4,5,7500000
5,5,1.1,41000000
2,2,5,2500000
5,4,12,72000
6,5,1,230000
6,5,7,45000
7,6,1,170000
1,2,3,15000
5,5,1,170000
4,3,5,10500000
6,5,1,34000000
5,5,10,18000000
3,3,8,18000000
8,6,2,110300000
4,3,3,2450000
6,5,10,26000000
6,5,1,32500000
5,4,5,9700000
9,8,1,57000000
3,2,2.5,4600000
2,2,2.5,6000000
5,5,1,42500000
2,2,2.9,4500000
2,3,5,5950000
3,4,5,15000000
5,5,5,15000000
5,5,10,18000000
6,5,1,44000000
10,8,2,50000000
6,5,2,139000000
6,5,1,52500000
4,3,7,21000000
6,5,2.2,107500000
2,2,10,14000000
7,5,1,25000000
7,5,1,35000000
6,5,10,17000000
4,3,5,15000000
5,4,7,21000000
5,4,5,24000000
4,3,5,18000000
4,3,5,12200000
5,4,7,21500000
5,4,7,23000000
5,4,7,22500000
4,3,5,19900000
5,4,1,28500000
2,3,3,8800000
4,3,5,19500000
3,3,2.5,6500000
4,4,4,9000000
0,1,17,25000000
5,4,10,32000000
6,5,5,13000000
2,1,3,2700000
7,7,2,250000
3,3,8.9,110000
4,3,2,140000
2,2,4.4,35000
3,3,8,30000
3,3,1,135000
3,2,7.1,100000
3,3,8.9,90000
6,5,1,360000
2,3,4,50000
2,2,14.2,100000
3,2,7.1,115000
3,3,7.1,50000
2,2,4.2,40000
3,3,4.9,45000
3,3,8.4,90000
3,3,12,80000
4,4,10,125000
3,3,5.8,60000
3,3,8,35000
6,6,8,60000
6,6,8,60000
6,6,9.6,28000
6,6,9.6,28000
6,6,9.6,28000
6,6,9.6,28650
6,6,9.6,28000
6,6,9.6,28000
4,3,1,110000
4,3,16,50000
4,3,8,110000
3,3,9.6,45000
3,3,9.6,46000
3,3,9.8,125000
4,4,16,73000
6,6,9.6,145000
3,3,5.6,35000
4,3,8,9500000
5,9,4,9200000
4,3,5,5500000
2,3,3.2,4000000
2,2,4.2,8500000
4,4,4.8,23000000
4,3,5,5500000
7,6,2,200000000
3,5,8,8000000
0,0,1.3,150000000
9,6,4.4,19000000
3,4,1.6,5800000
7,6,1,90000000
7,6,1,150000000
7,6,2,200000000
0,0,5.8,8600000
4,3,8,20000000
0,0,2,155000000
7,6,1,87500000
1,2,2.4,3500000
2,2,4,8300000
3,2,4.5,15000000
3,4,2.6,4500000
3,3,5,17500000
2,2,3,3300000
2,3,5.4,9000000
0,0,12,40000000
3,3,4.8,11500000
2,2,2.9,5500000
4,5,2,65000000
0,0,8,8200000
2,2,3.1,4500000
2,2,4.9,13500000
2,2,2.9,6000000
2,2,3.1,3500000
4,3,7.8,25000000
4,2,2.2,6500000
2,2,3.8,8000000
3,2,4.2,8000000
4,3,7.8,22000000
4,3,8.9,22000000
5,5,1.2,37000000
3,3,16,55000000
3,3,6.2,12000000
2,2,3.6,3174000
2,2,3.3,3700000
2,2,4.2,6500000
2,5,1.6,7000000
6,5,4.8,11700000
2,2,5.1,6000000
7,6,16,35000000
7,6,16,38500000
7,6,16,27500000
7,6,16,38000000
4,3,10.7,17000000
2,2,3.4,5000000
0,0,8.8,12000000
0,0,14,105000000
7,7,1.4,135000000
4,4,5,8000000
10,11,1.2,140000000
5,5,1.1,132500000
4,4,5,9500000
5,5,10,12500000
5,5,10,13500000
8,6,1,35000000
0,5,9.3,16500000
0,0,19,33500000
8,7,12,25000000
0,0,32,600000000
8,8,5,7500000
7,7,12,35000000
6,5,5,22500000
2,4,4,9600000
3,4,6,20000000
0,0,1.3,140000000
1,1,2.1,3200000
6,5,8,32500000
0,0,6,29500000
4,4,4.4,17000000
6,6,12.4,47500000
5,5,8,33000000
4,4,4.4,17500000
2,3,3,4600000
5,5,14.2,50000
2,2,4.4,26500
10,9,16,250000
2,2,10,45000
4,3,1,60000
4,4,1.1,65000
3,3,1,60000
2,2,5,32000
7,7,10,60000
3,2,6,40000
0,0,10,30000
0,0,7,24000
2,2,4.4,27000
4,3,5.6,62000
2,2,5.6,32000
2,1,5.6,30000
2,2,4.4,30000
2,2,4.4,28000
6,5,1,300000
3,3,12,45000
4,4,1.2,65000
7,6,1.2,275000
3,3,2,230000
2,2,5.6,32000
4,4,10,60000
7,6,1,110000
4,4,1.2,250000
4,4,1,200000
0,0,1,300000
0,0,1.2,300000
8,8,2,900000
6,6,1.2,500000
2,4,4,6500000
5,4,5,11000000
4,4,5,8500000
4,3,5,6400000
3,3,7,6800000
4,4,7,13000000
2,2,5,4500000
10,8,1.2,25000000
4,3,5,6500000
6,5,10,13500000
2,2,5,5200000
4,4,6,8600000
2,2,6,6500000
5,5,10,23500000
2,2,5,6600000
2,2,5,4900000
4,5,5,5500000
3,5,2,4000000
5,5,10,11000000
5,4,6,12000000
2,2,5.7,10800000
5,4,6,11000000
5,4,5,8300000
2,3,8,8000000
4,4,6,10000000
2,2,3.6,4400000
4,4,5,8500000
5,4,6,12000000
2,2,5.8,5500000
7,6,1,40000000
4,5,10,32500000
2,2,5,5800000
0,0,6,7000000
3,2,5,3600000
3,3,5,4800000
3,3,1,60000
4,5,10,40000
2,2,1,20000
2,2,4.4,40000
1,1,1.6,11000
3,3,10,35000
5,4,5,11500000
4,3,5.7,10800000
4,5,2.1,45000000
6,5,10,21500000
5,5,12,25000000
6,5,10,21000000
6,10,8,25000000
5,5,3,7200000
4,4,5,10500000
2,2,2,1550000
5,5,1,45000000
5,5,1,65000000
5,5,10,25000000
4,5,10,22500000
3,3,2,7500000
2,2,2,5500000
3,3,5,13500000
4,4,5,14000000
0,3,4,8200000
0,4,5,10500000
5,5,6,12000000
3,3,3,5500000
4,3,5,12500000
7,6,2,90000000
6,5,1,39500000
6,5,1,46000000
5,5,1,52500000
5,5,1,38500000
5,5,9,29000000
4,4,5,15000000
6,4,10,29000000
6,5,1,65500000
6,5,1,46500000
6,5,5,10000000
0,0,5,9500000
5,5,1,49000000
6,5,1,38500000
8,5,10,18000000
5,5,10,21000000
5,4,10,25000000
5,5,11,21500000
5,5,10,22000000
6,5,1,58000000
5,5,10,22500000
4,4,1,22500000
5,5,10,20000000
6,5,1,32200000
3,3,10,23500000
7,5,1,48000000
5,5,1,45000000
6,5,1.2,44900000
5,4,10,28000000
0,0,1,52000000
3,3,2.5,8800000
4,3,5,9500000
0,11,2.1,127500000
0,5,1,56000000
5,5,10,14500000
6,5,10,32500000
6,5,10,22800000
7,6,1,60000000
5,5,5,9500000
4,3,3.5,7200000
6,5,5,16500000
8,6,1,39000000
5,4,10,27500000
5,4,10,27500000
7,6,1,47500000
6,5,1.9,68000000
6,5,1.1,50000000
3,5,16,80000
0,0,8.6,38000
1,2,3.2,10000
2,4,4.8,16000
2,6,3.2,28000
2,2,3.8,26000
3,3,1.2,130000
2,2,12,100000
3,3,4.9,27000
3,2,4.8,20000
2,2,4.9,26000
3,3,6.9,45000
3,2,10.2,44000
2,2,2,25000
4,3,8.9,90000
3,3,1.2,90000
3,3,9.6,60000
3,3,5.1,60000
5,4,1.5,125000
2,2,4.7,57000
2,2,3.6,25000
0,0,8,32000
4,3,1,130000
4,4,1,270000
3,3,5.6,32000
2,2,4.2,18000
5,5,14,140000
4,4,8,32500000
6,6,12,87500000
6,6,9.6,36500000
5,4,4.8,15000000
0,0,2.2,2950000
6,6,1,92500000
0,0,7.2,55000000
2,2,2.4,4200000
3,5,3,6500000
6,4,4.8,15000000
2,2,5.3,7200000
4,3,10.7,18500000
3,3,10,45000000
3,3,5.5,8500000
3,3,8.4,17500000
1,2,2,1300000
3,3,4.8,15500000
5,6,8,28500000
6,6,8,30000000
2,2,3,3000000
2,2,3.6,5000000
0,7,4.8,15500000
3,3,4.3,7500000
3,3,4.2,7000000
3,3,4.3,7000000
2,2,4.3,4500000
3,3,4,6500000
2,3,4.9,4500000
4,4,14.2,57000000
0,3,5,15000000
4,4,10,45000000
0,3,5,33000000
0,2,4,7600000
6,6,1,60000000
0,4,7,13000000
0,2,7,8500000
5,5,6,12500000
4,4,5,13500000
5,3,4.4,14500000
0,0,10,22500000
8,6,1,62500000
4,3,5,9500000
8,6,2.3,37500000
2,2,4.1,6000000
4,4,1.1,77500000
2,3,10,8500000
2,3,6,8500000
3,3,11.8,7500000
2,2,3.1,2800000
7,5,8,26500000
6,6,1.3,450000
3,3,14.2,125000
0,0,5,40000
0,0,4,65000
0,3,5,110000
0,2,4,85000
0,0,10,45000
0,3,1,115000
0,2,7,24000
0,2,7,24000
0,3,10,28000
0,2,10,27000
4,5,8,85000
6,4,10,60000
0,2,3.6,100000
8,6,1.8,500000
3,3,1,35000
4,3,1,80000
0,0,10,25000
3,3,1.3,120000
3,3,10,50000
1,2,5.3,33000
3,2,8,42000
1,1,1.1,22000
5,4,10,11500000
0,5,7,21500000
4,3,1.1,25000000
1,2,3.5,2100000
7,5,10,25000000
5,4,6,13000000
5,4,6,7500000
3,3,5.6,6200000
6,6,12,26500000
3,3,5,10500000
8,6,11,27000000
5,5,10,18000000
2,3,4,1900000
6,6,2.1,89500000
2,3,5,4900000
2,2,5,2500000
0,0,2,6300000
4,3,10,18000000
4,3,5,6200000
6,5,13,90000
0,0,6,30000
0,0,5,35000
0,0,12,30000
0,0,5,35000
0,0,5,40000
0,3,7,32000
5,5,1.2,60000
1,1,2.4,48000
0,0,6,14000
2,2,3.5,17000
5,5,12,50000
6,5,1,37500000
6,5,10,24000000
0,5,5,15000000
3,2,2,4100000
3,4,2,3100000
5,4,10,22000000
0,0,10,18000000
0,0,10,22500000
0,7,1,46000000
0,0,5,12800000
0,0,5,13200000
0,3,5,12500000
0,3,5,10500000
0,3,5,11500000
0,3,5,12000000
0,4,10,22000000
0,4,10,22500000
0,4,10,24500000
0,6,1.2,57500000
0,6,1.2,57500000
1,2,2.2,3400000
5,5,1,40000000
6,5,1.1,45000000
2,2,1,2250000
0,3,5,10000000
0,8,2,55000000
0,5,10,20000000
0,5,10,18000000
2,2,5,7800000
6,5,5.7,10500000
0,0,16,77500000
6,5,10,22000000
6,5,10,19500000
6,5,10,20500000
3,2,3,2700000
5,3,6,17000000
1,1,1.8,1490000
0,0,5,7000000
6,5,10,17500000
6,5,1,39000000
5,5,8,15300000
5,5,5,15500000
6,5,1,39500000
2,2,7,13000000
6,5,1,32500000
6,5,1.2,65000000
6,5,1,42500000
3,5,5,12000000
0,0,5,16000000
5,4,10,29000000
5,4,10,32500000
2,2,5,6500000
3,3,3.5,7300000
3,3,8.9,40000000
3,3,8.9,35000000
3,3,8.9,12500000
3,3,8.4,33000000
4,4,10.7,45000000
4,4,10.7,46000000
3,3,17.8,85000000
3,3,7.6,27500000
2,2,4.4,21500000
6,6,1,100000000
4,4,6.7,22500000
3,3,8,20500000
4,4,10,58000000
4,4,16,35000000
4,6,3.2,8300000
3,3,5.8,9500000
4,4,12,65000000
2,2,4.2,6200000
2,2,4.2,6200000
4,4,12,63500000
1,2,1.6,2200000
1,2,1.6,2000000
5,7,6.6,10000000
1,2,1.8,1900000
3,6,4.8,11500000
3,3,6.4,35000000
6,6,1,92500000
3,3,6.5,12000000
3,3,7.6,16500000
3,2,4.5,15500000
3,3,8,9500000
3,2,4.2,16000000
0,0,9.6,30500000
0,0,9.6,31000000
0,0,9.6,30000000
0,0,9.6,28000000
0,0,9.6,27000000
0,0,9.6,26000000
0,0,9.6,25000000
0,0,9.6,24000000
0,0,9.6,23000000
0,0,9.6,22500000
3,3,5.3,14000000
2,2,2.7,3800000
0,6,16,38000000
0,4,5.8,14500000
0,4,4.8,14000000
0,4,4.8,13500000
0,6,9.6,27000000
4,4,7.6,17500000
3,3,8,17000000
4,4,6,9000000
3,3,8,35000000
3,3,7.1,18500000
10,11,1.5,160000000
3,3,6.7,6500000
3,3,8,20000000
2,2,4.4,7500000
1,2,3.2,15000
3,3,9.6,55000
1,1,1.8,17000
3,3,5.1,55000
0,2,4.8,20000
0,4,16,50000
2,2,4.8,20000
1,2,3.8,18500
0,0,2,525000
5,5,1.3,475000
4,4,6.7,75000
3,3,8,90000
4,4,16,75000
2,2,3.6,25000
3,3,6,35000
2,2,3.8,22000
3,3,7.3,55000
2,2,4.2,36000
5,4,13,260000
3,3,1,95000
2,2,5.3,70000
3,4,5.2,9500000
3,3,8,26000000
3,3,5,9500000
3,3,8,9500000
2,2,4.4,11500000
3,3,10,15000000
3,3,8.6,11000000
4,4,10.6,42500000
3,2,4.2,6300000
3,3,8,9000000
3,3,8,9050000
3,3,8,9100000
3,3,8,9150000
3,3,8,9200000
3,3,8,9250000
3,3,8,9300000
3,3,8,9350000
3,3,8,9400000
3,3,8,9450000
2,2,4.1,3000000
10,9,12.1,25000000
1,1,3.2,4800000
6,5,10,28000000
2,2,6.8,7100000
0,1,2.7,5382000
5,4,5,10500000
3,3,9.1,11500000
7,7,1.1,25000000
7,7,14,52500000
6,6,5,14500000
4,4,12,39000000
6,5,1,43500000
3,2,5,5500000
5,4,4.4,16000000
3,2,10,12600000
4,4,12,27500000
6,6,1.1,70000000
6,5,7,18000000
1,4,4,3800000
7,6,8,24000000
3,3,8,14500000
4,4,11.3,15000000
4,3,1,52000
4,4,1.1,180000
3,3,1,60000
2,1,5.6,30000
0,0,8,60000
3,3,14,55000
3,3,12,75000
4,4,1,90000
3,3,1,130000
0,0,1.2,500000
0,0,1,67000000
0,0,13,26000000
0,0,10,21500000
0,0,10,21000000
0,0,1,55000000
0,0,1,35000000
0,0,1,160000000
0,0,3,15000000
0,0,5,6500000
0,0,17,22500000
0,0,6,12500000
4,3,8,9000000
0,0,11,55000000
3,2,5,4200000
7,7,1,45000000
8,6,1,29000000
6,6,1.2,43500000
6,5,4,9000000
2,2,2.9,3200000
3,3,3,4800000
3,3,4.7,7000000
4,3,8.5,36000
0,0,7.5,35000
0,0,7,18000
0,0,3,20000
0,0,5,36000
4,4,1.1,65000
3,3,1,42000
6,5,1,48500000
4,4,4.2,8800000
4,4,10,24000000
4,4,1,32000000
3,3,10,23000000
4,4,5,11400000
5,4,4,8500000
4,3,5,5500000
2,2,5,5700000
10,10,2,65000000
4,3,3,6600000
3,3,2.5,6200000
3,3,3,9500000
2,2,2.5,4500000
7,6,1.2,47000000
6,5,1,35000000
7,6,1,42500000
7,5,1,34000000
3,3,5,12500000
5,5,1,30000000
0,0,16,77500000
5,4,1,35000000
2,3,3,6000000
5,4,10,22500000
0,0,5,12000000
0,0,5,10500000
0,0,5,10500000
4,4,7,16500000
6,5,10,25500000
7,6,1,42500000
5,4,8,14500000
9,7,1,50000000
6,5,10,27000000
3,4,3.5,8000000
5,4,5,13000000
5,4,10,25500000
3,3,3,6000000
3,3,5,9000000
4,4,10,23500000
6,6,10,24000000
0,0,5,11500000
5,5,1,50000000
6,6,2,90000000
3,3,8,9500000
3,3,8,9550000
3,3,8,9600000
3,3,8,9650000
3,3,8,9700000
3,3,8,9750000
3,3,8,9800000
3,3,8,9850000
3,3,8,9900000
3,3,8,9950000
3,3,8,10000000
3,3,8,10100000
3,3,8,10200000
3,3,8,10300000
3,3,8,10400000
3,3,8,10500000
3,3,8,10600000
3,3,8,10700000
3,3,8,10800000
3,3,8,11000000
4,4,12.2,22500000
4,4,12.2,22600000
4,4,12.2,22700000
4,4,12.2,22800000
4,4,12.2,22900000
4,4,12.2,23000000
4,4,12.2,23100000
4,4,12.2,23200000
4,4,12.2,23300000
8,7,1.6,220000000
4,3,8,9500000
3,3,8,14500000
6,6,1,112500000
7,4,2,260000000
2,2,3.2,3500000
8,6,2,320000000
0,0,3.2,4500000
3,3,5.8,7400000
4,8,6,21000000
9,8,16,52500000
3,3,5,7900000
4,4,12,63000000
2,2,5.6,19000000
3,3,7.1,20000000
2,2,3.8,4200000
4,4,4.8,9000000
3,3,7.1,20000000
3,5,4.8,14500000
3,2,4.8,9000000
6,6,9.6,17500000
3,3,10.2,125000
4,4,4,90000
4,2,12,100000
1,1,2,30000
2,3,4,22000
3,3,6,35000
3,3,1,130000
10,8,2,800000
3,3,1,145000
3,3,9.3,120000
4,3,1,140000
3,3,8,35000
3,3,1,140000
3,3,8,85000
2,2,5.6,22000
3,3,10,60000
0,0,7.1,35000
2,2,4.2,5800000
3,3,6,7700000
6,6,1.2,65000000
2,2,2.9,3800000
2,2,4,4000000
3,3,6.7,22500000
4,4,13.3,35000000
4,4,9,35000000
5,5,1,45000000
7,6,1,155000000
4,4,11.1,32500000
10,10,16,40000000
3,3,6.2,18000000
2,2,1.8,3800000
7,7,2,220000000
2,2,5.3,10500000
6,5,4.8,29000000
2,2,3.3,7700000
2,2,2.4,2800000
7,6,1.2,185000000
2,2,2.4,3000000
2,2,3.2,6800000
2,2,2.4,4200000
0,0,18,70000000
10,2,4.2,2600000
3,3,8,7300000
3,3,5,5600000
3,3,8,12000000
2,2,4,5700000
10,6,16,55000000
3,3,6.4,21500000
3,3,5,13000000
2,2,5.1,7000000
4,3,9.3,38500000
5,8,5.3,23500000
0,3,8,12000000
0,3,6,14000000
0,3,10,12000000
2,2,3.4,5300000
2,2,4.7,17000000
1,2,1.8,1025000
1,2,3.8,1100000
1,2,1.8,1025000
1,2,3.8,1100000
3,3,5.4,6500000
5,5,1,95000000
3,3,7.8,24000000
2,2,4.2,12000000
3,3,5.6,9000000
4,3,9,31000000
9,9,1,120000000
3,3,12.2,25000000
2,2,7.8,12000000
4,4,5,14800000
2,2,5,3200000
3,3,5,4000000
3,2,10,11500000
2,3,5,6700000
10,11,2,240000000
4,4,1,60000000
4,3,9.3,12500000
5,4,5.6,11000000
6,6,5,13000000
1,1,1.9,3045000
1,1,1.9,3045000
6,6,1,85000000
2,2,4.2,6622000
7,7,4,9200000
8,8,1.3,85700000
1,1,4.3,4700000
1,1,4.3,4700000
2,2,4.2,6622000
2,2,5.1,4200000
3,3,5,4500000
5,5,1,56500000
6,6,12,46500000
6,4,8,33000000
5,5,9.3,15000000
2,2,6.7,35000
1,1,2.7,50000
2,2,8,35000
4,2,9,165000
5,4,5,38000
2,3,10,27000
2,2,7,25000
2,2,9,35000
2,2,14,100000
6,6,14,125000
1,1,2.7,14000
1,1,3.9,130000
3,3,10,70000
1,1,2.9,36000
2,2,7,45000
3,3,1,65000
4,4,5,70000
3,3,10,55000
3,2,5,38000
4,3,12,75000
1,1,3.3,42000
6,5,10,67000
3,3,1,40000
10,9,1.1,250000
7,8,5,12500000
6,5,10,23000000
4,3,5,6800000
2,2,3,4000000
1,1,2.3,3000000
2,2,5.3,6800000
1,1,2.6,3100000
0,0,2.2,2500000
5,5,7,15000000
4,3,5,6500000
4,4,6,8000000
4,4,5,8500000
2,1,3.2,2600000
3,2,3.2,4000000
3,2,5,3600000
2,2,10,38000
1,1,3.1,30000
3,3,12,35000
1,2,3,15000
3,3,10,32000
1,1,2,2300000
3,3,6,9500000
5,5,1,42500000
0,0,1,50000000
4,4,10,21000000
6,5,15,27500000
4,3,9,17500000
5,4,5,18000000
5,5,10,27500000
8,8,3,6450000
4,4,6,15500000
6,5,10,21500000
6,5,1,41000000
7,6,1,88000000
6,5,10,24000000
6,5,1,45000000
6,5,1,43000000
1,1,2,1500000
2,2,3,7000000
3,3,7.5,15000000
0,0,2,105000000
5,4,10,23500000
2,2,2.2,3350000
6,5,1,40000000
0,0,10,21000000
6,5,1,47500000
4,4,5.5,9900000
7,6,4.2,300000000
0,0,10,24500000
5,5,10,20000000
3,3,3,6000000
3,3,3,5600000
6,5,10,20000000
0,2,4.2,4500000
0,3,10,10500000
0,4,12.7,16000000
0,0,6,9000000
0,6,2,250000000
0,0,8,20000000
0,0,6,13500000
0,0,9.6,50000000
3,3,5,8100000
3,3,12.2,45000000
6,8,4.8,14000000
0,4,14,15500000
0,3,8,9000000
0,3,8,7000000
0,3,8,13500000
3,3,8,14600000
1,3,3.2,3000000
2,2,4.9,6200000
3,3,7.3,7500000
0,2,4.9,6300000
0,2,4.9,6400000
0,2,4.9,6500000
0,2,4.9,6600000
0,2,4.9,6700000
0,2,4.9,6800000
0,2,4.9,6900000
0,2,4.9,7000000
2,4,5.6,8000000
3,3,9.1,15000000
3,3,8,20000000
3,3,8,33000000
3,3,8,20000000
3,3,8,20000000
3,3,8,20000000
3,3,8,20000000
2,2,5.1,6500000
2,2,5.1,6500000
2,2,5.1,6500000
2,2,5.1,6500000
2,2,5.1,6500000
2,2,4.2,6500000
2,2,4.2,6500000
2,2,4.2,6500000
2,2,5.1,6500000
2,2,5.1,5700000
2,2,5.1,6500000
5,5,1,75000000
2,2,5.1,6500000
2,2,5.1,6500000
2,2,4.2,6500000
2,2,4.2,6500000
2,2,4.2,6500000
3,3,1,16000000
4,4,12,62500000
3,3,9.6,18000000
3,3,5.3,45000000
3,3,9.3,42500000
2,3,3.2,4000000
1,2,0.4,20000
4,3,16,50000
2,2,2,9000
3,2,12,90000
5,5,8,50000
2,2,4.8,30000
3,3,1,110000
3,3,9.8,85000
3,2,4,45000
2,2,9.6,55000
2,2,4.4,23000
7,11,2.2,600000
3,3,1,110000
2,2,4.8,30000
2,2,4.8,22000
3,2,4.4,36000
2,2,4.4,32000
0,3,6,40000
0,3,8,35000
0,3,6,25000
4,3,8.9,110000
3,2,4.8,30000
3,3,7,10100000
2,4,8,12000000
2,2,4,6500000
3,3,6.4,22500000
0,0,4.8,7500000
0,2,5.3,21000000
0,3,5.3,22000000
0,3,8,27500000
0,3,8,27500000
0,3,8.9,31000000
0,2,4.4,9600000
0,2,4.4,9000000
0,2,8,27000000
0,0,8.9,31200000
0,0,4.4,9400000
0,3,6.7,31000000
0,5,1,70000000
2,2,4.2,5400000
2,2,3.2,6800000
1,1,2.1,4500000
3,3,5.1,17000000
3,4,7.1,23000000
2,2,4.2,4425000
5,5,1,85000000
2,3,4.8,7000000
6,6,1.1,115000000
3,3,4.8,9800000
3,3,8,13000000
4,3,10.2,45000000
3,2,4.6,16000000
9,9,1.4,140000000
3,2,5.6,19500000
2,2,4.2,9500000
5,5,1,80000000
3,4,9.6,23500000
4,4,4.8,19000000
2,2,4.4,7500000
5,4,4,42500000
4,4,12,42500000
4,6,3.2,6800000
3,3,3,13000000
3,3,7.2,18000000
2,2,4.8,12500000
3,3,5.1,9000000
3,3,5.2,21000000
3,3,6.4,13000000
3,3,5.8,12500000
2,2,4.2,8200000
3,2,5,5000000
9,6,5.6,28000000
8,5,2.6,45000000
6,5,8,34000000
6,5,5.6,24000000
6,8,1,31000000
3,4,4.5,16500000
0,0,1,80000000
0,1,2.7,5150000
3,3,8.7,22500000
3,3,5,7500000
3,3,8.7,23000000
7,6,1,62500000
8,8,1.5,190000000
6,5,1,100000000
4,5,4.4,15500000
4,4,1.3,120000000
6,5,4,240000000
5,5,20,220000000
4,4,8,10000000
4,4,5,7500000
2,2,5,8000000
8,6,3.5,52500000
8,6,2.3,37500000
4,4,5,8200000
6,4,1.3,100000000
6,6,10.9,42500000
2,2,7.8,11000000
4,4,17.8,49000000
0,0,2.7,7320000
6,5,1.2,25000000
6,5,1,85000
6,6,1.2,150000
6,6,1,100000
6,5,1,100000
6,5,1,100000
4,3,1,38000
6,5,1,85000
6,5,10,70000
6,5,10,63000
0,0,1,90000
6,6,1,110000
2,2,7,45000
4,3,1,42000
5,6,1,100000
4,3,1,50000
6,6,1,100000
3,3,1,55000
8,8,1.5,800000
4,4,1,80000
0,0,16,60000
6,6,1.2,180000
4,4,4.4,50000
4,4,1.2,74000
3,3,1,135000
4,4,4.4,70000
2,2,8,41000
3,3,12,75000
6,5,10,60000
3,3,12,45000
3,3,12,55000
4,4,12,150000
2,2,4.4,26000
3,4,10,22000
4,3,10.2,125000
3,3,1,90000
2,2,4,26000
2,2,5.6,30000
0,11,4,1132000
7,6,1,220000
4,3,1,130000
3,3,10,50000
2,2,4,27000
2,2,5.6,38000
2,2,5.6,40000
0,0,3.5,9000000
0,0,3.5,9000000
0,0,1.1,60000000
5,5,4,9500000
6,5,5,9500000
3,3,3.5,7000000
2,4,4,10000000
4,3,5,9000000
0,0,5,14000000
0,0,3,8500000
0,0,3,10000000
0,0,5,13000000
0,0,4,10000000
0,8,5,15000000
0,3,5,6000000
0,2,2.5,2800000
0,2,3.5,3800000
6,6,11,30000000
4,5,5,18000000
4,4,4,4500000
0,0,10,25000000
2,2,5,5800000
7,6,10,19000000
3,3,10,19000000
2,3,5,4500000
6,6,1,28000000
3,5,5,13000000
3,3,8,10000000
3,2,5,5700000
2,2,4.5,5500000
6,10,1.4,90000000
2,3,3,3000000
4,3,8,12500000
7,5,12,26000000
7,5,10,23800000
0,0,5,18000
0,0,7,50000
0,0,0.7,7000
6,10,1,100000
3,3,7,50000
2,3,7,25000
5,4,2,130000
4,3,12,75000
2,2,8,75000
6,5,1,72500000
7,5,1,52500000
4,4,14,33000000
4,3,5,11000000
3,3,8,17000000
4,3,7,24000000
3,3,10,31500000
5,5,1,57500000
4,3,1,33600000
0,0,10,41000000
1,1,2.3,3600000
7,6,1,65000000
5,3,7,21500000
5,4,6,8500000
4,3,5,17500000
4,3,5,9600000
6,5,10,18500000
4,3,5,13200000
7,5,1,45000000
6,5,13,25500000
4,3,5,14000000
6,5,10,24500000
6,5,10,18000000
5,4,10,17500000
6,5,10,23500000
4,3,10,13000000
6,4,1,29900000
6,5,1,47500000
3,3,3,2500000
6,5,1,69000000
0,0,10,24500000
4,4,10.9,46000000
6,6,1,100000000
8,6,9.6,33000000
7,6,2,280000000
6,5,1.3,160000000
7,7,2,200000000
3,3,6.2,8000000
2,2,4.9,3000000
4,4,4.8,15000000
7,7,16,65000000
3,3,4.2,4800000
2,2,3,2500000
2,2,4.5,8500000
2,2,4.2,7500000
2,2,4,5500000
3,3,5,13000000
3,3,5,14000000
3,3,5,13000000
3,3,5,13000000
3,3,5,13000000
2,3,4.8,6000000
3,7,4,9500000
2,2,4.9,6000000
6,6,1.4,225000
3,3,9.6,36000
2,3,2.4,13000
1,2,1.8,14000
4,5,6.7,32000
3,3,7.1,45000
4,3,4.2,45000
0,3,9.3,90000
0,3,9.3,92000
0,1,4.8,25000
3,3,13.3,75000
0,0,6,65000
3,2,5.8,32000
0,0,13.3,48000
3,3,7.1,38000
3,3,5.1,48000
5,4,2,475000
2,2,0.7,30000
4,3,8.7,45000
3,2,6,19000
0,0,6,120000
2,2,4.8,20000
3,2,4.8,26000
4,4,12,100000
4,3,14,45000
2,2,5.3,19000000
6,6,4.8,11500000
10,11,9.6,52000000
2,2,4,4200000
3,3,5,7500000
9,8,5,25000000
3,3,4.8,10000000
3,3,6.2,11500000
3,3,12.2,35000000
0,0,3.8,7100000
3,3,6.2,11000000
3,2,4.2,12000000
4,4,4.8,14000000
4,4,4.8,17000000
3,3,6.4,7000000
6,6,9.6,36000000
2,2,8,9500000
3,3,6.4,6500000
3,3,5.5,8000000
7,7,4.8,14500000
2,2,4.7,7500000
0,6,9.6,35000000
0,6,1.6,78000000
0,2,2.5,4200000
4,5,5.6,20000000
1,2,2.6,3200000
4,3,8.4,18000000
8,5,2.7,42500000
3,3,6,12000000
6,5,8,32000000
7,6,13,22500000
5,5,1.7,180000000
6,6,14.2,62000000
1,1,4.3,4600000
7,7,11,31000000
3,2,5,4500000
5,4,1.1,80000000
5,4,1,75000000
5,4,1,75000000
5,4,1,75000000
5,4,1,75000000
7,6,2,140000000
6,5,1,95000000
6,5,1,95000000
6,5,1,95000000
7,6,1.3,85000000
7,6,1.3,85000000
7,6,1.3,85000000
5,4,1,75000000
6,5,1,65000000
5,5,6,13800000
5,5,6,13800000
7,5,7,16000000
2,2,6.8,7500000
7,5,7,16000000
3,3,7,26000000
6,5,6,12000000
6,6,1.1,70000000
1,1,2,3500000
7,6,1.5,37500000
4,3,8.9,13000000
6,6,10,32500000
7,7,1.3,47000000
3,2,5.1,32500000
1,0,1.3,15000
2,2,4.4,18000
4,3,10,40000
2,3,4.9,35000
3,3,5,35000
3,3,1,40000
0,0,1,100000
6,5,10,62000
3,3,1,65000
4,3,1,40000
5,5,10,60000
4,3,1,45000
4,3,1,43000
4,3,1,41000
4,3,1,39000
5,4,1,38000
2,2,4.4,32000
2,2,3.6,16000
1,1,6.7,10000
2,2,10,40000
2,2,12,52000
2,2,6.9,60000
3,2,3.6,20000
4,3,1.2,160000
6,5,10,63000
4,3,10,44000
4,3,1,40000
3,3,10,31000
3,3,10,35000
4,4,7,90000
6,5,1.3,300000
3,5,8,74000
3,3,10,37000
5,5,1.1,320000
4,4,8,85000
4,3,1,110000
4,4,1,45000
2,2,7.1,55000
3,4,9,65000
3,2,2,4500000
3,3,1,20000000
6,8,2.2,75000000
3,3,5,6300000
5,5,7,13800000
8,5,2.6,37500000
3,3,4,3500000
3,3,10,16000000
6,4,8,13500000
5,6,4,8500000
6,5,2,65000000
5,6,5,11000000
1,1,2,3000000
6,4,1,14500000
6,5,10,16500000
5,5,1,46000000
0,0,5,5000000
0,0,3,22000
0,0,5,32000
0,0,7,25000
0,0,7,28000
2,2,10,17500
0,0,5,35000
0,0,5,22000
0,0,5,40000
0,0,5,35000
6,5,10,150000
0,0,5,15000
3,3,8,28000
6,6,1,220000
0,0,5,0
6,5,1,43500000
3,3,3,7000000
4,3,3,6300000
1,2,5,3400000
4,4,4,5500000
7,6,1.1,51000000
6,5,1,45000000
5,4,2,90000000
6,5,1,42000000
4,3,5,12000000
5,4,7,24000000
5,4,7,21000000
5,5,5,12800000
8,7,2,150000000
6,5,10,22000000
7,5,1,60000000
4,3,5,16500000
5,5,1,26000000
5,4,10,22500000
7,6,10,21800000
6,5,1,41500000
4,3,3,6200000
2,2,6,8000000
2,2,5,8000000
2,2,6,8000000
4,3,5,12400000
3,3,5,11500000
5,5,4,7000000
3,3,4,6800000
4,4,6.5,17500000
3,3,10,23500000
5,7,10,30000000
7,5,10,22000000
3,4,4,8200000
0,4,5,10500000
4,3,5,12400000
2,2,2,3500000
6,5,1,48500000
5,4,6,10000000
5,6,10,22500000
0,2,2.5,4500000
0,2,4.2,5600000
0,4,4.8,12000000
0,3,10.4,38500000
0,2,3.8,8200000
0,2,4,2400000
0,2,3.3,2600000
0,6,10.9,35000000
0,6,9.6,32500000
0,4,4.8,19000000
0,3,16,37000000
0,3,6.8,17000000
0,6,9.6,21000000
0,8,16,58000000
0,0,1.2,100000000
6,6,9.6,38000000
3,3,6,14000000
7,6,1,102500000
7,6,12,62900000
3,3,4,35000000
2,2,3.2,4200000
2,2,2.6,4800000
0,2,3.1,2600000
0,2,3.8,3200000
0,2,4,3500000
0,6,8,22500000
0,2,4.8,9000000
0,2,4.8,11500000
0,6,8,18000000
0,6,16,25000000
0,8,1.4,40000000
0,11,9.6,22500000
0,3,16,22500000
0,0,2.9,6000000
0,0,5.1,8500000
0,0,5.1,8500000
0,0,2.2,4000000
0,0,5.1,8500000
4,3,8,35000
0,5,1,350000
3,3,8.4,38000
2,2,16,30000
3,3,16,50000
3,3,5.6,26000
2,2,6,34000
3,3,5.6,26000
2,2,6,34000
6,6,1,275000
3,3,8.9,60000
3,3,5.3,30000
2,2,4.4,17000
3,3,11,50000
4,4,1.2,225000
3,3,8,100000
2,2,3.8,28000
6,6,11,47000000
3,3,5,9000000
6,4,5,8000000
4,4,5,11500000
4,4,17.8,65000000
4,4,1.8,130000000
8,8,1.3,140000000
6,6,1.3,120000000
0,0,4,270000000
4,4,8,21000000
2,2,4.9,47000000
2,2,5.1,8500000
4,4,5,8500000
4,4,1.3,15000000
5,5,8,14500000
1,1,1.9,3045000
2,1,4.4,9500000
3,3,3,3400000
3,2,5,4200000
2,2,4.2,6500000
3,3,6.2,9200000
6,5,7,15500000
3,3,6,6500000
4,3,5,6000000
2,2,4.3,7200000
4,4,5,11000000
5,5,5.6,24500000
6,5,7,15000000
6,5,6,13800000
6,5,6,13800000
7,7,1,32000000
6,5,10,9800000
2,3,10,60000
4,4,1.3,300000
3,2,10,26000
2,2,7.3,60000
7,6,1,300000
3,2,10,150000
4,3,1.6,300000
3,3,9,60000
3,2,16,65000
5,4,1.1,250000
5,4,1.3,225000
3,3,1.3,200000
5,4,1,250000
6,5,1.1,325000
4,4,10,110000
5,4,2.4,275000
5,4,1,275000
2,2,4.4,50000
1,1,2.4,40000
0,0,1,250000
4,6,12,155000
4,4,1,50000
0,5,4,45000
0,3,4,25000
2,2,8,28000
1,1,0.9,20000
5,5,1,60000
0,0,1,120000
3,3,1,110000
2,2,3.1,16000
3,3,1,75000
3,3,1,55000
3,3,14,65000
8,8,1,250000
0,0,4,11000
3,2,5,18000
2,2,7,25000
3,3,12,35000
6,5,1,42500000
7,5,4,290000000
5,5,10,18500000
5,4,10,30500000
5,4,10,33000000
7,5,17,30000000
1,2,3,7000000
4,3,5,7900000
2,2,2.5,3500000
2,2,5,4500000
7,6,1,28000000
2,0,5,7500000
6,5,1,47000000
3,3,5,10800000
3,3,5,10800000
2,2,5,6000000
2,2,3,5000000
3,3,5,9500000
0,0,10,25500000
7,5,8,14000000
2,2,4,4200000
2,2,7,20000
3,2,5,18000
5,5,5,45000
0,0,3,12000
6,6,15,100000
4,4,12,70000
5,4,10,65000
3,3,5,34000
3,3,10,31000
1,1,1.6,26000
3,3,9,47000
2,2,7,21000
4,6,18,155000
3,3,14,65000
3,3,4,26000
3,3,7,25000
2,2,5,22000
3,3,6,25000
1,1,3.1,20000
2,2,7,25000
6,5,1,39900000
6,5,1,41000000
4,4,3,5500000
3,4,3,8200000
8,6,2,89000000
6,5,10,19900000
6,5,10,19000000
6,5,18,21000000
3,5,5,17500000
6,7,3,9000000
3,2,10,9500000
5,4,10,22000000
5,4,10,23000000
5,4,10,33000000
5,4,10,31000000
4,3,4,7200000
5,4,10,21000000
4,4,10,23500000
3,3,1,20000000
4,3,5,11000000
0,0,2,6000000
6,5,1,73500000
2,2,4,7400000
3,3,3,4400000
6,5,1,39500000
6,5,1,40400000
3,4,5,15000000
3,3,3.6,7350000
6,5,1,73000000
6,5,1,47500000
6,5,1,48500000
3,3,5,11000000
5,4,10,26500000
2,4,3.6,4650000
6,6,1.2,90000000
4,3,8.7,20000000
3,3,4,42500000
2,2,2.2,7500000
2,2,4,4200000
7,6,4,420000000
3,3,16,55000000
6,6,9.6,34000000
6,6,9.6,15000000
9,8,1.3,125000000
4,4,12.4,10000000
3,2,4.2,5200000
6,10,6,19000000
1,1,4.8,27500000
3,3,16,29000000
2,2,3.3,2500000
4,4,9.6,16000000
3,3,8,35000000
4,3,7.6,25000000
5,5,1,136000000
4,3,9.6,25000000
3,2,3.5,4200000
3,2,4.6,11500000
4,4,6,10600000
3,3,7.1,14000000
3,3,7.3,10000000
3,3,8,14500000
2,3,6.1,10400000
5,4,14,15000000
7,7,2,210000000
7,6,1.2,112500000
3,3,1,110000000
3,3,7.1,13600000
3,3,9.6,75000000
2,2,4.9,4500000
3,3,7,21500000
2,4,3.2,8500000
1,4,4.8,2200000
3,3,8,24500000
1,1,2.4,2650000
3,3,5.3,8000000
2,2,3,3300000
6,6,8,22000000
6,6,8,25000000
2,3,5.6,9500000
2,3,2.6,3500000
4,4,10.7,25000000
3,3,4.9,7000000
2,1,3.3,5500000
2,2,4,10000000
2,2,3.3,3750000
7,6,1,87500000
7,6,2,200000000
4,4,13.3,50000000
2,3,4.8,11000000
2,2,1.8,3700000
2,2,3.1,3500000
2,2,3.1,4200000
4,4,8,22500000
3,3,5.3,7500000
2,2,2.6,2800000
3,5,6.7,5200000
3,2,4.2,9500000
2,2,4.2,4800000
5,5,4.8,14500000
3,2,4.4,12500000
3,3,6.2,35000
3,3,9.6,65000
3,3,11.1,90000
3,3,1.1,70000
3,2,4.8,25000
2,2,12,45000
3,3,1,120000
6,6,1,350000
3,3,2,360000
2,3,4.9,34000
2,1,2,35000
5,5,1,250000
5,4,12,200000
3,3,7.1,60000
4,3,6.7,7600000
3,3,5.8,15000000
3,2,5,12500000
3,3,11.8,17500000
4,5,6.7,20500000
8,6,10,16500000
4,5,5.6,19800000
8,6,10,16500000
4,4,6.7,22000000
4,4,6.7,24000000
0,0,10,14500000
6,5,10,14200000
3,3,6.2,9500000
1,1,1.1,2000000
0,0,10.6,45000000
5,5,9.3,27500000
5,4,5,14500000
3,3,11,19500000
2,2,3,3500000
6,5,10,35000
4,3,1,110000
7,6,12,60000
2,2,4.4,15000
2,1,5,40000
3,3,1,40000
5,4,2.4,350000
2,2,10,55000
2,2,5.6,34000
2,2,5.6,35000
3,2,10,23000
0,10,4,600000
2,2,7,20000
10,9,3.3,1200000
6,6,1,200000
2,2,8,28000
2,2,7.1,80000
2,2,5,30000
2,2,3.8,40000
3,3,11,60000
2,2,5,36000
2,2,5,34000
0,0,8,85000
5,5,1,250000
4,3,1.3,200000
6,5,10,43000000
5,4,5,5500000
5,4,10,31000000
3,3,5,11500000
5,4,10,30000000
5,4,10,36000000
3,3,10,14000000
6,4,10,35000000
5,4,10,29500000
5,4,10,28500000
6,4,10,34500000
5,4,10,29000000
2,3,5,5700000
6,5,1,44000000
6,5,1,67500000
6,8,1,37500000
6,5,1,41500000
6,5,1,64000000
6,5,1,42200000
6,5,8,15500000
6,5,1,51500000
6,5,1,43500000
0,10,1,30000000
6,5,1,70500000
8,6,5,13000000
4,4,2.5,6950000
6,5,1,72500000
2,2,4,6500000
3,2,3,4000000
5,6,5,32500000
6,6,1,33000000
7,7,1.4,33500000
2,2,3.6,4500000
5,5,10,16500000
5,5,10,28000000
9,7,17,26500000
5,5,10,23000000
4,4,9,10000000
2,3,7,7000000
2,2,7,36000
0,0,3.6,45000
1,1,2.3,27000
3,6,1,45000
4,4,10,23000000
4,5,10,43000000
6,5,1,41800000
5,5,10,25000000
4,4,10,23500000
5,5,1,43500000
4,3,1,37500000
5,4,1,46000000
6,7,4.5,9500000
6,6,5,19500000
4,4,4.5,14000000
6,5,10,20000000
4,3,6.5,13000000
6,6,5,14000000
4,4,5,13000000
3,3,5,10000000
6,5,1,39500000
4,4,5,9800000
3,2,3.5,7500000
6,5,1,52000000
8,6,16,28000000
5,5,1,50000000
5,5,1,35000000
4,4,10,20000000
6,5,1,47500000
6,5,1.6,200000000
6,5,1,68500000
7,6,8,24000000
7,5,10,28000000
4,4,5,17000000
0,5,5,17000000
7,6,2,60000000
5,4,10,23000000
4,3,7.1,15000000
0,6,10,23000000
1,1,3,2800000
0,5,10,35000000
4,4,5,8500000
5,4,10,30000000
7,6,1,42500000
5,4,10,27000000
3,3,8,21500000
3,3,8,7500000
3,3,8,6000000
3,3,5,8500000
2,2,2.7,3500000
3,3,8,10000000
3,3,8,10000000
5,5,14,14500000
3,3,8,5500000
6,6,1,155000000
3,3,8,10000000
0,4,1.2,170000000
0,3,8,18000000
0,3,8,20000000
2,2,4,5300000
3,3,6.4,13000000
2,2,4.2,5000000
2,2,4.2,5400000
2,2,4.2,6000000
2,2,4.2,6200000
2,2,4.2,6500000
2,2,4.2,7300000
2,2,4.2,5800000
2,2,4.2,5400000
6,6,1.2,185000000
3,3,10,12500000
4,4,13.1,16500000
0,6,1,91000000
6,5,1,86000000
2,2,4.9,11500000
3,3,9.6,10000000
6,7,9.6,15500000
7,6,2,280000000
4,4,12,75000000
2,2,3.1,4250000
0,0,2.4,1800000
5,4,10.4,55000000
3,3,7.8,8600000
2,2,4.2,6200000
3,3,5.4,12500000
5,4,4,35000000
2,4,6,6500000
2,2,2.4,1700000
2,2,5.3,9000000
2,3,5.8,8200000
2,2,3.3,2450000
5,4,1,40000000
0,10,12,115000000
3,3,5,8000000
4,3,9.6,26000000
2,2,5.3,5500000
2,2,3,5650000
0,2,8,33000
2,2,4.2,55000
2,1,2,32000
2,2,4.8,20000
3,3,8.6,40000
0,0,1.2,450000
4,3,8.9,70000
0,0,8.8,120000
0,0,8,70000
0,0,5.3,55000
0,0,4.9,55000
2,2,6.7,65000
3,3,11,75000
4,4,2,450000
6,5,8,14500000
6,5,7,14000000
4,3,10,13000000
1,1,4.4,4800000
3,2,5,9500000
8,6,2.6,8500000
8,6,2.6,38000000
2,3,8,48000000
0,10,1.6,160000000
5,4,6.3,15500000
2,2,4.2,8500000
3,3,5,6800000
2,2,3,3500000
7,7,14.2,30000000
4,3,5,10600000
3,4,4,16500000
0,0,6,12000000
6,5,10,40000000
6,5,8.9,8500000
6,5,8,28000000
0,6,6,12000000
0,6,6,11500000
4,5,7,26500000
4,4,5,9700000
8,8,12,19000000
4,4,5,10700000
3,3,9.1,30000000
4,3,1,80000
2,2,4,28000
3,2,10,50000
8,6,16,90000
2,2,10,45000
2,2,5.3,25000
3,4,1.1,70000
0,5,10,55000
4,7,1,60000
3,3,1.6,110000
6,6,1.2,200000
2,2,3.8,30000
2,2,4.9,140000
2,2,5,35000
3,3,1,43000
5,5,8,55000
5,5,10,50000
2,3,8,27000
6,6,12,58000
2,2,5,30000
2,2,5.6,35000
3,3,1,100000
3,3,9.3,50000
4,4,4,15000000
3,3,5,9000000
6,5,1,41200000
5,5,1,61000000
4,3,8,18500000
6,5,1,40800000
7,6,11,18000000
0,0,10,10000000
4,5,4,12500000
0,0,2.5,2600000
0,0,4,7500000
0,0,4,7510000
2,2,2.5,2700000
2,2,3.5,2700000
0,0,5,8500000
0,0,5.3,9500000
0,0,17.5,30000000
0,0,17,22500000
5,6,19,30000000
6,6,5,22500000
4,4,10,17000000
5,5,10,12500000
4,5,8,16500000
7,6,11,31500000
9,9,1,55000000
6,6,10,15000000
5,5,10,26000000
5,5,10,23500000
5,5,10,26500000
5,5,10,27000000
4,4,8,14500000
5,5,10,18500000
5,5,1,49000000
5,5,1,46500000
5,5,11,27500000
5,5,10,25000000
5,5,1,38000000
7,7,1,41000000
5,5,1,47000000
6,6,1,44000000
7,7,13,30500000
5,5,1,49000000
6,6,1,49000000
5,4,4.4,7200000
2,2,2.5,2200000
4,4,8,13000000
0,3,5,5300000
0,4,5,3500000
0,0,4,4200000
0,3,4,3600000
0,3,5,4300000
0,0,4,2800000
0,0,10,15000000
0,2,5,4200000
0,0,7,15000000
0,4,7,4500000
2,3,5,6500000
6,5,10,22000000
5,5,10,22000000
4,5,7.5,34000000
3,2,5,3700000
1,3,4,16000
6,8,15,90000
5,4,10,35000
0,0,10,50000
0,0,7,50000
0,3,7,35000
0,0,10,50000
0,0,1,13000
0,0,7,32000
0,0,2,225000
0,0,1,200000
2,2,5,11000
5,5,10,60000
4,3,5,35000
1,1,10,6000
5,5,7,48000
2,2,8,75000
2,2,7,19500
2,3,7,24000
3,3,6.2,50000
1,1,2.4,18000
2,2,3.8,27000
0,4,10,40000
0,5,7,50000
4,4,5,32000
3,3,1,130000
5,6,6,65000
8,6,10,27500000
5,4,10,26500000
4,4,5,9900000
4,4,8,16000000
5,5,1,49900000
6,5,1,82500000
0,3,2.5,5100000
0,0,1,45000000
6,5,10,17800000
6,5,1,44000000
6,5,1,48500000
6,5,10,20000000
0,3,5.5,25000000
0,0,1.6,70000000
0,3,2,110000000
0,5,5,14000000
0,5,10,43000000
6,5,1,78000000
4,4,1,30000000
8,6,1,75000000
5,4,5,11600000
1,1,3.6,9000000
5,4,10,32500000
7,5,10,22000000
6,6,1,92500000
2,2,3.2,3300000
10,11,4.8,18000000
4,4,14.2,42500000
2,2,4.2,4500000
5,6,16,47500000
0,0,9.6,40000000
5,6,4,19000000
2,2,4.9,12000000
3,3,5.3,3800000
6,5,4.8,21000000
3,3,5.3,20000000
0,0,2.6,3300000
8,6,8,17500000
3,3,6,6000000
5,4,12,18000000
8,0,18,45000000
6,6,8,35000000
8,6,2,190000000
2,2,3.3,3550000
3,3,5.4,4600000
6,6,12,30000000
7,6,4.8,26000000
3,3,6,10000000
5,6,16,44000000
0,0,12,70000000
3,3,7.6,6500000
2,2,3.3,5000000
3,3,8,16000000
2,2,3.6,3800000
2,2,2.8,3600000
2,2,3.6,4000000
4,4,17,42500000
2,2,2.8,3600000
2,2,3.8,3800000
3,3,4.8,7800000
3,3,4.8,7000000
0,3,8,14500000
2,2,4,4500000
2,5,5.6,15000000
6,5,12,39500000
0,3,8,28000000
0,3,16,55000000
6,6,1,75000000
3,2,4.2,8000000
2,2,4.2,6600000
2,2,4.2,6600000
2,3,2.4,6000000
4,4,5.1,12000000
2,2,2.4,6000000
2,2,2.4,6000000
3,3,3.2,4000000
2,2,2.4,6000000
1,2,1.6,1400000
4,3,7.1,25500000
0,0,9.6,23500000
0,0,9.6,24500000
0,0,9.6,25500000
0,0,9.6,26500000
0,0,9.6,27500000
0,0,9.6,29600000
0,0,9.6,28000000
0,0,9.6,27000000
0,0,9.6,28500000
0,0,9.6,30500000
0,0,4.8,15500000
7,6,1.3,180000000
0,0,1.3,150000000
6,5,1,83500000
3,3,6.2,7500000
1,3,8.9,90000
2,2,4.8,23000
2,2,3.6,25000
0,2,4,14000
0,2,4.8,17000
2,2,4.2,45000
3,3,5.6,48000
3,3,9.6,48000
10,3,1,140000
3,3,1.3,125000
3,3,7.1,65000
3,3,12,115000
3,3,1,135000
0,0,2.1,135000000
5,6,16,40000000
0,0,4,380000000
2,2,5,12500000
5,4,7,10000000
2,2,5,6500000
4,4,4,17500000
6,6,14.3,24000000
0,3,10,17500000
2,3,7,8000000
6,6,7,18500000
2,2,6,4400000
2,2,4.8,8500000
2,2,4.8,8500000
5,5,1.8,135000000
4,4,2,140000000
3,3,19.5,75000000
4,4,1,85000000
3,3,1.2,90000000
4,4,3,140000000
4,4,6,10800000
4,4,5,18000000
3,4,5,16500000
9,7,1,50000000
6,10,2,125000000
3,3,6.2,7000000
3,2,5,20000
0,0,1,250000
2,2,10,60000
0,0,10,30000
4,3,1,45000
2,2,4,28000
4,3,1,65000
3,3,7,45000
1,1,10,10000
3,3,10,35000
1,1,2.2,25000
0,0,3.6,30000
1,1,2.2,35000
6,6,1,230000
2,2,10,25000
2,2,17.8,200000
3,3,1.3,150000
1,2,3.6,22000
3,3,8,50000
2,2,10,26000
3,3,12,65000
2,2,10,26000
1,2,3,8000
6,6,12,55000
2,3,1,45000
4,4,7,53000
2,2,4,25000
5,5,7,80000
3,3,8,50000
5,4,10,31000000
5,4,10,29200000
6,5,11.5,22500000
5,4,10,30500000
7,5,1,36500000
5,4,10,35000000
5,4,10,21500000
7,6,1,35000000
6,5,1,32500000
5,4,10,28800000
5,4,10,30200000
2,2,7,10000000
5,4,10,32200000
5,4,10,26000000
6,5,1,45000000
5,5,10,35000000
7,7,1,35000000
5,5,1,35000000
0,0,3,2490000
5,3,5,12500000
4,3,5,12500000
6,5,1,38000000
4,3,10,16000000
7,5,1,46500000
2,6,3,6000000
6,5,1,35000000
6,5,1,47500000
6,5,1,48000000
6,5,1,51200000
6,5,1,62500000
6,5,1,48500000
6,5,1,33500000
7,6,1,29700000
2,2,8,8000000
6,5,1,37500000
6,5,1,33000000
4,4,3.7,10500000
4,3,4,9000000
5,4,17,30000000
5,4,5,13000000
6,5,1,45000000
4,3,3.5,7000000
6,5,10,20000000
6,5,1.1,39000000
0,0,3,6000000
6,5,18,37500000
6,5,13.3,23000000
6,5,17,30000000
4,4,5,8000000
10,9,2.2,100000000
0,0,2.5,2600000
0,0,5.5,1600000
3,5,9,18000000
4,3,4,5500000
2,3,3,5000000
1,1,2.3,3250000
0,0,5,5000000
0,0,5,3000000
6,5,7,14500000
3,3,5,10500000
5,5,7,15500000
0,0,4,4000000
0,0,4.5,7000000
0,0,3,8500000
0,0,3,6000000
0,0,3,7000000
0,0,5,7000000
0,0,2.2,5000000
0,0,3,4500000
0,0,5,8500000
0,0,4,8500000
7,5,7,13500000
6,5,1,49000000
6,5,7,16000000
0,0,7,13500000
2,2,4,3900000
6,5,10,22500000
0,1,2.9,3500000
0,2,5.3,11500000
0,5,10,22500000
0,5,1.2,38000000
4,3,1.2,12000000
4,4,7,8500000
5,4,7,14500000
3,6,4,8500000
2,2,4.9,4800000
2,3,5,18000
1,2,5,10000
0,2,4.4,28000
3,3,6.9,60000
0,0,3.8,42000
4,3,1,55000
2,2,4,80000
7,6,1,220000
0,2,5.3,40000
0,3,7.1,60000
3,3,11,30000
4,4,10,22500000
4,4,1,45000000
3,3,3,11000000
5,5,5,11000000
6,5,10,23500000
6,5,10,19500000
4,3,3,5500000
3,3,3,3800000
2,2,3,5600000
5,5,2,100000000
5,5,4,200000000
5,5,2,150000000
4,4,3,9500000
4,3,5,8500000
3,3,3,6800000
3,3,4.7,10500000
3,3,4.7,10000000
6,5,5,8500000
4,3,5,11000000
7,5,1,59500000
6,5,1,39000000
3,3,7.5,16000000
0,4,11,16000000
0,2,2,2500000
0,3,3,6500000
0,3,6.5,6500000
0,3,4,7500000
2,2,2.4,3900000
3,4,11.2,20000000
3,3,9.6,28500000
7,6,16,70000000
3,3,9.4,13500000
2,2,2.4,3800000
6,6,4.8,26000000
5,5,14.6,55000000
6,6,9.6,31500000
2,2,3.3,5000000
8,8,9.6,32000000
5,6,1,87000000
4,4,14.2,44000000
2,2,3.1,5000000
3,3,9.6,21000000
3,3,6.4,15000000
0,2,4,9000000
0,3,5.3,11500000
4,4,4.4,12000000
0,0,8,14800000
0,0,5.3,7000000
6,6,2,155000000
2,2,4.2,6500000
0,3,8,15000000
0,3,6.1,14500000
2,2,4.8,3300000
2,2,4.4,4500000
3,3,5.6,6500000
2,1,4.8,7000000
0,3,5.8,13000000
3,3,8,13900000
3,3,4.7,7500000
2,2,3.2,9200000
3,3,3.2,8900000
3,3,4.9,13000000
3,6,4.8,18000000
3,3,10.7,40000000
3,3,10.7,42500000
3,3,5.6,6800000
2,3,4.8,7500000
2,2,2.9,2700000
2,2,2.9,2700000
7,11,9.3,25000000
2,2,0.2,3200000
4,4,14,22500000
3,3,8,21000000
0,3,6.7,70000
2,2,4.2,20000
3,2,1,115000
4,3,10.4,150000
2,2,5.3,75000
3,3,1.2,170000
3,3,5,9400000
2,2,5,3500000
5,5,14,45000000
3,5,4,15000000
5,5,7,37500000
7,5,2.5,150000000
9,8,1,130000000
5,5,6,12000000
6,5,10,17000000
7,6,10,16500000
7,6,1,37500000
4,4,8,18800000
0,6,10,42500000
3,3,8,7600000
0,4,6,15500000
3,3,4.4,11000000
0,3,5,15000000
5,5,10,45000000
8,6,14.2,27500000
1,1,1.8,1499000
0,0,4.4,16500000
6,6,14.2,46500000
2,2,3,3100000
2,2,7.3,70000
4,3,1.1,165000
3,3,17.8,190000
10,11,10,135000
2,2,1,120000
3,3,14,70000
2,2,3.1,22000
2,2,3.1,25000
2,2,3.1,23000
7,7,1,145000
7,7,1,146000
3,3,14,55000
6,5,1,47500000
3,3,5,10700000
6,5,1,45000000
5,4,10,19500000
7,6,1,45000000
6,5,1,49000000
3,3,3,8000000
3,3,3,7500000
3,3,5,11500000
3,3,5,11000000
4,5,3.5,11000000
4,4,5,10000000
3,3,4,7800000
3,3,4,7500000
3,3,5,12000000
6,5,13,21500000
5,3,6.5,15500000
5,5,10,22500000
7,6,1,55000000
5,5,10,20000000
6,5,18,37000000
6,5,1,44000000
4,3,3,5600000
3,3,2.5,4350000
4,5,3,7000000
6,5,1,52500000
7,6,1.3,60000000
6,5,1,48500000
3,3,5,13000000
6,5,1,70500000
6,5,1,48200000
5,4,10,17000000
6,5,8,16500000
5,5,10,20000000
4,3,5,13000000
5,4,7,14000000
2,1,3,4200000
0,0,17,22500000
0,0,6,12500000
4,3,6,6000000
0,3,5,8500000
0,3,5,10000000
0,7,16,27000000
4,3,5,10000000
0,4,17,26000000
0,5,11,25000000
0,5,10,22500000
5,3,11,23500000
0,1,3.6,7500000
0,1,3.6,7500000
4,4,5,11000000
5,5,7,13300000
0,6,12,24000000
0,6,12,25500000
0,6,12,26500000
0,6,12,28000000
0,6,12,24000000
0,6,12,26000000
0,6,12,25000000
0,6,12,23000000
0,6,12,25500000
0,5,12,22000000
0,0,5,23000
0,0,5.5,45000
0,0,5,35000
0,0,5,35000
0,0,5,40000
0,0,10,30000
0,0,5,40000
0,0,5,40000
0,0,5,35000
0,0,5,35000
0,0,5,32000
0,2,2.9,20000
3,2,8,30000
2,1,3,35000
8,10,2.2,360000
6,5,1.2,60000000
3,3,5,13500000
2,2,10,16500000
6,5,5,15000000
7,6,1,37000000
6,5,1,43200000
6,5,1,51000000
6,5,10,24500000
5,4,5,8700000
6,5,10,24500000
3,3,10.9,57500000
7,6,1.3,220000000
7,6,2,300000000
6,5,1,165000000
6,5,1,165000000
7,6,2,320000000
7,6,1,140000000
6,6,4,340000000
7,6,1,160000000
2,4,4.4,7300000
2,3,4.2,12000000
3,3,7.3,28500000
2,2,3.3,5000000
4,4,4.8,13500000
2,2,4.8,9000000
2,2,4,4900000
3,3,9.6,17500000
6,6,9.6,35000000
3,3,2.4,11000000
3,3,9.6,17500000
2,2,3.8,7500000
2,2,4.2,8500000
4,8,4.8,12500000
0,0,8,15000000
0,0,9.6,23000000
0,0,8,14500000
2,2,2.4,2500000
3,3,3.2,3500000
2,2,2.4,3000000
3,3,3.2,3500000
3,3,2.4,8200000
4,4,3.2,12000000
0,0,4.8,4500000
1,2,3.6,2800000
8,7,4.8,8000000
6,6,4.8,6000000
4,4,4.8,7500000
3,3,5.3,4500000
4,4,10,15000000
4,4,4.2,4200000
6,6,9.8,18000000
3,3,4.9,12500000
3,3,10.4,50000000
3,3,6.4,11000000
1,2,3.1,6000000
5,5,3.4,15000000
6,6,4,15000000
2,2,3.4,3500000
2,2,3.2,3200000
2,2,2.4,6500000
8,7,4.8,50000000
6,6,1,140000000
8,8,6.4,29000000
5,4,11.8,10000000
3,3,5.3,8000000
4,4,14,17000000
2,2,3.4,4950000
3,3,9.4,9000000
3,3,3.4,7000000
0,0,4.8,8000000
6,6,2,180000000
2,3,3.2,5500000
3,3,4.6,6500000
1,2,4.8,6500000
1,2,2.4,2200000
1,2,2.4,2800000
7,6,2,210000000
3,4,4.8,5500000
1,1,1.6,1650000
5,4,1,350000
2,2,3.8,35000
0,0,9.6,70000
0,0,9.6,80000
3,3,6,40000
3,3,7.6,55000
3,3,5.6,35000
2,2,5.1,2729000
7,6,1,47500000
2,2,4,7400000
5,4,8,14000000
6,6,1,38000000
2,2,5.3,4500000
2,2,6.4,13000000
1,1,2.5,4100000
0,2,5,3000000
0,2,5,3300000
0,2,5,3500000
0,3,8,5800000
0,3,8,6900000
0,3,8,7500000
0,3,8,4600000
5,5,8,30000000
6,5,5,50000000
0,0,10,22000000
2,2,4.7,7500000
5,4,5,10000000
10,11,8,230000000
2,2,5.1,4380000
1,1,2.3,4500000
3,3,14.2,65000
3,2,5,25000
3,3,1.2,160000
3,3,4.9,35000
0,0,1.1,70000
8,7,12.4,150000
2,4,12,25000
3,3,9.3,50000
3,3,9.3,50000
3,3,8,20000
1,1,2.9,14000
8,8,10,100000
3,3,13.3,37000
3,3,7.8,120000
7,6,2.4,1500000
3,3,14.2,35000
3,3,11,60000
4,3,5,14500000
6,5,1,47500000
6,5,5,12000000
5,3,5,13200000
2,1,3,2500000
6,5,10,24500000
7,6,1,97500000
6,5,10,32500000
6,5,1,47500000
4,3,1,17500000
0,0,2.2,2800000
4,4,5,9800000
6,5,1,42500000
6,5,10.5,21000000
5,4,10,13500000
0,0,5,9500000
0,0,5,8500000
0,0,6,9700000
5,4,10,28500000
5,4,10,26500000
5,4,1,39000000
3,3,5,8800000
3,3,5,12500000
0,0,10,29000000
7,6,8,16500000
6,6,2,110300000
3,2,5,9500000
7,5,8,15500000
5,4,5,16000000
4,3,5,12000000
7,6,1.1,53000000
0,4,10,23000000
0,4,10,26000000
0,4,10,25000000
0,4,10,22500000
5,5,5,14500000
0,0,3,147500000
6,6,1,42500000
6,5,1,49000000
5,3,5,10500000
4,3,5,18000000
0,0,5,7000000
0,0,4.5,8000000
0,0,5,9500000
0,0,5,9500000
0,0,5,9500000
0,0,2,128500000
2,3,5,6000000
6,5,1,34000000
6,5,1,70000000
1,1,2.3,3600000
5,4,8,26000000
3,3,3,7500000
6,6,4,9000000
3,3,3,7000000
6,5,2,78000000
4,4,5,7700000
6,5,1,51500000
4,3,5,10000000
4,4,3,4000000
5,4,1,23000000
6,6,1,41000000
5,4,4,9500000
4,4,10,20000000
0,6,2.2,80000000
0,5,12.5,18000000
0,5,1,40000000
0,5,10,21000000
5,4,5,9000000
2,3,3,3800000
7,5,7,14000000
6,5,10,27500000
2,2,5.6,4750000
6,5,10,23500000
6,5,10,25000000
5,5,1,60000000
1,1,2.2,4500000
5,5,7,14000000
0,2,2.9,5000000
6,5,1,38500000
3,3,15,15000000
2,2,4.2,7000000
2,2,2.9,4000000
4,4,7.6,7200000
4,4,5,9500000
2,3,6,22000
3,2,7,25000
3,3,7,26000
3,2,10,32000
1,1,3.1,25000
3,3,1,35000
2,2,4.2,42000
4,3,1,65000
4,3,1,60000
4,3,1,55000
4,3,10,40000
4,3,10,38000
4,3,10,35000
7,6,1,135000
5,4,12,65000
0,0,10,70000
0,0,5.3,30000
0,0,10,30000
5,4,1,39000000
7,7,1,43000000
0,0,5,9500000
7,5,10,25000000
3,3,3,5500000
3,3,5,11000000
3,3,5,7800000
3,3,5,9500000
4,4,7,11000000
5,5,5,12000000
3,3,4,7500000
3,3,8,19500000
3,3,6.1,17500000
0,0,16,74000000
0,0,14,17500000
7,6,1,79500000
2,2,4,10000000
2,2,3,3100000
2,2,4,5500000
3,3,7.3,13500000
3,3,3.3,5000000
3,3,7.6,20000000
2,2,2.9,3000000
1,2,2.9,2200000
2,2,2.7,3000000
0,0,8,10500000
6,5,12,90000000
2,2,5.3,10500000
4,4,12,65000000
2,2,4.8,7100000
6,5,1,110000000
10,11,2,250000000
2,2,4.2,7500000
2,2,5.8,19500000
3,3,10.2,42500000
3,3,5,5000000
4,3,5.3,22500000
0,0,6.7,22500000
2,2,2.3,6300000
2,2,5.3,17000000
3,2,5,6000000
2,2,4.7,65000000
3,3,8.9,25000000
2,2,4.9,4800000
2,2,6,4700000
2,2,6,4700000
2,2,6,4700000
2,2,5.1,4500000
2,2,5.1,4500000
2,2,5.1,4800000
2,2,5.1,4800000
2,2,7.1,7500000
2,2,7.1,7500000
2,2,4.4,7200000
3,3,5.1,7210000
7,6,2,220000000
4,3,4.8,11500000
3,3,6,6500000
2,2,2.4,5500000
6,6,1.2,70000000
8,8,1.1,220000
3,3,7.3,80000
2,1,2.2,30000
4,4,4,95000
6,5,1,230000
4,4,12,90000
3,3,1,110000
3,3,11.2,110000
6,4,2,170000
2,2,4.2,30000
3,3,8,60000
2,2,4,31000
0,1,9.8,70000
5,4,6.4,52000
3,3,8,110000
4,4,8,38000000
0,0,4.6,12000000
6,4,5,8500000
3,3,12,21500000
4,4,5,8800000
5,5,7,13500000
5,5,5,11000000
5,4,7,14500000
5,5,7,14200000
3,2,5,7400000
4,4,10,45000000
3,3,4,13500000
5,5,10,32500000
4,4,6,14500000
0,0,8,18500000
0,0,5,21000000
0,0,7,31500000
0,0,6,24000000
4,4,1,90000000
3,3,9.1,11500000
1,1,1.4,1982000
6,6,14.2,25000000
1,1,2.7,3900000
5,5,8,14500000
6,5,8,14500000
6,5,8,14500000
6,5,8,14500000
6,5,8,14500000
6,5,8,14000000
6,5,8,14500000
2,2,3.1,6500000
3,3,12.2,21500000
2,2,3.6,4000000
6,6,17.8,100000000
5,4,10,30000000
1,1,4.1,4100000
3,3,8,7500000
3,3,12.7,150000
6,5,10,55000
4,3,1,52000
5,5,10,50000
3,3,8,37000
0,2,9.3,25000
6,6,1,180000
6,6,1,180000
6,6,1,180000
6,6,1,180000
6,6,1,180000
5,5,1.1,348000
5,5,4,500000
2,2,7,30000
2,2,2,120000
2,2,6,22000
2,2,6,21000
3,3,10,35000
3,3,10,26000
3,3,10,25000
3,3,10,27000
3,3,10,26000
3,3,17.8,120000
4,4,1.1,85000
3,4,1,110000
4,3,14.4,115000
3,3,1,50000
3,3,8,36000
3,3,1,65000
3,3,2,4700000
3,3,3,6500000
4,3,5,13000000
5,5,10,18500000
3,3,3,5700000
5,5,8,12500000
5,5,6,11500000
3,3,3,5800000
2,3,8,8500000
5,5,10,16000000
4,4,6,12500000
3,3,5,12500000
3,3,10,21500000
5,5,7.6,16500000
4,4,5,7000000
4,3,5,11000000
4,4,7,18000000
4,4,8,19000000
6,6,10,21000000
6,5,12,22500000
5,4,1,37500000
4,3,5,9900000
0,6,2.9,95000000
5,4,10,15000000
5,5,10,23500000
6,5,1,54500000
4,3,2,6500000
8,7,4,270000000
6,9,1,39000000
5,4,1,28500000
4,4,10,20000000
5,4,10,19500000
4,3,8,17000000
4,3,5,12500000
3,3,3,5500000
3,3,3,5500000
3,3,3,5500000
3,3,3,5300000
3,3,3,5500000
3,3,5,9500000
3,3,5,5500000
5,5,10,12000000
0,0,5,16000000
4,4,12,23300000
0,0,4,10500000
0,0,1,42500000
6,5,10,23000000
3,3,5,11000000
3,3,7,11000000
0,0,2,2850000
0,0,2,3000000
0,0,2,3200000
0,0,2,3400000
0,0,5,6500000
0,2,5,5500000
0,0,7.5,4500000
0,0,2.5,3500000
0,0,2.5,3500000
0,0,5,7500000
0,0,5,10000000
0,4,1,40000000
0,5,1,45000000
0,4,16,40000000
0,6,1.1,60000000
0,4,7,15000000
0,0,7,14000000
7,5,10,11500000
0,0,10,16500000
0,0,10,16500000
2,2,4.8,5700000
0,0,10,27000000
2,4,10,6500000
0,0,13,17000000
4,5,5,6500000
7,5,8,12800000
4,4,5,7500000
0,0,4,2700000
2,2,4,4500000
3,3,5,6500000
4,4,7,13500000
3,3,12,24000000
3,3,10,12500000
5,5,10,20000000
5,5,1,36800000
2,3,10,4000000
0,0,18,35000
0,0,3,22000
0,0,5,32000
0,0,7,25000
0,0,7,28000
0,3,10,25000
0,0,5,40000
3,3,5,35000
3,4,5,28000
0,0,5,40000
0,0,10,33000
0,0,1,90000
0,0,1,75000
5,5,7,55000
7,6,12,80000
3,3,1,38000
0,1,3.8,45000
0,2,10,37000
1,1,3.8,50000
1,1,3.8,45000
1,2,1.8,1750000
4,4,9.6,57500000
8,6,4.8,19500000
7,6,9.6,36000000
6,6,1,100000000
4,3,15,27000000
1,2,1.6,5500000
8,8,16,55000000
2,2,1.9,5700000
2,2,8,26000000
2,2,4.8,15000000
2,2,2.9,3200000
1,1,2.6,2200000
3,3,7.3,12500000
0,0,4.8,7500000
2,2,3.1,4800000
2,2,2,1500000
2,2,2,1500000
2,3,2.9,2400000
3,3,8,6200000
2,2,4.7,14500000
3,3,6.7,20000000
6,5,5.6,22000000
0,0,2.4,12000000
5,4,4.5,17000000
4,4,4.8,17000000
4,4,4.8,17000000
4,4,4.8,17000000
4,4,12,14500000
3,3,9.6,25000000
3,3,6.3,7400000
4,4,6.4,8500000
2,2,5,9200000
2,2,4,4600000
2,2,4.7,5500000
2,2,4.2,5600000
0,0,11.4,31000000
3,5,5,8500000
3,5,6,11000000
3,5,6,12000000
3,5,6,13000000
0,0,5.1,6000000
3,3,5.1,12000000
3,3,5.3,11500000
3,3,14,3500000
0,0,16,35000000
0,0,4,55000000
6,6,1,90000000
2,2,4.2,9000000
3,3,4,37000000
2,2,4.4,1389000
5,5,2,180000000
6,6,2.1,105000000
2,2,6.2,1943000
4,4,10,58000000
2,2,5.6,10500000
3,3,7.6,2387000
2,2,2.9,2500000
2,2,2.9,2500000
2,2,2.9,2500000
2,2,3.4,2000000
2,2,3.4,2000000
2,2,3.4,3000000
2,2,3.4,3000000
2,2,3.1,1600000
2,2,3.4,3900000
5,5,1,115000000
3,3,8,20000000
3,3,6,15000000
0,6,9.6,31000000
0,4,4.8,22500000
0,4,5.3,24000000
2,2,6.7,6000000
2,2,6.7,6000000
2,2,6.7,6000000
2,2,5.1,5000000
2,2,5.1,5000000
2,2,5.1,5000000
2,2,5.1,5000000
5,4,12,22500000
4,4,12,21500000
4,4,12,22500000
3,3,9.3,15800000
3,3,9.3,16000000
3,3,9.3,15500000
3,3,9.3,17500000
4,4,16.9,26000000
2,2,4,4400000
2,2,4,4000000
2,2,4,4200000
2,2,4,4100000
3,3,8,11000000
3,3,6,9000000
2,3,4.2,4200000
3,3,6,7000000
3,3,5.6,6500000
3,3,10,12000000
2,2,4.2,5200000
0,0,3.4,3500000
0,0,4,6200000
2,2,4.2,6200000
0,0,3.4,3500000
0,0,4,6000000
0,0,3.4,8000000
0,0,2.6,3000000
0,0,4.8,6500000
0,0,4.8,6000000
0,0,2.6,4000000
0,0,3.4,4000000
0,0,3.4,9000000
0,0,2.6,3000000
0,0,4.8,7000000
3,3,9.8,55000
3,3,6.2,25000
6,6,1.3,450000
2,2,4,35000
2,2,5,7500000
5,4,6.7,24000000
6,6,12,27000000
5,5,1,75000000
5,5,1,67500000
2,2,5,4000000
6,5,8,13500000
7,7,1,85000000
7,7,12,55000000
3,3,14.2,45000000
6,6,1.2,105000000
5,5,1.2,77500000
6,6,14.2,65000000
2,2,6,16000000
2,2,3.1,2500000
0,0,12,23000000
3,3,14,16500000
6,5,14,22500000
7,7,5.6,18000000
4,4,1.5,45000000
1,1,5.6,8500000
3,3,3.8,3700000
0,4,9.3,15500000
0,4,7.1,13000000
0,4,9.3,16000000
0,2,9.3,12000000
0,1,2.7,2200000
0,1,2,2500000
0,3,7.6,5500000
6,6,1,38500000
3,2,5.1,32500000
0,5,4,240000000
3,3,6.2,3000000
0,5,17.8,6500000
0,4,9.3,15500000
0,4,7.1,13000000
0,4,9.3,16000000
0,2,9.3,12000000
0,1,2.7,2200000
0,3,7.6,5500000
0,2,4.4,2700000
2,2,3,2600000
1,1,1.8,1500000
6,5,1,55000000
6,6,10,52500000
5,4,4.4,14500000
0,6,10,35000000
0,6,12,45000000
0,5,12,41000000
0,0,12,42500000
0,2,4,15000000
0,0,1,110000000
6,5,1,48000000
6,5,1,48000000
3,3,1.3,95000
3,2,5,25000
0,3,12,75000
0,3,12,70000
0,3,6,55000
0,3,6,55000
0,3,12,42000
3,2,5,28000
3,2,8,30000
3,2,5,25000
0,0,1,180000
0,0,1.2,300000
0,0,2,90000
0,0,1.3,140000
0,0,2.4,180000
0,0,1,100000
2,2,10,55000
2,2,6,65000
2,2,4.7,45000
2,2,8,55000
0,0,8,15500000
2,3,1,3200000
0,4,5,8000000
0,6,1,80000000
5,4,10,32500000
6,5,1,75500000
3,3,8,19000000
0,5,1,32500000
0,5,10,16000000
0,3,3,6500000
5,5,1,42500000
5,4,10,30000000
2,3,1,3200000
2,3,1,3200000
2,2,2,3200000
2,2,2,3200000
2,2,2,3200000
0,5,5,10500000
2,2,1,2800000
2,2,1,2800000
1,1,1.8,1600000
2,2,1,2800000
0,3,3,5000000
5,4,12,25000000
0,3,3.5,9800000
6,5,12,25000000
6,5,1,40000000
3,3,1,19900000
5,4,6,9900000
1,1,2,2200000
0,0,7,26000000
6,5,10,19000000
1,1,2.5,7683000
6,5,2,190000000
6,5,8,16400000
4,3,5,17000000
4,3,5,12500000
6,5,10,21000000
0,5,10,14000000
0,5,5,10800000
0,4,5,8500000
0,3,3,6800000
0,5,10,18000000
0,4,7,11500000
0,2,5,8000000
0,3,5,9000000
0,4,5,9000000
0,3,3,6600000
0,5,10,21500000
0,3,3,6800000
0,3,5,10500000
0,3,5,10000000
0,5,10,21000000
0,4,8,16500000
0,5,10,21000000
0,5,10,22500000
0,5,10,18000000
4,3,5,18000000
1,1,2.3,3600000
1,1,2.3,3600000
4,3,5,12000000
6,5,1,45500000
3,3,5,7500000
4,3,5,11500000
5,4,10,24500000
8,7,2,99000000
6,5,12,27000000
5,4,5,7800000
5,5,8,13500000
4,4,6,9800000
5,5,10,22500000
5,5,10,23500000
5,5,1,42500000
5,5,10,25000000
6,5,10,25000000
10,10,11,30000000
6,6,1,46000000
5,5,7,14000000
2,2,3,3300000
2,2,3,3300000
0,5,1,40000000
5,5,7,12500000
0,0,10,16000000
6,5,1,48000000
6,5,1,48000000
0,0,4.8,6500000
0,0,4.8,6500000
0,0,3.4,7500000
2,2,4.8,6500000
2,2,3.8,6200000
0,0,4.6,5500000
0,0,3.4,4000000
0,0,3.4,6200000
0,0,3.4,5000000
0,0,3.4,4800000
0,0,3.8,6000000
0,0,3.4,6500000
2,2,4.8,6500000
2,2,4.2,4200000
2,2,4.8,11500000
4,4,4.8,12000000
4,3,9.6,28000000
2,2,4.2,6200000
3,3,5.3,4600000
10,11,8,60000000
2,2,4.2,6800000
3,3,7.3,16500000
3,3,5,9000000
2,2,2.6,4800000
4,4,16,25000000
3,3,6.2,13500000
2,2,2.9,4000000
2,2,4.2,8500000
3,3,8,12500000
3,3,5,15000000
0,6,16,38000000
0,4,5.8,14500000
0,4,4.8,14000000
0,4,4.8,13500000
0,6,9.6,27000000
8,7,2,250000000
4,4,4,37500000
0,3,6,11500000
0,3,3.8,8500000
0,2,3.1,7000000
0,2,3.6,8500000
0,0,9.3,28000000
0,0,9.3,30000000
0,0,8,30000000
0,0,8,27000000
0,0,8,30000000
0,0,13.6,42500000
0,0,9.3,35000000
0,0,9.3,16500000
0,0,9.3,15500000
0,0,8,45000000
0,3,9.3,18000000
0,3,9.3,19000000
0,3,10.2,16500000
0,3,6,13000000
0,3,6.8,12000000
0,3,7.1,11500000
0,3,6,9500000
0,3,4.9,4000000
0,2,3.3,4200000
0,2,4.9,6500000
2,2,2.6,1700000
2,2,2.6,1700000
2,2,2.6,2000000
2,2,3.4,5200000
3,3,7.2,12000000
8,8,4.8,13500000
3,5,16,58000000
3,3,12,52000000
4,3,12,15500000
3,3,6.4,12000000
2,3,3.8,5500000
2,2,4.9,10000000
3,3,8,19000000
2,2,4.9,5500000
1,1,2,2300000
5,5,1.3,150000000
1,1,2,1800000
0,6,1,107500000
5,4,14,20000000
0,4,4.8,19500000
0,4,8.9,32500000
0,3,6,15000000
0,3,7.2,14000000
0,4,7.2,16000000
0,3,6.4,11500000
0,3,6.4,14000000
0,3,5.3,8000000
0,3,6.2,11000000
0,3,6,15000000
0,3,6,13200000
0,3,6.7,13500000
0,3,6.7,13500000
0,4,7.6,15500000
0,2,5.3,7000000
2,2,3.3,2800000
2,2,5.3,110000
3,2,4,40000
5,4,2,400000
0,2,4.2,18000
0,3,6.2,40000
6,5,4,400000
3,3,9,85000
2,1,5.6,30000
6,4,7,50000
3,3,8,6500000
6,6,10,18000000
4,4,5,9000000
2,2,3.8,2500000
0,0,10,18500000
4,4,5,4500000
6,6,1.1,145000000
2,2,5.3,11000000
3,3,5.3,11000000
6,5,1,39500000
7,7,12,38000000
5,4,4,16000000
5,4,4,15700000
6,5,8,28200000
1,1,2.1,3311000
5,4,4,17000000
7,6,10,35000000
5,5,1,42500000
3,3,7.6,14000000
6,5,19.8,18000000
6,5,19.8,18000000
5,6,10,13000000
0,0,1.7,35000000
0,0,6,15500000
0,0,6,19500000
0,0,5,21500000
0,0,5,21500000
0,0,7,24000000
5,4,5.6,12000000
6,6,14.2,16000000
0,0,5,12000000
0,0,8,25000000
6,6,1,55000000
5,5,1,87500000
3,3,8,6300000
4,4,5,8500000
2,2,4.7,7000000
1,1,1.2,2085000
3,4,1.3,90000
3,3,14,65000
4,5,6,75000
2,3,6,36000
6,6,1,160000
3,3,7,28000
7,6,1.3,400000
3,3,10,38000
8,6,1,250000
3,3,1.3,130000
6,6,1,190000
6,6,1,190000
10,10,1,225000
6,6,1,190000
6,6,1,190000
6,6,1,190000
4,4,6,40000
2,2,4,27000
0,2,6,12000
2,2,3.6,70000
0,0,1,300000
0,0,1,320000
0,0,1,330000
0,0,1,350000
0,0,1.3,400000
0,0,1.3,440000
0,0,1.3,450000
0,0,1.3,480000
0,0,1.3,500000
0,0,1.3,530000
0,0,1.3,550000
0,0,2,600000
0,0,2,630000
0,0,2,650000
0,0,2,680000
0,0,2,690000
0,0,2,700000
2,2,5.3,143000
1,1,1.2,14000
3,3,10,40000
3,3,10,35000
6,6,1,80000
2,2,5,18000
0,0,1.3,500000
0,0,1.3,550000
0,0,1.3,600000
0,0,1.3,650000
0,0,2,700000
0,0,2,750000
4,3,14,37000
0,0,1,100000
5,4,10,80000
4,3,10,30000
6,5,10,75000
1,1,2.2,16000
0,3,1,60000
0,3,1,38000
0,3,1,40000
5,4,10,18500000
2,2,4.7,4000000
4,3,12,15800000
2,2,3.5,6800000
5,4,10,25000000
3,5,3,7000000
3,2,2,60000000
3,3,12,30000000
4,3,3,5500000
4,3,3,4700000
4,5,5,11000000
4,3,5,12500000
4,3,10,12000000
3,3,10,19000000
5,4,10,32500000
4,3,12,20000000
2,2,3,3000000
4,3,3.5,7800000
1,1,1.7,3000000
8,7,2,70000000
6,4,10,22000000
3,3,2,2200000
3,3,5,9500000
7,7,1,47500000
5,5,7,16500000
0,0,5,10000000
3,3,5,11500000
5,5,12,24000000
5,5,10,19500000
5,5,10,22000000
5,5,10,22500000
5,4,10,28500000
3,3,10,17000000
4,4,17,36500000
4,4,10,23500000
4,3,5,12000000
7,7,1,30000000
3,3,3,7600000
3,3,3,7600000
5,5,1,32500000
5,5,1,32500000
5,5,10,22500000
0,0,1.5,110000000
0,0,1.5,110000000
0,0,1.5,110000000
4,3,5,15500000
0,0,1.5,110000000
0,5,5,11500000
0,4,10,19000000
0,3,4,8500000
0,3,3.5,7500000
0,5,10,20000000
5,5,1,58000000
6,5,1,30000000
5,4,10,27800000
5,4,10,22500000
5,5,2.3,100000000
5,6,5,10000000
10,6,16,30000000
5,5,7,9500000
0,9,5,15000000
0,0,7,15000000
5,8,4,10000000
0,0,5,10000000
0,0,5,11500000
6,4,1,49500000
0,4,5,8700000
6,6,2.1,87500000
3,2,4.5,5800000
2,2,4.2,4150000
4,4,1,28000000
3,3,3,4500000
1,2,5,3600000
3,3,1.1,72600000
8,10,11,31500000
2,2,4,2700000
0,0,10,22500000
2,2,4,3500000
5,5,7,14500000
1,1,2.5,5200000
0,0,5,8000000
0,0,4,9000000
0,0,4,7000000
0,0,5,10500000
0,4,10,14000000
0,3,1,17500000
5,5,1.2,28800000
4,5,7,15500000
4,5,7,14000000
5,5,10,19900000
0,0,5,55000
0,0,5,56000
0,0,5,57000
0,0,5,58000
0,0,5,69000
0,0,5,60000
0,0,10,80000
6,6,8,25000000
6,6,8,22500000
4,3,11.4,33000000
3,2,4.8,6000000
1,1,2.4,4200000
3,3,6.2,12000000
2,2,3.8,6800000
3,2,4,7000000
3,3,8,19400000
3,3,7.1,3700000
4,6,3.2,11200000
3,3,4,3800000
4,4,7.6,25500000
3,2,4.4,6944000
3,3,4.8,11000000
4,4,4.8,9500000
2,4,4.2,17500000
4,3,12.4,51000000
4,4,8,19800000
3,3,4,4800000
8,6,16,55000000
3,3,6.7,9700000
0,3,6.7,13000000
6,6,12,42500000
5,4,4.8,22500000
4,5,9.6,17000000
3,3,5.8,9500000
6,6,12,36500000
3,3,7.5,6000000
3,3,5.3,7800000
3,3,7.6,25000000
3,3,4.9,8500000
7,6,12,40000000
2,2,3.3,4000000
2,2,4.7,9000000
2,2,4.4,6000000
0,0,16,41000000
0,0,16,47500000
6,6,12,38500000
2,2,4.2,6500000
3,3,5.3,9000000
2,2,4.4,7000000
3,3,9.6,34500000
3,3,5.6,11000000
2,2,4.8,6000000
0,3,5.5,8500000
0,3,5.6,8500000
0,3,7.1,16800000
0,3,5.5,8000000
0,2,5.5,8000000
0,3,5.6,7500000
0,3,5.6,7500000
0,2,3.1,6800000
3,3,8.9,43000000
4,4,14.9,36000000
3,3,12.4,37000000
3,3,6.4,14500000
2,2,4.6,6500000
0,3,9.6,16500000
3,3,6.4,14500000
3,2,6.7,9000000
0,3,12,46500000
3,3,5.6,38000
5,5,1,240000
5,4,1,100000
3,3,7.6,65000
6,6,1,48000000
7,5,10,31000000
5,5,10,30000000
3,3,4.9,8242000
5,4,20,220000000
0,4,4.4,26500000
0,5,8,25000000
0,5,8,21000000
0,4,4.4,23000000
3,3,5.4,5000000
6,5,10,27000000
1,1,3.3,3695000
3,3,4,135000000
7,6,1,45000000
6,6,12,50000000
0,1,3.1,4140000
0,1,2,2820000
0,1,2.1,2640000
0,2,4.5,6030000
0,2,4.3,5820000
0,2,4.1,5550000
0,2,3.9,5250000
0,3,6.9,9360000
0,3,6.1,8220000
0,3,5,6780000
0,4,7.6,10300000
0,9,1.3,80000000
6,6,11,46000000
0,0,2,800000
0,3,11,60000
2,1,5.1,125000
0,0,1,300000
0,0,2,680000
0,0,2,750000
3,3,1.2,150000
0,0,1,280000
5,5,1,90000
3,3,1,43000
3,3,1,48000
1,2,3,12000
2,2,10,31000
1,2,3,12000
0,0,10,81000
0,0,10,82000
0,0,10,83000
0,0,10,84000
0,0,10,86000
0,0,10,87000
0,0,10,88000
0,0,10,98000
0,0,10,90000
0,0,5,35000
0,0,3,22000
0,0,5,33000
0,0,19,250000
0,0,0.7,12000
0,0,0.8,15000
0,0,0.8,14000
0,0,0.8,12000
3,3,7,30000
3,3,10,50000
2,2,12,25000
3,3,10,35000
3,3,1,60000
5,5,1,140000
3,3,1,55000
3,2,6,22000
3,3,6,50000
3,2,6,25000
4,4,10,80000
0,0,5,18000
0,0,5,19000
0,0,5,20000
0,0,5,21000
0,0,5,22000
0,0,5,23000
5,4,10,27500000
4,4,14,38000000
6,6,1,30000000
6,6,1,35000000
3,3,5,11000000
3,3,5,12000000
5,4,10,29200000
5,4,10,26000000
0,5,10,23500000
5,5,10,18000000
5,5,1,52500000
5,5,1,38500000
5,5,9,29000000
3,3,4,9500000
5,5,18,37500000
2,2,4.3,4250000
2,2,5,5000000
2,2,5,6000000
2,2,5,4000000
5,4,10,26000000
3,3,3,5000000
6,5,10,32500000
7,6,1.2,75000000
4,5,5,13000000
0,5,5,14000000
0,3,5.5,25000000
0,5,9,675000000
0,5,2,110000000
4,4,7,20000000
2,4,3,4500000
3,3,5,13000000
5,4,10,30000000
10,10,2,65000000
0,8,2,160000000
0,6,1,65000000
3,4,5.5,5000000
0,0,4,60000000
9,8,13,1430000000
3,3,3,5500000
5,4,1,65000000
4,3,5,13000000
5,5,10,19000000
0,3,5,11000000
0,3,6,11500000
0,3,7,12000000
0,3,8,13000000
0,4,10,15000000
0,4,10,18000000
0,3,8,16500000
0,4,12,17000000
0,6,2,95000000
6,5,2,154500000
0,5,1,55000000
5,5,7,18000000
4,4,5,12500000
4,4,6,11000000
0,5,1.2,84000000
0,3,4,11000000
0,3,4,9500000
0,4,5,6000000
0,0,5,10000000
2,1,5,7300000
6,6,1,35000000
8,7,2,97000000
0,0,3.6,12000000
0,6,10,35000000
0,3,2.5,6500000
0,7,4,16500000
5,4,10,23000000
6,5,8,17500000
4,4,5,10500000
3,3,4,11000000
3,2,15,29000000
0,0,2.5,5000000
4,3,5,10000000
4,5,7,14500000
2,3,5,10500000
2,3,5,10800000
0,2,4,13000000
4,5,1,16500000
1,2,3,2200000
5,5,10,19500000
6,5,7,14000000
2,2,5,6000000
5,5,7,14500000
1,2,5,4500000
6,5,7,14500000
6,6,4.6,15500000
6,6,2.4,6500000
2,5,4.8,12000000
2,2,5.4,13500000
4,4,4.8,16000000
4,4,4,10500000
4,4,4.8,17500000
3,3,4.8,9000000
3,3,4.8,9000000
3,3,5.8,11500000
3,3,6,7600000
3,3,6,7600000
3,3,6.4,6500000
3,3,6.4,7000000
2,2,8,9500000
6,6,9.6,36000000
3,3,6.4,7000000
6,6,9.6,36000000
5,4,12,15200000
2,2,8,9500000
3,3,6.4,6500000
0,5,14,135000000
3,3,8,20000000
3,3,8,20000000
3,3,8,20000000
4,4,14,3500000
2,2,3.6,8000000
2,2,4.7,10000000
3,3,6.2,15000000
2,2,4.8,7500000
3,3,9.3,29000000
3,3,7.1,10500000
3,3,9.3,34000000
5,4,14,56000000
2,2,3.2,3200000
5,4,14,57500000
6,5,1,70000000
2,2,4.2,5500000
6,5,1,71000000
3,3,8,14000000
2,2,4.8,7800000
2,2,4.8,7300000
0,0,4.8,9500000
0,0,6.4,10500000
0,0,6.4,10500000
6,6,6,26000000
8,7,9.6,32500000
4,4,4.8,18000000
6,6,8,25000000
2,2,3.6,8500000
6,6,4,15000000
4,4,4.7,16000000
6,6,4.8,18000000
4,4,4.8,20000000
6,6,8,25000000
4,4,4.5,14500000
4,4,4.8,26000000
4,4,4.8,8000000
6,6,12,35000000
0,0,2.4,2500000
3,3,8,14500000
0,0,1.8,1600000
3,3,8.4,13500000
3,3,4.9,11000000
4,4,4.8,14000000
4,4,4.8,17000000
4,3,8,9200000
4,4,3.2,7500000
4,4,4.4,8000000
0,2,4,2400000
0,2,3.3,2600000
0,6,10.9,35000000
0,0,600,2200000
3,3,1,72500000
0,6,9.6,32500000
0,4,4.8,19000000
0,3,16,37000000
0,3,6.8,17000000
0,6,9.6,21000000
0,8,16,58000000
3,2,4.2,8500000
6,5,14,105000000
2,2,4.4,7600000
2,2,3.2,3200000
0,0,7.6,25000000
0,3,7.3,12500000
0,3,6.9,22500000
0,4,8,16500000
0,3,7.3,15500000
0,3,6.4,16500000
0,3,6.9,13500000
3,3,8,14000000
4,4,7.6,25500000
6,5,12,81500000
0,5,14,120000000
0,5,1,130000000
4,3,11.4,55000
6,5,17.1,105000
6,5,17.1,110000
3,3,1,130000
2,2,4.8,22000
1,1,4.8,20000
3,3,10,45000
2,2,4.8,18000
3,3,8,33000
1,1,4,14000
0,2,5.3,45000
0,3,6.9,50000
0,3,6.4,50000
0,2,4.7,35000
0,4,14.2,110000
0,4,14.2,200000
0,4,10,175000
0,4,10,175000
0,0,2,600000
0,0,2,650000
0,0,2,700000
0,0,2,750000
0,0,2,780000
3,3,8,66000
2,2,7,25000
3,2,8,200000
0,0,1.3,650000
0,0,2,500000
0,0,2,700000
1,1,2,45000
4,3,1,85000
7,6,17.8,500000
0,0,14.2,35000
3,3,1,45000
3,3,1,55000
2,2,8,26000
0,0,16,100000
2,2,7.3,170000
3,3,7.3,10500000
0,6,10,42500000
0,0,9.3,23000000
5,5,1.2,55000000
2,2,6.1,13200000
3,3,11,45000000
6,5,9.3,13500000
9,9,1.2,85000000
2,3,8.9,9000000
4,4,5.4,17000000
0,0,4,40000000
0,0,5,450000000
3,4,10,11500000
2,2,4,3800000
2,2,5,3700000
0,0,8,14500000
5,5,6,20000000
0,0,8,15500000
0,4,6,15000000
5,4,6,13000000
1,1,2.3,4000000
2,2,5.1,4250000
0,0,6,1700000
2,2,5,6500000
0,0,12.4,23500000
0,8,12.4,25000000
0,5,12.4,18500000
2,4,4,15000000
6,6,14.2,28000000
8,7,2,280000000
5,5,1,147000000
6,6,1.1,140000000
5,5,17.8,70000000
5,5,1.1,85000000
5,5,16,85000000
4,4,2.4,190500000
5,5,4,350000000
5,5,1.3,180000000
5,5,1.8,200000000
6,7,20,185000000
5,5,2,150000000
5,5,1.3,115000000
5,5,1,47000000
0,2,4,5700000
0,10,14.2,32000000
1,1,1.2,2085000
2,2,6.8,7200000
10,10,1.1,75000000
0,0,7,15500000
0,0,7,15500000
0,0,7,15500000
0,0,7,15500000
1,1,2.7,2400000
0,0,0.7,12000
5,5,7,70000
3,3,10,28000
2,2,10,26000
2,2,5,21000
2,2,5,23000
4,4,4.5,34000
0,0,1,100000
2,2,10,19000
3,3,1,43000
0,2,4.4,40000
3,2,10,30000
0,0,5,32000
0,5,7,45000
0,3,7,25000
0,3,7,27000
6,5,10,67000
0,0,7,50000
0,2,7,25000
0,5,7,45000
3,3,10.7,50000
5,4,11,80000
3,3,10.7,40000
2,2,8,35000
0,0,10.7,33000
6,5,10,68000
0,0,1,55000
0,0,2.5,7500000
2,3,8,11000000
6,5,1,35000000
5,4,4.3,300000000
2,4,2,4000000
6,5,2,110000000
5,4,8,23500000
5,4,10,29000000
3,6,3,5500000
4,4,1,36500000
4,3,4.2,10500000
5,3,5,7600000
7,6,1.3,50000000
7,6,12,26500000
6,5,11,21500000
6,4,5,14000000
5,4,10,24500000
7,6,1,42500000
5,3,5,13000000
7,5,8,9900000
2,2,4,3800000
7,6,10,29000000
3,3,12,27500000
4,4,12,29500000
4,4,6,13000000
5,4,10,36000000
6,5,1,55000000
6,6,1,55000000
6,5,10,25000000
6,6,15,35000000
3,3,10,12000000
4,5,5,12800000
3,3,10,21000000
5,4,5,9500000
6,5,10,23000000
5,5,11,39500000
6,5,1,49000000
3,3,3,7000000
5,4,5,16500000
3,4,5,11500000
6,5,1,42500000
5,5,5,10200000
7,5,1,80000000
6,6,1,50000000
2,5,4,8500000
3,3,3,6800000
5,4,9,19000000
4,3,3,4600000
0,0,5,9000000
5,5,10,20500000
6,5,4.3,13500000
5,4,10,18000000
5,4,12,24000000
0,0,8,32000000
0,0,26,91000000
5,4,4,300000000
4,4,10,27000000
8,7,1,39000000
4,2,7,25000000
5,4,10,20000000
2,2,3,2290000
4,3,5,9000000
8,7,14,55000000
4,3,7,20000000
8,8,4.5,25000000
5,4,10,19000000
3,3,2,5500000
3,3,2.8,6500000
3,3,2.5,6000000
3,3,3,4200000
0,5,1,35000000
0,4,6,8000000
2,4,3,3800000
2,2,3,4500000
0,0,3.5,9000000
0,0,3.5,9000000
0,0,5,7000000
5,5,5.8,24000000
2,2,4.4,6944000
3,3,5.8,32500000
0,0,4.8,28500000
6,6,16,65000000
6,6,16,60000000
2,2,3.2,4250000
4,4,14,52500000
4,4,9.3,32500000
4,4,19.1,67500000
6,6,9.6,28000000
0,8,1.1,67500000
2,2,3.8,4000000
6,6,5.1,5000000
10,8,4.8,17500000
6,5,1.2,74000000
5,5,12,120000000
5,5,12,160000000
2,2,4,5600000
4,4,12,42500000
3,3,7.1,16000000
0,0,14.2,26000000
3,3,3.6,7500000
3,2,5,9500000
7,7,1.9,200000000
3,3,5.3,7500000
3,3,5.3,8000000
4,4,12,23000000
3,3,7.2,9500000
6,5,1,107500000
4,3,8,22500000
4,4,12,30000000
3,3,6.2,8300000
3,3,9.6,16500000
2,3,4,3800000
1,2,2.4,2500000
2,2,3.6,3900000
2,2,5.6,6250000
6,5,4.8,15000000
4,3,8.4,28500000
4,3,15.6,57500000
3,3,12.4,22500000
3,3,8,17000000
2,2,3.5,3500000
2,3,5.6,12500000
0,10,9.6,43500000
6,6,9.8,18000000
3,3,4.9,12500000
7,6,1,105000000
0,10,9.6,43500000
0,2,4.2,4300000
4,4,4,35000000
2,2,5.1,16500000
4,4,6.4,22500000
2,2,4.8,26000000
3,3,8,21000000
2,2,4.2,7300000
2,2,4,9000000
1,2,2,1700000
1,2,2,1300000
2,3,4.2,3500000
2,3,4.2,3500000
1,2,2.7,2500000
2,2,4.8,22000000
2,2,4.8,32000000
3,3,4.8,6800000
7,0,2,215000000
4,4,4,38000000
5,5,1,130000000
6,6,8,36500000
6,6,12,47500000
4,3,10.7,19500000
2,2,4.7,8500000
3,3,5.8,10000000
2,2,4,35000
3,3,1,52000
2,2,5,30000
1,2,3.1,27000
3,3,5.3,100000
1,2,3.1,27000
4,3,9.8,125000
2,2,8,40000
2,2,5,22000
1,2,6.7,22000
3,3,8,37000
2,2,3.4,13000
0,0,2,700000
3,3,10,27000
5,4,4,600000
2,2,5,38000
2,2,12,42000
0,2,5,14000
10,10,4,680000
5,5,4,16500000
7,6,10,41500000
2,2,6,5500000
3,3,8,6400000
3,3,4.4,16000000
7,7,1.2,85000000
0,0,3.8,5800000
6,6,12,40000000
7,6,4.9,22500000
5,5,1,60000000
7,7,2,125000000
2,2,4.2,6200000
4,4,10,23500000
7,5,10,20000000
2,2,4,3000000
4,3,5,9500000
2,2,4.9,8250000
1,1,2.1,4200000
2,2,4,4500000
1,1,3,4500000
1,1,3.1,5250000
2,1,3.8,8800000
5,5,5,13000000
5,4,6,11000000
3,3,6,7500000
5,4,6,13000000
5,4,6,7500000
5,4,6,9500000
5,4,5,7500000
2,2,3,4000000
5,4,5,8500000
5,4,4,5500000
3,2,4,5500000
0,0,3,4800000
0,0,3,6000000
2,2,3,2800000
5,5,10,28000000
2,5,17,125000
3,3,3,14000
0,0,4.8,18000
5,3,5,36000
3,3,1,42000
0,10,2,500000
4,3,10,50000
5,4,5,30000
4,4,4,9000000
2,2,5,3800000
5,4,1,78000000
0,5,1,60000000
0,18,4.6,650000000
1,2,3,1700000
0,3,5,13000000
0,3,6.1,9400000
6,5,2,125000000
5,4,17,34000000
0,4,9,14000000
1,1,1.5,7757000
9,6,1,48000000
5,4,13,31000000
4,3,10,14000000
6,5,1,41000000
0,6,8,8500000
6,4,10,22500000
4,3,10,17500000
6,6,1,40000000
4,3,10,19000000
4,3,10,17000000
0,3,3,6800000
7,6,2,70000000
4,3,10,17500000
4,4,1,37500000
0,8,5,10000000
6,5,1,45000000
4,3,5,14500000
6,5,1,49000000
6,5,11,24000000
6,5,10,28000000
0,0,16,90000000
0,0,9,62500000
0,0,5,42500000
5,4,5,12000000
6,5,1,60000000
0,0,11.5,11900000
0,0,9,14000000
5,4,7,22000000
6,5,1,50000000
5,0,10,23000000
0,3,5,9500000
0,3,7.5,15000000
0,6,1,34000000
0,5,1,17500000
0,3,3.5,11500000
6,5,1,48000000
0,0,2.5,4780000
3,3,5,10500000
5,4,10,34500000
5,4,1.2,300000
5,5,1,250000
2,2,4.4,22000
4,3,8.4,75000
3,2,4.7,55000
3,3,5.3,60000
2,2,3.8,45000
4,4,5.8,13000000
4,4,9,45000000
4,4,4,36000000
3,3,5,9500000
2,2,4.4,6500000
3,3,4.9,14500000
2,2,4,5500000
2,2,4.2,4900000
0,3,6,17000000
1,2,1.8,1800000
3,3,6.4,9500000
10,10,4,7500000
3,3,5,12500000
4,4,14,17200000
4,4,14,16800000
4,4,14,16500000
3,3,8,14000000
3,3,8,13500000
3,3,8,7500000
3,3,8,6500000
2,2,4.9,6000000
3,3,8,14500000
3,3,8,14000000
3,3,8,13600000
3,3,8,11700000
3,3,8,11500000
3,3,8,11000000
3,3,8,21000000
3,3,8,20500000
3,3,8,20000000
3,3,6.1,15000000
3,3,6.1,14500000
3,3,6.1,14000000
3,3,5,12500000
4,4,14,16500000
3,3,8,13500000
3,3,8,6500000
3,3,14,14500000
0,0,1.2,170000000
0,3,8,18000000
0,0,4.8,23700000
0,3,8,20000000
3,3,10,52500000
3,3,8,14500000
3,3,8,14000000
3,3,8,13600000
3,3,8,11700000
3,3,8,11500000
3,3,8,11000000
3,3,6.1,14000000
3,3,9.8,35000000
4,4,14,150000000
2,2,4,7000000
2,3,4,9500000
0,4,14,16800000
0,2,4.2,5800000
0,2,4.2,6000000
2,2,4.8,7100000
2,2,5.3,14000000
3,4,1.3,120000000
3,3,6.1,14500000
0,3,8,11500000
0,3,8,11700000
0,3,8,13600000
0,3,8,14000000
0,3,8,14500000
3,3,5.2,6600000
0,3,6.1,14000000
0,3,6.1,14500000
0,3,6.1,15000000
0,3,8,20000000
0,3,8,20500000
0,3,8,21000000
0,3,8,11000000
0,0,4.8,20000000
2,2,4.7,5300000
3,3,9.8,49000000
3,3,8.6,14500000
0,3,7.1,12500000
5,4,9.6,14500000
3,3,5,15000000
4,4,14,34000000
7,6,5,75000000
2,2,4,7500000
7,6,4,1550000
2,3,4,13000
2,2,7,45000
6,5,1.3,400000
3,3,1,55000
3,3,1,175000
4,3,1,100000
2,2,5,35000
2,2,5,35000
4,4,1.2,80000
3,3,10,55000
3,3,1,75000
4,3,16,90000
0,0,8,23000000
4,4,16,14000000
5,5,6,15000000
4,4,6,15000000
7,7,5,72500000
0,0,4,8000000
4,4,7,9500000
9,7,1,72500000
6,5,1,50000000
2,2,4,8000000
7,6,1,44500000
2,2,3,6700000
4,5,10,26500000
4,4,8,25000000
5,5,4,16400000
2,2,5.1,3800000
1,1,4.3,4500000
7,6,7,24800000
3,3,11.6,18000000
4,4,2.4,200000000
5,5,3.2,250000000
4,4,12,19000000
7,6,7,37500000
3,3,11.6,15000000
5,5,6,23900000
4,4,5,9000000
6,5,10,13800000
4,4,13.3,22000000
5,5,10,23500000
7,7,8,26500000
6,6,12,19000000
2,2,6.7,11000000
6,5,10,31500000
7,6,13,35000000
4,3,5,10500000
6,5,7.3,14000000
3,2,6,4800000
1,1,2.3,3437000
6,5,2,80000000
1,1,2.3,3437000
0,0,5,12000
2,2,5.8,75000
8,8,2,250000
3,3,10,40000
3,3,10,30000
3,3,1,80000
3,3,8,40000
8,7,1,250000
3,3,8,38000
1,1,3,28000
1,1,1.3,32000
2,1,3.1,45000
7,5,10,65000
4,4,3,4000000
2,3,5,9500000
4,4,10,17000000
5,5,5,16500000
5,5,5,16500000
6,5,1,40000000
4,3,5,9700000
3,2,5,6000000
0,0,10,19500000
6,6,3,11000000
4,3,10,23000000
7,5,11.5,20000000
5,3,5,12500000
5,4,11,16000000
5,5,1,65000000
1,1,1.6,2000000
6,5,1,68500000
6,5,1,68000000
3,3,5,7000000
5,5,1,39900000
0,5,10,22000000
6,5,1,33000000
3,3,5,13000000
6,5,1,42000000
2,2,5,5950000
1,2,5,1900000
4,3,5,9600000
4,4,1,37500000
6,5,10,18500000
5,5,10.5,25000000
10,8,2,110300000
4,4,5,9000000
6,5,1,60200000
5,3,5,12000000
4,3,5,13000000
7,6,2,65000000
6,5,1.2,46000000
2,1,7,14000000
9,8,2,95000000
8,8,2.2,130000000
2,2,10,11500000
8,8,3,6450000
6,5,10,19000000
5,4,10,25500000
6,5,10,19500000
6,5,13,36000000
0,0,6,12500000
4,4,7,17500000
4,4,7,17500000
4,4,7,17500000
1,3,4,6000000
1,3,4,6000000
0,0,5,10000000
3,3,3,4600000
4,3,5,9800000
0,0,10,22000000
4,5,9,14500000
4,3,12,29000000
4,3,14,30000000
3,3,5,6200000
8,6,1,67500000
6,5,1,45000000
6,5,7,15500000
0,5,2,435000
0,5,2,800000
2,3,9.6,35000
3,3,8.9,90000
3,3,8,32000
0,2,2,35000
0,2,2,30000
0,2,2,45000
0,2,4,50000
0,2,2,28000
0,2,2,30000
0,2,4.4,40000
0,2,4.4,42000
0,2,4.9,55000
0,5,1,300000
0,2,2,27000
0,2,2,32000
0,2,2,33000
0,0,3.2,16000
2,4,4.8,25000
3,2,4.4,25000
3,3,6.2,40000
3,3,1,125000
3,3,6.4,35000
2,2,4.8,23000
3,3,7.6,45000
3,3,1,91000
3,3,16,80000
3,3,16,80000
4,5,5.6,6000000
2,2,2.7,3500000
3,4,5.3,5800000
5,7,16.9,50000000
6,6,1,120000000
6,6,1,119000000
3,3,5.3,13500000
4,4,8.4,22000000
6,6,15.6,80000000
3,3,5.8,9000000
2,2,4.7,7000000
4,3,7.1,25000000
4,4,10.9,30000000
0,0,4.9,9000000
1,2,2.4,3000000
3,2,4.4,6500000
4,5,8,16500000
3,3,5.8,12500000
6,6,16,25000000
6,6,8,14000000
6,6,8,14000000
6,6,8,21000000
3,3,8,20000000
3,3,8,14100000
3,3,8,14000000
3,3,9.6,17000000
6,6,9.6,22500000
6,6,8,22600000
6,6,8,22500000
6,6,16,25000000
6,6,8,14000000
6,6,8,14000000
6,6,8,21000000
3,3,8,20000000
3,3,8,14000000
3,3,9.6,17000000
6,6,8,25000000
3,3,9.6,17000000
2,2,3.4,3300000
4,4,3.4,3400000
2,2,3.4,5000000
2,2,3.4,2800000
4,4,3.4,3400000
2,3,6.4,11000000
3,3,12,33500000
3,3,12,33500000
6,9,3.2,15000000
2,2,4,13200000
6,9,9.6,47000000
3,3,5.8,7000000
4,4,4.8,37500000
2,4,4.8,2500000
4,3,8,31000000
3,3,6,11000000
5,5,12,68000000
4,4,4.8,11500000
6,6,1,95000000
4,3,8,17000000
5,5,1,84000000
5,4,12,65000000
3,5,5.6,4800000
4,4,14.2,28000000
3,3,1,120000
2,2,2.4,29000
3,3,8,70000
2,2,2.9,23000
3,3,1,70000
3,3,1,85000
3,3,7.1,50000
2,2,4.2,18000
2,2,6,28000
8,6,1.1,500000
2,2,7,45000
3,2,6,18000
3,3,7,42000
4,4,16,110000
2,2,6,33000
3,2,8,36000
2,2,8,45000
2,2,6,46000
0,1,5,10000
2,2,5.6,35000
4,3,1,85000
4,3,1,65000
4,3,1,75000
6,5,1.2,160000
3,3,1,120000
5,5,1.8,270000
0,0,8,38000
1,1,9.3,20000
3,3,11,60000
5,4,2.4,450000
5,4,4.4,550000
4,4,1.2,50000
3,3,10,65000
4,3,11.6,50000
6,5,4.4,450000
3,3,11.6,50000
3,3,11.6,48000
2,2,10,58000
3,3,1,85000
7,6,1.1,300000
4,3,1,175000
7,6,2,400000
3,4,4,70000
3,3,11.6,45000
10,11,1.3,1000000
3,3,1.3,85000
6,5,1,300000
3,3,12,75000
6,5,1,120000
9,8,2.4,500000
6,5,2,400000
7,6,7,26500000
7,6,7,26500000
3,3,5.6,7500000
2,2,5,4000000
7,6,7,26500000
1,1,1.8,1499000
3,3,4,5800000
1,1,2.4,4320000
4,4,12,25000000
2,2,4.9,11000000
2,3,3,4600000
2,2,5.9,5000000
2,2,4.2,2400000
4,4,1.3,160000000
6,6,2,220000000
7,6,1,55000000
7,7,8,27500000
8,6,10,15000000
5,5,8,28000000
3,2,6.5,20000
2,2,3,13000
2,2,5,16000
0,0,5,25000
0,0,5,35000
0,0,7.5,35000
6,6,10,70000
1,1,3,25000
2,2,5,21000
3,3,12,70000
4,4,12,40000
3,3,8,45000
6,5,1,44000000
6,5,10,14500000
5,5,8,11500000
5,4,1,28500000
3,5,10,14500000
6,6,18,27000000
6,5,1.2,65000000
5,6,3,5500000
0,9,7,37000000
4,3,5,10800000
0,0,10,29000000
5,4,11.5,23000000
5,4,10,22500000
6,5,5,8500000
3,3,10,11600000
5,4,5,9500000
4,3,5,16500000
3,3,5,10000000
2,3,10,7500000
1,1,2.7,5300000
4,3,5,13500000
2,2,3.5,8500000
6,5,14,27500000
4,3,3,6300000
1,2,6,4500000
7,9,10,17000000
2,2,8,7000000
2,2,8,7000000
2,3,5,6000000
7,5,10,20500000
5,5,1,52000000
6,5,10,22900000
7,5,10,22000000
7,5,10,20500000
4,3,5,13000000
2,2,4.2,20000
3,3,6,35000
3,3,8,45000
2,2,3.6,25000
2,2,4.4,25000
4,3,1,125000
6,6,1.5,800000
4,3,5.3,58000
3,2,4.8,16000
8,11,6,90000
3,3,5.3,50000
5,5,10,280000
3,3,9.8,110000
3,3,8,30000
3,3,1,100000
3,3,16,58000
6,5,17.1,67000000
6,5,17.1,67000000
3,3,8,14300000
4,4,1,65000000
4,3,11.4,26000000
4,3,11.4,32000000
0,0,2,1700000
4,3,11.4,31000000
4,3,11.6,33000000
5,5,13,79500000
4,3,11.4,31000000
4,4,8.9,32000000
4,4,11.6,45000000
4,4,9.8,42500000
5,5,6,40000000
4,4,12,36000000
7,7,1.2,115000000
7,7,1.2,115000000
3,3,5.1,13500000
0,0,5,11500000
2,2,2.4,4200000
7,6,3.4,250000000
6,6,4,310000000
3,3,8,9600000
2,2,4.2,6800000
4,3,6.7,11500000
2,2,3.6,6000000
2,2,3.1,3500000
6,5,19.6,125000000
3,3,4.9,11200000
3,3,8.4,41000000
3,3,4.4,4700000
3,3,5.6,6000000
2,2,4.4,9150000
2,3,6.9,24500000
3,3,7.1,21500000
5,5,1,98000000
0,3,7.1,15400000
3,3,6.7,12500000
4,4,9.8,50000000
3,3,7.1,16000000
2,2,2.2,3590000
2,3,10.2,17000000
3,3,5,13000000
2,2,4.8,8000000
4,3,7.6,11900000
5,10,8.6,30000000
5,5,9.6,45000000
8,8,3.2,6500000
3,3,8,22500000
0,0,4.9,11500000
2,2,2.7,3500000
2,2,3.8,3500000
4,3,7.8,26500000
7,11,8,35000000
3,3,12.2,45000000
2,2,5.6,13000000
2,2,4.4,6500000
5,4,3.2,8700000
3,3,16,26500000
2,2,5.3,14500000
3,3,7.1,15000000
3,3,9.8,28000000
3,4,6.7,5500000
3,3,7.1,16500000
3,4,6.4,13000000
2,2,3.3,3500000
2,2,4.2,9000000
0,0,8,7000000
2,4,2.6,4500000
6,5,1,81500000
4,3,1.6,92000000
5,4,1,85500000
7,6,1,135000000
2,2,3.4,5500000
5,5,4.8,26000000
2,1,2.4,3200000
0,2,5.3,21000000
0,3,7.6,22000000
0,3,8,27500000
0,3,8.9,31000000
0,3,8.9,31000000
0,2,4.4,9600000
0,2,4.4,9000000
0,2,8,27000000
0,0,8.9,31200000
0,0,4.4,9400000
2,2,2.7,2800000
6,6,4.8,15000000
0,0,11.4,28500000
1,1,1.7,2250000
6,6,1,110000000
10,8,12,40000000
6,6,1,52000000
3,2,5,4500000
1,1,2.7,4751000
5,4,6,13500000
7,7,12,32500000
6,4,5,12000000
3,3,1,45000
4,3,1,35000
9,8,1.8,600000
3,3,1,80000
1,1,2.7,22000
5,4,8,70000
3,3,12.4,70000
4,3,12.4,80000
3,3,1,80000
5,4,16,140000
4,3,1.3,175000
2,2,6,45000
2,2,4.9,65000
3,3,1,75000
7,5,1,155000
3,3,1,90000
1,2,3.6,22000
4,4,8,85000
2,2,6,25000
3,3,1,115000
2,3,4.9,35000
2,1,5,10000
7,7,14,27000000
2,2,3,4500000
3,3,5,13800000
7,6,1.6,39500000
10,11,2,210000000
5,4,5,10500000
0,0,7.2,15800000
2,2,7.2,16000000
5,5,4,15000000
3,2,5,4100000
4,4,2.4,200000000
6,8,6,10000000
4,4,8,15000000
2,2,4,6200000
2,2,6,8500000
4,4,6,13000000
4,4,8,18000000
6,5,10,26500000
6,5,10,26500000
6,6,1,40000000
6,6,1,40000000
3,3,3.6,4400000
3,3,8,8500000
9,9,2,300000000
4,3,5,8000000
4,3,7.3,5700000
3,3,8.7,22000000
3,3,6,24000000
4,4,5,21000000
3,3,8.7,22800000
6,6,1,41000000
6,5,10,13000000
6,6,7,35000000
6,5,5,13500000
7,6,1.3,67500000
6,5,7,15500000
2,1,3.6,7100000
7,6,12,19500000
3,2,6.7,8000000
6,6,8,13500000
8,8,1.1,50000000
5,5,10,20500000
4,4,3,3500000
2,2,3,2600000
0,0,10,25000
0,0,5,16500
0,0,5,13000
0,0,5,18000
0,0,10,35000
0,0,6,16500
0,0,8.5,25000
0,0,4.5,15000
0,0,12,25000
0,0,10,25000
0,0,5,35000
0,0,7.5,30000
0,0,7,10000
0,0,2,25000
0,0,1.1,14000
0,0,7.5,16000
0,0,7.5,26000
0,0,10,27000
0,0,5,30000
0,0,3,22000
3,2,5,15000
3,2,5,15000
0,0,5,18000
2,2,5,25000
2,2,4,12000
6,5,2,170000
7,5,10,47500000
4,4,5,15400000
5,4,8,18000000
7,5,1,48000000
5,5,5,13000000
2,2,2,2200000
5,4,10,32500000
4,4,5,12500000
2,2,1.6,7500000
4,4,6.2,9200000
4,3,5,6000000
5,9,10,20000000
3,3,3,3495000
4,3,5,16000000
5,4,10,21000000
6,5,10,22500000
0,0,1.2,37000000
4,3,3,6100000
7,6,10,25500000
1,1,1.1,1450000
4,3,5,12000000
5,5,18,21000000
5,5,18,21000000
4,3,5,10500000
6,5,8,16500000
4,4,10,6000000
3,3,10.5,18000000
8,7,2.1,99900000
5,5,5,14500000
4,3,3,8500000
7,5,1.1,50000000
1,1,3,1500000
3,4,3,4500000
4,4,5,10500000
4,5,3,7000000
6,5,10,23000000
4,4,10,33000000
5,4,5,13500000
4,3,3,5000000
1,2,5,4000000
1,2,5,1800000
1,2,5,2100000
7,6,6,18500000
1,2,5,3900000
4,4,1,42500000
4,4,1,45000000
3,3,10,23500000
5,4,1,33000000
5,3,5,13500000
4,3,3,5600000
3,3,3,5500000
3,3,3,5700000
5,5,6,12000000
5,5,5,11000000
4,4,5,10000000
5,5,1,55000000
0,2,6.6,20000000
3,3,6.1,40000
3,3,8,50000
2,2,4,35000
3,3,8,28000
4,4,10,170000
3,3,16,60000
2,2,6,87000
2,2,4.2,50000
1,2,3.6,20000
2,2,4.2,35000
4,3,8,42000
5,4,1.4,300000
3,3,9.6,40000
3,3,7.1,40000
2,2,3,23000
3,3,6.2,47000
3,3,6.2,50000
3,3,12,120000
2,2,5.3,47000
2,2,5.2,30000
2,2,4,40000
4,3,7.6,67000
4,3,7.6,70000
3,3,1.2,185000
5,8,4.8,14500000
0,0,4.8,23000000
4,4,9.8,20000000
3,3,8,17500000
3,3,3.6,4800000
4,4,4.8,15000000
2,2,3.8,6000000
2,2,3.3,5500000
2,2,3.6,3400000
3,2,4.8,5000000
7,5,1.1,130000000
2,2,4,3500000
5,6,4.8,15500000
5,4,2.4,9000000
3,3,7,14700000
1,2,2.9,5100000
5,10,4.8,7500000
3,2,4.7,11000000
3,3,4.8,9999000
6,6,12,100000000
3,3,9.6,7000000
3,3,5.3,7500000
2,2,3.1,3000000
2,2,4,4500000
2,6,3.2,3500000
1,1,1.6,2150000
6,4,5,7500000
2,2,4.4,7200000
2,2,4.4,7200000
2,2,4.9,7000000
2,2,4.2,6000000
2,2,4.2,6000000
2,2,4.2,6600000
2,2,4.2,6800000
2,2,4.2,6600000
2,2,2.9,3800000
0,0,8,22000000
0,0,8,22000000
3,3,8,13000000
3,3,8,13000000
3,3,8,14500000
3,3,8,14500000
3,3,8,14000000
3,3,8,14000000
3,3,6.9,13500000
3,3,6.9,13500000
2,2,4,11000000
3,3,7.4,16000000
1,1,1.6,1425000
2,2,3.6,4300000
2,2,3.2,4300000
2,2,3.3,6000000
2,2,2.7,3600000
6,5,4.8,15000000
5,6,2.4,6500000
2,2,4.2,5200000
5,5,8,15200000
5,4,9.5,18000000
4,5,3.2,8000000
2,2,4.8,4000000
0,0,1.2,72500000
0,5,4.8,49000000
0,5,1,117500000
0,6,2,155000000
4,3,9.6,11000000
3,3,5.2,8000000
3,3,6,7500000
3,3,6.4,8500000
3,6,2.6,3200000
3,3,6.1,14500000
4,3,11.6,4500000
2,2,3.3,3200000
3,3,6,7300000
2,2,4.8,7300000
2,2,4.6,6500000
2,2,4,7800000
4,4,8.6,11200000
1,1,1.3,2400000
5,4,1,125000000
2,2,3,12000
7,7,12,150000
5,5,1,200000
0,8,1.3,600000
0,0,1.3,425000
1,1,2,18000
0,0,1.3,500000
2,2,1.3,240000
3,2,7,27000
10,11,1,250000
10,11,1,250000
3,3,10,35000
3,3,14.2,30000
3,3,11,75000
3,3,1.3,90000
5,4,10,30000
3,3,1,32000
2,2,7.2,16300000
7,6,10,16500000
2,2,7.2,16100000
1,1,2.2,8000000
2,2,3.9,6540000
1,1,1.2,2085000
3,3,5.3,8888000
4,5,12,57500000
6,4,6,13500000
2,2,4,5544000
6,6,8,38000000
6,5,1.3,100000000
0,0,4,14500000
2,2,4.5,4100000
5,5,1,22500000
2,6,5,5000000
3,5,6,6500000
2,2,3,2200000
6,6,6,16000000
10,11,5,22500000
3,3,5,10500000
4,6,6,10000000
6,5,12,29000000
4,8,7,23000000
4,4,4,10500000
6,5,7,14700000
0,0,1,45000000
6,6,12,24800000
7,6,12,28000000
6,5,10,26500000
6,5,10,26500000
6,6,1,40000000
6,6,1,40000000
1,1,2.7,6500
0,0,6,20000
0,0,6,22000
0,0,7,24000
3,3,10,23000
0,0,5,35000
0,0,5,35000
0,0,5,22000
0,0,5,32000
0,0,5,35000
0,0,5,32000
0,0,5,35000
3,2,5,22000
4,3,8,40000
3,2,10,50000
4,3,12,40000
5,5,10,65000
2,2,3.6,25000
2,2,3.6,20000
3,3,10,32000
2,2,5,35000
3,3,5,12900000
2,2,2,5000000
3,3,5,10500000
3,3,2,4500000
4,4,8,15500000
5,5,2,47000000
4,4,10,20000000
5,5,17,42500000
4,4,17,39000000
5,5,1,46000000
4,4,10,25000000
4,4,10,23500000
7,6,1,49000000
4,4,5,17000000
0,5,5,17000000
1,1,4,6200000
6,5,10,37000000
0,3,3,6800000
3,3,4,14800000
3,3,4,13800000
4,4,5,12000000
4,4,5,5700000
3,3,3,3950000
4,3,7,23000000
0,4,10,11000000
0,3,5,5000000
0,2,2,3100000
3,3,5,9000000
3,3,4,9700000
0,0,1,2700000
4,5,4,7000000
4,4,8,13500000
4,3,6,20000000
6,5,1,49000000
5,4,10,33500000
4,3,5,11400000
4,3,5,11500000
10,7,1,32000000
10,7,2,97000000
6,5,10,26500000
7,6,1,49500000
6,5,1,47500000
5,5,10,35000000
0,3,4.5,14000000
4,3,10,20500000
5,5,10,13500000
1,2,7,5000000
0,4,5,12500000
6,5,1,33500000
2,2,8,16500000
4,3,8,18000000
5,4,10,25500000
4,3,5,15900000
6,5,10,25000000
5,4,10,32500000
0,3,5,12800000
6,8,10,40000000
5,5,6.1,11500000
3,3,5,10200000
0,12,1,40000000
0,7,1,16500000
5,4,11,31000000
3,3,3,3495000
5,4,10,33000000
3,3,3,6750000
2,3,6.4,25000
4,3,1,135000
4,3,8.4,85000
5,5,1,300000
3,3,8.8,50000
4,4,8.2,100000
2,2,4.4,20000
3,3,6.4,45000
3,3,1,100000
0,0,1,90000
3,3,1,100000
3,3,1,120000
3,3,1,120000
3,3,1,130000
2,2,4.2,35000
3,3,8,36000
4,3,11.2,52000
4,4,1.3,160000
1,2,8.6,22000
4,4,8,75000
3,3,1,90000
5,4,1,280000
2,2,4.8,15500
2,1,4.3,25000
5,4,4.8,50000
2,2,9.6,30000
2,2,9.6,35000
3,3,9.6,35000
5,4,4.8,50000
3,2,4.8,25000
2,3,5.3,26000
4,4,12,53000
3,3,9.6,50000
2,2,3.6,22000
3,3,1,100000
4,4,10,130000
3,3,4.7,35000
0,0,4.8,11200000
3,3,8,16000000
2,2,4.4,7000000
2,2,3.3,5700000
0,0,3.8,6800000
0,2,3.8,6850000
0,3,6.2,12000000
3,3,6,17500000
0,2,3.8,3200000
0,2,3.3,3800000
0,0,16,40000000
0,2,10.5,7500000
4,4,12,14800000
0,2,3.3,5000000
4,4,1.1,72500000
2,2,3.8,6500000
4,4,6.2,5400000
3,3,1.8,12000000
3,3,5.3,7500000
2,2,4.8,13000000
2,2,4.8,13500000
2,2,4.8,14500000
3,3,10.2,12500000
3,3,14.6,43500000
3,3,10.2,18500000
3,3,8,22000000
7,6,1,105000000
2,2,4.7,9500000
4,4,7.1,16000000
0,0,7.2,12000000
4,4,4.8,16000000
8,7,9.6,30000000
6,6,8,35000000
6,6,4.8,15000000
4,4,4.8,13000000
6,6,4.8,13000000
4,4,4.8,13000000
6,6,12,30000000
6,6,6.8,15000000
2,2,4.4,9500000
0,0,2.6,8500000
6,6,4.8,8500000
6,6,9.6,30000000
6,6,8.2,18000000
6,6,1.5,130000000
0,0,9.3,31000000
2,2,4.7,8500000
7,7,9.3,40000000
3,3,7.6,19000000
4,4,4,32500000
3,3,7.6,18500000
6,6,1.2,155000000
8,8,16,46000000
3,3,5.8,7500000
6,6,13.2,45000000
3,3,3.8,26000000
6,6,1,105000000
2,2,5,11500000
0,6,8,63000000
4,2,3.2,12000000
3,3,4.9,15500000
4,4,4.8,14500000
4,4,4.8,14500000
3,3,7.3,15000000
3,3,8.2,15000000
3,3,8.2,15000000
3,3,8.2,15500000
4,4,1.2,50000000
3,3,4.9,11000000
2,2,4.7,9500000
0,3,2.8,2900000
3,3,5.3,12500000
2,2,2.9,3500000
0,6,2,150000000
7,5,1.3,145000000
7,6,1,115000000
2,2,4,5000000
10,8,10,32500000
10,8,10,38500000
5,5,9,45000000
5,5,5,9600000
6,6,5,10500000
6,6,1,57500000
6,6,10,27000000
2,2,7.8,9500000
3,2,5,13500000
10,10,1.3,180000000
2,2,4.9,9000000
7,6,1,45000000
1,1,1.4,2000000
6,6,8,12500000
2,2,4.4,7669000
5,4,6,11500000
2,2,4.4,7677000
4,3,5,13500000
8,8,1,72000000
3,3,1,62000
3,3,1.3,120000
3,3,10,27000
3,3,1,90000
4,3,1,50000
2,2,5,18000
3,3,12,65000
3,2,10,27500
3,3,8,55000
1,1,2,20000
2,3,1,120000
3,3,1,100000
3,3,12,110000
5,5,1.3,200000
5,5,2,700000
1,1,1.2,20000
5,5,1.3,200000
5,5,2.6,160000000
6,5,4.4,17000000
3,3,14,45000000
4,3,5,13500000
4,3,10,13000000
4,4,5,12100000
8,6,10,16400000
7,7,1,57000000
2,2,3,6500000
8,6,10,16400000
0,0,5,9000000
8,6,10,16400000
4,4,19.3,37700000
7,7,12,60000000
7,7,12,57500000
0,0,1.1,55000000
0,0,1.1,60000000
0,0,1,55000000
0,0,7,20000000
6,5,1,42500000
0,0,1,67500000
0,0,13,26000000
0,0,10,21500000
0,0,10,21000000
0,0,1,55000000
0,0,1,35000000
0,0,1,160000000
0,0,3,15000000
5,5,7,14000000
3,3,5,7500000
4,3,5,11000000
4,8,8,25000000
0,0,5,2700000
10,6,1,55000000
6,5,10,26500000
0,0,7,11500000
2,2,5,3700000
5,5,10,16000000
5,5,7,11000000
5,5,7,13000000
5,5,7,10000000
5,5,6,5500000
0,0,1.1,27000000
0,0,10,45000
0,0,5,30000
0,0,5,35000
0,2,10,45000
2,2,4,20000
5,4,10,60000
0,0,3,20000
0,0,3,25000
0,2,10,38000
0,2,10,40000
1,1,2.4,18000
6,5,1,50000000
0,5,1,79000000
0,5,10,19500000
5,4,10,23000000
6,5,1,52500000
0,4,10,39000000
5,4,10,26500000
0,0,5,13000000
6,5,1,41000000
5,5,5,10400000
4,4,2.5,5700000
5,4,10,34000000
4,4,10,29000000
3,3,10,15000000
5,4,10,25000000
5,4,10,28000000
4,3,10,23000000
4,3,4,9000000
7,7,10,17500000
7,7,1,27500000
2,3,2,4500000
4,5,10,26500000
6,5,1.2,55000000
5,4,5,21000000
4,3,5,7000000
4,4,12,19000000
5,3,10,20000000
0,0,7,82500000
0,5,2,79000000
3,9,5,30000000
5,4,10,23000000
7,5,10,21000000
6,5,11,29500000
4,4,5,15000000
0,10,3.3,140000000
3,3,10,25000000
7,5,10,23000000
6,5,10,24000000
2,2,3,3650000
6,5,5,22000000
5,6,5,25000000
5,5,10,11000000
4,3,3,6100000
6,6,5,10500000
3,3,10,14800000
4,4,5,12500000
2,2,3,6800000
0,0,5,12000000
4,4,4,9500000
4,4,4,9600000
5,5,3,9000000
4,4,3,7200000
3,3,1.1,65000
3,3,1.1,65000
3,3,1.1,70000
3,3,1.1,70000
3,3,1.1,75000
3,3,1.1,75000
6,6,2,390000
3,5,8,80000
2,2,4.2,18000
2,2,4.2,20000
3,3,6,35000
3,3,5.3,27000
2,2,3.1,16000
3,3,5.3,50000
2,2,4.2,35000
2,2,4.2,36000
2,2,4.2,37000
3,3,7.6,70000
3,3,7.6,71000
3,3,7.6,72000
2,2,4.2,35000
2,2,4.2,36000
2,2,4.2,37000
2,2,4.2,38000
3,3,7.1,45000
2,2,4.4,30000
5,5,14,300000
3,3,1.2,130000
6,6,1,470000
7,6,1,200000
5,5,1.2,220000
4,3,8,30000
3,3,4.8,42000
3,3,1,61000
5,5,1,175000
6,5,1.3,450000
4,4,14,80000
4,3,8,125000
4,4,4,34000000
3,4,9.8,16000000
8,6,9.6,25000000
6,6,4.8,36500000
4,8,4.8,27000000
5,5,1,110000000
0,6,12.8,65000000
4,3,9.3,30000000
4,3,5.3,7500000
4,3,12,40000000
4,4,16.7,75000000
2,2,4,4000000
2,2,4.2,5100000
2,2,4.2,5100000
1,1,2.4,2100000
3,3,6.4,16000000
4,4,14,14500000
4,3,8,13800000
4,6,5.3,14000000
1,2,2.4,4000000
2,2,4.4,7500000
2,2,2.9,5800000
4,3,9.6,20000000
3,2,4.8,9900000
5,4,4.8,12500000
5,4,4.8,15000000
5,4,4.8,14000000
0,0,8,11000000
2,2,3.2,5000000
3,2,4.7,18000000
2,2,3.3,4200000
2,2,3.6,4500000
4,4,8.4,20000000
2,3,6,16500000
2,2,4.8,7000000
4,4,9.6,24000000
3,3,7,13500000
2,2,4.8,3500000
7,6,4,9500000
6,4,14.2,26000000
4,7,4.8,22500000
4,4,4.8,14000000
1,2,3.4,4050000
4,3,8.9,26000000
9,9,9.6,47000000
3,3,16,35000000
2,3,3.2,6600000
2,5,3.2,7000000
2,3,4.8,5600000
2,2,4.2,6000000
2,2,4.8,5000000
5,5,1,125000000
2,2,5.8,4600000
3,3,7.1,16000000
3,3,9.8,37500000
2,2,4.4,13500000
3,2,5.3,22500000
6,5,10,25000000
4,3,5,15000000
8,7,2,154000000
5,5,7,14000000
7,6,10,16500000
2,2,5.2,7600000
2,2,3.1,3100000
3,3,8,17000000
2,2,5.5,8500000
1,1,2.8,4900000
3,3,5.5,7300000
3,3,3.5,4200000
6,6,15,20000000
6,6,2,240000000
2,2,3.3,2350000
3,3,4.9,3450000
0,0,4.7,7600000
1,1,2,3499000
5,3,4.4,15500000
0,0,5,13000
6,3,1,75000
5,5,2,700000
4,3,17.8,200000
3,3,15.1,95000
5,6,1,120000
1,1,1.3,25000
3,3,14,63000
2,2,9,55000
3,3,12,76000
6,6,10,70000
6,6,1,150000
6,6,1,110000
6,6,2,110000
0,0,6,130000
4,4,6,90000
0,0,2,550000
4,3,11,55000
7,6,7,30000000
5,5,10,25000000
1,1,2.6,2800000
4,3,10,25000000
7,6,1.1,35000000
7,6,7,10500000
5,5,10,13000000
1,1,4,5200000
1,1,2.6,4500000
1,1,2.1,3800000
2,2,3.5,5000000
2,2,4.4,6000000
2,2,6,13000000
2,1,3.6,7600000
1,1,2.7,3500000
0,0,1,25000000
3,2,5.6,13500000
1,1,3.1,4200000
2,5,5.5,12500000
9,11,13,30000000
6,5,1,38000000
2,3,5,5000000
5,5,7,14500000
6,5,7,14000000
7,5,10,22000000
7,6,10,25000000
1,1,3,4500000
3,3,10,16000000
6,5,1,27000000
4,3,5,11500000
7,6,1,33500000
4,9,3,9000000
4,4,3,15000000
7,7,1,25000000
1,2,3.5,2400000
7,6,1,45000000
1,0,11,75000000
6,5,10,24000000
7,7,1,30000000
2,4,7,38000000
0,2,3.2,4749000
0,2,3.4,4978000
0,1,2.1,3079000
0,0,10,22500000
6,5,12,13000000
3,3,3,20000
0,4,10,50000
0,0,7,18000
0,0,3,20000
5,5,10,60000
1,2,3,15000
6,9,1,140000
8,7,1,130000
9,7,1,150000
4,3,1,130000
3,1,3,18000
4,4,1,60000
5,4,12,62000
4,3,1,40000
0,0,4.4,28000
3,3,8,27000
4,4,3,9000000
6,5,1,40000000
6,5,1,42500000
3,4,5,9200000
0,5,10,17500000
0,5,11,19000000
0,5,10,21000000
0,5,10,22500000
0,5,10,21000000
4,4,5,10000000
6,6,10,17000000
4,4,10,18000000
6,6,1,25000000
6,5,1,44000000
6,5,1,56000000
6,5,5,9500000
6,5,1,42000000
5,4,3.5,8500000
7,6,5,13500000
6,5,3.5,11000000
5,5,10,30000000
4,4,5,7000000
5,5,6,14000000
3,3,4,7500000
5,5,6,16500000
2,3,3,8500000
3,3,5,11000000
4,4,14,42500000
4,4,5,8500000
6,4,1,60000000
8,8,7,11000000
2,2,12,15000000
3,4,5,7500000
3,3,5,10500000
4,3,6,8800000
4,3,5,13500000
2,2,3,2300000
7,6,9,28500000
0,4,8.2,25000000
0,4,10,35000000
6,6,14,22500000
4,3,5,13800000
5,5,1,30000000
7,5,1,55000000
5,5,5,9500000
4,4,10,22000000
4,3,6,16500000
4,4,3,5500000
3,3,5,12500000
4,4,10,20900000
3,3,5,12900000
5,4,10,16000000
4,3,5,15000000
0,3,3,6000000
2,3,2,4000000
0,0,1,45000000
0,1,1.4,3400000
5,3,5,13500000
0,0,2.2,2800000
5,4,1,36500000
5,5,17,41600000
5,4,12,14000000
0,5,10,22500000
0,3,3,6000000
2,3,5,5500000
5,5,1,41500000
6,4,5,13100000
2,2,3,4400000
7,6,8,25000000
3,3,10,16500000
0,3,5,12800000
6,8,10,40000000
3,3,5,10200000
6,5,2,85000000
3,3,5,10500000
4,3,5,13500000
5,5,7,15500000
5,4,2,375000
2,3,4.8,22000
3,2,1,130000
7,4,4.8,70000
0,0,5.4,60000
2,2,5.3,35000
4,3,8.9,120000
6,5,1,220000
2,2,4.9,25000
2,2,4.2,50000
4,3,1,130000
2,2,3.1,20000
3,3,1,111000
3,4,2,500000
2,4,8,35000
2,9,9.6,35000
0,2,4.8,27000
0,3,6.7,42000
0,3,5.6,32000
0,2,4,24000
0,3,9.6,29000
3,3,5.8,35000
2,2,4.8,20000
2,2,3.3,4400000
3,3,4.8,4400000
3,3,4.8,6800000
2,2,3.3,4400000
3,3,4.8,4400000
3,3,4.8,6800000
3,3,4.8,23500000
3,3,4.8,23500000
3,3,8,30000000
3,3,8,30000000
3,3,4.8,14500000
3,3,4.8,14500000
2,2,4.2,14500000
0,2,4.2,4800000
0,3,4.2,6300000
0,4,4.2,8260000
0,3,5,5500000
0,0,4,11500000
0,4,8.8,13500000
0,2,8.8,7000000
0,3,6,8000000
0,2,6,6500000
0,8,10.4,35000000
0,9,10.4,45000000
0,5,6,13500000
0,6,12,60000000
0,3,12,32000000
0,4,8.8,13400000
3,5,5.8,1500000
4,4,8,19500000
3,3,6.4,11500000
5,5,8.2,14500000
2,2,5.1,6500000
2,2,5.1,6500000
3,3,8,23200000
3,3,8,13500000
3,5,5.8,15000000
3,5,5.8,1500000
3,3,8,21000000
3,3,14,14500000
2,2,4.2,7300000
0,0,3.2,18000000
3,4,6,15000000
2,2,2.4,2500000
3,2,4,10000000
3,3,8,9500000
0,2,3.8,5000000
0,0,2,200000000
8,7,1,61000000
4,4,10,12500000
4,4,5.6,20500000
6,5,8,14500000
3,3,9.7,8500000
3,3,5.6,13000000
0,0,1,70000000
5,5,12,47500000
3,2,7.8,10500000
7,7,14,65000000
1,2,2.5,2700000
6,6,1.2,92500000
2,2,4,6600000
7,7,1,40000000
6,6,14,26000000
4,4,7,14500000
2,2,5,3500000
2,2,5,4500000
5,5,7,26500000
6,6,1,52500000
2,2,3.6,3200000
6,6,1,42500000
2,2,2.9,3100000
1,1,4.4,45000
3,3,1.6,150000
3,3,1,65000
0,4,13.3,130000
2,2,3.6,37000
2,2,8,25000
2,2,8,25000
3,3,14.2,35000
3,3,14.2,35000
3,3,14.2,35000
3,3,14.2,35000
4,4,1.2,55000
4,4,1.2,55000
6,6,1,110000
6,6,1,110000
4,4,1.2,80000
3,3,10.8,60000
3,3,10,25000
0,2,2.5,2700000
0,3,10,15000000
0,3,10,11500000
8,7,1,41000000
5,5,8,12500000
6,5,7,14500000
4,3,5,10800000
6,5,2,69000000
0,0,1,65000000
4,4,5,11000000
8,8,1,28000000
4,9,9,30000000
4,5,4,40000000
5,4,10,21000000
2,2,6.1,10300000
0,0,5,25000
0,0,10,32000
0,0,5,35000
0,0,5,40000
0,0,5,35000
0,0,3,22000
0,0,5,32000
0,0,7,25000
0,0,7,28000
0,3,10,50000
0,3,10,50000
0,4,10,55000
0,5,10,60000
0,3,10,40000
5,4,7,50000
3,2,10,40000
1,1,2.4,30000
6,6,2,59000000
3,3,3,6750000
3,3,3,3495000
0,5,12,23500000
0,5,10,22500000
0,5,5,12000000
0,5,5,11000000
0,5,1,60000000
0,5,1,52500000
0,5,1,42000000
0,5,1.1,49800000
0,5,1,56000000
0,5,1,44000000
0,5,5,9500000
0,4,3.5,8500000
0,5,3.5,11000000
0,6,5,13500000
5,6,10,37000000
3,3,6,9200000
4,3,5,10000000
6,5,10,22500000
6,5,1,67500000
6,5,1,52000000
2,2,3,2850000
4,4,5,7700000
4,4,5,7200000
4,4,5,8000000
5,4,7,15800000
6,5,10,25000000
1,2,7.5,7000000
6,5,10,14000000
6,5,10,22200000
0,0,6,8500000
2,3,3.5,6400000
5,5,1.2,40000000
5,4,8,17000000
8,7,1,24900000
10,11,2,122500000
2,4,5,9500000
5,4,5,9450000
1,2,5,3900000
4,4,14,50000000
2,2,2.5,3200000
2,2,4,3000000
1,1,2.5,4500000
4,3,4,7500000
6,5,10,20000000
3,4,5,9200000
3,3,5,11000000
3,3,5,12500000
5,5,10,23000000
6,5,1,43000000
6,5,1,42500000
3,3,8.6,14500000
4,4,12,16000000
3,2,4.9,6000000
3,3,6,9400000
3,3,5.6,13500000
5,5,8,48500000
3,3,8,29000000
4,4,4,32500000
0,6,9.6,35000000
0,6,1.6,78000000
0,2,2.5,4200000
0,2,2.5,4500000
0,2,4.2,5600000
0,2,4.8,12000000
0,3,10.4,38500000
0,3,3.8,8200000
0,2,4,2400000
0,2,3.3,2600000
0,6,10.9,35000000
0,6,9.6,32500000
0,4,4.8,19000000
0,3,16,37000000
0,3,6.8,17000000
0,6,9.6,21000000
0,8,16,58000000
5,4,12,61500000
2,2,4.2,8000000
2,2,4.2,7250000
5,4,14.2,37500000
3,3,5.3,3800000
2,2,4.2,7800000
5,4,4,42500000
2,2,4.2,6700000
3,3,8,6700000
2,2,4.9,6000000
2,2,4.9,7000000
4,3,11.1,45500000
2,2,4.7,11000000
3,3,8,65000
3,3,7.6,75000
3,3,5.3,50000
3,3,6,35000
4,4,17.8,125000
2,2,3.8,25000
3,3,1,110000
4,3,1,110000
5,5,4.8,115000
2,2,4.2,35000
0,0,10,250000
3,3,8,50000
3,2,4.2,45000
10,6,1,250000
4,3,8.4,110000
3,3,1,125000
5,4,1,300000
0,0,5.3,60000
4,3,8.9,80000
3,3,8.7,85000
5,4,1,125000
4,4,2,300000
2,2,8,37500
4,3,1,140000
2,2,4.2,8000000
0,0,6.7,19000000
0,6,2.8,8500000
2,2,3.8,8500000
2,2,5.3,18000000
3,3,6.7,20000000
3,3,8.4,13000000
6,6,5.8,19500000
5,5,8,25000000
0,0,12,75000000
3,3,9.1,11000000
2,2,3.4,4350000
3,3,7.3,16500000
2,2,4.4,4500000
2,2,5.3,7500000
3,3,7.3,25000000
3,3,8,29000000
7,6,1,115000000
2,2,3.8,7000000
3,3,5.3,6000000
6,6,12,25000000
4,4,8.8,32500000
4,3,4.9,7500000
2,2,4.8,8500000
3,3,4.9,3500000
2,2,2.9,4300000
3,3,8,11000000
0,0,9.6,35000000
2,2,2.9,6500000
3,3,8,6350000
3,3,6.4,9500000
5,4,4,30000000
3,3,7.8,12000000
2,2,4,4600000
4,3,5,9000000
3,2,4.4,6600000
2,2,4.2,9500000
2,2,4,7000000
3,3,7.3,19000000
2,2,4.7,7000000
2,2,4.7,7500000
1,2,2,1850000
2,2,3.2,5500000
0,0,8,30000000
2,2,3.6,5000000
5,4,4.8,20000000
0,0,8,32500000
3,6,4.8,15000000
3,3,4.4,7200000
4,3,4.8,18000000
2,2,3,4000000
4,3,8.2,36500000
2,2,4.4,8000000
3,3,6.4,12500000
2,3,4.8,6500000
3,3,3.6,4700000
3,2,4.8,6800000
2,3,3.2,3500000
6,6,9.8,18000000
3,3,4.9,12500000
7,6,1,105000000
3,3,7.6,25000000
4,5,2.9,35000000
3,3,7.1,22500000
0,0,1,35000000
3,3,8.4,30000000
2,2,3.5,3500000
2,2,3.5,3500000
2,2,3.5,3500000
3,3,7.1,9000000
3,3,7.1,9000000
3,3,7.1,9000000
3,3,8.9,30000000
1,1,4.3,4900000
7,6,8,160000000
4,3,8,7200000
3,3,5,15000000
4,4,1,37500000
4,3,10,18000000
1,1,2.4,4320000
4,4,5,11800000
6,5,8,30000000
7,6,1,55000000
0,0,5,50000000
2,1,5,7500000
4,4,7,25000000
2,2,6,7500000
10,9,16,90000000
1,1,3.3,8000000
4,4,5,12100000
3,3,8,5600000
0,0,5,43000000
1,1,2,2640000
0,0,1.1,115000000
4,3,12,13000000
5,3,4.4,16600000
3,2,3,2900000
6,6,4,250000
7,6,4,300000
4,3,11,35000
0,0,1,28000
5,5,1,240000
1,1,1.3,25000
3,2,8,45000
2,2,7.1,60000
2,2,4.9,35000
2,2,7.6,50000
2,2,3.8,28000
1,2,5.6,25000
3,3,1,140000
3,3,2,200000
2,4,3.6,42000
1,1,5.3,9000
1,1,5.3,5500
0,0,2,350000
0,0,1.3,40000
3,3,10,50000
8,7,1,200000
2,2,5,20000
2,2,5,20000
2,2,5,20000
4,3,1,115000
4,4,3,6650000
10,8,2.5,85000000
3,2,10,11000000
4,3,3,6000000
0,0,5,10000000
0,0,5,9500000
0,0,5,9500000
0,0,5,9500000
0,0,5,9500000
0,0,5,9500000
0,0,5,9500000
0,0,5,9500000
0,0,7,14500000
0,0,7,14500000
0,0,7,13500000
0,0,5.5,5500000
8,8,1.8,60000000
0,0,7,14500000
0,0,16,26500000
4,3,5,10000000
5,4,10,17500000
6,6,1,40000000
5,5,3,5600000
2,3,4,3500000
5,10,6.7,6000000
1,1,2,3000000
3,3,6,6000000
3,3,6,6500000
3,3,5,15000000
7,7,8,37500000
4,3,10.9,17000000
3,3,5,6500000
5,4,8,13000000
5,6,6.7,11000000
5,4,5,7000000
4,4,4,6500000
4,4,5,9500000
6,6,5,24000
3,3,3,22000
0,0,9.8,25000
5,4,10,60000
5,5,10,60000
4,3,5,35000
6,5,14,120000
1,2,4,9000
9,8,1,180000
5,4,10,120000
3,3,14,75000
6,5,1,38500000
6,5,17,24500000
6,5,1,50000000
6,5,1,42500000
4,3,3,4000000
5,4,10,18500000
5,4,1,33000000
4,3,7,21500000
5,5,1,52500000
5,5,9,29000000
3,3,4,9500000
5,5,18,37500000
5,5,1,38500000
6,5,1,65000000
6,5,1,48500000
0,0,8,72000000
10,11,2,160000000
0,5,10,21500000
1,2,2.5,2300000
0,0,5,14500000
3,3,3,5600000
4,3,10,19500000
8,8,5,14500000
0,0,2,3650000
0,0,1.6,2400000
6,5,1,52000000
6,4,17,36500000
5,5,1,55000000
10,8,2.2,130000000
4,4,10,24000000
4,3,10,13500000
2,2,5,1900000
4,3,5,13500000
4,3,10,20000000
7,6,5,14500000
5,5,5,17000000
5,4,12,16500000
4,4,5,14000000
3,3,3,5000000
0,4,5,9500000
3,3,2,3000000
4,4,7,14500000
4,4,10,23000000
4,4,10,17200000
3,3,2,3000000
5,5,1,25000000
6,5,1,48500000
5,5,1,40000000
2,2,4.2,6000000
2,2,2.7,5000000
2,2,4,8000000
8,8,9.6,32500000
6,6,9.6,36500000
2,2,4.8,5800000
3,3,6,13200000
4,4,11.2,65000000
4,4,14.2,50000000
5,5,17.1,64500000
5,5,17.1,65000000
5,5,17.1,65500000
5,5,17.1,66000000
5,5,17.1,66500000
5,5,17.1,67500000
5,5,17.1,67000000
5,7,2.4,12500000
1,1,2.2,6500000
3,3,10.7,15000000
3,3,6.7,14000000
3,3,3.6,4000000
3,3,4,35000000
3,3,4,40000000
3,3,4,40000000
3,3,13.3,40000000
4,3,1,150000
4,5,1,110000
3,3,5.6,26000
0,3,8,25000
0,2,4,14000
0,2,4.8,17000
3,3,5.3,50000
3,3,8.8,50000
4,3,9.3,85000
2,2,4.4,55000
4,4,1.1,68000
4,6,9.6,50000
5,4,1,270000
2,2,2.8,16000
2,3,4.8,25000
7,6,2,700000
4,4,10,140000
6,6,1,250000
3,3,7.1,50000
3,3,6.7,50000
3,3,6.7,60000
3,3,3.1,15000
3,3,8,16500000
2,2,4,11000000
3,3,5.3,7500000
6,6,2.4,240000000
5,5,1,100000000
8,7,2,180000000
6,6,4,550000000
7,7,17.3,72500000
2,2,4.2,6500000
5,5,14,65000000
3,3,8.9,35000000
7,6,16,38500000
3,2,5.3,12000000
3,2,3.6,7000000
6,5,1,80000000
0,3,6.6,11000000
0,3,6.7,11500000
0,3,10.2,11000000
0,2,3.1,3200000
0,3,5.7,6800000
0,0,5.7,6500000
0,0,5.7,6200000
0,0,4.8,21000000
0,2,3.1,3200000
0,4,4.8,15500000
1,2,4.9,7000000
0,0,4.8,6000000
0,0,4.8,3800000
0,0,4.8,3800000
0,0,4.8,7000000
0,0,4.8,7000000
0,0,4.8,7000000
0,0,4.8,7000000
0,0,2.8,3600000
0,0,4.8,6000000
0,0,4.8,6000000
0,0,4.8,3800000
0,0,4.8,3800000
0,0,4.8,7000000
0,0,4.8,7000000
0,0,2.8,3600000
0,0,4.8,6000000
0,0,4.8,6000000
0,0,4.8,6000000
0,0,4.8,3800000
0,0,4.8,3800000
2,2,5.8,13500000
6,5,10.9,33000000
3,3,10.4,13000000
4,4,4,14500000
2,2,7.1,12400000
1,1,2.6,3800000
6,5,1,56500000
8,7,1,49500000
5,3,5,17000000
4,3,10.1,28500000
2,2,5,3600000
3,3,8,7500000
6,6,9.3,45000000
6,5,8,15500000
2,2,4,3800000
5,5,8,18500000
6,5,10,22000000
2,2,3.5,5500000
2,2,6,55000
2,2,7,65000
4,3,1,85000
1,1,5,42000
2,2,5.2,31000
1,1,2.8,31000
3,3,1.3,120000
4,3,4,200000
3,2,6.2,65000
3,3,14,65000
2,2,4.9,55000
4,4,1.2,175000
0,9,1.8,650000
3,3,1,125000
3,3,14,65000
5,4,1.1,300000
7,6,1.3,300000
4,4,1,150000
7,6,1,110000
4,4,1,40000
7,7,4,300000
4,3,4,50000
3,2,5.6,40000
0,0,5,6500000
0,0,7,20000000
0,0,5,11500000
0,0,7,20000000
5,4,18,29000000
6,5,7,15000000
6,6,1,42500000
5,4,8,11000000
5,4,5,11500000
8,6,1,35000000
3,3,10.7,11000000
0,0,5,40000
0,4,5,40000
0,0,5,33000
0,0,5,32000
0,0,5,32000
0,0,5,35000
0,0,5,40000
6,6,10,65000
2,2,7.1,40000
2,1,3.7,45000
0,0,5,35000
0,0,7,45000
3,3,10.7,48000
3,3,10.7,38000
0,0,10.7,40000
8,6,1,47500000
4,3,7,21500000
4,3,10,14000000
3,3,12,17500000
0,0,1,30000000
3,4,2.7,8500000
6,5,1,41500000
6,5,1,42000000
4,3,2.5,3300000
4,3,5,12500000
6,5,1,45000000
6,5,1,35500000
1,1,2.3,5000000
5,5,10,21500000
5,5,6,9000000
0,3,5,16000000
6,5,10,23500000
6,5,1,41000000
6,5,6,11000000
4,3,5,11000000
5,6,10,22500000
0,0,4,6500000
3,3,5,13000000
6,5,1,62000000
6,5,10,16500000
9,9,1.1,62500000
6,5,1,34000000
5,4,5,10500000
6,4,8,15500000
5,6,7,14000000
4,9,4,9700000
4,5,5,15000000
5,4,5,9450000
6,5,10,21000000
3,3,5,8500000
0,10,1.2,90000000
3,2,12,23500000
7,5,10,17800000
6,5,2,155000000
5,5,10,21500000
2,2,5,6800000
0,0,7,9500000
4,4,8,11500000
1,2,2,2500000
8,6,10,24000000
5,6,5,7500000
3,3,4,7000000
7,6,1,48000000
5,5,10,24000000
4,4,9,25000000
5,5,10,24500000
5,5,1,55000000
5,5,1,45000000
5,5,5,10400000
5,5,10.9,36000000
2,2,4.2,7500000
3,3,8,11500000
8,8,3.2,24000000
4,4,3.2,5500000
1,2,3.6,2800000
8,6,9.6,42500000
4,4,10,58000000
5,5,1,110000000
10,11,1,105000000
3,3,5.1,6000000
3,3,8.9,18500000
6,6,13.2,67000000
0,3,7.3,14500000
0,3,9.3,15500000
0,3,6.9,12500000
0,3,5.1,7500000
4,4,9.8,35000000
3,3,6.1,14500000
3,3,6.1,15000000
3,3,6.1,15500000
3,3,6.1,16000000
3,3,6.1,16500000
3,3,6.1,17000000
3,3,8,19500000
3,3,8,20000000
3,3,8,20500000
3,3,8,21000000
3,3,8,21500000
3,3,8,22000000
3,3,8,22500000
3,3,8,23000000
2,2,4.2,6150000
3,3,14,17500000
6,6,9.6,35000000
3,3,5.5,11200000
2,2,2.4,3050000
1,1,2,1425000
2,0,2.4,2900000
4,3,4,45000000
3,3,9.6,31000000
3,3,9.2,31500000
0,0,10.2,16500000
0,0,6,13000000
0,0,6.8,12000000
0,0,7.1,11500000
0,0,6,9500000
0,2,3,3800000
0,0,4.8,27000000
0,6,1,85000000
3,3,10.7,37500000
2,3,5.8,7500000
2,3,6,7800000
4,4,7.7,17500000
5,5,4.8,17000000
6,6,4.8,18000000
6,6,19.2,70000000
3,3,5.3,12000000
2,3,4.8,23000
5,4,4,115000
0,0,8,28000
0,0,8,28000
7,7,2,550000
3,3,12,95000
6,6,1.2,325000
6,6,1.2,275000
3,3,8,45000
4,3,1,85000
7,6,2,375000
3,3,1,110000
2,2,4.8,30000
0,3,9.3,45000
3,3,8.9,130000
4,4,1.3,150000
6,4,1.2,275000
0,2,4.8,20000
0,2,4.8,25000
0,2,4.8,18000
0,2,4.8,24000
0,2,4.8,25000
0,2,4.8,24000
5,4,8.4,90000
2,2,4.8,6500000
3,3,8,11000000
3,3,5.8,6300000
2,2,2.6,2500000
3,3,5.6,7000000
3,3,7.6,8600000
9,6,5.6,25000000
2,2,5.8,12500000
0,0,9.6,14800000
6,6,9.6,30000000
3,2,4.5,16000000
2,2,3.5,5500000
2,2,2.4,7000000
2,2,3.8,5500000
2,2,4.9,5000000
2,3,3.2,5500000
5,8,7,5800000
1,1,3.6,5250000
2,2,3.1,3500000
10,8,1,49500000
7,5,10,26000000
2,2,5,7000000
8,6,16,45000000
6,5,8,17900000
3,3,9.3,30000000
5,4,12.9,22500000
5,4,12.9,22500000
3,2,6,5500000
2,2,4,3400000
8,7,1,65000000
8,6,6,9000000
1,1,1.6,2600000
7,7,1.2,200000000
1,1,2.7,2800000
3,3,10,7500000
2,2,3.3,2350000
3,3,4.7,3450000
5,4,7,50000
2,2,1,36000
3,3,1,40000
2,2,16.2,100000
2,2,3.1,17000
5,3,1,50000
1,1,1.5,18000
4,3,12,45000
2,2,3.1,17000
3,3,1,150000
1,1,9.8,60000
5,5,1.1,250000
0,0,8,62000
0,0,8,60000
0,0,14.2,40000
0,0,8,28000
0,0,8,26000
1,1,2,8500
2,2,10,28000
6,10,1.5,50000
8,6,1,110000
5,5,5,3000000
5,5,10,28500000
2,2,3.1,5273000
3,3,8.2,16500000
5,4,10.1,17500000
3,2,5.1,32500000
6,5,4,240000000
0,4,1.3,120000000
0,5,1,100000000
0,0,5,51000000
0,0,5,50000000
10,11,1,85000000
4,5,3.5,7500000
0,0,5,8000000
0,0,5,8000000
0,0,7,15000000
4,6,5,6500000
2,2,4,40000000
4,4,7,15500000
0,0,10.7,15500000
6,5,7,13500000
7,6,1,38000000
5,5,7,14500000
6,5,10,23000000
4,4,10,18000000
8,6,1,36000000
4,3,6,11500000
2,2,5,6200000
6,5,10,25000000
3,5,5,4500000
5,5,10,23000000
4,5,5,9500000
4,4,7,14500000
6,5,9.3,13000000
5,5,19,19500000
4,4,11.3,22500000
2,4,3,4500000
6,5,7,15000000
5,4,5,11000000
2,2,5,5800000
2,2,5,5850000
2,2,5,5950000
2,2,5,5900000
2,2,5,6000000
2,2,5,6050000
2,2,5,6150000
2,2,5,6100000
2,2,5,6200000
2,2,5,6250000
2,2,5,6350000
2,2,5,6300000
2,2,5,6400000
2,2,5,6450000
2,2,5,6500000
0,0,11,35000
0,0,8,20000
0,0,18,35000
0,0,19,250000
0,2,4,20000
0,0,5,35000
4,5,7,45000
0,0,5,32000
0,0,5,35000
0,3,1.1,50000
3,3,10,38000
3,3,8,65000
1,1,2.9,28000
4,4,2.5,3300000
8,7,10,18500000
0,0,2.5,2700000
7,5,1,50000000
5,5,7,17500000
3,3,7,13000000
3,3,3,5500000
6,5,10,27000000
6,5,12,31500000
3,3,4,9900000
6,5,1,42500000
6,5,10,27000000
5,5,10,20000000
6,5,10,27000000
3,3,5,11500000
6,5,10,24500000
5,4,10,25000000
6,5,10,40000000
3,3,5,14500000
6,5,1,42500000
5,5,10,12500000
4,3,4,5500000
3,3,4,5400000
3,3,3,5000000
4,3,9,16000000
3,3,5,12000000
3,3,3,5100000
3,3,3,4800000
4,3,5,7500000
5,5,10,22500000
5,5,9,22000000
5,5,10,22000000
5,5,6,13500000
3,3,4,5500000
3,4,6,8500000
4,4,9,65000000
3,4,4,5400000
3,4,5,6000000
2,3,3,4800000
2,3,3,5000000
2,3,3,5200000
5,4,10,19000000
3,4,3,7000000
3,4,5,8500000
2,3,2,3500000
2,3,5,6500000
9,6,1,35000000
2,3,3,5200000
3,4,3,9000000
2,2,2.5,2650000
0,0,3.2,4250000
3,3,4.8,6800000
2,2,2.9,2700000
2,2,2.9,2700000
2,3,4.8,6800000
3,3,7,9500000
2,6,2.4,5500000
3,3,5.8,9500000
2,2,4.4,7500000
3,3,5.3,8500000
3,3,5,8300000
2,2,4.4,6200000
3,3,5.8,9500000
3,3,6,8500000
2,2,4.4,5500000
3,3,8,6600000
3,3,6,5800000
2,2,4.4,6000000
2,2,4.2,7000000
2,2,4,3500000
0,0,16,55000000
3,4,3.3,8500000
3,3,4.4,7400000
2,2,4.8,8000000
0,0,4.8,21500000
4,4,12,25000000
6,6,17,35000000
6,6,1.2,101500000
0,10,9.6,43000000
2,2,3.3,2800000
7,7,18.4,40000000
2,2,5,8500000
3,2,4.8,7800000
10,11,12,33000000
5,5,1.2,110000000
2,2,4.9,6000000
3,3,5.3,7500000
2,3,4.9,8700000
7,6,9.6,41500000
1,1,2.4,4100000
0,0,7.1,22500000
3,3,7.1,14000000
2,2,2.7,2700000
3,3,4.8,14000000
0,2,4,6000000
2,2,3.6,3900000
4,3,9.3,30000000
1,2,2,1300000
4,4,4.8,18000000
0,0,2.4,5200000
3,2,2.9,3500000
3,2,2.9,3500000
3,2,2.9,3600000
3,2,2.9,3700000
4,2,1,140000
4,3,8,50000
2,2,7.1,55000
2,2,7.1,55000
2,2,7.1,55000
6,5,1,270000
5,4,1,290000
0,9,2.4,700000
5,4,16,200000
4,4,1,300000
4,3,8,50000
3,4,4.7,38000
4,3,4,110000
4,4,4.8,140000
3,3,4.9,25000
2,3,4.2,22000
2,3,1,20000
2,2,4.8,25000
4,3,1,120000
4,3,1.5,100000
3,3,16,55000
5,4,1,220000
5,5,1.4,250000
3,4,9.6,32000
4,3,8.4,125000
4,3,9.3,82000
3,3,5.8,45000
4,3,7.6,69000
6,6,12,80000
2,4,6,5500000
6,6,14,140000000
2,2,3.1,4000000
4,4,4.8,15500000
4,4,4.8,15000000
6,6,4.8,17500000
3,3,8,20500000
6,6,9,38000000
1,1,1.6,1800000
0,6,16,38000000
0,4,5.8,14500000
0,4,4.8,14000000
0,0,4.8,13500000
0,6,9.6,27000000
0,6,9.6,27000000
3,3,4,6500000
3,3,13.3,25000000
2,2,4.9,11000000
7,7,2,165000000
2,2,4.2,7600000
2,2,4.4,9500000
3,5,6.7,8500000
2,2,5.1,10000000
6,6,1,150000000
6,6,1,150000000
6,6,2,180000000
7,6,1.3,180000000
5,4,1,88000000
4,4,5,10000000
2,2,2.4,5000000
3,3,7.6,17500000
3,3,8,20000000
10,11,18,65000000
2,2,4,3400000
2,2,4.4,5000000
2,2,4.2,8500000
3,3,7.6,20500000
2,2,3.3,2650000
8,7,2,140000000
4,4,13,28500000
4,5,5,5500000
0,2,4,10500000
0,0,1,110000000
0,0,1,88000000
1,1,3.8,3600000
5,5,1,90000000
0,6,1,38500000
0,0,14,24000000
0,0,14,24500000
0,0,14,25000000
5,5,1.3,100000000
5,5,10,36500000
4,4,2,124000000
0,0,5,25000000
0,0,1.2,100000000
0,0,10,48000000
0,0,5,24000000
0,0,4,21000000
0,0,8,35000000
0,0,5,27500000
0,0,4,18000000
0,0,4,17500000
0,0,1.3,100000000
0,0,1,110000000
0,0,1.3,112500000
0,0,1.1,120000000
6,6,14.2,26500000
0,6,10,35000000
0,6,12,45000000
0,5,12,41000000
0,0,12,42500000
3,3,8,6500000
7,6,1,57500000
0,0,6.7,19500000
0,0,8,22000000
0,0,10,35000000
0,0,14,42500000
0,0,14,42500000
5,5,1,140000000
5,5,7,16000000
5,5,7,16000000
5,5,7,16000000
2,2,5,4100000
0,0,1,45000000
6,5,1,87500000
0,0,3.2,260000000
0,0,1,45000000
0,0,1,45000000
0,0,1,45000000
2,2,5,6500000
3,3,10,35000
2,2,6,22000
3,3,10,26000
3,3,10,26000
3,3,1,52000
3,3,6,32000
1,1,3.3,30000
4,3,1,48000
3,3,1,75000
3,3,1,50000
2,2,1.2,85000
2,2,7.1,60000
6,6,1,100000
2,2,6,21000
2,2,6,22000
3,3,10,26000
3,3,10,25000
2,2,3.6,15000
0,0,8.7,85000
4,4,2.1,400000
3,3,16,180000
0,0,1.2,225000
0,0,6,55000
0,5,1,180000
0,5,1.2,300000
0,4,2,90000
0,3,1.3,140000
0,3,2.4,180000
0,3,1,100000
3,3,1,90000
2,2,8,40000
3,3,1,70000
3,3,12.4,75000
3,3,12.4,65000
3,3,14.2,60000
3,3,14.2,75000
3,3,14.2,55000
7,7,14.2,160000
2,2,2,125000
3,3,1,70000
2,2,5,28000
2,4,3,43000
3,3,10,27500
0,1,2.9,40000
4,3,1,120000
1,2,3,23000
0,0,2,500000
0,0,2,550000
0,0,2,600000
0,0,1.3,650000
0,0,1.3,750000
0,0,1.3,800000
6,5,1,600000
2,2,4.9,45000
4,3,5,50000
0,0,17,22500000
0,0,3,6500000
0,0,17,20000000
0,0,4,7500000
0,0,3,6500000
0,0,10,16500000
0,0,10,16800000
0,0,17,22500000
0,0,2.5,2600000
0,0,4,7500000
0,0,4,7510000
2,2,5,4500000
4,3,8,8000000
4,3,10,9000000
3,3,5,8000000
3,3,5,8100000
3,3,5,8200000
3,3,8,9700000
3,3,8,9600000
3,3,8,9500000
3,3,5,8500000
3,3,8,9800000
3,3,5,8400000
3,3,5,8300000
3,3,8,9900000
3,3,8,10000000
4,3,6,6500000
0,0,6,14500000
4,4,1,21000000
5,4,6,11000000
2,1,3.6,6500000
5,4,7,26000000
4,6,7,15000000
4,5,5,15500000
4,5,6,18000000
4,5,5,15000000
4,5,2,8000000
0,5,10,25000000
4,5,5,13000000
0,1,3.7,9000000
5,6,6,8500000
2,1,4.1,9500000
4,3,5,11000000
3,2,5,4500000
4,4,5,8800000
0,7,16,27000000
0,4,17,26000000
0,5,11,25000000
0,5,10,22500000
2,2,7.1,10000000
5,3,11,23500000
0,1,3.6,7500000
0,0,5,11500000
0,0,4,9500000
0,0,6,13000000
0,1,3.6,7500000
0,0,1,41000000
3,3,8,11500000
5,5,7,14500000
8,7,8,16000000
2,2,3,4000000
0,0,5,20000
0,0,5,18000
0,0,7,55000
0,0,5,30000
0,0,5,30000
0,0,5,32000
0,0,5,32000
0,0,12,35000
0,0,10,85000
0,2,2,10000
0,0,2,10000
0,4,10,50000
6,3,8,40000
3,3,8,41000
3,3,8,42000
3,3,8,43000
2,1,3.6,35000
6,5,10,65000
6,5,10,60000
0,1,3.8,45000
0,0,6,50000
2,1,3.8,45000
2,2,6,65000
5,4,10,19000000
2,5,3.7,9500000
4,3,5,9500000
6,5,2,125000000
5,4,5,16000000
4,3,5,10500000
6,5,1,38500000
5,4,10,18500000
5,5,10,23500000
5,4,8.1,60000000
5,5,9,14500000
3,3,4,8000000
3,3,5,12500000
5,5,10,22500000
4,3,10,20500000
5,5,5,12000000
5,4,10,21000000
5,5,1,45000000
0,5,1,40000000
4,4,3,6500000
5,5,1,37000000
3,3,5,9800000
5,4,10,24500000
6,5,1,42500000
4,3,5,11000000
0,0,4,640000000
4,3,3.5,7700000
0,4,10,21500000
6,5,11,23000000
0,4,10,21000000
4,4,6,13000000
3,3,4,5700000
3,3,5,9500000
0,3,2.5,6000000
6,5,10,22500000
3,3,5,9000000
4,3,6,11000000
5,4,5,8500000
3,3,8.6,14500000
4,3,5,16500000
6,5,1,40000000
4,3,3,6800000
0,6,1,60000000
0,0,1.5,110000000
0,4,2,120000000
0,6,1,49000000
6,5,10,18000000
5,4,10,22000000
6,5,10,36000000
5,5,1,77000000
6,6,10,19500000
5,5,13,30000000
0,0,4,30000
3,3,11.6,60000
3,3,12,65000
4,4,13.3,60000
0,4,10.7,100000
0,4,11.6,120000
2,2,4.2,18000
2,2,4.8,27000
6,6,2.2,400000
0,0,1,300000
1,2,3.2,16000
4,3,10,150000
2,2,3.3,12000
3,3,6,22000
3,3,6,20000
4,6,5.3,14000000
4,4,10.6,46500000
3,3,11.4,34000000
3,3,11.4,30500000
2,1,2.7,4080000
2,2,4,7500000
2,2,4,7500000
5,5,1,87500000
6,5,1,45000000
0,3,6.7,13500000
6,6,4,9000000
6,6,1,85000000
7,7,15,40000000
5,5,1,50000000
4,4,5,20000000
9,8,1,52500000
6,6,8,11700000
7,6,14.2,29500000
6,5,8,16000000
6,5,1,45000000
6,5,8,15500000
2,2,5.2,10000000
4,5,1.1,72500000
0,1,3.1,4140000
0,1,2,2820000
0,1,2.1,2640000
0,2,4.5,6030000
0,2,4.3,5820000
0,2,4.1,5550000
0,2,3.9,5250000
0,3,6.9,9360000
0,3,6.1,8220000
0,3,5,6780000
0,4,7.6,10300000
7,5,6.7,22000000
3,2,4,5800000
5,4,14.9,14200000
0,0,6.7,20000000
0,0,9.3,30000000
0,0,9.3,31000000
0,0,1.1,60000000
0,0,1.1,57500000
0,0,17.8,65000000
5,4,5,11000000
5,4,5,11000000
7,6,1,37000000
6,5,8,18000000
0,4,8,30000000
6,5,10,25000000
6,5,10,25000000
6,5,1,42500000
6,5,1,42500000
3,3,8,27500
7,5,1,500000
3,3,8,28000
7,7,9.3,130000
3,3,8,25000
3,3,8,26000
3,3,8,27000
5,5,10,120000
6,6,14.2,95000
3,3,5,30000
0,2,5,30000
0,2,5,18000
0,0,7,35000
2,0,7,36000
1,1,3,15000
1,1,3,15000
3,3,1,100000
2,2,2.9,17000
1,1,4,25000
2,2,10,40000
7,8,10,120000
3,3,19.5,140000
6,5,1.3,300000
3,3,1,120000
5,4,4,700000
4,5,1.1,200000
4,3,13,65000
4,4,8,40000
5,4,1,250000
4,4,1,70000
3,3,1,60000
2,2,1,55000
0,2,5,25000
0,1,0.5,20000
1,1,2.2,28000
0,0,5,7050000
1,2,1.7,3200000
4,3,6,7000000
5,4,5,3600000
6,5,7,15000000
6,5,7,14500000
6,5,10,19900000
0,0,3,6500000
0,0,3,9000000
4,4,10,21000000
3,3,10,18000000
0,3,10,18000000
0,4,10,19500000
0,5,10,21500000
0,3,10,11500000
0,0,5,5000000
0,0,5,5100000
0,0,5,5200000
0,0,5,5300000
0,0,5,2500000
0,0,5,1900000
4,4,5,7700000
3,3,8,11500000
0,2,3.5,3000000
0,2,5,3000000
6,5,10,25000000
6,5,10,25000000
1,2,3.5,2600000
5,4,10,9000000
6,5,1,42500000
6,5,1,43500000
0,0,3,22000
0,0,10,28000
3,3,4,20000
0,0,3,15000
0,0,3,16000
0,0,3,18000
0,0,3,21000
0,0,3,22000
0,0,3,23000
0,0,3,24000
0,0,3,24000
0,0,3,24000
3,3,11.4,47000
2,2,3,20000
0,3,10,50000
0,4,10,55000
0,5,10,60000
0,3,10,42000
0,4,10,65000
0,3,8,40000
0,3,8,41000
0,3,8,42000
0,5,10,65000
0,5,10,67000
0,1,3.6,35000
2,2,1.6,18000
3,3,4,9600000
4,4,5,9500000
0,7,10,30000000
3,5,2,4500000
4,4,5,13000000
5,4,10,29800000
4,3,5,11800000
4,3,5,11300000
2,3,3,7500000
7,6,2,120000000
6,5,1,65000000
4,3,5,10500000
4,3,5,12500000
4,3,5,11000000
0,0,3,7500000
4,3,5,11500000
3,3,10,25500000
1,3,3,2800000
7,5,11,20000000
6,5,1,45000000
4,3,5,7300000
6,5,10,19000000
6,5,1,49900000
6,5,10,18000000
3,3,10,15600000
7,5,1,41000000
6,10,18,120000000
3,3,3,7500000
7,5,1,37000000
7,5,1,39000000
3,6,3,5500000
7,5,1,37000000
6,5,1,42400000
2,4,3,4000000
6,5,1.2,30000000
2,2,2,2480000
0,0,8,80000000
7,6,9.6,25000000
2,2,3.3,5000000
8,5,1.2,95000000
3,3,8,19200000
4,4,9.8,38500000
4,4,13.3,32500000
3,3,7.9,23500000
4,4,6.7,22000000
4,4,12,42500000
4,4,9.8,30000000
3,3,6.2,18000000
4,4,6.4,40000000
6,6,4.8,20000000
4,4,13.3,32500000
4,4,6.7,22000000
3,3,7.9,23500000
4,4,9.8,38500000
0,4,4.8,19500000
0,4,11.6,32500000
0,3,6,15000000
0,3,7.2,14000000
0,4,7.2,16000000
0,3,6.4,11500000
0,3,6.4,14000000
0,3,5.3,8000000
0,3,6.2,11000000
0,3,6,15000000
0,3,6,13200000
0,3,6.7,13500000
0,3,6.7,13500000
0,4,7.6,15500000
4,4,12,42500000
4,4,6.4,40000000
3,3,6.2,18000000
4,4,6.4,40000000
3,3,7.1,21500000
4,4,12,40000000
4,4,12,95000000
3,3,6.2,11500000
3,3,10.7,30000000
2,2,4.4,8000000
2,2,2.9,3500000
3,3,10.9,60000000
6,6,1,160000000
3,3,5.3,7500000
3,3,8,17000000
2,2,4.4,7000000
7,6,2,290000000
7,6,2,295000000
0,6,2,280000000
0,6,1.3,200000000
2,2,5,7200000
4,3,7.6,26000000
0,0,4.2,4500000
0,0,10,10500000
0,0,12.7,16000000
0,0,6,9000000
0,0,8,20000000
0,0,6,13500000
6,8,4.8,20500000
4,3,8.9,18000000
7,4,4.8,70000
0,0,3.8,20000
2,2,4.8,25000
2,2,4,28000
10,7,2,700000
2,2,4.8,16000
2,2,4.8,22000
2,2,3.2,16000
0,3,6.2,40000
2,2,4.8,20000
4,3,1,95000
2,3,4.8,22000
1,1,4.8,13000
1,1,4.8,17500
3,3,8,56000
0,5,2,435000
0,6,1.3,450000
3,3,1,90000
7,7,9.3,44500000
4,5,10,17000000
5,5,16,35000000
6,5,11,27000000
6,5,11,27000000
6,5,17.8,105000000
7,6,9.3,44000000
0,2,5,2800000
0,3,8,6300000
0,3,8,7500000
0,3,8,6800000
0,3,8,4400000
0,2,5,3600000
7,6,1,45000000
3,3,5,17000000
7,7,10,42500000
6,5,10,14000000
2,2,6,8500000
3,3,4,4000000
3,3,10.7,16000000
1,1,1.8,4000000
0,6,1,50000000
3,6,4.4,14500000
5,4,5,10500000
2,2,2.9,3767000
5,4,5,10500000
5,5,1,50000000
4,4,4,15000000
7,7,1,32000000
7,8,1,32000000
6,5,1.1,46500000
6,5,1.1,46500000
6,6,1,39500000
6,5,10,29500000
3,3,4,5600000
0,10,2,175000000
5,5,10,16000000
3,3,5.3,6200000
4,4,1.3,90000
1,1,2.9,35000
6,4,5,40000
7,6,4,700000
1,1,2.7,30000
5,4,10,70000
3,2,8,38000
0,0,8,57000
4,3,1.3,80000
1,1,5.3,45000
1,1,2.4,22000
6,5,10,60000
3,3,1,115000
3,2,5,18000
3,3,12,32000
3,3,7,21000
2,2,5,22000
1,2,2,15000
2,2,5.6,35000
4,3,1,75000
4,4,14,32000
2,5,8,35000
10,10,1.3,550000
5,5,1.2,450000
6,5,6,80000
2,2,5.6,35000
5,4,10,16500000
5,4,10,33500000
2,2,2,2480000
6,5,1,76000000
2,2,2.5,2700000
6,5,1,35000000
7,6,2,145000000
6,5,1,38500000
3,3,2.5,4500000
2,2,2,7000000
4,4,5,10000000
4,4,4,8500000
7,6,10,23000000
5,5,1,65000000
5,4,5,12000000
3,3,6,6000000
4,3,5,12500000
3,3,3,2900000
3,6,6,3000000
6,5,11,27000000
6,5,11,27000000
3,3,7.4,12500000
0,4,5,8500000
0,0,8,15000000
0,0,4,11500000
0,0,6,13000000
0,0,5,11500000
0,0,5,8000000
0,0,5,8500000
0,0,4,6500000
0,0,10,22000000
1,1,2,2100000
6,9,5,7500000
2,0,3,7800000
8,4,7,12000000
8,8,10,20000000
3,6,3.2,7000000
6,5,1.1,46500000
6,5,1.1,46500000
6,6,1,39500000
2,2,4,2750000
2,2,4.4,6500000
1,1,2.2,3800000
0,0,5,55000
0,0,5,56000
0,0,5,57000
0,0,5,58000
0,0,5,69000
0,0,5,60000
0,0,10,80000
0,0,10,81000
0,0,10,82000
0,0,10,83000
0,0,10,84000
0,0,10,86000
0,0,10,87000
0,0,10,88000
0,0,10,98000
0,0,10,90000
0,6,10,60000
0,2,5,17000
0,2,5,16000
0,2,3,12000
0,2,10,30000
0,1,1.2,8000
0,4,6,40000
3,2,12.4,40000
0,0,12,70000
1,1,5.3,28000
0,0,6.7,45000
0,0,2.9,25000
2,2,5,12000
0,0,1,55000
0,0,2.2,30000
0,0,5.3,45000
0,0,1,90000
0,0,10,70000
1,1,2,6000
0,0,10,65000
3,3,1,45000
4,4,6,10500000
4,4,5.5,10500000
7,7,10,30000000
3,4,5,12000000
3,5,3.5,8500000
5,5,12,37500000
5,6,10,25000000
5,5,1,26000000
5,5,10,23000000
3,3,5,16500000
3,3,5,11500000
4,4,1.3,35000000
4,3,5,10000000
4,4,10,22500000
4,3,11,13500000
4,4,11,26500000
4,3,5,10500000
4,3,6,11500000
8,8,3,6450000
4,3,3,5500000
5,4,10,14300000
6,5,1.1,41000000
4,3,4,9000000
8,6,2,75000000
5,4,5,12000000
3,3,5,9500000
3,3,5,9500000
6,5,1,38000000
0,3,3,5500000
0,4,8,15000000
5,5,1,26500000
1,1,1.4,3400000
1,1,1.4,3400000
5,5,1,47500000
1,1,1.4,3400000
1,1,1.4,3400000
1,1,1.4,3400000
1,1,1.4,3400000
1,1,1.4,3400000
1,1,1.4,3400000
1,1,1.4,3400000
4,4,1,20200000
4,4,1,20000000
4,4,1,19500000
4,4,1,19000000
4,4,1,19700000
4,4,1,19800000
7,5,1,45000000
2,2,4,5500000
0,3,5,13500000
3,2,10,14000000
6,6,2,200000000
0,0,8,50000000
3,3,5.6,5400000
0,0,14,15500000
0,0,8,9000000
0,0,8,7000000
0,0,8,13500000
2,2,4.2,7000000
0,0,4.9,6200000
0,0,4.9,6300000
0,0,4.9,6400000
2,2,4.4,10000000
0,0,4.2,6500000
0,0,4.9,6600000
3,3,5.9,7700000
0,0,4.9,6600000
0,0,4.9,6700000
0,0,4.9,6800000
0,0,4.9,6900000
0,0,4.9,7000000
5,4,12,97500000
4,4,12,95000000
3,2,5.3,20000000
3,2,4.2,13000000
4,4,8,7700000
2,2,4,3300000
4,4,4.8,20000000
8,8,9.6,36000000
3,2,4.8,9800000
7,7,2,260000000
3,3,8,42500000
2,2,3.6,5500000
2,2,4.9,7500000
4,4,4.8,12000000
2,3,4.8,7600000
3,3,5.3,10000000
3,3,5.3,10000000
2,2,4.4,9000000
2,2,4.4,9000000
2,2,4.7,8500000
2,2,4.7,8500000
3,3,8,20000000
2,3,4.2,9500000
3,3,7.1,4200000
3,3,6,7950000
5,5,1,79000000
2,3,3.2,6000000
4,3,8,13000000
2,4,4.4,2600000
4,3,12,120000
9,6,4,1200000
2,2,4.2,18000
3,3,10,35000
2,2,6,40000
4,4,1,275000
0,0,8,50000
3,3,5.6,50000
0,0,6,25000
5,5,1,300000
6,6,1,360000
2,2,10,80000
4,3,5.3,32000
4,3,10.7,170000
5,4,1,225000
3,3,5.3,50000
7,6,1,240000
2,2,4.2,20000
3,2,4.8,20000
2,2,4.9,35000
2,2,3.9,28000
1,1,3.8,5400000
2,2,6.3,7200000
1,1,2.8,4900000
2,2,4,7600000
0,0,6,24000000
0,0,10,31000000
2,3,5,20000000
4,5,12,40000000
3,4,8,26500000
2,2,5,21500000
3,3,5.6,4590000
3,3,8.7,22300000
0,8,12.4,25000000
0,5,12.4,18500000
4,4,7,9500000
7,5,1,42500000
6,6,1,52500000
8,8,17.8,148000000
6,6,1,25000000
4,4,7,12500000
4,4,7,11000000
7,7,14.2,62000000
5,4,1.3,140000000
7,6,1.1,130000000
7,6,1,120000000
1,1,1.4,1784000
0,0,4,4887000
6,5,12,50000000
2,2,2.9,3791000
5,4,5,10500000
5,5,10,32500000
4,3,5,15000000
5,6,6.7,80000
2,2,4.4,75000
3,3,8.9,85000
3,2,10,35000
3,3,8.7,85000
4,4,1,300000
3,3,2,300000
3,3,1,180000
2,2,5.6,34000
4,4,2.4,325000
5,5,10,55000
0,0,1,300000
0,0,1.3,400000
0,0,1.3,500000
0,0,1.3,550000
0,0,2,700000
0,0,2,800000
0,0,2,850000
0,0,2,900000
0,0,2,950000
0,0,2,890000
0,0,1.3,500000
0,0,1.3,550000
0,0,2,600000
7,6,3.2,500000
4,3,1,50000
5,4,1,145000
3,3,7,45000
1,1,1.8,25000
8,8,1.3,450000
3,3,6,13500000
4,4,5,12500000
4,4,6,11000000
4,4,5,12500000
0,5,1,47500000
3,3,3,7200000
4,4,6,18000000
0,3,5,11000000
0,3,5,11000000
5,5,16,25000000
0,3,10,12000000
0,10,2,130000000
0,0,10,17500000
0,0,10,16500000
0,0,1,22500000
0,0,1,22500000
0,0,10,17500000
6,6,10,14500000
6,4,7,8000000
3,4,5,10500000
4,3,5,6500000
4,4,5,8500000
4,4,6,8000000
4,4,5,9500000
4,4,5,9800000
2,2,5,8000000
2,2,5,9000000
2,2,5,8000000
2,2,2,6000000
3,3,4,6500000
3,3,4,6500000
0,0,4,2800000
5,5,5,4700000
2,2,5,5500000
0,0,5,7500000
0,0,3,6500000
0,0,2,5000000
0,0,3,6500000
0,0,2,6500000
4,5,7,13500000
7,5,7,14500000
5,5,10,17500000
5,5,12,23000000
0,0,5,18000
0,0,10,35000
0,0,6,16500
0,0,5,35000
0,0,8.5,25000
0,0,7.5,30000
0,0,7,10000
0,0,2,25000
0,0,1.1,14000
0,0,7.5,16000
0,0,4.5,15000
0,0,7.5,26000
0,0,12,25000
0,0,10,25000
0,0,10,25000
0,0,5,16500
0,0,5,13000
0,0,5,40000
0,0,5,37000
0,0,7,60000
0,0,7,65000
0,0,5,35000
0,0,10,65000
0,0,5,33000
0,0,10,100000
0,0,10,80000
0,0,11,90000
0,0,12,75000
0,0,1.4,400000
0,0,11,70000
0,0,11,55000
0,0,1.5,250000
0,0,1.5,150000
0,0,12,70000
0,0,1,175000
0,6,1,110000
0,0,1.6,175000
0,0,1,125000
5,5,12,70000
0,0,8,25000
3,3,10,35000
3,3,5,11500000
0,11,1.3,120000000
10,10,1.6,65000000
0,0,8,12500000
0,0,5,7000000
4,3,5,21000000
2,2,3,3200000
1,1,4,6200000
0,4,10,35000000
6,5,1,48000000
2,2,5,6800000
8,7,1,41500000
5,4,8.5,23500000
6,5,2,53000000
7,6,1.6,59500000
0,5,10,19000000
3,3,11,16500000
0,5,1.6,40000000
0,4,10,22500000
0,4,10,25000000
0,3,1,40000000
0,4,10,23000000
5,6,1,70000000
7,6,2,95000000
8,6,2,120000000
7,6,1,39000000
4,4,5.5,10500000
0,5,15,15000000
6,5,10,24500000
0,1,1.4,1600000
3,3,5,11500000
8,9,4.8,25000000
3,3,6.4,12500000
5,7,6.6,10000000
1,2,1.8,1900000
1,2,1.8,2000000
3,6,4.8,11500000
1,2,2,2000000
2,3,3.4,2800000
2,3,4.8,7000000
6,6,4.8,13000000
2,2,4.8,7500000
2,2,4.8,8500000
3,3,3.2,9000000
1,2,1.8,1025000
1,2,3.8,1100000
1,2,1.8,1025000
1,2,3.8,1100000
0,6,12,55000000
0,4,10.6,23000000
0,4,10.6,23000000
0,4,10.6,23000000
0,3,5.1,9000000
0,3,5.8,12500000
0,3,7.6,17000000
0,2,2.9,6500000
0,2,4,9000000
0,2,2.9,6500000
0,2,2.9,6500000
0,2,3.3,5000000
0,2,3.3,5000000
3,3,6.1,14500000
2,2,4.9,6200000
4,4,15.4,35000000
3,3,8,30000000
3,3,6,8000000
3,3,8.4,14200000
2,2,4.2,8000000
2,2,5.9,10000000
2,2,4,4000000
2,2,4.4,4500000
2,2,4.4,7372000
3,3,8,20000000
2,2,3.7,6217000
3,3,8,16000000
3,3,8,13200000
2,2,4.2,5200000
3,3,8,6500000
3,3,16,40000000
6,6,1,80000000
6,6,1,90000000
0,3,5.5,8500000
0,3,5.6,8500000
0,3,7.1,16800000
0,3,5.5,8000000
0,2,5.5,8000000
0,3,5.6,7500000
0,2,5.6,7500000
0,2,3.1,6800000
0,0,4,9000000
0,0,4,9000000
0,0,5.8,13500000
0,0,4,8500000
0,0,16,45000000
2,2,4.9,6200000
3,3,5.8,19000000
3,3,4.9,12000000
2,2,3.2,4300000
1,1,1.6,2600000
0,4,1.2,170000000
0,3,8,18000000
0,3,8,20000000
5,4,14,54000000
3,3,5.1,12500000
4,4,9.1,30000000
3,3,10,11000000
4,4,12.4,16500000
3,3,5,7500000
3,3,9.4,15000000
3,3,8,12000000
3,3,8,6500000
3,3,5,6000000
2,2,3.2,12000
2,2,5.3,70000
3,3,8,85000
3,3,5.3,60000
2,2,1,90000
2,2,4,38000
5,5,1,200000
3,3,5.8,35000
2,2,4,40000
2,2,2,30000
2,2,5.3,60000
2,2,5,32000
2,2,5.3,55000
2,2,4.2,45000
2,2,4.2,40000
2,2,2,35000
2,2,2,40000
0,3,8.9,100000
0,3,11.1,110000
0,3,14.2,130000
0,2,2,35000
0,2,2,30000
0,2,2,45000
0,2,4,50000
0,2,2,28000
0,2,2,30000
0,2,4.4,40000
0,2,4.4,42000
0,2,4.9,55000
0,5,1,300000
0,2,2,27000
0,2,2,32000
0,2,2,33000
1,1,1.4,1808000
5,5,1.2,77500000
0,0,10,65000000
10,10,1.3,76800000
0,0,18.4,40500000
4,3,4.4,17000000
4,3,5,14000000
5,5,10,28500000
3,3,5,14000000
7,7,1.1,122500000
5,4,8,20000000
4,4,7.3,18500000
6,6,19,75000000
3,3,9.1,8405000
3,5,3,6000000
3,3,5,14000000
3,3,5,14000000
5,5,10,28500000
6,4,1,43000000
6,6,9,42500000
7,6,7,32500000
4,4,10,5000000
6,6,2.2,185000000
5,5,1.9,190000000
6,6,2.5,190000000
7,7,4,280000000
6,6,1.1,72500000
5,5,10,22500000
3,3,5,7800000
4,4,15.3,28000000
6,5,1,47500000
2,2,2.9,4234000
1,1,1.4,1802000
2,2,4,4887000
0,0,4,4898000
0,0,2.9,3767000
2,2,7.2,16200000
2,2,1.1,80000
4,3,2,200000
2,2,16,65000
6,6,1,430000
10,11,1,250000
2,1,5.3,32000
2,2,8,25000
3,3,14.2,80000
6,5,2.4,200000
5,4,1,125000
2,2,10,40000
3,3,1,130000
4,4,1.2,70000
3,4,10,45000
4,4,1,38000
0,0,8,25000
0,0,14.2,85000
0,0,8,60000
0,0,1,50000
0,0,14.2,40000
0,0,14.2,40000
7,6,1.3,190000
0,0,8,25000
0,0,14.2,38000
0,0,14.2,38000
0,0,1,45000
0,0,8,27000
0,0,8,26000
0,0,1.2,40000
0,0,8,25000
0,0,8,62000
0,0,8,57000
0,0,8,56000
3,3,7,27000
8,6,14.2,130000
2,2,10,60000
4,3,11,60000
3,3,8.7,85000
5,5,7,20000000
4,3,10,24000000
3,3,5,8500000
6,5,1.2,58500000
6,5,1,46500000
5,5,5,10500000
0,5,2,60000000
3,4,3.2,5500000
6,5,1.2,75000000
6,5,10,33500000
6,5,1,50000000
4,3,4,11500000
7,5,1,40000000
7,5,1,43000000
7,5,1,42000000
7,5,1,42000000
7,5,1.2,55000000
6,5,1,41500000
6,5,10,22500000
7,5,12,26500000
6,5,10,17000000
6,5,10,19000000
3,3,2,5800000
4,3,5,13500000
6,5,1,45000000
3,3,4,11500000
0,0,5,13000000
0,3,9.4,32700000
4,4,7,22500000
0,0,5,15000000
6,5,1,35500000
6,5,1,59500000
3,9,5,30000000
5,5,1.2,70000000
0,0,5,14000000
3,3,5,12000000
4,3,5,12500000
4,4,5.5,7500000
4,4,5,6000000
8,6,1,25000000
5,4,5,9500000
7,6,1,40000000
4,4,6.7,9800000
3,2,6,16500000
3,3,12,8600000
3,3,7,7500000
6,5,7,12700000
2,1,2.7,3500000
2,2,8,13000000
3,5,2.5,2800000
0,0,7,11000000
6,5,10,19500000
3,3,4,4800000
3,2,4.5,4500000
6,7,14,17000000
0,0,1,100000
2,2,3,15000
3,3,12.4,40000
3,3,12.4,36000
7,6,12.4,40000
1,1,3.8,7000
7,6,1,125000
2,1,4,50000
5,4,10,60000
5,4,10,60000
2,2,5,15000
0,3,7,5000000
4,3,5,12000000
0,5,2,120000000
0,2,5.7,20000000
0,5,1.6,70000000
0,5,10,32500000
0,3,5,16000000
0,2,5,5000000
0,0,2.5,11500000
0,4,5,12000000
0,6,1,47500000
0,5,1,36500000
0,5,5,16500000
0,3,5,11000000
0,4,5,14000000
0,3,5,10500000
0,5,1,36000000
0,4,5,12500000
0,4,12,18500000
0,5,1,52500000
0,5,1,42500000
0,5,1,35000000
0,6,10,21000000
0,4,1,28000000
0,4,1,38000000
7,6,1,45000000
4,3,5,9600000
6,5,1,75000000
5,5,1,36500000
4,4,10,27500000
4,3,7,26000000
7,5,12.9,25000000
4,4,4.8,24000000
0,0,4.8,23000000
3,3,4.4,6500000
5,5,2,170000000
6,6,16.8,145000000
4,4,1.1,97500000
0,0,2,150000000
2,2,1.8,5500000
0,2,4.2,9500000
4,4,12,35000000
3,3,12,30000000
3,3,8,20000000
3,3,6,14500000
0,2,4.2,6100000
0,2,4.9,5800000
0,2,4.9,5400000
3,3,10,10900000
3,3,10,10900000
3,3,8,10200000
2,2,4.5,15000000
2,2,4,4600000
4,7,2.2,181500000
4,3,6.9,17500000
5,5,1,70000000
0,0,7.1,22500000
2,2,4.4,5500000
2,2,3.2,2300000
2,2,3.1,3800000
6,6,9.6,35500000
2,2,4,4500000
7,6,4.8,14500000
0,5,7.2,17000000
2,2,2.2,2800000
3,3,6.7,11000000
6,6,1,105000000
0,0,1,122000000
3,3,8,14000000
4,3,6.2,19000000
4,5,9,18000000
4,2,4,8000000
3,2,5.1,8950000
2,2,4.4,11000000
6,6,16,65000000
3,3,1.2,65000000
4,4,4.8,18000000
4,4,4.8,18000000
3,3,5.6,7000000
2,2,4,7000000
3,3,5.8,12000000
3,3,6.4,15500000
3,3,5.6,10000000
4,6,8,250000
2,4,4.2,32000
3,3,7.2,30000
2,3,2,290000
4,3,1,145000
2,2,4,33000
3,2,4.2,35000
3,3,10.7,55000
3,3,5.3,33000
3,3,10.4,52000
3,3,8.4,53000
3,3,10.7,55000
3,3,10.7,55000
3,3,10.4,55000
2,2,7.2,15900000
3,3,8,6500000
2,2,5,3400000
3,3,8,6350000
2,2,5,3750000
1,1,4.3,5808000
7,5,1,57500000
4,4,9.4,25500000
8,8,16,57000000
8,8,14.2,53000000
7,6,16,47000000
10,9,1,85000000
6,6,16,50000000
7,6,1,65000000
4,4,5,12500000
4,4,5,15200000
0,0,3.1,3500000
4,4,5.6,8000000
3,3,9.3,12000000
0,0,8,4800000
2,2,7.1,15200000
0,7,16,42500000
0,6,16,37000000
3,3,5,7500000
4,4,5,11000000
6,6,1.1,82500000
1,1,2.7,2800000
3,3,6.7,4200000
5,5,8,26000000
5,5,1.1,90000000
2,2,3.1,2900000
7,7,14.2,130000
2,2,8,40000
4,4,8,83000
4,3,10.7,30000
0,0,14.2,38000
0,0,10.9,27000
0,0,8,25000
0,0,14.2,35000
4,2,10,225000
3,3,1,55000
1,1,6.7,150000
0,0,5,22000
3,2,10,26000
2,2,9.3,45000
0,0,1.1,300000
2,2,10,26000
7,6,1,450000
4,4,1,120000
3,3,5.3,37000
1,1,1,11000
7,6,1.3,350000
3,3,1.3,115000
0,0,7,25000
3,3,1.3,85000
4,4,1,250000
5,5,4.4,70000
6,5,2.4,195000
5,5,1.3,300000
0,0,10,21500000
6,5,1,50000000
6,5,1,50800000
5,5,1,40000000
10,8,16,45000000
6,5,10,17800000
6,5,1,55000000
6,5,1,59500000
6,5,1,47500000
6,5,1,41200000
2,2,2,2800000
6,5,1,67500000
7,6,11,17500000
6,5,1,50000000
1,2,5,3200000
5,4,10,22500000
7,6,1,44000000
6,5,1,45000000
4,3,5.5,12500000
5,4,5,8700000
6,5,1,43500000
6,5,1,42700000
7,6,1,62500000
1,1,2.3,3600000
7,5,10,14800000
5,5,18,40000000
7,5,1,41000000
7,6,1,45000000
4,4,10,29500000
4,3,10,12000000
5,4,7,21000000
5,5,1,80000000
6,5,1,47500000
6,6,1,38000000
3,3,7,7000000
3,5,5.2,9000000
3,5,5.2,9000000
0,0,5.2,9000000
5,5,6,13500000
5,5,6,12500000
5,5,7,14500000
0,0,5,8000000
0,0,5,8000000
0,0,9.3,9800000
0,0,11.5,16000000
0,3,2,3400000
0,0,5,8000000
0,5,10,20000000
0,5,15,23000000
0,5,10,22000000
0,5,7,12000000
0,5,10,17000000
6,8,6.5,10200000
3,3,7,4200000
1,2,5,4500000
4,3,5,12500000
5,5,6.7,12000000
3,3,11,25000000
4,5,2,150000
6,6,1,100000
5,5,2,200000
3,3,8,35000
0,6,1.2,95000
0,2,10,30000
0,2,2.6,20000
2,2,3.3,30000
6,5,1,37500000
4,3,5,12500000
3,3,10,18500000
6,5,1,79500000
5,4,10,39000000
2,3,3.5,4400000
2,2,12,21500000
3,3,5,12000000
0,0,5,9400000
6,5,1,47500000
6,5,18,51000000
6,5,1,35000000
2,2,4.2,8500000
3,3,9.8,37500000
2,2,5,6200000
3,3,9.8,37500000
4,4,4,36000000
0,4,4.8,25500000
0,4,4.8,25000000
0,6,9.6,34000000
0,3,6.2,8500000
0,3,6.2,8300000
0,3,6.2,8100000
0,6,16,42500000
0,3,8,25000000
0,3,5.3,7000000
0,4,4.8,16000000
0,6,8,22000000
0,6,5.1,12500000
0,2,4.8,8500000
0,2,4.8,9500000
0,6,16,41500000
0,6,8,23000000
0,6,9.6,34000000
0,3,5.3,6000000
0,2,4,8500000
0,2,4.7,9000000
0,11,2,200000000
4,3,10,24000000
0,4,1.2,35000000
0,4,1.2,45000000
0,3,9.6,25000000
0,6,9.6,25000000
0,4,4.8,18000000
0,3,6.4,17500000
0,3,9.6,18000000
0,6,16,28000000
0,4,9.6,24000000
0,2,4.8,12500000
0,2,3.8,5000000
0,2,3.6,6000000
0,4,8,15000000
0,2,4,7500000
0,2,2.8,4250000
0,2,2.8,4250000
0,2,4.7,8600000
0,2,4,8300000
0,9,16,46500000
3,3,6,16500000
3,3,6.9,26500000
3,3,6,11000000
4,3,10.2,35000000
4,3,10.2,35000000
2,2,6,6800000
2,2,4.2,4800000
2,2,5.1,13500000
3,3,6.4,8600000
3,2,4.8,12000000
5,4,7.3,12500000
2,2,5.4,14000000
2,2,2.5,4500000
8,7,9.6,36000000
4,4,14,54000000
5,5,1,64000000
2,2,4.1,5000000
2,2,7.2,36000000
3,3,5.3,12000000
4,6,3.2,7000000
3,3,5,6342000
2,2,5.3,9000000
3,3,5.3,50000
3,3,6.7,90000
1,1,13.3,30000
3,3,7.1,50000
3,3,12,40000
2,2,3.8,22000
2,2,4,25000
0,0,16,120000
2,2,4.8,25000
0,0,1,650000
5,5,1,120000
5,5,17.1,115000
5,5,17.1,115000
5,5,1,120000
0,2,4.8,25000
0,2,4.8,25000
0,4,16,90000
0,3,8,40000
0,2,4,17000
0,2,4.8,45000
4,4,1.2,75000
0,0,1,85000000
0,2,3,4020000
0,0,1,85000000
8,8,4,290000000
3,3,11.6,18500000
5,5,1,105000000
2,2,6.7,31500000
3,2,10,47500000
6,3,8.3,20000000
2,2,5.9,15000000
7,5,1,42500000
0,0,4.9,11500000
7,5,1,54500000
1,1,1.9,3800000
6,6,8,17000000
2,2,6,16000000
0,0,1,38500000
3,3,6.7,2400000
6,6,11,55000000
6,5,10,22500000
2,2,3.6,3900000
2,2,6,14000000
2,2,7.2,16300000
5,4,5,9800000
7,7,12.4,46000000
2,2,5.8,13500000
4,4,1,42500000
3,3,8,30000000
0,0,4,37500000
0,0,2.5,180000000
0,0,4,32000000
7,8,13,30000000
2,2,4.9,9700000
3,2,8,25000
4,4,16,110000
3,3,7.1,68000
6,6,1,230000
4,3,1,50000
7,8,1.3,200000
7,6,1.2,280000
2,3,4.9,35000
1,0,1.6,20000
2,2,6,43000
2,2,3.3,17000
2,2,5,18000
3,3,17.8,150000
1,1,1.4,60000
3,3,1,200000
4,3,1,100000
5,4,1,75000
4,4,1,135000
0,0,1,550000
5,4,1,50000
5,4,1,50000
0,0,8,40000
3,3,10,80000
2,2,10.1,25000
1,1,1.1,12000
2,2,4.9,45000
4,4,1.2,62000
2,2,2.6,5600000
6,6,1,48000000
2,5,5,18500000
0,0,7.9,35000000
4,5,5,11000000
2,2,4,3600000
0,0,5,13000000
6,5,1.6,40000000
7,6,10,27000000
5,4,10,20000000
0,0,5,11000000
0,0,3,300000000
6,5,10,26000000
4,3,5,13500000
5,3,1,35000000
3,3,5,10500000
6,5,10,22500000
0,10,2.7,145000000
6,5,1,36000000
6,5,1,39200000
6,5,1,37500000
2,2,1.5,1800000
4,3,1,13500000
3,3,2.5,5500000
2,2,2,5000000
6,5,1,44000000
4,4,3.2,7500000
4,4,3,7000000
6,5,1,45000000
3,3,5,9000000
4,4,10,10800000
6,5,10,21000000
4,3,1.2,62500000
1,2,3,1800000
1,2,3,2300000
2,4,3,4200000
3,3,5,15000000
2,2,3,4500000
2,3,4,4050000
4,4,10,16500000
5,5,2,125000000
7,7,14,35000000
6,5,10,21500000
2,2,10,13500000
5,4,10,21000000
6,5,1,43000000
0,0,6,12500000
3,7,8,25000000
6,6,4,7500000
4,4,1.5,6500000
4,4,7,10500000
8,7,10,22500000
5,4,12,22000000
3,3,10,14500000
6,5,1,42500000
3,3,10.7,12000000
4,3,5,6200000
6,4,5,8500000
6,4,5,8200000
4,3,5,6300000
4,3,5,6200000
6,5,1,47500000
7,5,10,22000000
2,2,5,4900000
0,0,4.9,2200000
7,5,10,19500000
7,7,12,17000000
5,4,10,17500000
4,5,2,7000000
5,6,8,12000000
5,5,10,32500000
6,5,10,27500000
1,2,3,2500000
1,2,3,2700000
5,5,8,10000000
6,5,1,47000000
2,2,3,15000
2,2,3,15000
3,3,10.7,50000
3,3,10.7,50000
2,2,7,24000
6,5,7,48000
3,3,11.8,45000
5,4,10,22500000
4,4,4,8500000
6,5,1,48500000
3,3,7.3,13500000
2,2,4,10000000
4,4,4.8,15500000
2,2,4.2,7500000
9,7,2,220000000
3,3,7.8,8200000
3,3,8,11900000
6,6,1,125000000
3,3,6.2,6500000
3,3,6.2,10000000
2,2,4.4,4300000
0,0,8.9,36000000
0,0,4.2,7300000
4,3,8,8200000
3,3,8,13000000
4,3,8,16500000
0,0,8,17500000
5,5,12,105000000
2,3,3.2,4300000
2,3,3.8,5200000
1,2,2,1600000
8,8,1,75000000
0,0,4.4,3000000
3,3,8,18000000
5,4,8.9,5000000
0,0,9.6,10000000
3,3,6,7500000
0,0,4,17500000
0,0,8,6600000
3,6,3.2,20000000
2,2,3.1,6300000
2,2,4.9,5400000
2,2,4.8,6000000
6,6,9.6,35500000
3,3,5.5,7200000
2,2,6.4,8000000
2,3,3.3,5600000
3,4,8,17500000
2,3,4,6500000
1,2,1.8,2000000
3,2,4.6,5500000
0,0,4.4,7000000
3,3,7.6,10000000
0,0,4.8,7500000
2,3,3.2,6500000
4,4,10.6,48500000
1,1,2,3200000
0,0,5.8,9800000
0,0,13.3,110000000
3,3,16,20000000
5,6,12,15200000
0,0,6.7,15000000
0,2,3.3,3800000
0,8,16,40000000
0,2,10.4,7500000
0,2,3.8,6800000
0,2,3.8,6850000
0,3,6.2,12000000
0,3,6.2,12000000
0,3,6,17500000
0,2,3.8,3200000
0,2,3.8,3200000
1,1,1,3000000
0,0,1.8,4800000
0,0,8,9200000
6,0,16,150000000
3,3,6.7,4700000
0,0,4.8,44000000
8,8,1,120000000
5,5,1,118500000
3,3,5.3,11000000
3,3,16,60000
10,10,1.4,700000
2,2,4.8,26000
3,3,10,55000
3,3,1.2,160000
3,3,1.2,170000
3,2,4.2,46000
2,2,4.4,35000
2,4,4.8,27000
3,3,8.9,85000
4,3,3.2,25000
2,2,4.2,45000
1,1,0.6,15000
2,3,3,18000
2,2,5,18000
3,3,6,35000
3,3,6,35000
3,3,5.3,26000
1,1,1,50000
4,4,1,145000
0,8,12,17500000
3,3,4,5000000
6,4,5,11000000
10,4,12.9,20000000
5,4,6,12000000
8,6,10,16500000
10,11,1.6,130000000
3,3,6,6500000
3,2,6,8000000
2,2,6.1,9000000
0,0,1.3,85000000
6,6,14.2,25000000
6,6,2,220000000
10,10,1.6,100000000
9,10,14.2,72500000
3,2,7.6,41000000
6,6,1.2,95000000
3,4,7.6,6600000
2,1,3,4000000
4,4,14.2,54000000
6,6,1,67500000
3,3,8,4400000
0,0,5.3,10000000
0,0,5.8,7300000
0,0,4,41000000
4,3,5,8000000
3,3,8.7,21600000
3,3,8.9,24200000
3,3,4.4,4000000
3,3,8.9,22000000
5,5,1,130000
2,2,2.7,36000
3,3,1,85000
3,3,1,110000
3,3,9.3,48000
1,1,2.4,40000
1,1,5.3,40000
1,1,2.7,14000
1,2,3.1,20000
2,2,3.6,18000
5,5,1,150000
1,1,1,40000
1,1,2.7,13000
3,3,1.2,80000
6,4,11,65000
3,2,6.2,45000
6,6,15,80000
8,10,6,22000
3,2,8,38000
4,4,10,110000
2,2,3.3,17000
7,7,4,350000
3,3,1,50000
3,3,10,65000
2,2,4.9,33000
2,2,3.6,37500
2,3,12,30000
5,5,14,160000
4,4,1.8,280000
2,2,6.2,50000
2,2,6.2,43000
5,4,1,110000
0,0,5,40000
4,4,1,140000
4,3,5,11500000
4,3,5,11800000
6,5,1,53000000
4,3,5,13000000
4,3,5,11300000
4,3,5,12800000
2,2,3,3350000
3,6,5,17500000
1,2,3,2100000
6,5,10,22500000
3,3,2,3995000
0,0,3,6450000
2,3,5,5500000
2,2,3,4400000
4,3,10,19000000
6,5,8,17500000
2,2,5,5500000
0,0,10,17500000
5,5,10,23500000
4,4,10,16000000
5,4,10,35000000
6,5,1,35000000
4,4,8,15000000
7,6,10,22500000
7,6,5,15000000
6,5,10,22500000
4,4,5,5300000
5,5,1.1,77000000
4,4,10,22000000
7,5,1,56500000
4,3,5,18000000
4,3,5,13000000
0,0,1,60000000
2,3,5,8000000
2,2,5,5500000
3,5,7,12000000
4,3,5,12500000
4,3,3,6500000
6,5,10,25000000
4,4,12,32500000
4,4,12,32500000
2,2,3,2950000
2,3,5,5500000
1,2,10,3500000
5,5,1,29500000
3,2,5,5000000
0,0,10,10000000
0,0,2,2600000
0,0,2,2800000
0,0,2,3000000
4,4,4,5000000
4,4,4,5000000
4,3,7,9000000
6,5,10,22500000
0,0,5,8000000
0,0,5,8000000
6,5,5,8800000
5,5,8,17500000
4,3,5,6300000
7,6,10,24000000
6,6,10,15500000
1,2,2,20000000
6,6,11,16000000
1,1,2.9,4000000
5,4,5,12000000
3,2,5,5000000
5,4,10,9000000
4,3,1.1,23000000
4,3,5,11000000
3,3,10,16000000
8,6,12,30500000
6,5,11,27500000
4,4,4,22000
4,4,4.2,22000
4,4,5,35000
0,4,10,50000
0,0,7,50000
0,3,7,35000
0,0,10,50000
0,0,1,13000
0,3,7,32000
0,0,5,40000
0,0,12,35000
0,0,10,35000
0,0,5,40000
0,0,5,35000
0,0,5,32000
2,3,6.2,14000000
3,3,6,17500000
3,3,4.2,7200000
0,2,4.8,11000000
0,3,4.9,6000000
2,2,5.6,16000000
3,3,4.9,11000000
4,4,10.7,13500000
4,3,5,6000000
4,3,10.7,35000000
2,2,4.2,6500000
3,3,8,20000000
3,3,8,14000000
3,3,8,6500000
4,4,8,33000000
4,4,8,48000000
5,4,4.8,15500000
6,3,1,85000000
0,0,7,9500000
2,2,5.1,6700000
2,2,4.2,6500000
3,3,8,13000000
3,3,6.1,15000000
3,3,8,20000000
3,3,8,14000000
3,3,8,6500000
0,0,4.8,10000000
0,2,5.3,21000000
0,3,7.6,22000000
0,3,8,27500000
0,3,8.9,31000000
0,3,8.9,31000000
0,2,4.4,9600000
0,2,4.4,9000000
0,2,8,27000000
0,0,8.9,31200000
0,0,4.4,9400000
1,1,10,2500000
3,3,5.8,11000000
8,6,2.2,280000000
2,2,2.4,2000000
4,3,12,59000000
3,3,8.6,11500000
7,6,8.9,30000000
0,0,4.9,7000000
4,4,5.8,5000000
6,4,5,14500000
4,3,4,40000000
2,2,4,7000000
4,2,3.2,12000000
5,5,1,119000000
2,3,4.8,4200000
2,2,4,4500000
2,3,3.6,3500000
3,3,8,15500000
3,3,7.1,22000000
3,3,4,9500000
3,3,10,13000000
6,5,1,79000000
3,3,5.3,11000000
2,2,3.6,4500000
2,4,4.4,9000000
3,3,6.8,12000000
2,4,4.4,9000000
3,3,6.4,15000000
2,2,4.8,11200000
2,2,3.4,4500000
2,2,3.4,4500000
6,6,2,150000000
2,2,4.9,12500000
2,2,4.4,30000
4,3,12,160000
3,3,6.8,36000
2,2,5,20000
6,6,1,275000
2,2,3,25000
2,2,3.8,22000
3,3,9.6,45000
1,1,2.4,13500
3,3,4.9,40000
1,1,2.4,2750000
9,9,1,130000000
1,1,2.2,2500000
6,6,14.2,52500000
0,0,5,12500000
1,1,2.2,2500000
7,7,4,320000000
6,5,8,32500000
1,1,2.5,2850000
1,1,2.4,2750000
3,3,5,14500000
1,0,2,3400000
1,1,1.5,2490000
1,1,2,3345000
7,7,1,75000000
6,6,17.8,55000000
4,4,8,14500000
1,1,2,3330000
2,2,3.5,5565000
4,3,4.4,16000000
2,2,3.5,5495000
2,2,5,7500000
6,5,8,27500000
1,1,3.9,3800000
3,3,5.4,5000000
0,0,1.9,190000000
3,3,7.1,9000000
2,2,3.6,3200000
6,6,10,36000000
2,2,3,5800000
2,2,4,7000000
3,3,4,16500000
3,2,5,6500000
6,7,1,49000000
3,3,14,75000
4,4,14.2,105000
3,3,13,75000
1,1,2,35000
2,2,6.7,65000
0,5,1,100000
2,2,9.3,60000
3,3,5.8,40000
9,9,1,550000
3,2,10,27000
3,3,10,27000
2,2,3.6,50000
2,2,7,37000
3,3,2,37000
0,3,5,25000
2,2,4.2,30000
3,2,5,18000
2,3,5,40000
2,2,10,42000
5,5,1.2,155000
2,2,3.8,30000
2,2,5,16000
4,8,10,65000
4,3,10,40000
3,3,10,22000
6,5,12,70000
3,3,3.5,8000000
3,3,1,40000000
5,5,1.8,40000000
5,5,5,13000000
5,5,10,21000000
0,0,10,25000000
3,3,5,12000000
4,4,10,22500000
6,5,10,43500000
6,6,4,11500000
4,4,5,18000000
3,3,5,12000000
3,3,4,7500000
3,3,4,7800000
3,7,10.7,15000000
7,6,2,157500000
10,10,1,45000000
5,4,10,18500000
4,3,5,13000000
6,6,10,22000000
0,5,7.5,19000000
5,5,10,26500000
0,5,10,20000000
4,3,10,15000000
6,5,1,37500000
5,4,10,25000000
5,4,1,30000000
7,6,2,100000000
7,6,2,60000000
4,4,1,34000000
4,4,5,12500000
4,3,3.5,7200000
5,4,10,31500000
5,5,10,23500000
4,3,5,13500000
0,3,4.5,9800000
4,3,4.5,9500000
4,4,10,18500000
0,3,5,6100000
5,5,2,55000000
2,1,3,3000000
4,3,7,12500000
0,0,7,15000000
5,5,1,41500000
0,3,4,12000000
0,9,5,15000000
0,3,3.5,4700000
0,4,2,5200000
0,3,3,5000000
0,4,3,6500000
0,3,3.5,6500000
5,4,10,22000000
0,3,5,11500000
3,0,3,6000000
7,6,2,79000000
3,3,5,9500000
5,5,1,49900000
7,5,3,400000000
0,6,8,13500000
4,4,5,9000000
7,5,1,42500000
4,4,14,27000000
6,5,1,41500000
2,2,2.5,5100000
5,4,12,17000000
6,5,1,59500000
0,3,1,40000000
0,0,5,8000000
0,0,5,8000000
0,0,5,12500000
0,0,5,12500000
1,2,10,5500000
0,0,5,6500000
5,5,7,15000000
0,5,1.5,70000000
2,2,2.7,6500000
0,5,10,20000000
0,6,1,45000000
0,2,4.2,6500000
0,1,1.8,3500000
0,2,5.1,3500000
0,4,14,26000000
0,5,10,27500000
0,5,10,18500000
0,5,10,23500000
0,5,10,23000000
0,5,10,23000000
6,5,10,20000000
6,6,12,30500000
0,8,2.5,9500000
1,2,3.5,3250000
2,2,4.4,4900000
5,5,10,21000000
2,5,5,9000000
4,4,7,8500000
4,4,7,13500000
3,3,8,10700000
4,3,8,11000000
5,5,8,16000000
3,3,8,16000000
0,0,4.5,310000000
4,4,4.8,12500000
2,2,4.8,10000000
6,6,16,38000000
4,4,4.8,13000000
6,6,9.6,25500000
6,6,9.6,27000000
6,6,9.6,26500000
2,2,4.8,9500000
6,6,9.6,26000000
6,6,9.6,25000000
3,2,4.8,9000000
6,6,9.6,17500000
0,0,4.8,15500000
0,0,3.2,2350000
5,5,2,120000000
0,0,2,120000000
3,3,6.4,9500000
4,4,12,62000000
0,0,3.4,6300000
0,3,8,13000000
0,3,8,13000000
3,3,7.1,10000000
0,4,8,11000000
0,2,4.2,4000000
0,2,4.8,8500000
0,2,4,6000000
0,2,4,3200000
0,3,4.9,3500000
0,3,4.9,3500000
0,6,2.8,8500000
2,3,5.1,8000000
0,3,6.2,15000000
2,2,3.4,5200000
6,4,5.1,8500000
2,2,4,8500000
6,6,1,127500000
3,3,6.4,10000000
5,5,1,95000000
4,4,12,76000000
4,3,12,40000000
3,3,5.5,7200000
4,4,12,62500000
5,5,10.9,20000000
3,3,5.9,7700000
6,5,1,1
0,0,2.6,3600000
0,0,2.6,3200000
0,0,2.6,4200000
0,0,2.6,4500000
0,0,2.6,3200000
0,0,2.6,6500000
0,0,2.6,3500000
0,0,2.6,5200000
2,2,4.2,7500000
3,3,8,21500000
5,5,1,74000000
5,5,1,74000000
4,4,14,62500000
4,4,14,65000000
3,3,8.9,75000
6,6,2,400000
3,3,8.9,85000
3,3,11.4,55000
3,3,11.4,60000
3,3,11.4,65000
3,3,11.4,55000
3,3,11.4,65000
5,4,1.1,300000
3,3,4,100000
2,2,4.2,17000
2,2,4.2,18000
0,3,8,50000
0,3,6,40000
0,3,8,30000
2,2,4.2,18000
2,2,4.2,20000
3,3,10,35000
3,3,10,38000
2,2,4.2,18000
2,2,4.2,20000
0,3,8,25000
0,2,4,14000
0,2,4.8,17000
3,3,6.7,32000
4,4,13.2,65000
3,3,11.4,60000
5,5,1,110000
4,4,14,85000
4,4,14,90000
4,4,14,88000
2,2,1.2,60000
3,2,5,17000
3,2,12,50000
2,2,5,20000
2,2,8,85000
9,9,1,250000
3,3,10,75000
3,2,5,22000
1,1,3.7,5300000
7,7,12.4,55000000
6,5,1,85000000
6,5,1.2,50000000
7,7,12.4,60000000
5,5,12.4,47500000
3,2,6,8500000
2,2,6,28000000
4,4,10,42500000
7,5,10,17000000
5,5,5,27000000
5,5,7,16000000
4,4,5,8200000
2,2,2.9,2450000
1,1,2.7,2800000
1,1,2.7,2800000
7,7,10.9,28000000
6,6,14,46000000
7,6,16,50000000
2,2,6,5500000
2,2,5.1,4715000
2,2,5.1,4715000
2,2,6,5535000
3,3,9.1,8400000
2,2,5.1,4715000
2,2,5.1,4715000
2,2,6,5535000
3,3,7.8,7175000
3,3,7.8,7175000
3,3,9.1,8400000
2,2,6,5500000
3,3,5,6780000
6,5,1,200000
3,3,1,80000
4,3,1,50000
4,4,2,52000
10,9,2,650000
0,0,5,30000
2,2,3.8,48000
0,0,2,225000
0,0,1,200000
0,0,5,22000
0,0,5,23000
0,0,5.5,45000
0,0,3,22000
0,0,5,32000
0,0,7,25000
0,0,7,28000
0,3,1.1,50000
0,2,10,40000
2,2,2.7,16000
0,6,10,70000
0,3,1,55000
4,3,7,24000
3,3,7,28000
3,3,7,28000
2,2,3.3,28000
6,6,10,22500000
4,3,10,13500000
4,4,10,30000000
6,6,2.4,159500000
1,4,10,21000000
6,5,1,47500000
9,8,2,95000000
5,4,10,27500000
4,3,1.1,46000000
6,5,1,43500000
0,7,3.5,200000000
0,6,2,75000000
6,5,1,33500000
0,5,10,13500000
6,5,1,39500000
6,5,1,52500000
5,4,10,35000000
6,5,1,75500000
3,3,5,11000000
6,5,1,42500000
4,3,5,12500000
4,3,4,7500000
4,3,5,12000000
6,5,1,51500000
3,3,3,6500000
3,3,3.5,7500000
3,3,5,12500000
2,3,5,4200000
4,4,2,4600000
1,1,2.8,12600000
5,4,10,25000000
2,2,5,5000000
1,2,5,3400000
3,2,5,6700000
4,6,10,22500000
5,4,8,27500000
5,4,5,10000000
4,3,4,8800000
0,0,8,1250000000
1,2,5,4500000
6,5,1,56500000
3,4,10,25000000
0,4,12,28500000
5,5,1,50000000
5,5,1,45000000
0,0,2.5,5500000
5,4,10,15000000
3,3,5,6000000
0,0,5,8500000
0,0,5,9500000
2,2,3.3,2699000
0,2,3.1,2700000
0,5,10,20000000
0,5,7,14000000
0,2,3.1,4000000
0,0,10,19000000
2,2,5,4900000
7,7,7,16500000
8,7,14,31500000
2,2,4.9,5400000
5,6,5.6,29500000
5,4,12,70000000
3,3,6.1,5400000
3,3,8,6400000
3,3,12,80000000
4,4,4,38500000
5,5,1,105000000
4,4,4,39000000
4,4,4,38000000
3,3,4,32500000
5,5,1,125000000
3,3,5.8,25000000
4,0,16.3,63500000
2,2,3.6,6000000
3,3,8.6,11500000
3,3,5.8,10000000
2,2,4.7,8500000
6,6,8.9,30000000
2,2,4.2,4000000
8,8,8,35000000
3,3,7.6,27500000
5,7,16.9,28000000
4,8,8,8000000
2,2,5.6,7500000
2,2,4.4,6500000
3,3,8,12500000
4,3,7.3,26500000
3,3,9.1,11000000
5,5,1,76000000
3,3,9.1,11200000
3,3,8,12500000
3,3,9.6,14500000
2,2,4.2,4500000
3,3,13.2,14500000
4,4,13.2,15000000
8,6,2,240000000
3,3,4.8,3500000
8,7,9.6,40000000
3,3,11.4,27000000
3,3,11.4,28000000
3,3,11.4,28500000
3,3,11.4,29000000
3,3,11.4,29500000
3,3,11.4,30000000
3,3,11.4,31000000
3,3,6.9,12500000
3,3,11.4,32000000
3,3,11.4,33000000
3,3,11.4,33000000
1,2,6,17500000
5,5,1,73000000
5,5,1,72000000
5,5,1,70000000
4,4,14,59000000
3,3,5.3,9000000
4,4,14,59500000
4,4,14,58500000
4,4,14,57500000
2,2,2.9,3400000
4,4,13.2,41500000
5,5,1,67500000
0,0,2,95000000
6,2,7,24500000
4,4,8,20000000
6,6,1,81500000
3,3,6,12000000
0,0,1.2,180000000
3,3,6.6,25000000
3,3,6.6,25000000
7,7,16,165000000
2,2,4,42000
3,3,7.3,75000
3,3,8.9,100000
4,4,4,140000
7,7,1,300000
3,3,8,70000
9,9,1.2,550000
4,4,1.2,90000
0,0,14,145000
3,3,1,195000
6,5,1,300000
3,3,5,25000
3,3,8,30000
7,6,2,650000
3,2,4.8,28000
6,6,9.8,120000
6,6,9.8,120000
6,4,16,50000
2,2,4.4,35000
3,3,16.6,57000
3,3,11.4,55000
3,3,11.4,55000
3,3,11.4,55000
3,3,11.4,55000
3,3,11.4,55000
3,3,11.4,55000
3,3,11.4,60000
3,3,11.4,60000
3,3,11.4,60000
3,3,11.4,60000
5,5,1,115000
5,5,1,110000
5,5,1,110000
4,4,14,85000
4,4,14,80000
4,4,14,85000
4,4,14,80000
2,2,4.2,20000
0,0,4.8,35000
3,3,1,60000
8,7,4,1700000
10,9,2,650000
6,6,12,80000
4,4,1,50000
2,2,4,16000
3,3,1,105000
3,3,1,40000
3,3,14,55000
4,5,14,65000
0,0,1,22000
3,3,12,40000
2,2,5,25000
4,3,1,90000
3,3,1,90000
5,3,1.2,110000
4,3,14.2,65000
4,3,1,110000
2,2,6.4,16000000
0,0,20,220000000
0,0,20,200000000
0,0,4,40000000
5,6,8,36500000
3,3,4,13500000
9,9,1.3,90000000
9,9,1.3,80000000
2,1,4.2,3800000
7,6,1,48500000
8,7,1.8,200000000
6,6,14.2,49000000
6,5,5,15000000
6,5,10,16000000
4,3,9.3,14500000
0,0,300,450000000
2,2,3.3,4446000
0,0,5,50000000
1,1,2.4,4080000
2,2,3.9,3516000
0,2,7.8,10500000
0,1,5.6,9000000
2,2,4.3,8003000
7,7,1,57500000
1,1,2.4,3000000
6,6,1,36500000
2,2,3.1,3500000
0,12,1.6,160000000
2,2,3.8,6000000
3,3,13.1,22500000
3,4,4.4,14500000
4,4,8.4,15000000
7,5,1,42500000
4,4,18.4,40500000
0,5,9.3,14000000
0,3,10.9,12500000
2,3,8,45000
2,2,8,25000
3,3,14.2,35000
3,3,14.2,35000
4,4,1.2,55000
6,6,1,110000
3,3,14.2,35000
8,7,1.2,160000
2,2,8,26000
2,2,8,27000
2,2,8,28000
3,3,14.2,32000
3,3,1.3,95000
3,2,6,43000
0,0,7.5,35000
3,3,3,20000
3,3,3,20000
3,3,3,22000
3,2,5,28000
3,2,5,22000
4,3,5,36000
5,4,7,65000
3,3,7,32000
1,1,3.3,32000
2,1,4,50000
3,2,7.1,90000
2,1,4,45000
5,5,2,60000000
5,5,2,90000000
5,5,2,60000000
0,0,5,9200000
4,4,5,9000000
3,4,5,8500000
4,4,5,8500000
4,4,5,8500000
4,4,5,11000000
5,5,10,19000000
5,6,10,17000000
3,3,5,10000000
5,5,1,35000000
3,3,5,10000000
6,6,12,31500000
5,4,10,22500000
5,5,1,44000000
5,5,10,17500000
3,3,2,5000000
0,5,1,35000000
0,5,1,32500000
5,5,1,49000000
5,5,1,49000000
3,3,2,6200000
3,3,2,5200000
3,3,2,5000000
3,3,2,6500000
4,4,7,15500000
4,4,7,15500000
7,5,10,21900000
4,4,5,11000000
4,3,2.5,5000000
0,0,4,24000000
4,4,10,18500000
6,6,1,35000000
5,5,10,20000000
5,5,5,11000000
6,5,1,44500000
4,4,10,22500000
6,6,9,16500000
7,5,8,17500000
3,3,5,9000000
0,0,5,11000000
4,4,5,12000000
6,5,1,36500000
6,5,10,25000000
2,2,3,4800000
6,6,10,14000000
0,5,1,49000000
0,0,2,110300000
3,3,2,5000000
4,3,10,26500000
7,6,1,44000000
0,0,7,20000000
2,3,2.5,3250000
1,2,4,6000000
5,5,10,15000000
4,4,12,17000000
5,4,5,6700000
3,3,5,7500000
5,5,1,48500000
4,8,5,15000000
4,4,8,12000000
5,5,7,13500000
3,3,5,7500000
5,5,10,20000000
4,3,5,11000000
3,3,6.1,10300000
1,2,4,3600000
2,2,5,14000000
4,4,4,36000000
3,3,8,4900000
3,3,6.2,13500000
6,6,1.2,155000000
3,3,7.6,18500000
4,4,4,32500000
3,3,8,20000000
3,3,6,14500000
2,2,4.2,6100000
2,2,4.9,5800000
2,2,4.9,5400000
2,2,4.4,6944000
2,2,6,9450000
3,3,7.8,12300000
5,5,11.6,18300000
6,6,14,22100000
3,3,8,14500000
3,3,7.6,19000000
3,3,7.6,19000000
8,6,2,265000000
3,3,4.3,6800000
2,2,4.7,6550000
3,3,5.6,8466000
2,2,4.7,6550000
3,3,5.6,8466000
3,3,5.6,15000000
1,1,1.6,3650000
0,3,7.6,8000000
0,3,6.4,12500000
0,4,4.8,17500000
0,12,2,125000000
0,3,16,40000000
0,4,4.8,9000000
0,2,3.2,5000000
0,3,6.2,3500000
0,2,4.9,6500000
0,4,8.8,13500000
0,2,8.8,7000000
0,3,6,8000000
0,2,6,6500000
0,8,10.4,35000000
0,9,10.4,45000000
0,5,6,13500000
0,3,12,60000000
0,3,12,32000000
4,3,12.2,39500000
0,0,3.2,4250000
0,6,16,52500000
0,3,7.1,11000000
7,7,2,260000000
6,6,1,125000000
6,6,1,135000000
6,6,8,67000000
4,4,4,39500000
4,4,1.3,132500000
6,6,2,150000000
2,2,2,1500000
2,3,2.9,2400000
2,2,2,1500000
5,5,1,110000000
6,6,2,270000000
6,6,1,115000000
0,2,4,7000000
0,2,4.4,10000000
0,2,4,7200000
0,2,4,7000000
0,2,4.4,10000000
0,0,1.8,1600000
0,0,1.8,1600000
2,2,4.8,18600000
0,0,16,12500000
2,2,4.8,6800000
0,3,9,16000000
0,3,9,15000000
0,3,9,16000000
2,2,3.3,5500000
4,7,4.8,3500000
3,3,8.9,20500000
3,3,5.3,12000000
2,2,6.2,13500000
10,8,17.3,75000000
0,6,10.8,47000000
0,0,4.3,10000000
0,3,12,20000000
0,0,17.3,51000000
0,3,9.3,19000000
4,3,12,20000000
4,4,11.6,50000000
2,2,5.3,13000000
2,2,4.9,18000000
3,3,16,60000
0,3,12,45000
0,4,16,60000
0,5,16,100000
0,2,4.2,18000
4,4,2,110000
3,3,8,55000
0,2,4.4,35000
0,2,4.4,45000
0,2,4.4,36000
0,2,4.4,44000
3,3,1,120000
2,2,4.2,37000
3,3,1.2,65000
4,4,9.3,120000
3,3,8.4,120000
3,3,7.1,70000
2,2,4.9,50000
2,2,4.2,45000
3,3,7,35000
2,2,5.6,27000
3,3,14,30000
7,6,1,400000
4,4,7,15500
0,0,7.1,210000
3,3,14,35000
3,3,14,35000
3,3,14,35000
0,2,9.3,25000
6,5,17.8,105000000
0,0,5.6,14000000
0,0,5.6,16000000
0,0,5.6,22500000
0,0,5.6,22000000
0,0,9.3,18000000
0,0,4,50000000
0,5,1.4,100000000
0,10,5.4,650000000
0,10,2.5,180000000
6,6,1,39000000
4,4,1.2,33000000
4,5,17.8,80000000
6,5,10,23000000
0,2,3.1,7000000
4,3,9.6,10000000
3,3,5,11500000
4,4,6,18500000
3,3,5,7000000
0,0,5.6,12000000
0,4,12.4,23500000
0,8,12.4,25000000
0,5,12.4,18500000
4,4,10,25000000
4,4,10,25000000
4,4,10,25000000
2,3,7,9500000
0,2,4,4000000
6,4,5,13500000
6,7,10,15500000
3,3,14,35000
2,2,8,25000
0,5,1,90000
2,2,8,25000
2,2,8,27000
2,2,8,27000
2,2,8,27000
2,2,8,27000
2,2,8,26000
2,2,8,26000
3,3,14,35000
0,0,5,35000
0,0,5,25000
0,0,10,50000
0,0,15,35000
0,0,15,65000
0,0,5,35000
0,0,5,32000
0,0,5,35000
0,0,5,35000
0,0,0.8,10000
0,0,0.8,12000
0,0,0.8,15000
0,0,0.8,10000
0,0,0.8,12000
0,0,10,27000
0,0,1,200000
0,0,1,175000
5,3,12,120000
1,2,5,27000
1,2,5,20500
1,2,5,25500
1,2,5,20000
1,2,5,23000
1,2,5,21500
1,2,5,22500
1,2,5,23500
1,2,5,24500
1,2,5,26500
6,5,2,85000
2,2,7.3,80000
3,3,10.9,34000
0,0,2.8,35000
0,5,1,115000
2,2,10,26000
1,2,1,9000
2,2,10,25000
2,2,10,24000
4,3,1.9,120000000
5,4,10,23000000
5,5,1,42500000
6,5,1,45000000
4,3,1.2,75000000
7,5,10,19500000
2,2,3,5800000
2,3,5,7000000
7,5,10,20000000
6,5,1,36000000
3,3,5,12000000
5,4,9,26000000
7,5,10,21000000
6,5,1,43500000
3,3,5,13500000
6,4,8,17500000
3,3,4,9200000
1,2,5,4000000
6,5,10,25500000
5,5,10,17500000
6,5,1,42500000
3,3,1,28000000
6,5,1,55000000
6,5,1,50000000
6,5,1,54500000
6,5,1,57500000
7,5,18,30000000
6,5,1,52500000
7,5,1.2,75000000
4,3,5,14900000
7,5,1,35000000
8,8,6,330000000
3,3,3,4500000
3,3,3,4700000
3,3,3,4800000
3,3,3,5000000
3,3,3,5200000
7,6,1,44000000
2,2,1.5,4700000
4,3,5,17500000
6,5,1,47000000
5,4,10,32000000
3,2,3,4000000
6,5,10,23000000
9,8,2,125000000
5,4,14,21000000
4,4,4,8800000
6,5,9,16500000
4,3,5,11000000
0,0,10,37000000
2,2,2,3000000
0,0,10,9000000
0,3,5,9000000
0,3,5,9000000
0,3,5,9000000
0,0,1,67500000
0,0,13,26000000
0,0,10,21500000
0,0,10,21000000
6,6,1.2,50000000
0,0,5,12500000
0,0,7,20000000
0,0,10,25000000
0,0,15,40000000
0,0,5,10000000
0,0,7,50000000
4,3,5,13000000
4,3,5,11000000
7,5,1,42500000
6,6,1,40000000
6,5,1,46500000
8,7,1,46500000
6,4,9,11500000
4,4,10,12500000
6,5,1,48500000
0,0,2.7,4500000
1,1,2,2100000
4,4,4,32500000
2,2,5.6,20000000
2,2,4.8,8600000
2,1,2,6500000
4,0,4.8,15000000
7,6,2,200000000
2,2,4.2,6000000
3,3,10,11000000
4,4,12.4,16500000
3,3,8,14500000
3,3,8,13000000
3,3,5,7500000
3,3,5,12000000
3,3,9.4,15000000
3,3,8,12000000
3,3,8,6500000
3,3,5,6000000
7,6,1.3,180000000
0,6,8.6,30000000
0,6,8,26500000
0,9,16,51000000
0,6,12,55000000
0,4,10.6,23000000
0,4,10.6,23000000
0,4,10.6,23000000
0,3,5.1,9000000
0,3,5.8,12500000
0,3,7.6,17000000
0,2,2.9,6500000
0,2,4,9000000
0,2,2.9,6500000
0,2,3.3,5000000
2,2,5.6,9800000
0,0,5.8,25500000
0,0,5.8,25000000
0,0,5.8,27500000
0,0,6.7,38500000
0,0,7.1,38500000
0,0,4.9,26500000
0,0,7.8,30000000
0,0,6,17000000
0,0,5.5,35000000
0,0,12,70000000
1,1,2.2,2500000
6,6,2,290000000
4,4,8.4,17000000
1,2,2.7,3500000
3,3,8,19500000
2,2,4.3,6200000
3,3,9.4,9900000
9,8,2,220000000
2,2,5.8,12800000
2,3,4.9,7700000
8,8,16,75000000
3,3,4.8,7950000
8,7,1.2,55000000
7,7,2,152500000
3,3,7.3,29000000
3,3,4.8,13500000
2,2,3.5,4500000
3,3,9.6,14500000
2,2,4.2,3000000
2,2,5,7000000
2,2,4.7,3000000
5,5,4.8,15500000
6,6,16,50000000
3,3,6.2,4400000
3,3,8.9,70000
2,2,5.6,65000
4,4,8.9,65000
1,1,3.2,13000
6,6,1.3,450000
4,3,8,80000
3,3,1,120000
3,3,1,150000
3,3,1,110000
3,3,1,125000
5,5,1,220000
4,4,14,84000
3,3,1,63000
5,4,2,375000
0,0,5.8,35000
3,3,6.2,42000
4,3,7.6,95000
6,6,1,500000
2,2,10,32000
3,3,14,35000
2,2,8,26000
6,6,14,65000
0,0,4.4,45000
0,0,4.4,22000
0,0,5.6,30000
0,0,5.6,45000
0,0,9.3,100000
0,0,6.7,35000
0,0,6.7,28000
0,0,6.7,30000
4,4,1.2,55000
4,4,1,55000
4,4,1,60000
3,3,12,40000
6,5,1.3,400000
2,2,3.8,29000
0,0,4,775000
0,0,2,625000
3,3,14,60000
0,5,1,115000
0,6,1,125000
0,4,10,66000
0,3,1,45000
0,2,1,30000
0,4,1,55000
0,3,7,50000
0,0,1,45000
0,0,1,45000
0,3,1,45000
3,3,1,80000
3,3,1,110000
6,5,10,100000
2,2,6.7,175000
3,3,1.3,120000
3,3,1,85000
3,3,1,87000
3,3,12,55000
6,5,1,110000
3,3,1,50000
3,4,7,22500000
4,4,5,9500000
2,2,2.9,3890000
5,5,1,46000000
4,5,6,25000000
6,5,10,16000000
3,3,9.1,12500000
7,6,1,50000000
4,5,8,18500000
0,0,4.4,26500000
3,2,12,21000000
6,6,10,25000000
0,4,10.7,46000000
4,4,5,12300000
4,5,6.7,14500000
0,0,4,15500000
0,6,10,18500000
0,0,5,30000
0,0,3,22000
0,2,4,20000
0,1,3,14000
0,0,5,25000
2,2,10,21000
0,3,10,40000
2,2,7,27000
2,2,7,26000
2,2,7,21000
2,2,7,22000
3,2,10,35000
2,2,7,20000
2,2,5,25000
2,2,5,23000
2,2,5,22000
2,2,5,20000
2,2,5,19000
2,2,5,18000
3,3,8,90000
2,2,4,55000
1,1,2,25000
2,2,2,16000
0,8,2,17000
1,2,3,2100000
2,3,5,6500000
3,2,4.5,10500000
5,5,10,14000000
1,2,3,1950000
3,3,3,6500000
4,4,4,7500000
7,6,1,40000000
4,3,3,8600000
3,3,3.5,7500000
2,2,3,4400000
1,2,5,3400000
5,5,10,22500000
1,3,3.5,1800000
6,6,2,106500000
5,5,7,13000000
6,5,10,17500000
5,5,5,13500000
4,3,5,9500000
3,4,5,11000000
8,9,10,17500000
5,5,5,14500000
5,4,1,35000000
5,5,12,21000000
2,2,2.5,2800000
2,2,2.5,2800000
2,2,2,6500000
4,4,12,21000000
5,5,3,8500000
3,3,1,3000000
4,4,5,7500000
4,4,5,10000000
3,3,5,10500000
4,4,11,17000000
5,5,10,22500000
5,5,10,22000000
3,3,2.5,4400000
3,3,2,26000000
4,4,3,3200000
3,3,5,8500000
5,5,10,19500000
5,5,10,21000000
3,3,3,8000000
5,5,10,25000000
6,5,2,65000000
5,4,5,11500000
5,5,1,32500000
5,5,10,22500000
5,5,5,14500000
3,3,1.8,3300000
3,3,1.5,2850000
5,5,10,24000000
4,4,1,21700000
4,4,1,21800000
6,7,10,24000000
4,4,1,21000000
4,4,1,20800000
4,4,1,21500000
4,4,5,12000000
0,6,9.5,30000000
6,5,5,12800000
0,0,1.8,4000000
0,3,5,13500000
0,3,5,14000000
5,4,10,29500000
5,4,10,29500000
6,5,1,39000000
2,2,2,2200000
6,5,1,80000000
6,5,12,28500000
0,4,10,11000000
0,3,5,5000000
0,3,3,5000000
0,2,2,3100000
6,5,5,14500000
5,5,1,60500000
4,4,3,5800000
6,5,1,46000000
5,4,5.2,11000000
6,5,5,13000000
0,5,1,40000000
0,5,1,40000000
0,0,5,8500000
4,4,5,8000000
6,4,16,26000000
3,4,5,10500000
9,7,12.5,26900000
3,3,5,11000000
6,5,7,14500000
4,4,5,19000000
0,0,10,12500000
0,2,4,5000000
0,5,1,38000000
0,4,5,11000000
0,4,6.5,15000000
0,5,10,16000000
8,7,10,28000000
0,5,10,17000000
0,4,7,15000000
0,4,5,11500000
0,4,10,17000000
5,5,10,13000000
4,6,4.8,24000000
0,0,4.8,9800000
4,4,3.2,11000000
4,4,2.6,7200000
6,5,1,130000000
2,2,4.9,9500000
0,0,3.8,6000000
2,2,4.9,9550000
0,5,9.6,35000000
4,4,14,17600000
2,2,5.3,7700000
7,6,5,12000000
6,6,2,129000000
1,2,2.2,2800000
3,3,4.3,7500000
2,2,4.3,4500000
0,0,16,47500000
6,6,12,38500000
3,3,8,10200000
7,7,1,130000000
3,3,10.7,12000000
3,3,9.7,46000000
0,3,5.5,8500000
0,3,5.6,8500000
0,3,7.1,16800000
0,3,5.6,8000000
0,2,4.6,8000000
0,3,5.6,7500000
0,3,5.6,7500000
0,2,3.5,6800000
3,3,8,9500000
4,4,4.8,18000000
7,5,1.2,95000000
4,4,4.8,12500000
2,2,4.9,8000000
3,3,5.3,7500000
2,2,4.3,4600000
3,3,9.6,34500000
0,4,4.8,13500000
0,3,7.8,11000000
0,4,15.6,62500000
0,3,9,32500000
0,2,4,6000000
0,4,10.8,45000000
0,3,8,32500000
0,3,8.9,41000000
0,2,4.4,8500000
6,9,3.2,6000000
4,3,6.7,15000000
2,2,5.6,7300000
2,2,3.9,3500000
4,4,10,58000000
2,2,4.9,9700000
3,3,4.9,12000000
5,7,6.6,10000000
1,2,1.8,1900000
1,2,1.8,2000000
3,6,4.8,11500000
3,3,9.8,23000000
0,3,2.4,1600000
2,2,4,3300000
4,4,4.8,9000000
2,2,4.8,6000000
0,3,6.6,11000000
0,3,6.7,11500000
0,3,10.2,11000000
2,2,3.1,3200000
0,4,4.8,15500000
0,3,5.7,6800000
0,3,5.7,6500000
0,3,5.7,6200000
0,3,4.8,21000000
3,3,16,55000
3,3,7.6,45000
3,3,8,35000
3,3,4.2,26000
4,3,5.6,60000
6,2,7,25000
3,3,8,80000
6,5,1,115000
4,4,12,100000
4,4,12,165000
2,2,4.2,23000
3,3,8.6,45000
3,3,5.3,32000
3,3,4.3,27000
2,2,2.9,25000
2,2,4.9,35000
0,0,9.6,80000
0,0,9.6,70000
3,3,6,40000
5,5,1,300000
2,2,2.7,18000
3,3,8,30000
4,3,1,55000
4,3,1,38000
3,2,10,26000
4,4,2,180000
3,3,1,100000
8,6,14.2,130000
3,3,8,48000
0,0,8,42000
3,3,1,50000
4,3,6.7,75000
2,2,9.3,60000
4,3,8.9,170000
3,2,6.9,150000
7,7,14.2,80000
10,10,4,175000
3,2,9.3,220000
2,2,7.2,65000
2,2,7.2,65000
3,3,1.3,85000
2,2,7.1,60000
2,2,7.1,60000
3,3,1.3,100000
3,3,1,125000
3,3,1,85000
6,6,1.4,155000
2,2,3.6,25000
5,5,1,300000
5,5,5.3,200000
5,5,2,220000
3,3,1,52000
6,5,1,180000
4,3,5,55000
7,6,8,15500000
2,2,5,4500000
5,5,8,18000000
2,2,4,6600000
5,6,5,8500000
6,6,1,45000000
1,1,3,6328000
2,4,2,2650000
3,3,6.4,15600000
2,2,3.6,3900000
3,3,5,6800000
4,4,16.6,20000000
5,5,1,46000000
5,4,10,26500000
3,3,5,12500000
7,5,1.2,35000000
2,2,4.8,7500000
5,5,10,23500000
7,6,1,75000000
6,6,8,35000000
7,7,1,90000000
6,5,1.1,37500000
0,0,1.9,190000000
6,5,1.9,200000000
6,5,1.6,180000000
10,10,1,10000
0,0,5,32000
0,0,5,25000
0,0,7.5,25000
0,0,4,22000
0,0,5,20000
0,0,5,16000
0,0,2.5,15000
0,0,3,17000
0,0,3,18000
0,0,3,11000
0,0,10,45000
0,0,5,15000
0,0,7,16000
0,0,2.5,14000
0,0,2.5,10000
0,0,2.5,11000
0,0,7,30000
2,2,5,35000
3,2,6,37000
3,3,7,48500
4,4,10,60000
4,4,5,85000
2,2,6,26500
3,3,8,70000
0,0,4.9,35000
2,2,5.3,75000
2,2,5.3,75000
2,2,5.3,75000
2,2,5.3,75000
0,2,10,38000
0,2,10,40000
0,4,5,30000
0,2,5,22000
0,0,10,30000
0,0,10,27000
2,2,5,15000
0,2,4,28000
0,2,4.2,30000
0,5,1,34000000
0,2,2.5,5000000
6,5,1,49500000
4,3,5,5500000
6,5,1,52500000
0,3,3,6500000
0,5,5,12000000
0,4,4,9500000
0,4,4,9600000
4,4,6,10000000
9,5,1,61000000
5,4,10,41000000
0,3,5,8500000
6,6,6,20000000
5,5,6,11500000
5,5,6,11000000
3,3,3,5700000
5,5,6,11500000
3,3,3,5700000
0,6,1,49000000
3,3,3,5800000
8,7,1,52500000
4,4,12,25000000
4,4,5,11500000
6,5,1,36000000
5,4,10,22000000
6,5,1,45000000
0,1,2,2395000
0,4,1,44000000
6,5,1,34000000
5,4,4,11000000
0,0,5,8000000
5,5,5,9800000
4,3,5,13700000
5,4,7.5,14800000
0,0,18,22000000
0,5,1.1,42500000
0,4,3.5,9000000
0,3,3.5,9000000
0,3,10,17500000
0,5,1,32500000
0,11,2.1,127500000
4,4,10,37500000
4,4,10,29000000
6,5,1.1,42500000
5,5,1,81500000
4,4,3,9000000
5,4,5,12000000
5,5,10,25000000
3,3,3,7000000
0,3,3,6800000
1,2,1.7,1495000
6,5,10,18500000
5,4,10,23500000
3,3,5,9500000
4,4,6,12500000
3,3,5,9000000
3,3,5,11000000
3,3,5,9000000
3,3,5,9000000
7,5,1,56000000
0,0,5,11500000
6,5,2,67500000
5,4,10,22500000
3,3,4,8000000
3,3,5,5500000
3,3,5,7500000
5,5,10,19000000
3,3,5,9500000
5,5,5,9500000
5,5,10,14000000
4,4,7,13800000
7,7,2,700000
1,1,5.8,32000
10,10,4,1200000
0,2,4.8,25000
5,5,1,97500000
6,6,1,157500000
2,2,2,4600000
3,3,3.3,4500000
0,0,6,15500000
6,5,1.3,124900000
4,4,4.8,19000000
4,4,4.8,19500000
4,4,8.8,33000000
4,4,4.8,22000000
6,6,4.8,24000000
2,2,4.8,6500000
2,2,4.8,12200000
4,4,4.8,16500000
4,4,4.8,15000000
2,2,4.8,6500000
4,4,4.8,19000000
3,3,6,12000000
6,6,4.8,19000000
4,4,4.8,18500000
4,4,4.8,15500000
4,4,4.8,15000000
4,4,4.8,14000000
6,6,4.8,16500000
6,6,4.8,17500000
6,6,4.8,20000000
3,3,18.8,60000000
4,4,4.8,18500000
2,2,4.8,6500000
2,2,4.8,6500000
2,2,4.8,6500000
2,2,4,3700000
4,3,8.2,10300000
3,3,7.3,10000000
5,4,4,43500000
4,4,12.4,77500000
4,3,4,35000000
3,3,7.1,18500000
7,6,13.1,55000000
3,3,7.8,16500000
3,3,7.3,15000000
3,3,8,12000000
3,3,12,15000000
6,6,2,275000000
1,2,5.1,16100000
2,2,4.9,9500000
0,0,9.6,18000000
0,0,9.3,44000000
0,0,7.1,12500000
0,0,7.3,14500000
0,0,9.3,15500000
0,0,6.9,12500000
0,0,5.1,7500000
0,3,6,16500000
4,4,8,15000000
5,4,8,72500000
0,3,11.1,75000000
7,8,1.2,120000000
5,5,16,105000000
8,9,1.2,200000000
7,7,1.2,180000000
4,4,8,45000000
0,10,1.2,130000000
5,4,10,80000000
7,6,2.2,250000000
3,3,11.6,37500000
5,4,11.2,75000000
7,6,1,120000000
3,3,6,8500000
4,4,4,42000000
3,2,4.8,2600000
6,4,13.1,41500000
7,6,1.9,240000000
7,6,18,90000000
3,3,9,80000
3,3,1,125000
3,3,10,25000
0,0,1,75000
3,3,7.6,48000
6,5,10,65000
4,3,1,42000
3,4,1.3,110000
3,3,1.3,200000
2,2,6,40000
2,2,1,50000
6,5,1.3,350000
2,2,7,40000
0,0,7,42000
2,2,3.1,27000
6,6,14,130000
3,3,1,90000
3,3,7,22000
3,3,7,25000
3,3,1,85000
4,4,10,90000
5,4,5,32000
2,2,4,24000
3,3,5.8,35000
2,2,5.3,50000
3,3,1,90000
3,3,10,25000
7,7,14.2,37500000
7,5,8,28500000
4,3,5,7800000
0,0,5,14000000
0,0,5,16000000
0,0,5,22500000
0,0,5,22000000
0,0,8,18000000
0,0,4,40000000
3,3,7.6,40000000
3,5,6,20000000
7,6,1,35500000
2,2,5.6,10000000
2,2,3.5,3800000
7,6,1.8,62500000
4,2,5,20000000
0,0,1,20000000
6,6,12,22500000
6,6,12,21000000
6,6,12,21000000
4,4,6,11500000
2,3,5,4999000
5,5,10,16000000
9,9,7,16000000
5,5,10,16000000
7,6,1,19000000
5,5,10,14000000
7,10,5,12500000
3,2,4.9,5100000
5,5,10,16000000
8,7,1.3,80000000
6,6,1,83000000
5,5,1.2,76000000
6,6,12,26000000
6,6,12,21500000
6,4,7,11000000
4,4,7,9500000
6,6,1,27500000
5,5,10,13200000
2,2,10,11200000
4,4,5,11000000
3,3,5,6500000
2,2,10,12000000
5,5,10,14000000
5,5,8,14500000
5,5,8,14500000
5,5,10,17000000
4,4,10,11500000
4,4,5,8500000
5,5,10,16500000
6,5,10,14500000
4,4,5,11500000
0,0,1.1,60000000
2,4,2.5,2600000
0,6,1,20000000
5,8,4,9900000
0,3,10,18500000
0,4,10,20000000
0,5,10,21500000
0,3,10,15000000
0,3,10,11500000
0,0,1,21000000
1,2,3.5,2350000
7,7,1,42000000
2,2,5,4500000
6,8,1,47000000
5,8,4.5,11000000
5,5,7,16000000
1,1,2,11000
2,2,3.3,17000
1,1,2,10000
2,2,3.3,15000
0,3,10,50000
0,3,10,50000
0,4,10,55000
0,5,10,60000
0,3,10,40000
0,3,10,35000
0,3,1,45000
0,3,1,45000
0,3,10,35000
0,4,10,65000
0,2,10,35000
1,2,5,20000
1,2,5,20000
3,3,10,40000
6,5,10,65000
3,3,13,30000
3,4,5,9000000
3,3,3.2,3800000
3,3,3,4200000
6,5,1,43500000
3,4,3,3000000
6,5,1,41500000
5,5,10,21000000
2,2,5,5500000
4,3,11,5200000
3,3,4,8000000
6,8,2,140000000
3,3,2,4000000
2,3,5,6600000
5,4,3,4000000
3,2,3,4200000
4,4,8,15500000
4,4,10,19500000
5,5,5,11500000
4,4,10,22500000
3,4,6,11500000
4,3,5,12500000
0,0,10,22000000
3,3,5,11000000
7,6,1,44000000
4,4,5,10500000
5,5,10,17500000
4,3,5,12500000
4,4,10,17000000
4,4,10,10000000
4,4,10,10000000
4,4,10,10000000
3,3,5,6500000
4,4,10,17000000
7,6,1.2,67000000
3,3,5,14000000
4,4,5,6500000
3,3,5,13500000
4,4,10,16500000
6,5,1,51000000
5,4,3,8500000
4,3,5,11000000
0,0,13,21000000
3,3,2,6500000
3,3,2,6000000
3,3,2,6500000
4,4,3,8000000
3,3,2,6000000
3,3,2,5500000
4,4,10,21000000
4,4,5,11200000
3,3,2,5500000
6,5,1,35000000
3,3,5,12500000
3,3,1.8,3100000
3,3,5,13300000
7,5,8,17400000
5,4,1,300000
3,3,8,32000
3,2,4.8,21000
3,3,10.2,250000
3,3,10,53000
3,3,1,125000
0,2,4.8,42000
4,3,5.3,50000
2,2,4,40000
4,3,10.2,60000
3,4,9.6,60000
6,4,1,100000
5,4,12.4,175000
1,2,4,38000
3,3,6.4,35000
0,0,4.7,39000
0,0,6.7,45000
0,0,6.2,47000
0,0,2,150000
0,0,9.6,40000
0,0,10.2,60000
0,0,8,55000
0,0,1,75000
0,0,9.3,55000
0,0,4.7,25000
0,0,9.3,45000
2,2,4.7,50000
2,2,4.2,30000
5,4,1,270000
4,4,4,100000
3,3,1.6,85000
3,4,16,55000
3,3,8.8,10000000
3,3,6,15000000
2,2,4,3200000
3,3,10.4,50000000
2,2,4.9,4550000
3,3,7.6,8500000
2,2,4,8900000
2,2,4.8,17000000
3,3,6.7,12000000
1,2,2.4,2200000
3,3,6.4,12000000
2,2,2.9,4500000
5,4,9.8,15600000
0,0,5.3,7000000
3,3,5.6,9500000
3,3,6,12500000
2,2,3.1,6000000
3,3,6.4,12000000
3,3,6,12500000
2,2,4,4500000
2,2,2.9,3000000
2,2,3.8,4500000
0,2,4.4,9500000
0,2,4.2,8500000
0,4,7.8,17500000
2,2,2.4,2500000
3,3,3.2,3500000
2,2,2.4,3000000
3,3,3.2,3500000
2,2,4.8,4500000
3,3,2.4,8200000
4,4,3.2,12000000
0,0,3.2,7500000
3,3,8.2,24500000
0,0,3.4,4000000
4,4,4.8,16500000
3,3,6,8000000
7,6,2,160000000
2,2,4.4,6500000
0,3,6.3,7400000
0,4,6.4,8500000
0,2,4.7,9200000
0,3,6.4,8500000
0,3,6.4,8200000
0,2,4.8,6200000
0,4,4.2,5600000
0,4,4.7,5500000
0,4,12,14000000
0,3,6.4,8500000
0,2,3.8,5000000
0,6,9.6,26500000
0,3,8,12500000
0,6,16,30000000
0,6,9.6,27000000
0,3,7.8,12000000
5,5,1,82000000
3,5,3.7,10000000
0,6,9.6,27000000
0,6,9.6,27200000
3,3,6,9500000
1,2,3.2,6000000
2,2,3.6,5000000
0,0,8,25000000
0,0,4.8,19000000
0,0,8,20000000
0,0,8,23500000
0,0,4.8,19000000
0,0,8,25000000
0,0,4.4,5500000
0,0,4.4,5500000
0,0,8,20000000
0,0,8,23500000
2,2,4.9,11000000
0,2,9.3,12000000
0,10,1,35000000
0,2,9.3,12000000
0,5,18.5,23000000
2,2,4,4000000
5,4,5,9500000
6,5,1,250000
1,1,4,50000
2,2,4,45000
3,3,6,38000
2,5,4,45000
5,5,8,100000
2,2,4,22000
2,2,5,30000
3,3,5,45000
3,3,6,35000
2,2,6,28000
2,1,6,30000
5,5,14.2,145000
0,0,1,200000
2,2,6.7,36000
2,2,10,55000
0,0,1.3,250000
3,3,1,60000
2,2,3.6,18000
6,5,14,85000
3,4,8.9,85000
3,3,8.7,85000
3,3,8.7,85000
0,5,1.2,80000
3,3,8.7,85000
1,1,4,13000
0,3,12.4,80000
0,3,12.4,70000
0,6,12.4,130000
4,4,10,62000
1,1,1.1,9000
4,3,7,14500000
0,0,10,16500000
0,0,5,9000000
2,5,3,4000000
6,5,10,24000000
6,5,10,23800000
4,4,11,30000000
0,0,8,15500000
2,3,4,3300000
1,2,5,4500000
1,2,3,2800000
2,2,5,6500000
7,10,10,40000000
6,6,1,65000000
6,6,10,31000000
6,6,1,22000000
4,4,10,23000000
4,4,8,13000000
7,7,9.7,30000000
0,6,12.4,23000000
0,6,12.4,23000000
1,2,2,1600000
0,0,5,9500000
0,0,5,10500000
0,0,7,12500000
0,0,7,12000000
0,0,7.2,45000
0,0,3,22000
0,0,5,32000
0,0,3,22000
0,0,5,32000
0,0,7,28000
4,3,1,65000
6,6,12,80000
2,2,5,24500
2,2,5,25500
2,2,5,26500
2,2,5,15000
3,3,5,33000
3,3,5,34000
3,3,5,35000
3,3,5,36000
3,3,5,37000
3,3,5,38000
2,2,3,17000
4,4,10,22000000
6,5,1,46500000
3,3,4,9900000
6,5,1,80500000
3,3,2.5,4300000
3,3,5,16500000
3,3,5,11800000
3,3,3,8500000
6,5,1,36000000
3,2,5,5000000
5,4,12,17000000
6,5,1,43200000
6,5,1,42500000
6,5,1,55000000
2,4,5,8000000
3,3,5,9800000
1,4,8,9500000
0,3,6,11200000
3,5,2,8000000
5,5,10,25000000
3,3,3,9000000
3,3,2,7000000
2,3,3,5100000
4,4,5,15000000
4,4,5,13000000
4,3,5,16000000
4,4,5,14000000
6,5,1,50000000
3,3,5,10500000
3,3,2,3995000
6,5,1,47500000
3,2,12,17500000
7,6,2,80000000
6,5,2,125000000
4,4,10,19500000
7,5,10,19000000
1,1,3.3,28000000
4,3,5,21500000
4,5,5,9800000
6,5,1,42500000
4,3,5,21000000
0,6,1,48000000
4,3,5,16000000
6,5,1,45000000
3,5,3,7500000
0,7,2,90000000
5,4,5,21500000
7,6,2,115000000
0,3,10,27500000
0,3,6,16500000
0,3,5,20000000
0,6,1,60000000
0,3,5,20000000
6,5,10,22000000
6,5,2,130000000
7,5,2,125000000
6,5,10,22500000
6,4,11,16500000
0,0,6,370000000
0,3,8,12500000
0,2,5,7000000
3,3,12,50000
2,2,5,18000
2,2,3.6,25000
3,3,8,50000
1,1,1.6,8000
7,7,1,600000
5,4,4.8,100000
3,3,6.4,45000
3,3,9.6,25000
3,3,5.6,34000
2,2,3.1,23000
3,3,6.4,37000
3,3,6.4,36000
2,2,4,20000
2,3,5.7,23000
0,0,3.8,20000
0,0,12,35000
2,2,4.8,25000
0,0,8,28000
0,0,8,28000
0,0,5.4,15500000
0,0,2.1,125000000
3,3,8,14000000
3,3,4.9,8000000
3,3,4.9,8000000
4,4,12,76000000
3,4,3.2,8800000
2,3,3.2,7200000
3,4,4.8,13000000
3,3,4.9,12000000
3,3,6.2,12500000
3,3,6.2,12500000
3,3,6.2,12500000
2,2,4.9,9000000
2,2,4.9,9000000
2,2,4.9,9000000
8,7,2,200000000
7,6,1.2,180000000
0,6,1,100000000
0,0,16,55000000
0,0,2,110000000
0,0,16,45000000
0,0,1,50000000
0,0,4,9000000
0,0,4,9000000
0,0,5.8,13500000
0,0,4,8500000
0,0,16,45000000
7,6,14,120000000
3,3,4.8,6700000
3,3,6,11000000
3,3,6.2,8100000
2,2,4.2,4000000
6,5,1,165000000
3,3,6.2,10000000
0,0,1,57500000
0,0,9.3,35000000
0,0,1.2,70000000
0,8,1.2,72500000
0,3,6,12500000
0,8,10.4,38000000
0,0,16,41000000
0,0,2.4,150000000
0,0,9.6,42500000
0,0,9.6,41000000
0,5,8,31000000
0,0,12,19000000
0,0,1.2,60000000
0,0,10.2,30000000
0,0,9.3,26000000
0,3,9.3,15000000
0,3,9.3,15000000
3,3,14.5,75000000
6,5,2,160000000
2,2,3,3500000
2,2,4.2,4900000
3,2,5,6500000
6,6,1.6,180000000
3,2,4.4,5500000
5,5,1.1,57500000
7,7,12,55000000
0,0,10,20000000
1,1,2.7,2550000
2,2,4,3800000
5,4,10,23500000
2,2,6,18000
2,3,6,45000
6,6,16,150000
3,3,1,75000
3,3,12,75000
5,5,1,220000
3,3,1,150000
5,5,1,200000
2,2,6,36000
5,5,1,210000
0,2,4,65000
0,1,2.2,45000
0,2,1,55000
0,3,1,85000
0,2,1.3,90000
0,2,1.8,130000
0,3,8.9,70000
1,1,5.3,27000
2,2,3.1,20000
3,3,10,35000
2,2,6.2,55000
1,1,2,29500
2,2,4.2,28000
0,0,6,12500000
0,0,1,25000000
6,4,5,8000000
0,3,5,9600000
0,5,1,25000000
0,1,4.9,6800000
0,5,10,16500000
0,3,8,11100000
0,3,5,9500000
0,5,1.9,55000000
0,5,10,18500000
4,3,5,11000000
2,3,4,5500000
4,4,3,4500000
6,5,1,46500000
5,5,10,18000000
7,5,1,48000000
6,5,10,26500000
5,5,9,21000000
5,4,10,24000000
6,5,10,25000000
6,5,10,26500000
0,2,3,3500000
0,2,3,3500000
0,0,5.9,11500000
0,0,5.6,10000000
3,4,2,5800000
6,5,10,22500000
3,2,5,3800000
0,0,5.3,7703000
0,0,4.2,6195000
0,0,4.2,6195000
0,0,5.3,7703000
0,0,5.3,7703000
0,0,4.2,6195000
0,0,2.4,3452000
0,0,6.3,9145000
0,0,2.8,13100000
0,0,3.3,15700000
0,0,5.3,7703000
0,0,4.2,6195000
0,0,2.4,3416000
0,0,5,32000
0,0,5,35000
0,0,2,25000
0,0,5,35000
0,0,12,35000
0,0,5,35000
0,0,5,40000
0,0,5,40000
0,0,5,25000
0,0,5,40000
0,0,5,35000
0,0,5,8000
0,0,5,20000
0,0,5,35000
0,0,2.5,12000
0,0,10,25000
0,0,10,25000
0,0,3,15000
0,0,7,25000
0,0,3,20000
3,3,10,35000
3,3,5,7500000
0,0,3,3000000
0,3,5,8000000
3,3,6,14500000
4,4,1,33500000
6,5,10,25000000
4,4,10,25000000
0,3,14.2,52000000
4,3,5,9500000
6,5,1,49000000
6,5,1,57500000
6,5,10,16500000
0,3,5,12500000
0,3,5,13000000
0,3,5,13200000
0,3,5,12500000
0,3,5,14500000
0,4,13.3,57000000
6,5,10,25000000
2,2,2.6,5600000
6,5,1,76500000
4,3,1,31500000
3,3,4,9500000
4,3,1,32500000
0,0,6,9000000
0,0,6,9500000
4,3,5,12000000
4,4,5,9900000
4,3,5,10000000
3,3,5,11000000
3,3,5,10000000
5,5,5,11000000
3,3,5,11000000
4,4,5,12000000
3,3,4,8500000
0,0,5,10000000
3,3,5,11000000
5,5,5,11500000
5,5,5,9000000
6,5,1,39500000
6,4,1,29500000
3,3,3,6750000
2,2,5,5500000
4,2,1,21500000
1,1,2,2395000
6,4,10,17500000
4,3,5,12500000
6,4,13,23500000
0,0,2,2395000
5,5,6,12500000
6,5,10,24000000
6,5,10,17500000
6,5,1.1,42500000
4,4,11,23000000
3,3,5,15400000
3,2,2,2600000
3,4,4,8000000
5,5,10,25000000
4,3,5,12000000
2,2,2,2250000
5,6,3,10500000
3,3,2,5500000
3,3,3,6500000
3,3,3,6500000
3,3,5,14700000
3,3,5,14000000
3,3,5,13500000
3,3,5,13800000
3,3,2,5800000
3,3,2,4500000
2,2,2,4000000
2,2,3,2000000
2,2,1.5,3100000
2,2,2,3900000
2,2,2,3900000
2,1,12,39500000
3,3,3,7000000
4,4,6,13000000
5,5,4,8000000
3,3,5,11500000
3,3,3,5500000
3,3,3,5500000
8,7,1,49600000
5,5,1,47500000
5,5,10,21000000
5,5,1,60000000
8,7,1,80000000
8,6,1.3,180000000
3,3,5.3,16000000
3,3,16,65000
4,4,16,55000
3,3,8,35000
3,3,16,60000
4,4,6,130000
3,2,4.2,34000
0,4,8,70000
0,3,9.6,45000
0,3,9.6,45000
0,2,4.8,26000
0,13,1.2,400000
0,5,9.6,120000
3,3,8,57000
5,5,9.6,65000
1,2,3.2,21000
2,2,4.2,60000
8,3,9.3,125000
4,4,7.6,65000
3,3,10.2,80000
3,3,12,95000
3,3,8.9,85000
0,0,10.7,85000
2,2,4.8,6500000
6,6,16,57500000
0,0,8,35000000
5,5,1,67500000
5,4,9.6,21000000
7,6,4,8500000
2,2,3.8,6150000
3,3,8.4,22500000
0,0,8,26000000
3,3,9.6,28000000
0,10,16,120000000
3,3,9.6,26000000
0,9,2.4,240000000
9,9,2.6,260000000
0,10,4,400000000
9,8,16,90000000
5,4,9,75000000
0,10,2,110000000
0,9,1.2,120000000
3,3,5.2,6600000
5,5,1,95000000
3,3,6.1,13500000
3,3,6.1,14500000
3,3,6.1,15500000
3,3,8,18500000
3,3,8,21000000
3,3,8,19500000
6,6,9.6,23500000
3,3,8,13500000
3,3,8,14500000
3,3,8,15500000
2,2,4.2,5500000
3,3,4.4,6500000
4,3,9.8,43000000
4,3,8.9,41000000
4,4,5.6,7000000
4,3,8,16500000
7,5,8,13500000
3,3,13,23000000
4,3,7,8000000
3,2,5,6000000
2,2,2.4,2200000
7,7,1,47500000
3,2,4,4150000
2,2,4.9,8500000
8,8,1.1,115000000
8,8,4,350000000
3,2,6.9,9500000
6,6,1,39500000
6,5,1.3,83000000
0,0,9.6,21000000
3,3,11.6,18500000
2,2,7.1,5500000
2,2,9.3,12000000
8,7,1,35000000
2,2,9.3,12000000
5,5,18,23000000
0,0,12.4,65000000
0,0,14.2,65000000
2,2,6,14100000
1,1,2.7,3900000
2,2,6.7,33000
1,1,0.9,13000
3,2,6,20000
3,3,8.9,25000
5,5,6,38000
9,6,2,850000
2,2,5,20000
1,2,3.1,28000
4,3,16,100000
3,3,16.2,100000
10,9,1.1,300000
1,1,5.6,39000
4,3,5,55000
2,2,10,45000
2,2,10,45000
2,2,10,45000
0,0,14,25500000
7,7,14.2,35000000
2,2,2.9,3000000
3,3,5.1,8000000
2,2,4.2,7500000
2,2,7.1,12400000
2,2,5.5,8060000
0,3,9.6,14000000
4,3,5,13500000
2,2,7.1,12900000
7,4,6,26000000
5,4,4,15500000
4,3,5,9500000
2,2,3.2,5430000
2,2,3.9,6540000
3,3,4.9,8242000
3,3,5.3,8888000
0,0,3,3500000
0,0,17,22500000
0,0,5,8000000
0,0,5,8000000
0,0,2.5,2000000
0,0,5,5000000
0,0,2.5,4800000
0,0,5,9000000
4,5,1,30000000
6,5,10,22000000
7,6,10,24000000
9,7,10,28000000
3,2,5,2100000
2,2,3.5,4900000
4,4,10,14900000
4,4,14.5,40000000
2,2,5,4500000
4,3,5,11000000
6,7,5,9500000
2,2,5,5500000
3,2,3,3900000
6,6,8,15000000
4,3,5,11000000
5,4,10,22000000
6,6,12.4,23000000
6,6,12,23000000
4,4,4,6000000
0,4,4,8000000
0,0,8,20000
0,0,17,35000
3,3,10,48000
2,2,10,25000
2,2,13,26000
1,3,6,16000
3,3,5,35000
5,5,7,50000
6,6,5,14000000
2,2,5,4000000
3,3,5,5500000
3,3,5,6500000
2,2,5,4000000
2,2,5,4000000
5,5,1,48000000
5,5,10,25000000
5,5,1,47500000
5,5,1,47500000
6,5,1,51500000
5,5,10,24000000
5,5,12,29000000
0,4,5,11500000
0,5,10,23000000
0,5,10,25000000
0,5,10,17500000
0,4,10,17500000
0,7,10,20000000
0,3,5,12500000
2,2,3,3110000
2,5,3,4490000
3,3,3,4490000
3,3,3,2490000
0,3,4,8000000
3,5,3,8000000
0,2,6,5000000
0,5,10,17500000
0,5,10,17500000
4,4,4,14500000
4,4,4,15000000
3,3,2,5500000
5,6,5,15000000
2,2,3,5000000
2,2,3,3500000
4,3,5,14000000
0,0,8,100000000
4,3,5,11000000
4,3,5,11000000
4,3,5,11500000
4,3,5,10800000
4,3,5,11300000
0,5,1,25000000
0,4,7,15000000
6,5,1,37500000
0,6,1,37000000
6,5,1,31000000
3,3,5,13000000
3,3,5,10000000
2,3,5,13000000
2,3,5,12800000
5,6,1,34000000
2,2,5,5500000
4,4,7,12000000
7,6,5,9000000
7,6,1.1,49000000
7,6,1,48500000
0,5,1,48000000
3,3,10,13500000
4,3,5,14500000
8,7,1,74500000
7,6,1.1,50000000
7,6,2,120000000
7,5,1,55000000
5,4,10,25000000
0,3,3.1,7750000
2,2,2,7500000
3,2,5.3,12000000
2,2,4.2,3700000
2,2,4.2,3700000
2,2,4.2,3700000
2,2,4.2,3700000
2,2,4.2,3700000
3,3,6.5,12000000
2,2,5.3,16000000
3,2,4.9,11400000
3,3,6.4,6800000
5,4,8,45000000
7,7,8,50000000
8,8,16,90000000
3,3,9.6,13500000
3,3,6.2,8500000
2,5,4.8,5600000
7,7,1,62500000
8,8,1.2,80000000
7,6,2,260000000
2,2,2.7,4000000
0,0,6,18000000
0,10,4.8,17500000
2,2,2,3300000
3,5,9.6,12500000
2,2,5.1,7500000
0,3,4.8,5500000
0,2,3.2,1800000
0,0,4.8,6500000
2,2,4.7,6079000
2,2,4.7,6079000
2,2,4.7,6079000
2,2,5,6513000
2,2,5,6513000
4,4,10.7,170000
4,3,1,115000
2,1,2,30000
2,2,4.8,26000
3,3,9.6,50000
3,3,7.1,35000
3,3,8,30000
2,2,4.8,30000
7,6,1.2,450000
2,2,4.2,43000
2,2,10,70000
3,3,6.7,35000
3,3,9.6,45000
4,3,1,235000
1,1,0.5,7000
5,5,1.3,325000
2,2,2.7,32000
3,3,4.8,20000
0,0,2,120000000
2,2,2.7,5500000
0,3,8,23500000
0,3,8.9,32500000
0,3,8,27500000
0,3,8.9,35000000
0,3,9.3,32500000
0,3,8,31000000
0,2,5.3,20000000
0,2,4.7,11000000
0,3,9.3,35000000
0,3,8.9,32500000
0,2,5.3,21000000
0,3,7.6,22000000
0,3,8,27500000
0,3,8.9,31000000
0,3,8.9,31000000
0,2,4.4,9600000
0,2,4.4,9000000
0,2,8,27000000
0,0,8.9,31200000
0,0,4.4,9400000
3,3,10.7,37000000
6,6,2,200000000
2,2,4.8,4000000
0,0,1.2,80000000
2,2,3.2,3400000
3,3,10.7,19500000
3,3,5.8,13000000
3,3,5.8,13000000
3,3,8,13900000
3,3,8,13900000
3,3,8,13900000
2,2,2.8,3300000
7,8,1,95000000
3,3,8,13900000
2,2,3.2,7500000
2,2,4.9,9550000
4,4,4.8,10000000
2,2,3.2,5500000
2,3,3.2,3200000
1,1,2,2500000
1,2,1.8,2200000
1,2,1.8,2200000
1,1,2,2500000
2,3,3.2,3200000
2,2,3.2,5500000
6,6,4.8,16000000
0,5,1,110000000
10,11,4,480000000
3,3,6.7,11000000
0,5,6,70000000
3,3,8.4,9800000
3,2,4.8,8500000
3,3,5.1,5000000
0,0,2.4,2600000
1,1,2.5,4200000
3,3,5.3,8888000
1,1,2.2,3750000
1,1,1.2,2085000
7,6,1,48500000
5,5,1.6,55000000
2,2,5,7500000
9,6,10,44500000
5,5,5,12500000
5,5,7,23500000
0,0,6,10000000
3,3,14,65000
2,2,2.9,18000
2,2,3,17000
3,3,12.4,120000
6,5,1.1,400000
6,5,1,400000
0,0,2,550000
0,0,2,650000
0,0,1.3,500000
4,3,1.1,450000
6,6,1.3,650000
0,0,1.3,400000
3,3,1,80000
3,3,7,50000
2,2,9.3,57000
1,3,4,17000
2,2,4,24000
0,0,3.5,6000000
2,1,3.6,6500000
2,2,3.6,2800000
1,2,3.5,2500000
6,6,1,40000000
3,3,8,8200000
3,3,8.5,9200000
0,0,1,100000
0,0,1.4,400000
0,0,1.5,250000
0,0,1,125000
0,0,10,28000
0,4,5,35000
0,0,10.5,30000
0,0,7.5,20000
0,0,7.5,20000
0,0,15,30000
0,0,12,25000
0,0,7.5,18000
0,0,10,22000
0,0,10,18000
0,0,6,40000
0,0,2.5,15000
0,0,6,15000
0,0,3,10000
0,0,3.5,14000
0,0,3,12000
0,0,5,18000
0,0,10,35000
0,0,6,16500
0,0,5,35000
0,0,8.5,25000
0,0,7.5,30000
0,0,7,10000
0,0,2,25000
0,0,1.1,14000
0,0,7.5,16000
0,0,4.5,15000
0,0,7.5,26000
0,0,12,25000
0,0,10,25000
0,0,10,25000
0,0,5,16500
0,0,5,13000
0,0,10,50000
0,4,10,50000
0,3,7,32000
0,3,7,35000
0,0,7,50000
0,0,1,13000
3,3,8,40000
3,3,8,41000
3,3,8,42000
3,3,8,43000
3,3,8,44000
2,1,3.6,35000
0,3,1,60000
0,3,1,60000
0,6,10,80000
0,4,10,60000
0,5,10,65000
0,2,10,38000
0,4,10,70000
0,4,10,75000
0,2,10,40000
0,2,10,37000
0,2,4,35000
0,1,1.6,14000
0,1,2.2,24000
0,3,10,65000
0,3,10,30000
0,2,10,35000
0,0,10,33000
0,0,10,29000
0,5,10,70000
0,4,1,50000
0,7,1.5,50000
0,3,1,55000
0,6,13.5,75000
1,1,2.4,19000
2,2,3.3,29000
0,9,1,140000
0,5,10,65000
0,6,1.2,50000
0,3,1,55000
0,4,1,50000
0,4,1.3,60000
0,2,10,33000
0,2,10,30000
0,2,10,35000
0,5,10,65000
0,2,10,30000
0,2,10,33000
0,2,10,32000
0,6,10,70000
0,3,1,55000
0,4,5,13500000
0,3,3,9000000
0,3,3,7500000
0,3,3.5,8500000
0,5,1,55000000
0,11,5,28000000
0,4,2,5000000
0,2,4,5000000
0,3,5,17300000
0,3,6,9900000
6,5,10,25000000
5,4,12,24000000
0,6,5,15000000
0,3,5.5,14000000
0,5,12,22000000
0,4,5,10000000
0,5,10,20000000
0,6,10,22500000
0,6,10,22500000
0,10,4,35000000
0,9,4,40000000
0,15,4.8,175000000
0,5,10,15000000
6,5,1,42500000
4,3,5,15000000
4,4,10,30000000
5,4,2,120000000
6,5,1,57000000
0,5,10,24500000
0,5,10,24500000
0,5,10,25000000
0,5,7.5,27500000
0,5,1,57500000
0,5,1.1,49000000
0,5,1,60000000
0,0,7,9100000
0,3,4.5,6500000
3,2,5,5500000
3,3,5,11000000
2,4,3,2900000
0,0,10,17000000
5,4,10,19000000
3,3,3,2600000
2,2,5,7000000
3,3,5,9500000
3,5,4,7500000
3,3,5,11000000
3,3,5,11000000
3,3,5,9500000
5,4,11,17000000
4,4,3.5,12500000
0,6,1.6,185000000
5,3,5,12500000
0,0,1.6,155000000
0,0,1,57000000
0,0,1,67000000
3,3,10,15000000
4,3,10,21000000
4,3,5,9800000
5,4,10,15500000
4,3,10,19500000
5,5,1,70000000
6,6,5,11000000
6,5,10,19000000
4,3,5,9000000
1,1,3,4200000
7,6,2,100000000
7,6,2,90000000
5,5,10,16500000
6,5,1,29500000
6,5,6,12600000
5,3,5,10500000
0,0,10,21800000
4,3,5,11000000
4,3,5,10500000
4,3,5,11500000
4,3,5,11000000
4,3,5,11400000
6,5,10,19000000
7,5,11,22000000
6,5,11,22500000
6,5,11,20500000
6,5,8,16000000
6,5,8,17800000
7,5,1,39000000
5,5,1,52500000
4,4,4.6,9000000
5,5,5,10000000
4,4,3,5800000
0,3,6.7,50000
0,2,4.7,96000
0,3,9.3,90000
0,3,9.3,92000
3,3,8,80000
4,4,16,80000
3,3,8,80000
2,2,2,37000
2,2,2,35000
4,4,16,80000
2,2,2,42000
2,2,2,45000
2,2,2,40000
2,2,2,38000
2,2,2,35000
2,2,2,30000
2,2,2,28000
3,3,4.8,140000
5,4,2,350000
2,2,5.1,25000
3,3,16,46000
3,3,1,80000
3,2,4,45000
2,2,4,40000
2,2,4.2,6200000
2,2,4.8,13000000
2,2,3.1,3480000
6,6,1,145000000
7,7,4,450000000
5,5,1,115000000
7,6,13,55000000
0,0,10,33000000
2,2,6.2,9500000
5,4,4.8,14000000
3,3,8,13000000
3,3,8,13500000
3,3,8,14000000
3,3,8,14500000
3,3,8,14600000
3,3,8,14700000
3,3,8,14800000
3,3,8,14900000
3,3,8,15000000
3,3,8,15100000
3,3,8,12000000
3,3,8,12100000
3,3,8,12500000
3,3,8,13000000
3,3,8,13500000
3,3,8,13700000
3,3,8,13800000
3,3,8,13900000
3,3,8,14000000
3,3,8,14100000
3,3,5,10500000
3,3,5,11000000
3,3,5,11100000
3,3,5,11200000
3,3,5,11300000
3,3,5,11400000
3,3,5,11500000
3,3,5,11600000
3,3,5,11700000
3,3,5,11800000
3,3,7.3,18000000
2,2,5.6,8000000
3,3,8.6,8500000
6,6,1,92500000
2,2,4,999000
9,9,1,37500000
6,6,10,22500000
5,4,4,16000000
0,0,4,26500000
2,3,4.9,10000000
3,3,9.1,7892000
6,6,10,40000000
3,3,4,3000000
3,3,4.9,7000000
3,3,4.9,7000000
0,5,9.3,27500000
0,5,10,31500000
2,2,3.6,5000000
7,6,8,31000000
9,9,1,80000000
0,0,2.1,2750000
3,3,5,12500000
6,4,5,8500000
0,0,1.3,115000000
4,3,12,11800000
7,7,9.3,44000000
2,2,7.5,18000000
3,3,8.7,21900000
2,2,7.1,14400000
0,12,1.3,72500000
6,6,1,65000000
5,5,1.1,78000000
4,4,1.3,95000000
8,8,2,115000000
2,2,3.3,5264000
10,10,1,300000
5,5,1,100000
3,3,1,100000
6,5,2,270000
0,0,7,55000
6,5,1.2,200000
10,11,14,650000
5,4,17.8,225000
2,2,4.4,32000
6,5,1,65000
5,5,1.1,300000
5,5,1,250000
6,5,1,275000
3,3,12,60000
4,3,1,200000
4,4,13.3,80000
4,4,7,80000
2,3,7,65000
1,1,2.7,35000
1,1,1.8,25000
5,4,1,250000
2,2,6.2,55000
1,1,2.7,30000
3,3,1,65000
0,4,1,250000
4,3,1,45000
4,4,1,250000
6,5,1.2,200000
5,5,1.1,180000
2,2,1,72000
3,3,1,75000
6,5,1.3,200000
0,0,5.5,20000000
0,0,2.8,1190000
0,0,4.5,5025000
0,0,10,9530000
0,0,5,7535000
0,0,3.8,8530000
0,0,9,12500000
3,3,7,4800000
4,3,5,10500000
4,5,10,22000000
3,2,6,6500000
6,5,7,15000000
0,0,7,30000000
2,2,7,6500000
3,3,6,6500000
2,2,4,4000000
2,2,5,7000000
6,5,1,42500000
2,2,3.1,3300000
4,3,11,29000000
4,4,12,16000000
6,5,10,24000000
0,0,10,62000
0,0,2,225000
0,0,1,200000
3,3,7,28000
0,0,3,30000
0,0,3,25000
0,0,3,30000
0,0,3,25000
0,0,3,30000
0,0,3,25000
2,2,12,35000
3,3,8,35000
2,2,3,14000
3,3,4,20000
4,4,8,35000
2,2,5,22000
6,6,10,50000
4,3,12.4,36000
6,5,1,37500000
6,5,1,44000000
2,2,7.3,37000000
1,1,2.3,3600000
7,6,2,210000000
6,5,1,34000000
6,5,1,42500000
3,3,2,4800000
4,3,5,7500000
6,5,1,49000000
4,3,5,9600000
6,5,1,45000000
3,3,3.5,6300000
3,3,3,7000000
5,5,1,32500000
4,4,10,23000000
6,5,10,18500000
6,5,1,42000000
6,5,1,49500000
3,3,5,12000000
6,5,1,43500000
4,3,5,20000000
7,6,11,17500000
5,4,3,11500000
4,4,10,16000000
5,4,10,29000000
3,3,3,7200000
4,3,3,7000000
4,4,5,14000000
6,6,1,45000000
5,4,10,19000000
6,4,5,11500000
0,4,5,13000000
7,5,1,33500000
3,3,5,14000000
2,3,5,7800000
5,5,10,23000000
6,5,1,32000000
6,5,1,81000000
7,6,2,130000000
7,7,10,26900000
5,4,10,18000000
6,5,1,42500000
3,3,5,6800000
6,5,1,70000000
6,6,1,48500000
4,4,1,55000000
6,5,8,13000000
5,5,1,38500000
5,4,10,39500000
8,7,2,220000000
6,6,3.1,7000000
2,2,4,3000000
2,2,2.4,4800000
2,2,3.6,6200000
1,2,3.2,2700000
2,2,2.4,4000000
0,0,5.1,5000000
6,4,4.8,12500000
8,6,2,235000000
4,4,8.4,14500000
5,4,8,27500000
3,5,6.2,6500000
4,4,3.2,8000000
0,10,16,105000000
2,3,3,4500000
4,5,6.7,12000000
2,2,4.9,4000000
2,2,2.4,5200000
3,3,8,19500000
3,3,6.5,12500000
2,2,3.6,6000000
4,4,9.8,37500000
5,4,2,200000
4,3,1,115000
3,4,2,150000
4,4,10.7,110000
3,3,14.2,75000
2,2,6.2,55000
2,2,5.3,45000
2,2,4.4,30000
1,2,2.2,11000
2,2,4,23000
0,0,1.2,500000
3,3,10.8,60000
3,3,1,90000
0,0,3.2,9000000
0,0,3.2,8500000
2,2,3.8,6500000
6,6,9.6,37000000
4,4,1.1,72500000
3,3,5.3,11000000
0,0,4.4,7500000
2,2,4,3800000
2,2,3.4,5411000
2,2,7.2,16500000
2,0,3.5,5544000
2,2,3.7,5754000
2,2,4,6342000
0,0,1.3,200000000
6,5,8,32500000
0,0,1,90000000
1,1,1.2,2085000
1,1,2.2,3750000
1,1,2.3,3840000
1,1,2.4,4117000
1,1,2.5,4200000
1,1,2.3,3960000
2,2,3.2,5430000
3,3,4.9,8242000
3,3,5.3,8888000
2,2,3.9,6540000
8,8,17.8,102500000
2,3,4.9,7600000
1,1,1.2,2085000
7,7,10,42500000
1,1,2.2,3750000
2,2,3.2,5430000
3,3,4.9,8242000
1,1,1.2,2085000
7,5,10,16000000
6,6,1,45000000
2,2,3.1,3500000
2,2,3.1,5400000
5,4,6.7,16500000
2,2,7,11000000
6,6,14.2,57000000
6,6,14.2,49000000
7,6,3.8,160000000
6,5,1,45000000
6,6,14.2,58000000
6,5,5,8700000
3,3,8,15000000
3,3,2,110000
3,3,5.8,55000
3,3,5.8,55000
2,2,8,40000
4,3,1,45000
1,1,2,20000
3,3,5,80000
0,0,4.5,55000
3,3,8.1,45000
3,3,5,35000
3,3,4,7500000
4,4,3,5500000
8,8,5,13000000
7,7,14,19000000
6,6,10,46000000
2,2,4.4,4300000
7,6,12.4,24000000
0,0,3,22000
0,0,5,33000
0,0,7,28000
1,1,1.1,10000
2,2,5,24500
2,2,5,23500
2,2,5,25000
2,2,5,20000
2,2,5,21000
2,2,5,20500
2,2,5,19500
2,3,5,16000
2,2,5,20500
2,2,5,21000
3,3,12.7,40000
3,2,12.4,32000
5,4,10,34000000
4,3,5,12300000
7,5,10,24000000
6,5,1,60000000
5,5,1,45000000
4,4,10,37500000
6,5,1,47000000
4,4,5,15000000
3,3,10,14500000
5,4,5,12000000
4,3,5,12500000
6,5,1,47500000
4,4,3,5000000
6,6,10,25000000
5,5,1,47500000
6,5,10,22000000
4,3,6.5,12500000
2,2,1.5,3300000
5,4,5,12000000
7,6,2,210000000
6,5,1,47500000
4,4,5,12500000
4,4,5,12500000
4,4,12,21000000
6,5,1,41500000
6,4,10,30600000
3,4,10,25000000
5,5,4,14500000
3,4,5,12500000
3,3,8,14000000
4,4,3,7700000
8,8,3,6300000
5,4,10,18500000
6,6,1.1,86500000
0,0,5,3500000
5,5,10,25000000
4,4,5,9000000
2,3,1.8,4000000
4,3,5,11500000
2,2,1.2,35000000
6,5,10,13000000
3,3,3,7400000
4,4,8.5,40000000
4,4,3,8500000
3,3,6.2,15500000
2,2,4.4,9500000
3,3,5.8,9000000
3,3,6,11000000
6,6,1.3,82500000
4,4,8,13500000
3,3,6,11000000
6,6,9,38000000
4,4,14,56000000
3,3,7.3,23000000
4,3,17.9,60000000
3,3,5.3,9000000
5,5,1,66000000
2,2,3.8,6500000
2,2,3.8,4700000
2,2,4.2,6200000
2,2,3.8,4800000
3,3,11.4,30000000
2,2,4.7,6079000
2,2,4.7,6079000
2,2,5,6513000
2,2,5,6513000
3,3,8.2,10700000
1,1,2.2,5000000
5,5,17.1,64500000
4,4,14.2,42500000
2,2,3.1,3700000
2,2,4.4,6500000
5,5,19.6,85000000
0,2,4.2,6500000
0,2,3.3,4200000
0,3,6.2,10000000
0,2,4.2,7500000
0,2,4.4,7600000
3,3,8.9,25000000
2,2,4.2,6300000
0,0,4,11700000
2,2,4.4,6000000
2,2,4.7,7500000
4,4,10.7,35000000
6,5,6,1350000000
8,6,9.6,31000000
3,5,8,80000
4,4,13.2,75000
4,4,14,80000
5,5,1,110000
3,3,11.4,57000
5,5,17.1,110000
3,3,1.1,60000
4,4,1.1,65000
2,2,4.8,40000
3,3,9.6,40000
5,5,9.6,85000
3,3,5.3,30000
5,5,14,160000
5,5,19.6,140000
5,5,16,400000
3,3,8.9,70000
3,3,5.8,34000
0,0,12,200000
5,5,1.2,65000
2,1,2,7000000
0,3,7.8,12800000
0,3,7.8,12900000
0,3,7.8,13000000
0,3,6.4,9200000
0,3,6.4,9300000
0,3,6.4,9400000
0,3,6.4,9500000
0,3,6.4,9600000
0,3,6.4,9700000
0,3,6.4,9800000
0,2,3.3,6500000
0,2,6.4,9000000
0,2,6.4,9100000
0,2,6.4,9200000
0,2,6.4,9300000
0,2,6.4,9400000
0,2,6.4,9500000
0,2,6.4,9600000
0,2,6.4,9700000
0,2,6.4,9800000
0,2,6.4,9900000
0,2,6.4,10000000
0,3,7.8,12000000
0,3,7.8,12100000
0,3,7.8,12200000
0,3,7.8,12300000
0,3,7.8,12400000
0,3,7.8,12500000
0,3,7.8,12600000
0,3,7.8,12700000
3,3,7.1,14000000
3,0,6,15500000
1,11,16,35000000
3,3,11.4,30500000
3,3,11.4,31000000
2,3,4.4,7300000
2,2,4.4,11500000
2,2,4.8,5800000
4,5,4.8,12000000
3,3,6.1,15000000
3,3,8.9,19500000
5,3,28,35000000
2,2,4.2,4500000
2,2,4.2,4500000
3,3,10,6300000
4,4,12.2,8260000
6,6,1,47500000
4,4,6.6,30000000
4,5,5,12500000
6,7,10,40000000
6,5,1,36000000
8,7,1,35000000
2,2,4.6,8050000
2,2,3.8,6650000
4,4,12,19500000
7,5,5,12000000
3,2,5.6,5800000
6,7,8,16000000
0,2,11.6,55000000
0,0,4,5500000
6,6,13,61500000
2,2,5.6,8000000
3,4,10,15000000
3,3,7.6,41500000
4,4,16.6,21000000
6,5,1,70000000
3,3,11.6,21500000
5,4,6,11500000
10,9,1,31400000
10,9,1,31400000
7,6,1,47500000
6,5,1,53500000
1,1,4,14000
2,2,5,40000
2,2,4,28000
3,2,10,30000
4,3,1,45000
1,1,1.8,15000
1,1,1.3,8000
3,2,10,25000
7,6,2.1,500000
3,3,11,30000
0,0,3.1,20000
4,3,10,32000
0,0,1,500000
8,7,2.1,400000
3,3,12,60000
3,2,10,60000
7,7,12,170000
1,1,1.1,10000
1,1,4,15000
0,0,12,165000
3,2,7,17000
3,3,15,22500000
2,3,6,17000000
5,5,6,9500000
3,4,3,6000000
5,5,1,9500000
4,4,5,11200000
3,3,8,11500000
6,4,5,11000000
2,2,2.7,3300000
5,5,8,16500000
5,5,8,16500000
6,6,10,22000000
2,3,1.1,27500000
3,6,6,15000000
6,5,12,25000000
2,2,5,3700000
4,4,8,13000000
4,3,10,6000000
6,5,10,16500000
0,0,11,35000
4,4,8,45000
3,3,1.2,36000
1,1,1.3,14000
3,3,12.4,42000
9,9,1,130000
1,1,2,2300000
6,6,13,16800000
4,4,5,8500000
6,5,1,41000000
7,6,10,27000000
6,6,1,55000000
5,4,5,19500000
4,3,5,17700000
5,3,5,12000000
4,3,5,11000000
5,5,1,79000000
3,3,5,11000000
4,3,8,12000000
6,5,1,41000000
2,2,5,7200000
7,5,12,25000000
2,2,6,7000000
6,5,1,34000000
7,6,2,170000000
5,4,14,28000000
0,0,16,15000000
3,3,10,12500000
7,6,1,41000000
1,1,1.8,3900000
6,5,1,49500000
5,4,1,43000000
7,5,10,21000000
3,3,10,16500000
9,8,1,38800000
4,3,3,8000000
3,3,3,6200000
3,3,5,10000000
2,3,3,4000000
6,5,1,47500000
6,4,12,25000000
0,0,5,8500000
7,5,1,50000000
6,4,10,22500000
6,4,10,21000000
6,4,10,22200000
6,4,10,19000000
3,3,5,15000000
5,4,10,14000000
7,6,1,45000000
2,4,3,6500000
7,5,10,17500000
5,4,16,28000000
4,3,1,53500000
9,6,2,68500000
6,4,6,12500000
6,5,1,45000000
5,5,1,57500000
5,4,6,13000000
4,3,10,19000000
3,3,6.1,15000000
3,3,8,11500000
3,3,8,11500000
4,4,14,13500000
4,4,14,13500000
3,3,6.1,9850000
4,4,14,17000000
2,2,4.2,3700000
3,3,8,18000000
3,3,6.1,9800000
3,3,8,8500000
3,3,8,8500000
3,3,8,12500000
2,2,4.2,7600000
2,2,3.2,3600000
3,4,7.6,9000000
3,3,5,14000000
2,3,4.8,4500000
2,2,4,4400000
3,3,5.8,7300000
3,3,5.8,6800000
3,3,5.8,6800000
4,6,1.2,120000000
7,11,8.6,32500000
3,3,7.6,27000000
6,6,6.7,19500000
8,8,5.2,14500000
2,2,3.6,4600000
3,3,9.6,25000000
2,2,4.9,6500000
4,4,16,17500000
3,3,6.7,11000000
5,8,16,60000000
2,2,4,4500000
3,3,8,8500000
5,4,12,76500000
8,6,2,230000000
10,10,10,35000000
8,6,4,400000000
2,2,4.2,5800000
3,3,7.1,26500000
5,5,1,86000000
5,5,1,83000000
3,3,5,17000000
3,3,8,8500000
3,4,8,14500000
5,6,4.8,15500000
3,2,4.8,6200000
3,3,4.8,6400000
3,3,4.8,7000000
1,1,1.2,2000000
2,2,5,14000000
4,1,16,90000
2,2,5.1,45000
1,1,7.2,27000
2,2,10,80000
2,2,2,25000
1,1,2.2,10000
3,5,6.7,35000
3,4,8,35000
2,2,4,30000
2,2,3.8,20000
4,3,12,95000
3,3,1.2,110000
4,4,4,85000
2,2,4,26000
3,3,9.6,50000
2,2,4,40000
3,3,12,95000
3,3,5.3,22000
6,6,12,160000
5,4,2,250000
3,3,8,70000
2,2,4,32000
4,4,4.8,12500000
3,4,9.8,13000000
4,5,16,45000000
2,3,4.8,15500000
2,2,2.7,5000000
6,5,1,70000000
3,6,3.2,7900000
3,3,8,27000000
2,2,2.4,3700000
3,3,6.4,16000000
2,2,4,10000000
8,8,16,90000000
4,5,8,27000000
6,6,15.6,49500000
3,3,8,19500000
3,3,8,13000000
4,4,4.8,12000000
2,2,4.4,3000000
3,3,8.9,22100000
3,3,8.9,24300000
2,2,7.2,16200000
2,2,7.2,16300000
3,6,8,7000000
1,1,1.2,2085000
1,1,2.2,3750000
1,1,2.3,3840000
1,1,2.3,3960000
4,4,13.2,18500000
1,1,2.4,4117000
1,1,2.5,4200000
2,2,3.2,5430000
2,2,3.9,6540000
3,3,4.9,8242000
6,6,1,30000000
3,3,5.3,8888000
5,3,4,14800000
1,1,1.2,2085000
0,1,4,6900000
6,4,5,23000000
0,0,6.7,4200000
4,3,11.6,17000000
3,5,5.6,20000000
4,4,6,10500000
2,2,4.6,9205000
5,4,7,12000000
6,4,8,13000000
8,6,10,16500000
2,2,4.3,8655000
7,6,7,24000000
7,5,10,14000000
0,0,6.7,15000000
7,7,14.2,48000000
6,6,1,42000000
3,3,7.8,7000000
5,4,10,22000000
6,5,6,12000000
1,1,1.9,5300000
1,1,1.9,4800000
8,8,1,34000000
6,6,10,26000000
3,2,18,180000
3,2,14,60000
4,3,1.5,300000
4,3,1.5,300000
2,2,6.9,200000
3,2,9.3,250000
2,2,13,40000
3,3,1,60000
3,3,1,50000
3,3,1,50000
3,2,8,15000
2,2,4.5,15000
3,3,1.3,99000
1,1,5,12000
4,4,1,60000
4,3,1,75000
4,3,1,50000
1,1,1.8,15000
0,0,1,78000
5,5,7,80000
3,3,1,40000
5,4,12,45000
2,1,5,26000
2,2,5,30000
6,4,8,50000
3,2,8,25000
3,2,8,25000
1,1,4,15000
4,3,14.2,36000
6,10,1,310000
5,3,4,52000
3,3,7,22000
3,3,16,37000
0,5,5,35000
1,1,5,19000
2,2,8,25000
2,2,7,65000
3,3,8,23000
3,3,8,23000
2,2,7,50000
1,1,1.8,25000
6,5,5,11000000
1,1,2.2,8500000
0,0,5,8000000
0,0,5,8000000
3,2,5,4800000
0,10,11,57500000
5,5,4,16000000
4,4,10,22500000
4,3,10,21000000
3,2,4.5,4700000
5,5,10,26000000
5,5,10,26500000
6,6,1,37500000
3,3,5,9132000
5,0,1,28500000
2,3,3,4500000
5,5,1,32500000
7,6,1,36000000
5,4,6,6900000
5,5,1.2,40000000
0,0,5,23000
0,0,5.5,45000
3,3,6,35000
3,2,5,22000
3,2,5,22000
1,2,2,18000
2,2,6,35000
0,3,12,70000
6,5,1,130000
3,3,10,50000
3,2,10,25000
3,3,12,30000
2,2,9,25000
3,2,7,30000
3,2,7,50000
4,4,5,9500000
4,4,6,10500000
3,3,3,7500000
5,5,6,30000000
3,3,2,6500000
3,3,2,6500000
3,3,2.5,7000000
3,3,1,25000000
4,4,5,12500000
4,4,6,11000000
6,5,10,20000000
4,4,5,12500000
4,4,6,11000000
4,4,6,13500000
4,4,5,12500000
5,5,5,12500000
5,5,3.5,9000000
5,3,5,8000000
4,4,5,10000000
4,4,5,10500000
3,3,3,6000000
4,4,5,12000000
5,5,10,18500000
5,5,10,9000000
3,3,3,5500000
3,3,3,6000000
4,4,3,7500000
3,3,3,6000000
5,4,5,12500000
5,5,4,6000000
3,3,3,12000000
5,4,10,19000000
3,3,4,8000000
3,3,5,9000000
3,3,5,9000000
3,3,5,11000000
4,4,6,12500000
3,3,5,9500000
5,5,10,21000000
5,5,10,19000000
5,5,10,14000000
5,5,10,22500000
5,5,10,16000000
5,5,10,16000000
4,4,6,13000000
3,3,5,9800000
3,3,5,9500000
4,4,6,12500000
3,3,5,9000000
3,3,5,12500000
3,3,5,11000000
3,3,5,7500000
0,0,8.5,41000000
2,2,3,2200000
6,5,10,14000000
0,0,4,8500000
6,5,16,28500000
6,5,1,53000000
0,3,5,8500000
0,3,6,10000000
4,4,2,26000000
4,4,3,3200000
4,4,9.6,65000000
0,0,2.5,76800000
5,5,7,13000000
3,3,2,6000000
5,4,10,30000000
3,3,3,8500000
2,2,2,6000000
4,3,5,19000000
2,3,3.2,8800000
4,5,1,60000000
3,3,5,10000000
6,5,1,67500000
5,4,10,22000000
2,3,5,5500000
0,2,5,4000000
0,3,5,6500000
0,2,5,4000000
0,0,5,6500000
0,2,5,4000000
6,5,1,46000000
7,5,10,19500000
5,5,5,12500000
4,3,5,12500000
3,3,5,7900000
7,6,2,130000000
7,5,1,33000000
7,5,1,30000000
3,3,5,11500000
8,7,1.2,43000000
7,5,1,49500000
7,6,1,34000000
0,0,9,24000000
6,4,5,9500000
3,3,7.8,21000000
2,2,4.2,5000000
3,0,8.4,22000000
3,5,8,15000000
4,3,12,31500000
2,2,2,7000000
4,4,4.8,42000000
3,3,4.8,7800000
3,3,12,20000000
0,0,4.2,6000000
2,2,4.4,18000000
0,0,4.8,30000
3,3,1,225000
1,1,1.6,8500
2,3,4.8,25000
2,2,4.9,55000
2,2,4.4,20000
2,2,3,14000
2,2,4.2,18000
1,1,3.6,21000
2,2,4.4,35000
2,3,4.2,20000
1,3,4.8,25000
5,4,14.2,195000
2,2,2,35000
2,2,5.5,8500000
5,3,4.4,16500000
4,4,4.4,16500000
2,2,5.1,4250000
4,4,16.6,20000000
3,3,6.7,7300000
3,3,8.5,12000000
2,2,4.2,5675000
5,4,4.4,16800000
7,6,10,16000000
3,2,10,12000000
4,4,9.4,25300000
1,1,3.8,20500000
0,0,8.7,22800000
3,3,8.7,22300000
2,2,4.8,7500000
2,2,5.8,13500000
2,4,3,7500000
7,5,1,38000000
5,4,14.9,14000000
2,2,5,3700000
3,3,6.7,4200000
8,7,14.2,33000000
3,3,6.7,4200000
3,2,7,22000
4,4,7,18000
7,5,7,30000
3,2,7,22000
4,3,1,37000
3,2,10,23000
4,3,14,30000
3,3,6,46000
3,2,7,23000
7,5,14,60000
6,4,7,35000
3,2,7,19000
2,2,5.3,18000
3,2,10,26000
4,4,1,36000
3,3,10,26000
3,3,10,25000
3,3,10,27000
4,2,4.9,23000
4,4,1.1,130000
2,1,7,40000
2,3,5,17000
6,6,1.1,330000
3,3,5,35000
3,3,10,58000
4,3,7,25000
3,2,5,20000
0,0,5,38000
4,3,5,12000000
3,3,1,33500000
5,5,1,60500000
3,2,1,35000000
7,6,10,23000000
5,6,5,8000000
7,7,15,16500000
4,1,1,16000000
2,2,3.5,14000000
4,4,3,19800000
0,0,5,10000000
2,2,5,5000000
5,5,1.1,55000000
5,5,1.1,45000000
8,7,1,23000000
0,0,4,7000000
0,0,5,7000000
0,0,5,7000000
5,5,7,14900000
6,6,7,22500000
7,6,12.4,24000000
2,2,5,4000000
2,2,7,25000
0,0,5,33000
0,0,5,35000
1,1,0.7,5500
3,2,7,22000
4,3,11,40000
3,2,6,22000
2,2,4,18000
2,2,3,16000
1,2,5,15000
1,2,2,12000
0,2,2.9,20000
5,4,10,66000
3,3,1,35000
6,5,1.1,57500000
4,3,3,9500000
6,5,10,24000000
3,3,2,5500000
3,3,5,12500000
3,3,5,10000000
4,3,8,14500000
4,3,10,13600000
3,3,5,12500000
0,0,3,2600000
4,4,4.5,11000000
7,6,1,41000000
0,3,5.4,9500000
7,6,1,62500000
0,0,13,29900000
0,5,1,46000000
4,4,5,12000000
2,2,3,6500000
3,3,15,10000000
5,4,10,22000000
5,4,10,19000000
5,5,12,20000000
0,0,8,20000000
0,4,10,29500000
6,5,1,49900000
0,3,5,4200000
0,3,3,4000000
0,3,10,10000000
0,3,5,8000000
0,3,5,8500000
0,3,5,10000000
0,3,3,6000000
0,3,3,6200000
0,3,3,6500000
0,3,3.5,7500000
0,5,1,36000000
0,5,1,41500000
0,5,10,22000000
6,5,1,34000000
0,3,2,7000000
0,3,3,8500000
0,5,11,35000000
0,5,9,22500000
0,4,4,9000000
0,3,5,9500000
0,6,10,20000000
3,3,5,20000000
4,3,5,10000000
3,2,1,12500000
5,4,5,8000000
4,4,5,16000000
6,5,1,44000000
0,0,5,7700000
4,4,8,11500000
0,3,5,13000000
0,5,6,16000000
0,2,5,9500000
0,5,10,17000000
0,5,2,120000000
4,4,11,36500000
5,5,10,22000000
7,7,1,32500000
4,3,5,18000000
6,5,1,67500000
6,5,1,41500000
0,5,8,14000000
0,5,8,15300000
6,5,14,27500000
0,10,10,40000000
3,3,5,10500000
4,3,5,14000000
0,4,9,25000000
0,5,10,24500000
0,5,1,55000000
0,5,1,42500000
6,5,1,48000000
0,3,5,14700000
0,3,5,14000000
0,3,5,13500000
0,3,2.5,5800000
3,3,6,12000000
3,3,5.8,7500000
2,2,4.9,8500000
2,2,4.9,8700000
9,9,9.6,47000000
10,10,2.2,120000000
3,3,9.3,15000000
3,3,7.8,27000000
8,7,4.8,20000000
2,2,4,3200000
1,2,2,1400000
2,3,4,3200000
4,6,3.2,6000000
5,7,4.8,6500000
1,2,2,1400000
1,2,2,1600000
1,2,2,1600000
6,6,1.2,140000000
6,6,4.8,17000000
4,4,4.8,17000000
4,3,10.7,55500000
5,5,2,220000000
1,2,2.8,4700000
0,0,3.2,5000000
2,2,4.8,7000000
3,3,7.2,9000000
3,3,7.2,11000000
2,2,4.8,13000000
2,2,4.8,13500000
2,2,4.8,14500000
3,3,6,9400000
2,2,8,26500000
6,6,12,42500000
2,2,4.8,7000000
3,3,7.2,11000000
2,2,4.8,13000000
2,2,4.8,14500000
2,2,8,26500000
3,3,7.2,9000000
0,4,4.8,22500000
0,5,9.6,35000000
0,6,9.6,31000000
2,2,4.8,13500000
6,6,12,42500000
4,4,8,17500000
3,3,1,13500000
3,4,4.8,5500000
4,4,16,42500000
2,3,3.2,4800000
6,6,9.6,25000000
6,6,16,67000000
3,3,7.1,13500000
3,3,5.8,14500000
2,2,4.9,9000000
2,2,4.9,9000000
2,2,4.9,9000000
2,2,4.9,9000000
2,2,4.9,9000000
2,2,4.9,9000000
3,3,6.2,12500000
3,3,6.2,12500000
3,3,6.2,12500000
3,3,6.2,12500000
3,3,6.2,12500000
7,6,2.4,67000000
3,3,6.2,12500000
7,6,16,67000000
7,6,16,67000000
2,2,4,9000000
4,4,3.2,8000000
7,6,16,67000000
7,6,16,67000000
7,6,16,72000000
7,6,16,67000000
7,6,16,67000000
7,6,2.4,67000000
7,6,16,67000000
7,6,9.6,25000000
7,6,9.6,25000000
7,6,9.6,25000000
7,6,9.6,25000000
7,6,9.6,25000000
7,6,9.6,25000000
7,6,9.6,25000000
7,6,9.6,25000000
7,6,9.6,25000000
4,3,12,65000
4,3,12,65000
0,0,16,200000
7,6,1,360000
3,3,11.4,60000
3,3,11.4,65000
2,2,4.3,25000
8,7,1,550000
5,5,16,135000
3,3,1.1,225000
0,0,4.2,35000
3,3,1,95000
7,6,10,45000000
2,2,4.9,8424000
5,4,7,24500000
6,6,14,25000000
1,1,2.1,3000000
5,5,1,50000000
7,7,3.5,80000000
5,4,4.4,17000000
5,5,10.9,44000000
6,5,1,39000000
3,3,4.9,3800000
6,5,1,45000000
0,0,3,4500000
2,3,5,2700000
6,5,1,37000000
2,3,4.9,9500000
3,3,12.4,9900000
6,4,5,11000000
4,3,5,6900000
3,2,5,6900000
6,4,5,11000000
4,4,1,90000000
3,2,10,12000000
0,0,8,167500000
4,4,6,15000000
0,0,10,8600000
6,4,5,9000000
8,7,4,70000000
4,3,8,9500000
9,8,1,115000000
5,4,5,10900000
6,6,10,29500000
5,5,10,27000000
6,6,8,35000000
3,3,14,65000
8,7,2,950000
3,3,1.3,120000
3,2,6,19000
2,2,5,18000
7,6,1.3,300000
8,8,1.3,400000
7,7,1,400000
7,7,1.3,300000
5,5,1,150000
4,4,6.7,110000
4,4,2,135000
9,8,1,300000
6,6,1.2,625000
6,5,2,215000
0,0,1,120000
0,0,1,90000
3,2,8,25000
2,2,6.7,38000
5,3,10,45000
10,9,1,280000
3,2,8,30000
3,2,5,28000
2,2,1.1,55000
6,6,11,80000
6,4,7,52000
2,2,5,16000
0,3,2,4500000
0,2,2,4000000
0,2,1.5,3200000
0,2,1.5,3100000
0,2,2,3900000
2,1,3,4500000
4,3,4,8500000
6,5,1,52500000
1,1,2,1500000
6,4,10,18000000
6,5,1,41000000
4,4,5,13500000
5,5,10,25000000
5,3,1,32000000
6,5,15,25000000
3,3,3,5700000
5,5,10,30000000
0,5,13,32500000
3,2,3.8,2300000
0,5,2.5,2500000
0,0,7,20000000
0,0,5,8500000
0,0,5,6500000
0,0,4,6500000
0,0,2.5,2500000
0,0,2.5,2500000
3,3,5,4300000
6,7,4.5,220000000
3,3,10,15000000
6,4,6,16500000
5,4,7,14500000
0,5,7,15000000
0,5,7,14500000
0,5,5,10500000
0,5,7,14000000
0,5,8,16500000
0,5,8,15500000
3,3,6,4900000
3,3,5,10500000
0,0,7,14000000
5,5,7,14000000
6,5,1,33500000
0,0,5,9132000
5,5,10,21900000
0,0,8,85000000
6,6,12.5,18000000
2,2,4,4800000
6,5,12,24000000
6,5,10,21000000
7,7,1,45000000
2,2,6,30000
0,0,5,35000
2,2,4,35000
6,5,5.5,42000
4,3,5,10000000
5,3,5.3,9995000
5,4,5,8000000
3,3,5,14500000
4,4,6,12500000
7,6,1,38000000
0,4,4,9100000
7,5,1,79000000
0,0,5,10800000
0,0,5,12500000
0,6,1,36000000
0,5,1,41000000
0,5,10,26000000
0,3,1,32000000
3,3,4,7800000
3,3,4,7500000
3,3,5,12000000
6,6,2,75000000
6,5,1,45000000
5,5,1,55000000
5,5,10,19000000
0,3,4,11000000
0,4,4,11500000
0,3,4,9000000
0,5,4,12000000
0,3,3,9000000
0,3,3,9000000
0,2,6,10000000
0,2,5,9000000
4,4,2.5,9500000
0,3,3,6800000
0,3,3,7000000
0,3,2,4000000
0,3,5,9000000
0,3,3,9500000
4,4,7.2,10000000
4,4,5,8300000
2,2,2,3600000
3,3,3,5500000
3,3,2,4600000
3,3,2,4600000
2,2,10,12000000
3,3,2.5,4500000
4,4,6,12000000
5,5,5,12000000
2,2,10,13000000
5,5,5,7500000
2,2,10,12500000
5,5,5,7500000
3,3,5,8500000
3,3,3,5500000
2,2,5,5600000
3,3,5,11000000
3,3,5,11000000
4,4,5,10500000
5,5,1,62500000
5,5,1,55000000
4,4,10,35000000
4,4,10,33000000
5,5,1,60000000
5,5,1,45000000
5,5,1,54000000
4,4,10,34000000
4,4,4,8500000
3,3,3,6200000
7,6,9.6,25000000
2,2,3.1,4000000
7,7,17.6,50000000
3,3,6.7,12000000
2,3,8,29000000
8,8,16,52500000
8,8,10,38000000
4,4,4.8,17500000
3,3,6.7,13000000
2,2,4.4,7000000
2,2,2.9,3400000
3,3,4.4,14500000
2,2,4.2,2400000
4,4,16,42000000
4,4,19.1,53000000
6,6,2.1,280000000
2,3,8.2,22000000
6,6,1,127500000
0,3,6.6,11000000
0,3,6.7,11500000
0,3,10.2,11000000
0,2,3.1,3200000
0,4,4.8,15500000
0,3,5.7,6800000
0,0,5.7,6500000
0,0,5.7,6200000
0,0,4.8,21000000
0,2,3.1,3200000
4,4,19.1,40000000
4,4,2,180000000
2,2,4.2,7350000
4,3,9.7,47500000
2,2,2.4,2500000
0,2,4.8,12500000
5,4,4.8,13500000
0,2,4.8,11000000
0,3,16,26000000
2,2,4.2,5000000
2,2,4.2,6000000
2,2,4.2,6200000
2,2,4.2,6300000
2,2,4.2,6400000
2,2,4.2,6500000
2,2,4.2,6600000
2,2,4.2,6700000
2,2,4.2,6800000
2,2,4.2,6900000
3,3,9.8,23500000
3,3,6.9,14500000
3,3,11.1,47500000
3,3,9.6,52500000
4,4,14,50000000
3,3,5.6,8300000
5,5,8,22500000
3,3,6.1,8500000
3,3,6.1,8500000
8,6,9.6,30000000
4,4,4.8,4000000
5,0,4.8,4000000
4,6,4.8,25000000
4,4,3.2,8000000
2,2,4.4,4000000
4,3,6.2,70000
2,2,4.4,30000
3,2,6,85000
2,2,4.8,28000
0,2,4.8,42000
0,0,6,30000
0,2,4.8,25000
7,6,2.4,600000
3,3,1,110000
3,3,12,90000
3,3,7.1,50000
3,3,12,90000
2,2,3,30000
4,3,12.2,66000
3,3,7.6,100000
3,3,7.6,65000
6,6,1,360000
5,4,16,220000
2,2,9.6,30000
4,6,9.6,50000000
2,2,3.3,5800000
5,4,11.2,55000000
4,4,1,100000000
2,2,8,15000000
2,2,1.7,3500000
3,3,8,20000000
4,3,8,10000000
6,6,16,43000000
3,3,5,13000000
3,3,5,13000000
4,4,5,10500000
4,4,16,63500000
7,8,8,15500000
3,3,8,4500000
4,4,8,7400000
5,5,10,45000000
4,4,10,16000000
5,5,10.3,19800000
7,6,14.2,24500000
6,5,8,16000000
6,5,8,16000000
6,5,8,16000000
6,5,8,14000000
6,5,8,14500000
6,5,8,15500000
8,7,14.2,26000000
5,4,8,14000000
1,1,1.2,2085000
1,1,2.2,3750000
1,1,2.3,3840000
1,1,2.3,3960000
1,1,2.5,4200000
1,1,2.4,4117000
2,2,3.9,6540000
3,3,4.9,8242000
5,4,8,11500000
3,3,5.3,8888000
1,1,1.2,2085000
3,3,2,150000
3,2,10,45000
5,5,1,190000
3,3,8,50000
4,4,8,120000
3,3,5.3,40000
7,5,8,70000
1,3,1.3,95000
2,2,5,20000
2,2,3.1,15000
3,3,1,85000
4,4,10.7,26000
2,2,5,17000
3,2,5,28000
4,4,1,140000
1,1,4,26000
5,3,1,45000
3,3,7.6,190000
2,2,7.3,100000
2,2,7.3,130000
5,3,1,40000
2,2,7.3,130000
5,3,1,45000
4,3,6,10500000
4,4,10,12000000
4,4,3.2,6000000
0,0,5,8000000
0,0,2.6,60000000
0,0,6,9000000
0,0,5,8000000
0,0,18,35000000
0,0,10,25000000
0,0,5,10000000
0,0,1,67500000
0,0,13,26000000
0,0,10,21500000
0,0,10,21000000
2,2,5,4600000
9,6,9,23500000
7,7,1,47500000
3,3,8,12500000
3,2,4.8,5500000
4,4,12,20100000
5,5,15.1,21900000
1,2,3.5,3000000
5,5,7,13000000
6,5,10,18000000
3,7,5,13000000
6,6,1,35000000
2,2,6,4500000
0,0,0.8,12000
0,0,1,15000
0,0,1.1,18000
0,0,5,28000
0,0,6,25000
0,0,10,60000
0,0,10,45000
0,0,1,30000
0,0,1,35000
0,0,10,35000
0,0,10,35000
0,0,7,60000
0,0,10,35000
0,0,8,25000
0,0,5,25000
0,0,7,25000
0,0,3,40000
0,0,1,45000
0,0,1,30000
0,0,1,40000
0,0,13,40000
0,0,5,16000
0,0,5,15000
0,0,1,35000
0,0,13,50000
0,0,10,50000
0,0,1,50000
0,0,7,25000
0,0,10,85000
0,0,1,35000
0,0,5,25000
0,0,5,15000
0,0,18,300000
0,0,1.1,450000
0,0,1,175000
0,0,1,250000
0,0,1,150000
0,0,18,65000
0,0,8,22000
0,0,5,18000
2,3,14,45000
5,4,12,37000
3,3,3,6000000
3,3,3,5200000
5,5,5,13000000
5,5,5,14500000
0,0,6,70000000
5,5,12,22000000
2,0,3,5000000
0,0,8,15000000
4,4,10,15000000
3,3,5,9900000
6,5,1,39000000
6,5,1,48000000
5,5,10,21000000
6,5,1,42000000
6,5,1,30000000
4,4,5,12800000
4,3,5,12500000
5,5,1,48500000
6,5,1,49000000
4,4,7,22500000
4,4,10,35000000
3,3,5,10000000
5,5,1.2,52500000
5,5,1.2,43000000
5,5,2.1,85000000
4,4,3,8500000
5,5,2,110000000
5,5,1,70000000
7,6,1.3,62500000
4,3,5,12500000
5,5,1,55000000
8,7,4,180000000
3,3,1,55000000
5,5,1,65000000
7,7,2,140000000
6,6,2,113000000
6,6,2,155000000
3,3,5,13000000
2,2,4,16000000
3,3,5.3,10000000
3,3,5.3,10000000
2,2,4.4,9000000
2,2,4.7,8500000
2,2,4.2,8000000
2,2,4.4,9000000
2,2,4.7,8500000
2,2,4.2,8000000
0,0,2.7,150000000
8,7,1.2,90000000
3,2,4.4,8500000
3,3,5,13000000
3,3,5,13000000
3,3,5,13000000
3,3,5,13000000
3,3,5,13000000
3,3,5,13000000
4,4,1,35000000
2,2,4.2,4800000
1,1,2.4,2700000
4,4,2,180000000
2,2,5.1,5400000
5,3,11.1,52500000
2,3,4.2,4500000
3,3,10.2,17000000
4,4,18.8,55000000
7,7,18,72500000
10,11,17.2,60000000
6,6,9.6,22500000
6,6,1.1,75000000
3,3,4.9,11000000
2,2,4.8,12000000
2,2,4.8,10500000
5,5,1,70000000
3,2,4.8,6700000
2,2,5.1,7600000
3,3,10,28000000
3,3,7.1,65000
3,2,5.8,37000
3,3,8,65000
2,2,2.2,40000
2,2,4,35000
2,2,4.8,23000
6,5,8,150000
3,3,10.7,120000
2,3,6,31000
2,2,3.6,25000
2,2,2.7,20000
4,5,4.8,30000
2,2,4.8,15000
2,2,4.8,16000
3,3,14,45000
2,2,4.8,12000
8,7,1,140000000
2,2,6.8,6900000
2,2,3.6,3750000
2,2,3.6,3750000
8,6,1,38000000
2,2,3.6,3800000
5,4,8.5,12000000
6,5,1,97000000
6,5,8,12500000
6,5,1,53500000
5,4,5,11500000
5,5,14,32500000
2,2,4,7800000
4,4,16,63500000
8,6,1,31500000
4,4,4,50000
4,4,5,50000
5,3,1,60000
3,2,10,34000
6,5,1.1,350000
3,3,12,72000
2,2,5.6,45000
4,4,1.3,100000
0,0,2,550000
0,0,1.3,500000
0,0,2,650000
3,3,5,23000
4,4,12,45000
5,5,1.2,300000
3,2,7,26000
5,6,1,50000
4,4,1,40000
3,3,5,45000
2,2,7,28000
3,3,12.7,80000
4,3,1,75000
3,2,5,20000
0,3,8,35000
5,5,10,16500000
3,3,1,90000000
5,4,10,29000000
7,6,1,49000000
5,4,10,30000000
5,4,10,23500000
7,5,10,30000000
6,6,1,46000000
0,5,10,27000000
7,6,1,78000000
4,3,5,10300000
5,4,10,32000000
6,5,1,45000000
5,4,10,31000000
7,6,1,37500000
6,5,1,79000000
2,2,3.8,4500000
7,5,1,32500000
5,4,10,21500000
6,5,1,46500000
0,5,11,20000000
4,3,5,11000000
5,4,10,25500000
4,3,5,13500000
6,5,1,38500000
4,3,5,13000000
0,0,1.1,60000000
0,0,5,8500000
0,0,18,50000000
0,0,18,50000000
4,4,6,8500000
2,2,7,4500000
2,2,5,4000000
0,0,5.3,7703000
0,0,4.2,6195000
0,0,2.4,3452000
0,0,6.3,9145000
0,0,5.3,7703000
0,0,4.2,6195000
0,0,2.4,3452000
0,0,6.3,9145000
0,0,5.3,7703000
0,0,4.2,6195000
0,0,2.4,3452000
0,0,6.3,9145000
0,0,5.3,7703000
0,0,4.2,6195000
0,0,2.4,3452000
0,0,6.3,9145000
0,0,5.3,7703000
0,0,4.2,6195000
0,0,2.4,3452000
0,0,6.3,9145000
0,0,6.3,9145000
0,0,2.8,13100000
0,0,3.3,15700000
0,0,5.3,7703000
0,0,4.2,6195000
0,0,2.4,3452000
5,5,1,52000000
0,0,4,35000
0,0,5,35000
0,0,7.5,35000
2,2,5,23000
2,2,5,22000
2,2,5,20000
2,2,5,21000
3,3,10,25000
2,2,10,32000
5,4,10,31500000
6,4,10,22500000
6,5,2,210000000
5,4,10,29500000
5,4,8,16500000
5,4,10,21500000
5,4,1,39900000
7,6,1,34500000
5,4,10,19000000
4,3,5,14000000
0,0,5,10500000
3,2,3,3700000
4,3,5,11200000
4,3,5,11800000
6,5,10,25000000
6,5,1,46500000
6,5,10,22000000
0,11,2.1,127500000
0,5,1.1,41500000
8,7,10,24000000
7,5,10,20000000
5,5,17.1,65000000
3,2,2.5,3500000
0,0,4.7,3400000
0,3,7.1,21500000
0,5,13.7,70000000
0,2,4,11000000
2,2,3.6,3390000
2,2,7.3,44000000
6,6,4.8,13500000
8,7,9.6,35000000
8,7,9.6,27500000
4,4,4.8,13500000
4,4,4,11500000
6,6,10,35000000
4,4,4.8,17500000
3,3,6,17000000
6,6,2.2,280000000
6,6,1,110000000
7,7,2,300000000
3,3,6.2,24000000
3,3,6.1,14600000
6,6,1,127500000
6,6,1.3,185000000
6,6,1,120000000
3,3,1,75000000
6,6,2,160000000
6,6,1,120000000
3,3,7.3,16000000
3,3,6.7,20000000
3,3,8,13700000
0,0,8,20000000
2,3,4.8,6000000
2,2,4.2,6300000
6,6,1,125000000
3,3,6.2,24200000
2,2,5.3,16500000
2,5,11.2,30000000
0,8,16,50000000
0,2,4,5500000
0,1,1.8,2600000
0,3,6,8600000
0,3,6,7200000
0,2,4,4700000
0,2,3.8,2800000
0,6,1,115000000
0,6,1,115000000
0,6,2,250000000
2,2,3.8,3500000
4,4,12,65000000
7,6,4.8,17000000
2,2,3.1,2800000
3,3,8,13000000
2,2,3.6,7500000
0,4,8,11000000
0,2,4.2,4000000
0,2,4,6000000
0,2,4,3200000
0,3,4.9,3500000
0,3,4.9,3500000
0,6,2.8,9000000
4,4,4.8,47500000
0,5,14,110000000
0,5,15.6,90000000
0,5,19.6,115000000
0,4,10.6,45000000
0,7,9.6,40000000
0,6,9.6,25000000
0,4,4.8,13500000
0,3,7.8,11000000
0,4,15.6,62500000
0,3,9,32500000
0,2,4,6000000
0,4,10.8,45000000
0,3,8,32500000
0,3,8.9,41000000
0,2,4.4,8500000
4,3,1,80000000
3,3,8,12500000
0,6,9.6,35000000
0,6,1.6,78000000
0,2,2.5,4200000
0,2,2.5,4500000
0,2,4.2,5600000
0,4,4.8,12000000
0,3,10.4,38500000
0,2,3.8,8200000
0,2,4,2400000
0,2,3.3,2600000
0,6,10.9,35000000
7,6,6,13500000
3,3,11.4,55000
3,3,11.4,60000
3,3,11.4,60000
5,5,17.1,110000
4,3,10.2,55000
3,3,8.9,95000
0,3,8,25000
0,2,4,14000
0,2,4.8,17000
0,3,9.6,40000
0,3,9.6,42000
0,4,10.8,130000
2,2,2.2,35000
4,4,4.8,110000
2,2,4.8,20000
4,4,2,150000
6,6,14.2,45000000
2,2,5.3,8500000
7,7,3,70000000
4,3,4,16000000
0,0,3.1,4200000
5,5,5,7000000
4,3,6.2,12900000
5,5,10,19600000
7,7,10,19500000
6,4,5,9000000
8,6,10,17500000
0,5,4,70000000
10,10,1.8,220000000
6,5,10,15000000
0,0,6,14500000
0,0,6,22500000
0,0,6,24000000
0,0,4,11000000
0,0,5,11500000
3,3,5,11500000
2,2,3,4500000
4,4,1,75000
2,2,8,43000
2,2,8,45000
3,3,6.7,35000
2,3,7,23000
3,3,1.3,110000
3,4,14,60000
3,4,12.4,55000
4,4,1,130000
1,1,2.2,23000
2,3,6.7,30000
5,5,1,400000
1,1,3,10000
1,1,0.9,12000
3,3,1.3,120000
0,0,1,220000
6,6,8,105000
2,2,5,65000
3,3,16,200000
6,5,16,90000
4,3,14,60000
7,6,2.7,1000000
6,5,10,55000
4,4,5,35000
2,2,4,15000
9,9,1,400000
4,3,11,58000
4,3,11,60000
3,3,3,6200000
6,5,10,22000000
1,1,2,4200000
5,4,10,25000000
8,7,1,42500000
5,5,10,22000000
2,2,10,14500000
5,5,10,18500000
4,5,1,27000000
5,4,10,21000000
3,3,7,21000000
6,6,2,110300000
6,6,2,110300000
3,4,5.5,12000000
2,2,3,3200000
3,3,8,12500000
3,3,3,6500000
3,4,10.5,13500000
7,5,1,39000000
4,4,10,30000000
3,3,10,15000000
3,3,2,62500000
3,3,1,45000000
6,6,7,15500000
4,5,10,15000000
3,4,5,9000000
2,3,3,6000000
2,3,3,5800000
2,3,3,6000000
2,3,3,5700000
3,3,5,5500000
3,4,4,7000000
2,3,3,6500000
3,4,5,9200000
2,3,3,6200000
2,3,3,5600000
2,3,3,5500000
4,3,3.5,9200000
2,3,3,5700000
2,3,3,5500000
3,3,4,6200000
3,4,5,8500000
3,4,5,8400000
2,3,3,5600000
3,4,6,10000000
3,4,5,9400000
2,3,3,5400000
3,4,4,6000000
3,4,5,8200000
3,4,5,8400000
3,4,5,9000000
3,3,3,12500000
3,3,3,5500000
5,5,4,10000000
3,3,3,6500000
5,5,6,11500000
5,5,6,11000000
5,5,6,11000000
5,5,6,11500000
3,3,4,7600000
3,3,4,7600000
3,3,4,7600000
3,3,3,5700000
3,3,3,6000000
3,3,3,6000000
3,3,3,5600000
5,5,8,12500000
3,3,3,6000000
3,3,3,5800000
3,3,3,5700000
3,3,3,5700000
4,4,5,9500000
5,5,10,18500000
5,5,10,18500000
3,3,3,6000000
1,1,6,25000000
3,3,5,6500000
6,6,4,9000000
3,3,3,7500000
6,6,4,9000000
3,3,3,7000000
3,5,4,9000000
3,5,4,9000000
4,4,10,22500000
3,3,5,11500000
3,3,5,11500000
4,4,10,22500000
5,5,1,34500000
3,3,5,9000000
3,3,4,8500000
3,3,3,5800000
3,3,4,7000000
5,5,9,17500000
3,3,3,6700000
3,3,3,5500000
3,4,6,15000000
6,4,12,17500000
7,6,15,15800000
5,5,10,27500000
3,2,5,3500000
8,8,15,25000000
3,3,6,4350000
2,2,4.7,4800000
5,5,12,31000000
4,4,4,7900000
4,4,7,50000
3,4,5,50000
2,2,7,45000
5,5,10,75000
3,3,10,35000
3,3,12,36000
2,2,5,33000
2,1,3.8,35000
4,4,10,21000000
3,3,4,8000000
3,3,3,6750000
1,1,2,2395000
2,2,3,3495000
4,3,1,45000000
5,4,10,29500000
6,5,1,46000000
5,4,10,25000000
6,5,1,52500000
6,5,1,39000000
4,3,5,23000000
4,3,5,18500000
4,3,5,16500000
4,3,5,23000000
6,5,1,37500000
1,2,8,3000000
4,3,5,22000000
6,5,1,48500000
0,4,2,3500000
0,3,2,3500000
0,1,1,1200000
0,5,1,60000000
0,5,1,35000000
0,4,5,11000000
0,4,5,4000000
0,6,9.6,32500000
0,4,4.8,19000000
0,3,16,37000000
0,3,6.8,17000000
0,6,9.6,21000000
0,8,16,58000000
3,3,5.1,7200000
3,3,10.2,45000000
3,3,8,13500000
5,4,2,175000000
4,4,7.1,16000000
1,2,3.2,2800000
3,3,5.6,19500000
0,0,9.4,9700000
2,2,4.8,5800000
3,3,6,7500000
0,0,7.6,12300000
0,0,7.4,11600000
8,7,6,16500000
6,6,1,100000000
2,2,4.3,9500000
4,3,4,12000000
3,3,6.7,12500000
3,3,4,41500000
9,0,6.4,25000000
3,6,3.2,4000000
4,4,8,32500000
2,2,6,4700000
2,2,6,4700000
2,2,6,4700000
2,2,6,4700000
2,2,6,4700000
2,2,5.1,4500000
2,2,5.1,4500000
2,2,5.1,4500000
2,2,5.1,4500000
2,2,5.1,4500000
2,2,5.1,4800000
2,2,5.1,4800000
2,2,5.1,4800000
2,2,5.1,4800000
2,2,5.1,4800000
2,2,6.7,7500000
2,2,6.7,7500000
2,2,6.7,7500000
2,2,6.7,7500000
2,2,6.7,7500000
8,8,4,17000000
3,6,3.2,9700000
5,5,4.8,12500000
4,3,12,21000000
4,3,12,21000000
4,4,9.6,30000000
2,2,4.8,5000000
3,3,4.8,8500000
2,2,5.3,10000000
3,3,8,11000000
2,2,7.1,3800000
3,4,4.8,12000000
3,3,4.8,4000000
3,3,8,9000000
7,8,8,31500000
0,11,8.8,38000000
2,3,2.6,2800000
6,6,4.8,3500000
2,2,4,4500000
4,6,8,23000000
2,3,2.2,2600000
3,5,4,5500000
2,2,3.8,7500000
3,2,5.3,12200000
0,0,6,7500000
3,3,6,8500000
9,9,8,26000000
2,2,4,9500000
6,5,10,67500000
3,3,6,8500000
3,3,7.6,35000000
4,3,11.1,43500000
0,0,4.7,4500000
1,2,1.8,1025000
1,2,3.8,1100000
1,2,1.8,1025000
2,2,4.4,4500000
2,3,2.7,7500000
2,2,4,4000000
2,2,4,4000000
2,2,4.4,4500000
0,3,16,60000
4,4,11.6,140000
2,1,2.2,45000
4,4,1.3,200000
3,3,1,85000
6,10,1.2,300000
4,3,12,80000
9,8,1.2,210000
5,4,9.8,95000
3,3,8,100000
2,2,4.8,25000
2,2,4.8,21000
3,3,6,30000
3,3,9.6,30000
6,4,4.8,50000
3,2,4.8,23000
1,1,6,35000
2,2,4.2,20000
0,0,5,5500000
2,2,3.5,4700000
0,0,6,16000000
1,1,3.3,7300000
2,2,7.2,16300000
3,3,8.7,21600000
0,0,4,33000000
7,5,5,12000000
0,2,5,9894000
6,5,8,14500000
0,1,3,5300000
0,2,5,9098000
0,1,3,4892000
0,2,5,9900000
0,1,4,7600000
0,2,5,9894000
5,5,1.2,30500000
0,1,4,7800000
0,2,5,9098000
0,2,5,10800000
0,0,3.8,7000000
4,5,9,27500000
2,2,5,35000
2,2,5,35000
2,3,5,11500
2,2,7.2,65000
7,6,1,350000
0,3,1,40000
0,4,5,40000
3,3,14.2,65000
2,2,5,26000
5,5,10,26000000
3,3,10,13000000
7,6,8,16500000
3,3,11,20200000
0,0,2,5000000
3,3,10,19500000
5,4,12,20000000
3,3,10,12000000
6,5,1,49000000
3,3,10,14000000
3,3,10,14000000
6,6,7.4,13000000
7,6,1,42500000
7,6,1,43000000
6,5,1,41000000
5,5,1,35000000
2,2,2.5,2700000
3,3,5,11500000
3,3,5,12000000
3,3,5,12500000
7,6,1,44500000
6,5,1,41500000
6,5,10,32500000
2,2,2,5500000
3,3,3,8000000
3,3,3,8000000
2,2,2,6500000
3,3,3,8500000
3,3,3,8000000
4,4,12,21000000
4,3,5,11500000
0,3,5,11500000
4,3,5,12000000
6,5,12,37500000
3,5,3,8000000
4,3,2.5,7000000
0,6,1,99500000
0,0,10,16500000
0,0,6,12500000
0,0,2,2700000
0,0,2,2900000
0,0,2,3100000
0,0,2,3300000
0,0,2,3500000
0,6,1,37500000
0,0,19,40000000
0,5,10,22500000
5,5,10,24000000
6,5,10,20500000
7,7,1,23000000
7,6,4,20500000
1,1,1.6,2200000
2,2,3.3,3700000
2,1,3.6,7000000
3,3,10,18500000
4,4,10,20000000
5,5,10,20000000
3,3,10,11500000
2,2,10,11500000
3,3,10,12500000
3,3,10,18000000
4,4,10,19500000
5,5,10,21500000
0,0,10,27000
0,0,5,35000
0,0,5,35000
0,0,6,20000
0,0,6,22000
0,0,7,24000
0,0,7.2,45000
0,0,12,38000
0,0,12,18000
0,0,5,35000
0,0,5,32000
3,2,5,15000
2,2,5,26500
2,2,5,25500
2,2,5,24500
2,2,5,23500
2,2,5,22500
2,2,5,21500
2,2,5,20500
2,2,5,27000
2,2,5,26000
2,2,5,25000
2,2,5,24000
2,2,5,23000
2,2,5,22000
2,2,5,21000
2,2,5,20000
2,2,5,22000
2,2,5,23000
2,2,5,24000
2,2,5,25000
2,2,5,26000
2,2,5,27000
3,3,5,33000
3,3,5,32000
3,3,5,34000
3,3,5,35000
3,3,5,36000
2,2,5.8,80000
3,3,10,50000
3,3,10,50000
4,4,10,55000
5,5,10,60000
3,3,10,40000
3,3,10,50000
4,4,10,55000
4,4,10,55000
5,5,10,60000
4,4,10,65000
0,4,3.5,12500000
4,4,3,9000000
0,4,8,23500000
4,5,10,34000000
3,3,2.3,7200000
4,3,5,10500000
6,5,1,48500000
6,5,1,39900000
7,6,1,62000000
6,5,1,62000000
2,2,4,9000000
2,11,3.2,7500000
3,3,8,20000000
3,3,8,20500000
3,3,8,20000000
3,3,8,20500000
3,3,8,20000000
3,3,8,20000000
3,3,8,20500000
3,3,8,20000000
3,3,8,20500000
3,3,8,20500000
3,3,8,20000000
3,3,8,20500000
3,3,8,20000000
2,0,2.6,3200000
3,3,5.1,7500000
2,2,3.6,4500000
2,0,2.9,3500000
7,6,2,220000000
3,3,8,19000000
0,0,16,120000000
0,0,4,8500000
6,6,9.6,35000000
2,2,6.1,7500000
7,7,16,165000000
3,3,6.6,25000000
3,3,6.6,25000000
0,0,1.2,180000000
2,2,4.2,5200000
3,3,16,50000000
6,6,9.6,34000000
3,3,4.9,7000000
2,2,3.3,2700000
2,2,3.2,4500000
6,6,17.6,47500000
3,3,6.4,12000000
0,0,4.8,14200000
0,0,4.8,15400000
0,0,4.8,16500000
0,0,4.8,16800000
0,0,4.8,15800000
0,0,4.8,14900000
2,2,5.9,18000000
2,2,3.4,3500000
2,2,3.4,4000000
2,2,3.4,4000000
2,2,3.4,4000000
2,2,3.4,4000000
3,3,2.4,10000000
2,2,2.9,2800000
2,2,3.6,3800000
3,3,7.8,13000000
5,3,6.8,22000000
2,2,1.4,3200000
3,3,7.8,12900000
3,3,7.8,12700000
3,3,7.8,12800000
3,3,7.8,12600000
3,3,7.8,12500000
3,3,7.8,12400000
3,3,7.8,12300000
3,3,7.8,12200000
7,6,2,219900000
3,3,7.8,12100000
3,3,7.8,12000000
3,3,6.4,10000000
3,3,6.4,9200000
2,2,2.9,2400000
3,3,6.4,9300000
3,3,6.4,9400000
3,3,6.4,9500000
3,3,6.4,9600000
2,2,2.9,2500000
3,3,6.4,9700000
3,3,6.4,9800000
3,3,6.4,10000000
3,3,10.2,55000000
2,2,3.2,6500000
2,3,2.4,5000000
1,2,1.6,6500000
0,0,10,12500000
0,0,4.2,6000000
0,0,13.1,15000000
0,0,10,12500000
0,0,4.2,6000000
0,0,13.1,15000000
0,0,10,12500000
0,0,4.2,6000000
0,0,13.1,15000000
0,0,10,12500000
0,0,8,10000000
2,2,4.8,28000
2,1,2,25000
4,4,12,200000
2,2,4.4,38000
6,6,9.6,120000
6,5,1,300000
5,4,4.4,16500000
0,0,5.8,7000000
2,2,8,10500000
5,4,4.4,16200000
4,4,9,25000000
6,5,8,24500000
3,3,7.1,19000000
3,2,4.2,4000000
3,3,12,39000000
3,3,5,8000000
0,5,16,38500000
2,2,6.8,8000000
0,0,5,14000000
2,2,5,8500000
7,6,1,60000000
1,1,1.8,1499000
0,2,3.6,3000000
7,7,10,32500000
2,2,5.5,8500000
6,4,16.6,20000000
1,1,2.8,4900000
7,5,13,31000000
3,3,6.9,10000000
4,3,1,200000
5,3,11,65000
3,5,11,60000
3,2,5,18000
4,4,1.1,45000
1,1,4.3,20000
1,1,2.7,13000
4,4,12,32000
3,3,1,45000
3,3,1,50000
3,3,17.8,180000
2,2,14.2,65000
10,11,1,280000
3,3,1,100000
5,3,4.4,45000
2,2,4,25000
7,6,1,250000
7,6,1,27000000
7,6,1,74000000
7,5,1,58000000
7,6,2,110000000
0,1,9,49500000
7,6,2,180000000
6,5,1,42000000
7,5,1,59000000
5,4,10,28000000
0,4,5,10500000
7,5,1,52500000
7,5,1,41500000
7,5,1,48000000
0,5,10,27000000
7,5,1,49900000
6,5,1.2,55000000
0,4,9,18000000
5,4,10,14500000
6,5,1,41800000
4,4,14,25000000
5,5,5,15000000
6,6,1,98000000
4,4,10,40000000
5,5,1,65000000
5,5,1,61000000
0,4,7,26500000
0,5,1,55000000
5,5,11,35000000
6,6,1,52500000
3,3,5,23000000
5,5,1,75900000
2,2,2,4000000
6,5,1,42400000
0,3,5,12500000
0,5,1,46000000
0,5,1,45000000
0,6,1,46000000
0,5,1,35000000
0,0,10,13200000
7,6,1,41000000
0,0,5,6500000
0,5,10,17500000
7,5,1.1,35000000
7,5,1,69000000
2,2,3.1,2800000
0,4,5,9000000
3,6,6,6700000
4,4,10,36000000
0,4,1,35000000
0,4,10,28000000
2,4,2,4800000
0,5,10,25000000
5,4,10,39500000
0,0,1,29900000
4,3,5,9500000
5,3,5,13000000
3,3,2,4000000
6,6,1.2,40000000
0,5,1,50500000
0,11,5,20800000
0,4,2,5000000
0,2,4,5000000
0,5,1,55000000
0,4,4,9500000
0,4,4,9600000
0,3,5,10500000
0,3,3,6500000
0,4,4,9500000
0,3,5,10000000
0,4,5,13500000
0,3,3,9000000
0,3,2.5,5500000
0,3,3,7000000
0,3,3,6000000
0,3,2.5,5500000
0,3,3,6500000
2,1,3,4200000
4,3,5,16500000
1,2,2,2850000
5,5,1,31400000
4,3,3,9500000
2,2,3,3900000
5,5,7,13500000
0,0,2.5,3500000
0,2,1.5,2000000
0,0,1,1500000
1,2,3,4500000
0,2,2.9,3400000
0,2,2.9,3500000
0,2,2.9,2500000
6,5,10,21000000
9,9,4,160000000
6,6,1.2,72500000
1,2,2,20000
2,2,4.5,27000
3,3,6,15000
3,3,6,15000
3,3,1,35000
5,4,10,57000
4,4,5,38000
3,2,2.5,4000000
5,5,3,7200000
2,3,2,4900000
0,0,8,10000000
0,0,8,6500000
0,0,8,20000000
0,0,5,13500000
0,0,6,14500000
0,0,5,9000000
0,0,5,10000000
0,0,5,15500000
2,2,4,7000000
2,2,3.3,6800000
2,2,3.3,6500000
2,2,3.3,6700000
2,2,3.3,6600000
2,2,3.3,6400000
2,2,3.3,6300000
2,2,3.3,6200000
2,2,3.3,6100000
2,2,3.3,6000000
3,3,6.4,9900000
2,2,3.3,6200000
4,4,3.2,7000000
3,3,8,13000000
3,3,6,11000000
6,6,8,27000000
0,2,4.8,6700000
0,2,4.8,6300000
0,2,4.8,7500000
0,2,4.8,7500000
0,2,4.8,7500000
0,2,4.8,7500000
8,2,4.8,20000000
0,8,4.8,20000000
0,4,4.8,18500000
0,8,4.8,23500000
0,2,4.8,12500000
0,2,4.8,6700000
0,2,4.8,6300000
0,2,4.8,7500000
0,2,4.8,7500000
0,8,4.8,20000000
2,2,4.2,5000000
3,3,4.8,15000000
0,6,1,120000000
0,5,1,95000000
0,6,2,140000000
0,5,2,170000000
0,3,4,38700000
0,3,8.9,20000000
0,3,4.9,12500000
0,3,9.8,23000000
0,4,12,63000000
0,6,1,108500000
0,6,1.3,125000000
0,6,1.3,125000000
0,3,4.9,18000000
0,3,4.9,18000000
4,4,4,34000000
4,4,1.2,120000000
0,0,2.6,2050000
0,0,2.6,1350000
0,0,2.6,1300000
0,0,2.6,1400000
0,0,3.2,2900000
0,0,2.6,1800000
2,2,3.5,3300000
5,5,17.1,68000000
5,5,17.1,67000000
5,5,17.1,65000000
2,2,3.3,6200000
6,6,10,32500000
2,2,4.2,7200000
4,4,9.8,38500000
3,3,4.3,6500000
3,3,6.4,9000000
3,3,4.8,6000000
2,2,4.7,6500000
2,2,4,4850000
3,3,10,18000000
6,5,1.1,81500000
2,2,4.9,6600000
7,7,3.2,8500000
0,0,2.4,18000
0,2,4.8,20000
0,2,4.8,23000
3,3,1.2,70000
2,2,9.6,30000
2,2,9.6,32000
3,3,9.6,45000
3,3,9.6,45000
2,2,3.6,25000
3,3,16,70000
3,3,9.6,50000
3,3,8,40000
3,3,9.6,43000
6,6,1,250000
5,5,17.1,100000
5,5,17.1,100000
5,5,17.1,100000
3,3,8,28000
5,5,17.1,100000
4,4,4.8,130000
2,2,3.6,22000
3,3,5.3,100000
3,2,3.8,20000
8,7,3.3,200000000
10,10,4.3,270000000
10,7,2.1,135000000
2,3,4,4500000
10,8,2.4,360000000
4,4,4,19000000
7,5,7,32500000
6,5,6,21500000
7,5,5,21200000
6,5,6,22000000
4,5,5,20000000
4,4,8,30000000
7,5,8,30000000
6,5,8,35000000
4,4,6,17000000
3,2,5,5500000
3,3,10,20000000
6,5,10,30000000
0,0,1.6,37500000
6,5,10,26000000
6,5,3.6,16000000
10,8,1,75000000
7,6,14.2,47500000
5,4,7,15100000
5,4,7.1,15100000
5,4,4.4,16500000
6,6,8,26000000
5,4,4.4,16500000
6,6,10,35000000
3,3,6,4500000
5,4,4.4,15500000
0,2,5,2800000
0,3,8,6300000
0,3,8,7500000
0,3,8,6800000
3,3,8,37500000
7,7,10,42500000
5,4,4.4,16000000
5,4,4.4,16500000
2,2,3.6,3550000
2,2,3.6,3550000
3,3,1,95000
0,10,1,240000
2,2,4,15000
3,3,16,60000
3,3,5,28000
4,4,3,5800000
2,2,15,8500000
6,4,10,14000000
0,0,1,42500000
5,6,16,20000000
6,5,2,78000000
3,2,13,250000000
1,2,4,8000000
4,4,5,12000000
4,4,1.8,4300000
5,5,10,16000000
3,3,5,7500000
3,3,5,11000000
3,3,5,12500000
3,3,5,9000000
4,4,6,12500000
3,3,5,9500000
4,4,6,13000000
5,5,10,16000000
5,5,10,22500000
3,3,5,9800000
5,5,10,14000000
5,5,10,19000000
5,5,10,21000000
3,3,5,9500000
4,4,6,12500000
3,3,5,11000000
3,3,5,9000000
3,3,5,9000000
3,3,4,8000000
5,5,1,42000000
4,4,5,12000000
6,6,1,42500000
6,5,1,36500000
6,5,1,16500000
6,6,10,21000000
5,4,1,38000000
5,4,1,28000000
6,5,1,35000000
6,5,10,19000000
6,5,1,42000000
6,5,1,52500000
4,4,12,18500000
4,4,5,12500000
5,5,1,36000000
4,3,5,10500000
4,4,5,14000000
3,2,15,20500000
4,4,5,8500000
3,3,4,14000000
3,3,3,6500000
3,3,2,5500000
4,4,5,9000000
3,3,3,7000000
3,3,3,6500000
2,2,2,4500000
3,3,3,7000000
6,5,1,42500000
0,2,2.5,3500000
0,2,2.5,3700000
0,2,3,3500000
0,6,9.5,30000000
5,5,8,15500000
3,3,5,10800000
4,4,10,11000000
3,3,5,5000000
0,2,2,3100000
5,5,10,22500000
5,5,10,22000000
5,5,9,22000000
5,5,6,13500000
3,3,10,14500000
3,3,10,13500000
0,0,2,95000000
3,3,10,12000000
5,5,2,113000000
5,5,11,25500000
4,3,5,8500000
5,5,1,72500000
5,5,10,22500000
5,5,1,45000000
3,3,10,16500000
6,5,1,79000000
3,3,4,7500000
5,5,5,8000000
3,3,5,10000000
4,4,5,8500000
0,0,5,12500000
0,0,12,40000000
0,0,5,13000000
0,0,5,7500000
0,6,1,45000000
0,0,3,14000000
0,5,1,45000000
0,5,1.2,80000000
0,4,3,14000000
0,3,5,13500000
0,5,13,32500000
0,0,17,22500000
0,0,3,3500000
0,0,5,9500000
4,3,5.5,9500000
2,2,5,4700000
3,4,7,5350000
3,4,7,5325000
3,4,7,5400000
6,6,1.4,45000000
6,5,10,26000000
6,5,10,26000000
3,3,10,12800000
3,3,6,6500000
6,6,4,15000000
5,5,10,22500000
4,4,12,21000000
7,7,13,31500000
6,5,16,100000
8,10,3,1500000
0,0,10,50000
0,0,5,40000
0,0,6,35000
0,0,5,25000
0,0,7,50000
0,0,5,22000
0,0,7,30000
0,0,5,23000
0,0,5.5,45000
0,0,5,22000
0,0,7,30000
0,0,5,35000
6,6,8,48000
3,3,6,18500
2,2,6,18000
2,2,10,25000
2,2,6,20000
3,3,10,30000
0,0,2.4,2200000
7,6,9.6,22000000
2,2,6,7000000
3,3,4.8,8175000
2,2,3,3900000
5,6,4.1,8500000
4,5,16,43000000
8,8,14.2,36000000
3,3,9.6,100000000
6,6,1,100000000
0,1,3.2,5000000
2,2,3.2,6500000
4,4,4.7,7350000
4,3,9.8,18100000
3,2,6,12500000
2,2,4.2,4500000
3,3,6.7,12000000
3,3,1.2,8000000
5,5,14,155000000
3,3,5.8,10500000
3,3,4.9,12000000
2,2,4.2,6500000
0,0,10.7,45000000
0,0,10.7,45000000
0,0,8,27500000
0,0,7.3,17000000
0,0,6.9,28000000
0,0,8,15000000
0,0,10,60000000
0,0,10,75000000
0,0,10,75000000
0,0,4.6,15000000
6,6,1.3,120000000
8,7,2,240000000
0,0,4.8,5000000
0,0,2.4,4000000
0,2,2.9,4200000
0,0,4.8,14000000
0,0,9.6,27500000
0,0,4.8,14500000
0,0,4.8,5500000
0,0,2.4,4000000
0,0,2.4,4000000
0,0,4.8,14000000
0,0,4.8,5000000
0,0,2.4,4000000
0,2,2.9,4200000
0,0,4.8,14000000
0,0,9.6,27500000
0,0,4.8,14500000
0,0,4.8,5500000
0,0,2.4,4000000
0,0,2.4,4000000
0,0,4.8,14000000
3,3,7.6,22500000
2,3,2.4,6000000
3,3,8,27000000
0,2,4.2,5000000
0,2,4,2500000
0,2,4,2500000
0,3,4.7,3000000
4,4,5.1,12000000
3,3,8,10000000
3,3,5,8300000
3,3,9.8,37000000
2,2,2.4,6000000
2,2,2.4,6000000
3,3,3.2,4000000
2,2,2.4,6000000
3,3,6,14700000
2,2,4.8,9500000
6,6,9.6,27500000
6,6,9.6,27000000
6,6,9.6,26500000
6,6,9.6,26000000
6,6,9.6,25500000
6,6,9.6,25000000
6,6,16,38000000
4,4,4.8,13000000
6,7,16,49000000
3,3,10,24500000
3,3,11.4,28000000
5,4,4.8,9100000
0,4,1,85000000
3,3,4.8,23000
3,3,14,52000
8,7,1.2,325000
8,7,1.2,275000
3,3,8,45000
4,3,1,110000
4,4,1.2,120000
0,0,10.7,100000
0,0,10.7,100000
0,0,4.6,45000
0,0,18.4,300000
0,0,10.8,150000
0,0,11.6,115000
0,0,8.9,80000
0,0,3.8,20000
0,0,3.8,20000
3,3,9.8,55000
4,4,8,16500000
3,2,8,55000000
6,6,12.4,47500000
0,0,9.6,16000000
0,0,9.3,21000000
0,0,9.3,12500000
3,2,5,6200000
7,7,14,54500000
3,3,5,30000
3,3,5,30000
3,3,1,55000
3,2,7.6,250000
5,5,1,120000
0,0,7,25000
3,3,5,30000
3,3,5,30000
5,3,1,105000
0,0,1.3,500000
0,0,1,350000
0,0,2,650000
7,8,1,200000
7,7,1,390000
2,2,4.4,28000
2,2,6,20000
3,3,1,35000
3,3,10,27000
2,2,5,17000
0,4,5,7000000
0,0,5,10000000
0,5,10,16000000
0,5,1,29000000
3,3,5,11000000
2,2,2,5000000
6,5,1,42500000
1,1,1.6,2500000
2,2,3.3,5000000
4,4,5,12500000
6,5,1,50000000
6,5,1,41700000
4,4,5,5000000
6,5,1,79000000
3,3,10,9200000
6,5,1,42000000
6,5,1,73000000
0,3,3.5,8500000
0,4,5,14000000
2,2,1,11000000
5,4,10,17000000
5,4,9,22000000
4,3,5,15000000
5,5,10,23500000
5,4,5,14000000
2,1,3,4200000
6,5,10,19000000
3,3,5,18500000
4,3,5,8500000
0,4,2,40000000
4,3,5,12500000
4,3,5,11500000
6,5,12,26000000
7,5,1.1,49000000
6,5,8,17000000
7,5,1,55000000
5,4,10,31000000
0,6,4.4,20000000
4,4,10,19000000
0,6,12,26000000
3,3,6,6800000
1,1,2.1,2200000
4,3,5,10500000
0,1,2.2,2500000
0,2,3.4,3800000
0,2,4.7,6500000
0,0,17,35000
0,0,8,20000
0,0,3,22000
0,0,5,33000
0,0,7,28000
2,2,5,25000
2,2,10,22000
0,0,9.3,74000
0,0,9.3,35500
0,0,9.3,37500
0,0,9.3,39000
0,0,9.3,40000
0,0,9.3,32500
0,0,9.3,34000
0,0,9.3,34500
0,0,9.3,35000
3,3,11.4,30000000
3,3,11.4,30500000
4,4,13.2,41000000
4,3,7.6,25000000
4,4,13.2,38200000
0,6,9,38000000
0,6,8.9,40000000
0,6,12,45000000
0,0,16,41500000
0,4,4.8,24000000
0,6,9.6,29000000
4,3,6.4,24000000
3,3,8,21000000
4,4,4,29500000
5,5,17.1,65000000
5,5,17.1,67000000
4,4,9.6,33500000
4,4,16,32000000
5,5,1,67500000
4,4,1,60000000
6,6,2,185000000
2,2,2.6,4200000
2,4,5,9900000
2,2,3.4,6000000
2,2,3.4,6000000
2,2,2.6,4200000
2,2,2.6,4500000
2,2,3.4,6000000
2,2,3.4,6000000
2,2,2.6,4200000
2,2,2.6,4500000
2,2,3.4,6000000
2,2,2.6,4200000
2,2,2.6,4200000
2,2,2.6,4200000
2,2,2.8,2500000
2,2,2.6,4200000
2,2,2.6,4200000
2,2,2.6,4200000
2,2,3.4,6000000
2,2,3.4,6000000
2,2,3.4,6000000
2,2,3.4,6000000
2,2,2.6,4500000
6,6,1.3,185000000
2,2,3.4,6000000
2,2,3.4,6000000
2,2,3.4,6000000
5,4,4,43500000
2,2,3.4,6000000
2,2,2.6,4500000
2,2,2.8,2500000
2,4,4.8,15500000
2,2,2.8,2500000
5,4,4,34000000
2,2,3.4,6000000
2,2,3.4,6000000
2,2,3.4,6000000
2,2,3.4,6000000
2,2,3.4,6000000
2,2,2.8,2500000
2,2,2.6,4200000
2,4,4.8,15500000
2,2,3.4,6000000
2,2,3.4,6000000
2,2,3.4,6000000
2,2,3.4,6000000
2,2,3.4,6000000
2,2,3.4,6000000
2,2,3.4,6000000
2,2,3.4,6000000
2,2,3.4,6000000
2,2,3.4,6000000
2,2,3.4,6000000
2,2,3.4,6000000
2,2,4,7500000
0,3,8,18000000
0,3,5.1,9500000
0,2,4.2,7000000
3,3,2,150000000
0,0,4.1,270000000
0,0,4,330000000
0,0,2.1,125000000
3,3,5.6,10000000
3,3,2,160000000
2,2,4.4,10000000
0,0,4,160000000
0,0,2,120000000
6,6,6.8,20000000
4,5,4.7,15000000
0,5,2,150000000
0,3,8.9,17500000
0,4,1.2,122500000
0,3,8,18500000
4,4,14,125000000
3,3,8,21000000
2,2,3.6,20000
2,2,3.6,20000
6,6,4,1000000
6,6,2,900000
4,4,1,130000
0,3,9.8,100000
0,3,11.1,110000
0,3,14.2,130000
1,1,1.6,1850000
8,7,1,48500000
5,5,14.2,47500000
6,6,12,24000000
5,4,4.4,16500000
6,5,8,26500000
5,4,4.4,16200000
4,4,6,19000000
6,5,8,26000000
0,5,10.9,40000000
2,2,6.1,10200000
5,4,4.4,16000000
6,6,8,28500000
0,0,3.8,4500000
7,6,4.4,5500000
0,0,1.1,90000000
5,5,8,32500000
5,5,1,78000000
6,6,1,84000000
2,2,7.3,24000000
2,2,4.4,6800000
7,6,1.1,110000000
8,7,1.8,107000000
6,5,1,38000000
2,2,5.2,9000000
2,2,3.6,4200000
5,4,4.4,14700000
6,5,8,14500000
6,5,8,25000000
6,5,8,14000000
6,5,8,14000000
6,5,8,14500000
7,6,14.2,24500000
7,6,14.2,25000000
6,5,5.6,21200000
0,0,9.3,35500
0,0,9.3,36000
0,0,9.3,37000
2,2,10,25000
0,3,1,65000
4,4,7,19000
4,4,7,45000
4,4,7,45000
4,4,7,45000
4,4,7,45000
2,2,5,24000
2,2,5,25000
2,2,5,26000
2,2,5,23000
2,2,5,19000
2,2,5,19000
3,3,8,42000
0,6,12.4,80000
3,3,6,10500000
6,5,10,19000000
7,5,1,75500000
0,4,5,14500000
0,4,5,12500000
0,5,5,13000000
0,4,5,12000000
0,5,5,14000000
0,5,7.5,21000000
0,5,7.5,20000000
0,5,7.5,19000000
0,5,10,21000000
0,5,14,27000000
6,5,1,79000000
0,5,1,61000000
5,4,10,28000000
7,5,1,69900000
7,5,1,55000000
7,5,1,67500000
7,5,1,48000000
7,5,1,40000000
5,5,6,18000000
0,3,10,14000000
7,5,1,40000000
10,5,2,175000000
6,5,1,38500000
7,6,2,150000000
6,5,1.6,92000000
0,5,5,16000000
3,3,3,9000000
5,5,12,16500000
3,3,3,7500000
4,3,3,5500000
4,3,3,5500000
0,0,5,11500000
4,3,3,6000000
4,4,10,29000000
4,4,10,29000000
6,5,2,220000000
4,3,5,12300000
7,5,1,75000000
6,5,1,50000000
4,4,5,12800000
3,5,3,4100000
7,6,1,36000000
4,3,6,8800000
4,3,3,5750000
6,5,11.5,17000000
3,3,2,6600000
3,4,10,15000000
2,4,3,7000000
6,5,1,61500000
4,3,5,10500000
5,3,5,10500000
4,3,5,7400000
4,3,10,14000000
4,4,5,9000000
7,6,1,99500000
4,4,4,7000000
7,6,3.2,180000000
3,3,2,4500000
4,4,3,7000000
3,5,3,8500000
3,3,10,17000000
3,3,10,20000000
3,3,10,17000000
3,3,10,17500000
3,3,5,11000000
2,2,2,6500000
2,2,2,6500000
3,3,2,3500000
4,4,5,17000000
0,5,5,17500000
5,5,1,47500000
3,3,4,13000000
5,5,1,40000000
5,5,5.4,13500000
4,4,10,18500000
4,4,5,15000000
3,2,5,8500000
5,5,10,20000000
4,4,7,11000000
5,5,10,13500000
6,6,10,22500000
6,5,1,32000000
2,2,5,6000000
5,5,5,11000000
5,5,10,35000000
0,0,5,12500000
0,0,7,20000000
0,0,10,25000000
0,0,15,40000000
0,0,5,10000000
0,0,7,50000000
3,2,5,4500000
2,2,5,6800000
5,5,7,13500000
2,2,4.2,6000000
3,7,7,20600000
2,2,4,4000000
6,5,1,37500000
5,5,7,14500000
5,5,7,14500000
6,5,10,20000000
4,2,5,6500000
2,2,4.5,11500000
4,4,4.8,17000000
6,6,10,20000000
6,6,9.6,38000000
0,2,4.8,24500000
0,2,4.8,14000000
0,0,4.8,14000000
0,0,4.8,16000000
0,0,8,21000000
0,0,1.1,100000000
3,2,3,4500000
2,2,6.2,15000000
5,5,1,115000000
4,3,11.6,40000000
0,0,4.8,11500000
3,3,8.4,13000000
2,2,2.9,2600000
2,2,2.9,2600000
2,3,4.8,6500000
7,6,1.8,115000000
0,4,1,80000000
3,3,4.8,5000000
4,4,8,8000000
0,0,2.4,4500000
4,4,16,43000000
6,6,12,14000000
3,2,5.3,7500000
2,2,4.8,5000000
0,0,7.1,12500000
3,3,8,15000000
2,2,4.7,4000000
8,8,14.2,35000000
2,2,4.8,4300000
0,1,4.8,4200000
4,4,4.8,5500000
6,8,8.6,35000000
6,6,4.8,24000000
6,6,0.8,4000000
5,5,1,45000000
2,3,3.4,4500000
3,3,7.8,13000000
3,5,5.6,4500000
2,2,4.2,5500000
3,3,3.3,12500000
3,3,9.6,22500000
3,3,3.2,17500000
2,2,3.2,4000000
3,3,11.6,37500000
3,3,6,6500000
3,3,6,5500000
1,2,2,1700000
1,2,2,1300000
2,3,4.2,3500000
2,3,4.2,3500000
2,3,4.2,3500000
1,2,2,2000000
2,3,3.4,2800000
2,3,4.8,7000000
6,6,4.8,13000000
2,2,4.8,7500000
2,2,4.8,8500000
3,3,7,13800000
3,3,13.3,50000000
0,0,4.8,12500000
0,4,4.8,16000000
0,2,4.8,11000000
0,3,16,26000000
8,11,2,155000000
3,3,6.9,65000
2,2,5.6,47000
0,0,2.6,70000
3,3,1,75000
1,0,0.6,20000
3,3,12,55000
7,7,2,815000
3,3,1.1,90000
6,6,10,50000
4,3,1,65000
5,4,1,60000
3,3,12,65000
3,2,7,17500
2,2,4.4,28000
6,6,8,14500000
9,9,1.3,71000000
3,4,1,13500000
7,6,5.3,15000000
3,2,10,10000000
0,0,1,200000
0,0,5,40000
0,0,1,130000
0,0,10,65000
0,0,1,95000
0,0,6,25000
0,0,10,30000
3,3,15,65000
3,2,6,28000
2,2,7,30000
3,3,1,40000
5,5,10,32500000
5,5,10,10500000
5,5,10,25000000
3,3,5,12500000
0,4,5,8500000
0,4,5,11000000
0,4,5,8500000
0,4,5,8500000
5,5,8,15000000
5,5,1,30000000
4,4,1,20800000
5,5,1,63000000
4,4,5,8500000
4,4,1,20900000
4,4,1,20700000
4,4,1,20500000
4,4,1,21000000
7,7,1.8,62500000
5,6,10,21000000
5,5,1,36500000
3,3,1,4500000
5,5,10,17000000
5,5,2,113000000
5,5,5,8000000
5,5,11,22500000
5,5,11,22500000
6,6,5,14700000
5,5,2,6000000
4,4,5,14000000
2,2,1,2000000
5,5,1,72500000
5,5,10,22500000
5,5,2,113000000
5,5,1,72500000
5,5,10,22500000
4,4,14,39500000
3,3,3,8000000
5,5,1,59000000
4,4,10,33000000
4,4,1,35500000
3,3,3,12000000
7,5,8,9500000
5,4,10,31000000
6,5,1,53000000
5,4,5,18500000
8,6,2,210000000
7,6,2,110000000
4,3,1,25000000
1,1,1.4,3400000
0,3,10,13500000
4,4,10,35000000
7,5,1,32500000
5,5,8,17000000
5,5,12,21000000
8,7,1,85000000
5,3,5,14500000
7,6,1,68000000
4,3,5,15000000
8,6,1,47500000
6,5,1,49000000
5,4,1,28500000
0,3,5,13500000
6,5,1.2,32500000
3,3,5,15000000
0,5,10,18000000
4,3,5,14500000
7,5,1,67000000
4,4,1,42500000
5,4,14,27500000
0,6,10,24000000
7,5,10,23000000
0,5,10,22500000
3,3,3,9500000
6,5,1.6,135000000
4,4,1,63000000
6,6,2,75000000
7,6,2,129000000
4,3,5,14000000
0,0,5,1750000
6,5,5,17500000
0,0,10,18500000
6,5,1,72500000
6,5,1,64500000
7,6,1.7,105000000
6,5,1,50500000
7,6,1,67500000
6,5,1,41000000
5,4,10,15500000
5,4,10,15500000
6,4,12,17000000
0,0,2.5,3500000
5,5,10,23000000
3,3,4.2,5700000
3,3,10,11600000
2,2,6,6500000
3,3,8,10500000
5,5,5,9000000
4,4,5,9500000
8,7,10,15000000
1,2,3.6,2850000
5,4,14,21000000
2,2,4.2,18000
4,4,1.2,110000
1,2,2.9,13500
5,4,1,120000
3,3,1,115000
2,2,3.6,22000
3,3,10.6,75000
2,2,16,90000
3,3,10.7,120000
5,5,1,250000
5,5,1,300000
3,3,1,140000
3,3,1,140000
2,2,2,5900000
2,2,2,6500000
2,2,2,5300000
2,2,2,6500000
2,2,2.4,4500000
3,3,9.6,14500000
2,2,4.2,2500000
0,0,8,40000000
2,2,9.3,46500000
3,3,6.4,8900000
3,2,4.8,17000000
0,2,4,6300000
0,3,7.1,7500000
0,2,2.9,3000000
0,3,7.6,16500000
5,5,4.8,17500000
7,6,2,300000000
2,2,4.2,9000000
0,0,8,26000000
2,2,4,9000000
7,6,1,160000000
0,0,8,24500000
0,0,3.3,5500000
0,0,8,25000000
4,3,12.4,42500000
2,2,4.2,7200000
2,2,3.3,5000000
5,5,4.8,14000000
2,2,5.1,6700000
2,2,4.2,6500000
2,2,5.1,6700000
2,2,4.2,6500000
3,3,8,6500000
3,3,8,13000000
3,3,6.1,15000000
3,3,8,20000000
3,3,14,16000000
3,3,14,17000000
3,3,14,17500000
3,3,14,18000000
3,3,14,18500000
3,3,14,19000000
3,3,8,9500000
3,3,8,10000000
3,3,8,10500000
3,3,8,11000000
3,3,8,7000000
3,3,8,7400000
3,3,8,7800000
3,3,8,8000000
3,3,8,10000000
3,3,8,10500000
3,3,8,11000000
2,2,4.9,6000000
2,2,4.9,6200000
2,2,4.9,7000000
2,2,4.9,7500000
2,2,4.2,5000000
2,2,4.2,5500000
2,2,4.2,6000000
2,2,4.2,6400000
2,2,4.2,6200000
2,2,4.2,6500000
2,2,4.2,7000000
2,2,4.2,7500000
2,2,4.2,8000000
2,2,4.2,8500000
0,2,5.3,21000000
0,3,7.6,22000000
0,3,8,27500000
0,3,8.9,31000000
0,3,8.9,31000000
0,2,4.4,9600000
0,2,4.4,9000000
0,2,4.4,27000000
0,2,4.4,27000000
0,0,8.9,31200000
0,0,4.4,9400000
0,2,4.7,11000000
0,3,9.3,35000000
0,3,8.9,32500000
0,5,15.1,50000000
0,3,8.9,32500000
0,3,10.2,40000000
0,3,8,30000000
0,3,8,35000000
0,4,10,65000000
2,2,2.1,2800000
2,1,4.8,9050000
2,2,4.2,50000
2,2,4.2,45000
0,3,4.9,40000
7,6,1.3,600000
2,2,5,20000
3,3,1.2,75000
7,6,10,15500000
4,4,19,60000000
0,0,4,38500000
2,3,3,2400000
3,3,13.1,20000000
6,6,5,9500000
2,2,5.4,9000000
7,6,16,65000000
10,10,1,102000000
6,5,16,55000000
7,6,1,89000000
7,7,16,57000000
7,7,1,68000000
7,7,1,75000000
8,8,1,75000000
8,8,16,57000000
0,0,4,10000
0,0,2.5,10000
0,0,7.5,25000
0,0,4,22000
0,0,8,21000
0,0,5,20000
0,0,2.5,15000
0,0,5,16000
0,0,3,17000
0,0,4,12000
0,0,3,18000
0,0,3,11000
0,0,5,10000
0,0,2.5,7000
0,0,10,45000
0,0,5,15000
0,0,7,16000
0,0,2.5,14000
0,0,2.5,8000
0,0,2.5,10000
0,0,5,9000
0,0,2.5,11000
0,0,2.5,8000
0,0,7,30000
0,0,5,8000
0,0,5,35000
0,0,2.5,12000
0,0,5,20000
0,0,10,25000
0,0,10,25000
0,0,3,15000
0,0,7,25000
0,0,3,20000
0,0,5,12000
3,3,5,40000
2,2,4.4,65000
2,4,3,18000
3,2,7,22000
3,3,10,40000
6,5,5,15000000
5,4,11,20000000
3,3,2,4500000
5,5,10,18500000
7,5,10,18500000
2,2,5,6000000
6,5,10,18500000
0,0,3,5500000
2,2,3,2400000
4,3,5,12000000
3,4,7,14000000
3,3,10,16900000
6,5,10,19500000
8,7,1,35000000
4,3,5,12200000
4,3,5,11500000
4,3,5,11500000
0,3,2.5,7000000
0,3,2.5,7000000
0,8,7.9,32500000
0,0,10,37000000
0,3,5,10800000
6,5,1,50000000
0,3,3.5,8500000
0,4,10,15500000
0,4,1,17200000
0,3,5,7500000
0,4,10,13200000
0,3,10,12800000
0,6,2,75000000
6,4,11,16800000
6,5,1,39000000
6,5,1,57000000
0,4,10,28500000
6,5,1,38500000
5,4,5,15000000
6,4,10,19000000
0,5,15,30800000
0,3,5,8000000
0,3,5,7500000
0,5,1,40000000
0,5,1,40600000
0,3,5,9000000
0,3,3,6000000
0,3,3,8500000
0,3,3,6500000
0,5,1,52500000
0,3,3,7000000
0,5,10,21000000
0,5,10,23000000
0,5,10,24000000
0,3,5,10500000
0,3,5,11000000
0,6,10,22000000
0,3,5,9000000
1,3,4.3,3800000
6,5,10,17500000
0,3,7.5,18000000
0,4,10,12000000
6,5,1,37000000
7,7,1,60000000
5,5,1,55000000
4,3,5,14900000
4,3,5,17000000
5,4,10,26000000
5,5,1,78900000
4,3,5,14000000
0,6,18,30000000
6,5,1,55000000
5,5,1,50000000
6,5,2,130000000
0,0,3,3495000
0,6,4.5,13000000
4,3,5,13500000
5,4,10,21000000
4,3,8,12500000
7,5,10,17500000
4,3,8,10700000
2,2,4.2,42000
2,2,2,40000
2,2,2,38000
2,2,2,35000
2,2,2,32000
2,2,2,30000
2,2,2,28000
2,2,2,25000
5,4,12,160000
2,2,4.2,35000
3,3,9.8,90000
3,3,4.3,33000
3,4,5.1,35000
4,3,10.2,95000
0,3,9.3,90000
0,3,9.3,90000
0,2,4.7,96000
0,2,14.2,100000
0,3,8,75000
0,3,8,90000
0,3,8,90000
3,3,8,23000000
3,3,5,14000000
8,8,1,80000000
0,0,4.8,10000000
2,3,4,3500000
2,2,2.2,6500000
3,3,5,13000000
3,3,5,13000000
1,2,2.4,8000000
2,2,4.2,5000000
4,3,5.3,4500000
6,6,16,8000000
3,3,6.1,15000000
2,2,4.4,7200000
4,4,4.8,13500000
4,4,4.8,13200000
4,4,4.8,24000000
2,2,3.8,2500000
2,2,3.1,3800000
3,3,4.9,6000000
0,0,3.6,3800000
0,6,9.6,35000000
0,6,1.6,78000000
0,2,2.5,4200000
0,2,2.5,4500000
0,2,4.2,5600000
0,4,4.8,12000000
0,3,10.4,38500000
0,2,3.8,8200000
3,3,7.8,33500000
2,2,4.4,15000000
7,4,10,60000000
2,2,4,4500000
4,4,17.8,25000000
3,3,8.7,18500000
3,3,8.7,21000000
3,3,8.7,20000000
3,3,8.7,18000000
0,4,4.8,25500000
0,4,4.8,25000000
0,6,9.6,34000000
0,3,6.2,8500000
0,3,6.2,8300000
0,3,6.2,8100000
0,6,16,42500000
0,3,8,25000000
0,3,5.3,7000000
0,4,4.8,16000000
0,6,8,22000000
0,3,5.1,12500000
0,2,4.8,8500000
0,2,4.8,9500000
0,6,16,41500000
0,6,8,23000000
0,6,9.6,34000000
0,3,5.3,6000000
0,2,4,8500000
0,2,4.7,9000000
2,2,5.3,12000000
2,2,5.3,11500000
3,3,11.4,30000000
3,3,11.4,30500000
3,3,10,24500000
2,2,3.6,9200000
5,5,1,67500000
0,4,1.2,35000000
0,4,1.2,45000000
0,3,9.6,25000000
0,6,9.6,25000000
0,4,4.8,18000000
0,5,6.4,17500000
0,3,9.6,18000000
0,6,16,28000000
0,4,9.6,24000000
0,2,4.8,12500000
5,5,17.1,65000000
5,5,17.1,67000000
6,6,14.6,68000000
4,4,13.2,41000000
4,4,13.2,38200000
3,3,10,23500000
3,3,8,7000000
3,3,14.5,75000000
0,2,3.8,5000000
0,2,3.6,6000000
0,4,8,15000000
0,2,4,7500000
0,2,2.8,4250000
0,2,2.8,4250000
0,2,4.7,8600000
0,2,4,8300000
0,9,16,46500000
2,2,4.2,9000000
2,2,6.4,18000000
3,3,6.9,8500000
0,10,10.5,44300000
6,6,8,21000000
7,6,12.4,45000000
8,8,14.2,53000000
10,9,1,85000000
6,6,10.1,45000000
7,6,16,47000000
7,6,16,50000000
7,6,1,65000000
10,11,1,60000000
5,6,5,9000000
2,2,4.2,8420000
7,7,4,9200000
5,5,12,40000000
0,0,4,29000000
4,4,1,250000
0,0,1.6,350000
2,2,1,190000
3,2,1.8,210000
7,6,3.4,700000
4,4,5,32000
2,3,7,22000
3,3,1,180000
2,3,6.7,40000
0,0,3,45000
1,1,2.8,5000000
8,7,14,25500000
5,4,10,17000000
2,2,3.4,4000000
2,2,2.9,3000000
5,4,12,19000000
1,1,4.3,1200000
2,2,6.4,2000000
3,3,8.7,2500000
5,4,4.4,16500000
8,9,1.1,36000000
5,5,9.3,14500000
0,0,6.7,12000000
3,2,6,8500000
3,2,10,11800000
4,3,16,15000000
3,3,8.9,21900000
2,2,3,2700000
2,2,7.2,16300000
0,0,2.5,2800000
5,5,5.5,15000000
5,5,5.5,15000000
7,6,1,36000000
2,2,3,4000000
3,2,5,4000000
2,3,6,5000000
6,5,7,15000000
7,6,11,18000000
5,5,10,18500000
6,5,14,26000000
5,5,6,9500000
8,8,14,69000000
6,10,7,14000000
0,0,5,15000
0,0,11,35000
3,3,13,38000
0,2,1,50000
2,1,6,15000
5,5,1,49500000
5,4,10,22000000
5,3,5,9500000
3,3,8,10500000
7,5,10,17000000
6,4,8,13800000
0,5,10,22500000
0,3,1,22500000
0,3,1,25000000
0,6,10,26000000
0,4,5,16000000
0,7,1,55000000
0,5,10,16000000
7,5,10,16500000
6,5,10,22500000
0,3,4,8000000
6,4,8,13500000
5,3,5,10500000
6,5,10,21800000
5,3,5,10000000
7,5,10,16500000
6,5,1,45000000
3,3,5,9500000
7,5,10,19500000
7,5,10,17000000
6,5,1,33500000
7,5,1,39000000
6,5,1,45000000
4,3,6,9500000
7,5,10,17000000
4,4,11,13800000
7,5,12,20000000
2,2,5,10000000
4,3,5,9700000
7,5,10,18000000
7,5,10,17000000
7,5,10,17000000
6,5,1,55000000
7,5,10,16000000
1,1,3,2600000
1,1,3,2200000
1,1,3,2300000
6,5,1,62500000
2,2,3,3800000
2,2,3,3800000
5,4,8,14000000
6,5,2,147000000
3,3,5.5,10000000
5,4,10,30000000
6,6,1.1,34000000
5,4,10,15000000
4,3,7,18500000
7,5,10,26000000
4,3,5,9500000
5,4,14,41000000
6,6,1,27500000
3,3,5,13000000
5,4,1.6,40200000
6,5,1,35000000
4,3,2.5,8000000
4,3,4,8000000
3,2,5,7800000
2,4,3,5500000
4,4,5,9900000
2,2,1.3,2400000
3,9,5,25000000
3,3,1,13000000
6,6,3,7200000
4,3,4,7800000
4,3,5,20700000
2,3,3.2,14000
2,3,7.1,48000
4,3,16,60000
4,3,1,135000
5,4,12,95000
6,7,5,36000
3,3,7.3,60000
2,2,3.3,19000
4,4,16,38500000
7,6,1,125000000
3,3,14.7,140000000
3,3,8,21500000
1,2,5,3200000
7,6,1.1,75000000
0,0,16,55000000
0,0,2,110000000
0,0,16,45000000
8,8,1,50000000
0,2,4,9000000
0,2,4,9000000
0,3,5.8,13500000
0,2,4,8500000
0,0,16,45000000
3,3,6.7,12000000
5,4,10.7,25000000
2,2,4.8,8000000
5,4,10.2,45000000
0,3,7.9,16100000
0,3,7.8,15800000
0,3,8.3,16900000
0,3,11.2,22700000
0,3,13.6,27500000
0,0,5.2,15000000
2,2,5,8000000
3,3,5,1975000
1,1,3.5,2450000
4,4,4.8,9500000
2,2,4.4,3500000
0,1,4,7000000
3,3,4.8,11000000
3,3,4.8,7000000
5,5,18.8,34500000
3,3,5,13000000
3,3,5,13000000
2,2,4.7,17500000
4,3,4.8,41000000
3,3,9.6,14500000
4,3,8,16000000
3,2,4.2,9500000
2,2,4.2,6400000
7,5,16,25000000
5,8,5,14500000
2,2,5.3,13000000
2,4,2.4,4500000
5,5,5,12500000
5,4,6.7,12000000
4,4,7,60000
3,2,5,20000
2,2,3,13000
3,3,14,62000
4,4,8,70000
2,2,4.4,23000
7,5,6,12700000
3,3,14.2,45000000
7,5,8,15500000
2,2,5.1,8970000
3,3,14.2,45000000
6,6,14.2,39000000
3,2,8,4800000
6,5,5.6,9500000
6,6,2.2,69000000
3,2,5,6400000
3,3,4,6200000
7,6,1,85000000
4,3,5,15000000
4,3,5,15000000
4,3,5,15000000
4,3,5,15000000
10,10,2.4,200000000
2,1,2.1,4000000
2,1,2.1,4000000
2,1,2.1,4000000
2,1,2.1,4000000
2,1,2.1,4000000
2,1,2.1,4000000
2,1,2.1,4000000
2,1,2.1,4000000
2,1,2.1,4000000
2,1,2.1,4000000
5,4,16,19500000
6,5,8,14500000
6,5,8,14500000
0,4,10,26500000
0,0,2.5,2600000
0,0,3.5,6000000
2,3,2.5,4000000
0,0,5,8000000
0,0,5,8000000
0,0,10,17500000
0,0,10,16500000
0,0,1,22500000
2,2,2.6,2700000
5,5,5,8600000
6,5,12,17000000
2,4,6,6500000
3,2,5,6000000
5,5,7,15500000
0,0,10,25000
0,0,5,16500
0,0,5,13000
0,4,5,35000
0,0,10.5,30000
0,0,7.5,20000
0,0,7.5,20000
0,0,15,30000
0,0,12,25000
0,0,7.5,18000
0,0,10,22000
0,0,10,18000
0,0,6,40000
0,0,2.5,15000
0,0,6,15000
0,0,3,10000
0,0,3.5,14000
0,0,3,12000
0,0,5,18000
0,0,10,35000
0,0,6,16500
0,0,5,35000
0,0,8.5,25000
0,0,7.5,30000
0,0,7,10000
0,0,2,25000
0,0,1.1,14000
0,0,7.5,16000
0,0,4.5,15000
0,0,7.5,26000
0,0,12,25000
0,0,10,25000
0,0,10,27000
2,2,7.1,50000
6,5,1,150000
2,2,3.6,18000
2,2,14,40000
5,4,10,72000
6,5,1,41500000
4,3,5,14000000
4,4,5,11000000
4,4,5,11000000
4,4,5,10200000
6,5,5,14000000
3,3,10,12000000
6,5,10,27000000
0,0,5,5800000
6,5,10,22000000
5,5,10,25000000
1,1,3,6500000
0,0,1.8,3800000
0,0,2.8,5500000
3,3,5,14000000
3,3,5,14000000
3,3,4,6850000
1,1,1.1,2394000
1,1,1.1,2394000
1,1,1.1,2394000
1,1,1.1,2999000
1,1,1.6,3477000
2,2,2.6,5624000
1,1,1.8,3952000
1,1,1.6,3477000
1,1,1.8,3952000
2,2,2.6,5624000
2,2,2.6,7045000
4,4,7,12500000
5,5,1,53000000
3,3,5,11500000
6,6,5,14000000
4,4,5,13000000
3,3,4,6850000
7,6,1,35000000
4,3,5,12000000
2,2,3.8,5500000
8,7,2,91500000
6,5,12,32500000
6,5,2,149000000
3,2,10,15000000
4,3,10,15500000
5,3,5,12000000
5,4,5,16500000
5,5,1,31000000
5,5,1,35000000
3,3,5,13000000
0,5,7,15000000
5,5,10,20000000
5,5,10,25000000
5,5,10,24500000
5,5,10,27000000
5,5,10,27000000
5,5,1,42500000
5,5,10,27000000
5,5,10,40000000
5,5,12,32500000
5,5,10,32500000
5,5,5,22500000
3,4,4,6800000
3,3,1.5,3000000
3,5,8,14000000
3,4,4,6500000
5,3,10,13500000
5,6,2,50000000
5,5,5,14000000
5,5,5,14500000
6,6,5,13000000
5,5,10,21000000
4,6,1,24000000
2,2,10,16000000
0,0,1,22500000
0,0,10,17500000
7,6,10,24000000
5,6,3,6500000
0,0,6,12500000
0,0,2,2850000
0,0,2,2950000
0,0,5,10000000
0,0,5,10000000
0,0,5,10000000
0,0,5,7000000
4,6,6,8000000
2,2,4,45000
2,2,4.7,46000
8,11,4,1200000
5,5,1,220000
2,4,8,22000
3,3,5,35000
2,2,4.2,40000
3,3,1.2,75000
2,2,4.9,28000
2,2,4.8,35000
2,2,2,27000
4,3,7.1,44000
5,4,2,360000
3,3,7.6,45000
2,2,5.3,35000
3,2,10,100000
3,3,9.6,10500000
7,6,2,150000000
0,0,16.8,47500000
2,2,2.4,1800000
3,3,7.4,15000000
3,3,5.1,16000000
1,3,3.2,5500000
3,3,5,23000000
7,6,4.8,13500000
3,3,5.1,5500000
3,3,6.4,12000000
5,4,12,67500000
3,2,4.4,7500000
4,3,8,18000000
7,6,10,33500000
7,8,6.4,50000000
2,2,4.8,11700000
7,6,12,65000000
5,4,4.8,20000000
7,6,1.2,95000000
3,8,4,5500000
4,4,4.8,20000000
2,4,3.4,4000000
2,2,4.2,3600000
2,2,3.3,3600000
0,0,3.2,5500000
2,2,5.3,11000000
3,3,5.8,8500000
2,2,3.1,5200000
0,2,4.4,7000000
4,4,8.9,60000
3,2,6,21000
3,2,5,16000
6,6,8,60000
3,2,10,45000
3,2,10,45000
3,2,10,45000
3,2,10,45000
2,2,5,17500
3,2,10,45000
3,2,10,45000
2,2,7.2,65000
2,2,7.6,70000
2,2,8,70000
2,2,8.4,75000
2,2,8.7,80000
2,2,7.3,80000
3,3,10,90000
3,3,10,90000
2,2,7.8,90000
3,3,6,55000
3,3,12,42000
3,3,12,42000
3,3,12,42000
2,2,10,25000
4,4,6,29000000
4,4,6.6,18200000
2,2,4.2,5724000
6,6,12,18800000
3,5,6,7000000
6,6,1.3,77500000
7,7,14.2,51000000
4,4,8,8000000
6,6,14.2,38000000
5,4,4.4,14000000
6,5,8,26000000
3,3,6,12500000
6,5,10,22500000
3,4,8,17000000
5,5,7,15000000
6,6,1,25000000
3,2,5,6000000
2,6,3,3800000
0,1,3.7,9000000
0,4,13,23000000
5,3,5,7500000
0,7,16,27000000
0,4,17,26000000
0,5,11,25000000
0,5,10,22500000
5,3,11,23500000
3,2,5,5500000
0,1,3.6,7500000
0,1,3.6,7500000
0,0,3,22000
0,0,5,33000
0,0,7,28000
0,0,12,38000
0,0,12,18000
0,0,7.2,45000
2,2,2,12000
0,0,5,30000
0,0,3,22000
8,8,1,150000
2,3,1,32000
2,2,6,16000
3,3,6,22000
3,2,8,18000
0,2,10,37000
2,2,5,18000
4,3,16,15000000
3,3,4,7000000
3,3,5,9000000
5,4,10,19000000
8,6,1,49000000
2,2,2,6200000
3,3,3,8000000
3,3,3,8000000
2,2,2,6500000
3,3,3,8500000
3,3,3,8500000
3,3,3,8500000
3,3,3,8500000
3,3,3,8500000
3,3,3,8500000
3,3,3,8500000
3,3,3,8500000
3,3,3,8500000
2,2,2,6000000
3,3,3,8000000
3,3,4,9500000
3,3,4,9500000
6,5,10,24500000
5,4,10,20000000
3,3,1,32500000
5,5,5,8000000
6,5,1,85000000
6,5,1,66000000
5,5,1,64000000
4,4,10,31500000
0,5,1,29000000
0,5,10,15500000
0,6,1,18000000
0,5,1,40000000
0,5,11,25000000
0,4,4.5,7500000
0,4,5,10000000
0,5,10,16000000
0,5,1,29000000
0,4,5,11000000
4,4,10,24000000
5,5,9,18000000
5,5,1,57500000
4,4,10,39000000
4,4,1,70000000
3,3,2,150000000
4,4,2,150000000
6,5,5,12500000
7,7,1,55000000
5,5,1.2,75000000
0,0,2,115000000
6,5,2,135000000
4,3,5,9500000
4,3,5.5,9500000
4,3,5,8500000
2,2,5,2000000
5,4,10,15000000
5,4,2,30000000
0,5,10,15500000
0,3,3,7500000
0,3,5,10000000
0,2,6,8500000
6,5,1,47500000
6,5,1,37500000
7,5,10,20000000
4,3,5,14500000
4,4,5,9000000
0,0,3.2,7000000
4,3,6,16000000
5,4,10,22000000
3,3,3.2,7000000
1,2,2.2,2600000
6,5,1,38500000
6,4,10,24000000
0,1,1.1,2999000
0,1,1.1,2394000
7,5,1,51500000
1,3,8,13500000
7,6,2,65000000
4,3,4,7800000
5,5,1,52500000
4,4,10,14900000
7,5,1,38500000
3,4,10,15000000
6,5,1,52500000
5,5,10,36500000
1,1,1.6,3477000
0,0,6.5,25000000
0,0,7,15000000
0,5,7,15000000
0,0,10,20000000
0,0,7,20000000
2,2,4,25000
3,3,5.6,35000
2,3,4.8,25000
2,2,7.1,31000
3,3,8.4,75000
3,5,4.4,19000
2,2,2.8,18000
2,2,4,30000
3,3,4.8,140000
3,3,6,15000
3,4,8.8,40000
3,3,5.3,65000
3,3,6.4,55000
3,3,8.9,55000
3,3,8,45000
3,3,8.9,50000
2,2,5.3,35000
3,3,4.8,33000
0,0,2,700000
3,3,6,35000
2,2,5.3,13000000
3,3,7.6,18000000
9,11,5,8000000
1,2,2,1075000
9,11,16,70000000
1,2,2,1075000
1,2,2,1075000
3,3,8,14000000
2,2,2,1150000
3,3,1.2,42500000
6,6,9.6,42500000
6,6,12,35000000
6,6,16,55000000
5,5,8,32500000
6,6,12,55000000
3,3,10,22500000
6,6,17,72500000
6,6,9.6,45000000
3,3,3.2,6760000
3,3,5.8,19000000
3,3,4.9,12000000
0,0,1.6,140000000
7,5,1,95000000
2,2,4.2,6200000
3,3,4.9,9300000
6,5,1,38500000
3,3,5,11500000
3,3,8,12500000
3,3,8,13000000
3,3,8,20000000
3,3,8,20000000
3,3,8,12500000
3,3,8,13000000
3,3,6,15500000
3,3,5,9000000
3,3,5,11500000
3,3,8,20000000
3,3,8,12500000
3,3,8,13000000
3,3,6,15500000
3,3,5,9000000
3,3,5,11500000
2,2,5.3,7800000
2,2,3.3,4800000
3,3,7.6,11000000
0,6,1,110000000
3,3,8.4,9500000
3,3,5,8000000
3,3,6.4,13300000
2,2,4,3000000
1,2,4.8,9000000
3,3,5.6,5000000
4,4,14,16300000
6,6,16,55000000
4,4,4.8,14900000
2,3,4.4,4500000
2,2,10,37000000
3,3,5,13000000
3,3,5,13000000
3,3,5.6,6000000
6,5,14,14500000
2,2,4,3200000
3,3,6.9,10700000
3,2,12,50000
4,4,6,90000
2,3,10,40000
0,0,2,600000
3,3,4,5500000
4,4,4,5500000
0,0,3.2,3500000
0,0,1.6,1830000
2,2,5,6000000
7,7,14.2,54500000
3,3,12.2,25000000
4,4,7,37000000
6,6,10,35000000
6,5,8,32500000
6,5,8,30500000
5,4,4.4,15000000
6,5,8,25000000
6,6,3,7000000
2,2,6,8500000
6,5,10,14900000
3,3,5,13500000
7,5,10,26000000
4,3,5,9900000
7,7,1,41800000
3,3,5,15000000
6,5,1,41500000
3,3,6.6,3700000
6,5,10,22500000
6,5,1,46500000
6,5,1,42500000
6,5,10,26500000
0,0,5,8500000
0,0,5,6500000
0,0,4,6500000
0,0,2.5,2500000
0,0,2.5,3500000
4,4,3.5,6650000
0,0,5,5200000
0,0,5,6000000
0,0,3,3800000
0,0,3,3500000
6,5,15,26000000
2,2,5,5700000
4,4,5,7000000
0,0,5,8000000
0,0,9,15500000
5,4,5,10500000
4,4,7.2,12000000
0,0,1,23000000
0,6,10,26000000
0,4,2,4000000
0,4,2,6500000
4,3,5,9500000
4,3,5,5250000
1,1,2.3,3400000
1,2,5,7500000
5,5,7,14500000
0,0,5,55000
0,0,5,56000
0,0,5,57000
0,0,5,58000
0,0,5,69000
0,0,5,60000
0,0,10,80000
0,0,10,81000
0,0,10,82000
0,0,10,83000
0,0,10,84000
0,0,10,86000
0,0,10,87000
0,0,10,88000
0,0,10,98000
0,0,10,90000
0,0,10,30000
0,0,10,30000
0,0,5,12000
0,0,9,30000
0,0,5,20000
0,0,5,17000
0,0,7,20000
0,3,13,50000
1,1,2,12000
0,3,7,32000
0,4,10,50000
0,0,7,50000
0,3,7,35000
0,0,10,50000
0,0,1,13000
0,0,2,225000
0,0,2,200000
0,0,3,22000
0,0,5,32000
0,0,7,25000
0,0,7,28000
2,2,5,19000
2,2,10,25000
4,4,5,36000
3,3,10,28000
3,3,1,35000
0,2,5,22000
0,2,3,15000
0,2,5,25000
0,3,7,30000
0,2,5,28000
0,2,3,18000
0,2,4,20000
0,4,5,55000
0,3,8,40000
0,3,8,41000
0,3,8,42000
0,5,10,65000
0,5,10,67000
6,6,5,28000
4,4,5,15000000
6,5,1,36000000
6,5,1,63000000
6,5,1,45000000
7,6,8,17000000
6,5,1.5,87000000
6,5,1,38000000
6,5,1,70000000
6,5,1,64500000
5,5,10,36500000
3,3,10,20000000
6,5,1,47000000
6,5,1,47500000
6,5,10,25000000
4,3,5,13500000
6,5,10,23500000
6,5,10,21500000
3,3,8,10700000
8,7,1,36500000
5,4,10,25000000
6,6,1.2,39000000
4,3,5,12000000
2,2,5,12500000
4,4,5,13000000
7,5,10,21700000
6,7,1,31000000
3,3,5,9500000
1,1,1.4,2500000
2,3,6,8000000
4,4,3,8000000
2,2,3.7,9000000
0,0,2,4800000
2,3,3,3400000
4,3,5,12000000
6,5,10,19500000
5,5,10,23500000
6,6,1,35000000
6,5,1,39500000
6,5,10,32500000
0,1,1.1,2999000
2,2,2.6,5624000
1,1,1.8,3952000
2,2,2.6,5624000
1,1,1.8,3952000
5,5,14,31000000
4,4,11,19100000
4,3,1,25000000
2,2,2.5,2700000
6,5,1,45000000
7,5,10,22500000
5,4,6,12500000
2,3,3,3600000
2,4,5,16000000
1,2,5,9500000
4,4,5,11000000
4,4,5,11000000
5,5,10,21000000
8,8,1,39000000
2,2,5.3,35000
3,3,7.6,45000
2,2,4.8,26000
0,0,4,20000
2,2,5.3,26000
0,0,13.1,38000
0,0,10,32000
4,4,10.7,75000
4,4,12,140000
6,5,15.6,120000
2,3,4.9,30000
3,3,7.3,80000
5,4,4,115000
5,5,1,250000
5,5,1,200000
5,3,11.6,15600000
5,3,11.6,15600000
5,4,4,43500000
3,3,5,14000000
2,2,4,7000000
2,2,4.8,8700000
3,3,8.4,11400000
0,3,5.3,6850000
6,6,2,250000000
7,11,4.8,22500000
3,2,4.9,4500000
3,6,3.2,5000000
2,2,3.3,9500000
3,3,5,8000000
6,6,3.2,15500000
3,3,4.8,7800000
0,3,6,7800000
4,4,4.8,12500000
6,6,4.8,17000000
3,3,5.3,10000000
3,3,5.3,10000000
2,2,4.4,9000000
2,2,4.4,9000000
2,2,4.7,8500000
2,2,4.7,8500000
2,2,4.2,8000000
2,2,4.2,8000000
2,2,4.4,9000000
4,4,8.9,32500000
2,4,3.2,2800000
9,10,12,42500000
2,2,2.9,6000000
5,4,10.9,39700000
8,10,17.2,60000000
3,2,4.8,6800000
2,2,4.2,5500000
3,3,5.6,11500000
3,3,5.8,11500000
2,2,4.4,6300000
2,2,4.2,6300000
3,3,5.1,8150000
2,2,3,7500000
6,6,1,95000000
5,4,1,97500000
2,2,3.1,5000000
4,4,1,95000000
4,4,3.2,6000000
1,3,2.6,3300000
4,4,8,8000000
5,4,4.8,19500000
2,2,3,6500000
2,2,4.2,4500000
8,6,1,40000000
7,5,7,26000000
8,8,10,35000000
8,7,16,50000000
5,4,4.4,16000000
6,5,8,28500000
4,3,12,15500000
6,5,8,32500000
5,5,8,28000000
5,5,4.4,15500000
5,5,4.4,16500000
10,10,1,700000
0,0,1,50000
0,0,10,30000
3,2,5,19000
3,2,4,17000
5,5,1,160000
5,5,1,200000
3,3,1.2,110000
4,4,13,55000
4,3,1,38000
4,4,5,62000
5,5,1,160000
5,3,4,50000
0,3,1,70000
5,5,4.4,16500000
5,5,4.4,16500000
5,5,4.4,17000000
5,5,4.4,16500000
5,5,4.4,15000000
5,5,4.4,17000000
5,5,4.4,16500000
5,4,6.7,16500000
5,4,4.4,16500000
5,4,4.4,15000000
6,5,8,25000000
6,6,10,37000000
4,4,4.4,15500000
4,4,4.4,16500000
0,0,2.5,2800000
0,4,10,26000000
0,4,10,25000000
0,6,1,60000000
0,0,5,8500000
0,0,4,4500000
0,0,5,8000000
0,0,12,15000000
0,0,7,20000000
3,3,1,13500000
5,5,1.1,35000000
5,5,7,14500000
3,3,8,6900000
3,4,5,8500000
6,5,10,25000000
6,5,10,24500000
6,5,1,48500000
6,5,1.1,46500000
6,5,1.1,46500000
6,5,10,26500000
5,5,10,26500000
3,3,4,4000000
1,2,5,4600000
3,3,5,9132000
3,3,5,9132000
6,4,1.2,28000000
6,6,9,15500000
4,3,5,10500000
2,2,7.1,11000000
5,6,5,8500000
1,2,5,4600000
0,0,7,18000
0,0,3,20000
0,0,5,35000
0,0,7,45000
0,0,7,45000
0,0,7,25000
0,0,5,30000
2,2,10,20000
4,3,5,35000
4,3,5,32000
3,3,1,40000
0,0,10,25000
1,2,5,14000
4,3,1,63000
10,9,1,150000
3,2,10,35000
7,7,11.5,27000000
4,2,3,4500000
8,6,15,27500000
2,4,5.5,10000000
6,6,4.2,10000000
6,5,10,17500000
7,6,1,39000000
6,5,1,45000000
6,5,1,42500000
6,5,1,33000000
8,7,2,100000000
5,6,4,8700000
5,4,10,18800000
2,2,4,6000000
6,5,1,52500000
6,5,7.2,17000000
3,3,3.5,6900000
2,2,3,8500000
3,4,2,6500000
7,5,8,9500000
7,5,8,9500000
7,5,1,67500000
6,5,1,40900000
6,5,10.1,22000000
6,5,1,52000000
6,5,12,25000000
6,5,10,19000000
4,3,5,12000000
6,5,1,48000000
7,6,10,15500000
6,5,1,42000000
0,0,3,8000000
0,3,2.5,5500000
0,3,2.5,6500000
0,4,7,12500000
0,4,7,15000000
0,5,7,17000000
0,4,10,18500000
0,0,4,13000000
0,5,5,8000000
2,3,4.5,6000000
6,5,10,22000000
7,5,5,14000000
6,5,1,57500000
6,5,2,85000000
3,5,10,17000000
4,3,6,11600000
3,2,3.2,10000000
6,5,10,21000000
6,5,1,36000000
4,3,5,14000000
5,5,1,72500000
3,6,12,180000
4,3,8.2,88000
5,4,1,120000
10,11,2,1500000
2,2,3.3,50000
5,5,1.2,250000
3,3,4.8,30000
3,3,7.3,85000
2,3,8,60000
0,0,4.2,30000
2,2,4.2,22000
3,3,7.3,45000
2,2,5,35000
2,2,2.4,16000
2,2,4.8,25000
5,5,8,140000
3,3,6.4,25000
2,2,4.4,6944000
3,3,7.6,11900000
2,2,6.2,9716000
3,2,4.8,8900000
2,2,2,2400000
2,2,4.8,15000000
2,2,2.9,4400000
7,6,16,80000000
6,8,16,38000000
3,3,6.4,14000000
5,4,14.7,50000000
5,4,12,52500000
2,2,2.8,3500000
3,6,3.8,5500000
5,4,9,70000000
3,3,6.4,7000000
4,3,8,11000000
4,3,12,30000000
3,3,6.7,16000000
4,3,8,11000000
4,4,10,26000000
2,2,5.6,9000000
3,3,4.7,4000000
2,2,5.6,9000000
0,0,5,20000000
4,3,8,12000000
6,6,8,13000000
6,4,4.8,15000000
2,2,2.9,3900000
3,3,6,8500000
3,3,4.3,6800000
7,6,16,55000000
3,5,8.8,18000000
0,0,4.4,4800000
1,1,1.6,2100000
2,4,3.4,6500000
3,3,6,11500000
5,4,6.4,19000000
2,2,5.3,5000000
3,4,17,28000000
2,2,3,3700000
3,3,6.7,12500000
4,3,5,13000000
3,3,5.3,18000000
2,2,4.2,5800000
4,3,8,12500000
4,9,3.4,9200000
2,2,4.2,4100000
4,6,3.4,8800000
3,2,5.3,24000000
3,3,8.4,11000000
4,3,8.9,35000000
5,5,14,150000000
3,3,7.6,16500000
5,5,1,100000000
4,3,8.2,28000000
2,2,12,18500000
8,8,1.5,62500000
5,4,8.6,15000000
0,0,4.8,25000000
0,0,9.6,23000000
0,0,1,25000000
4,4,6.8,29000000
2,2,3.6,3500000
4,9,4.8,19000000
1,1,2.1,3000000
0,0,6.2,6800000
2,2,2.7,4200000
0,3,4.2,9300000
2,2,3.3,5500000
3,3,8,20000000
2,2,4.2,6500000
5,4,4.4,16000000
0,0,4.4,6500000
10,10,14.2,63500000
9,6,12,31000000
7,6,10,15500000
3,3,6.7,8500000
6,6,8,14500000
4,4,8,18500000
6,6,8,19000000
2,2,4.8,8200000
3,3,8.6,14000000
3,3,4,18000000
6,6,13,28000000
6,5,8,30500000
6,5,8,26500000
6,6,13,26500000
2,3,6,9500000
4,4,9.3,27500000
2,2,5.2,7000000
1,1,2.6,3800000
1,1,2.6,4000000
3,3,5,13500000
3,3,5,13000000
0,5,8,32500000
0,5,8,28000000
0,0,5,50000000
3,3,1,80000
2,3,4.4,40000
4,3,14.2,50000
3,2,8,35000
5,4,4.4,45000
0,0,8,21000
3,3,8.1,50000
2,2,5.5,35000
4,3,1,43000
2,1,6.7,150000
1,1,3.9,130000
1,1,5.1,135000
3,2,9,220000
4,3,13.3,300000
3,2,10,210000
4,3,12,300000
2,1,6.7,150000
2,2,5.2,31000
2,2,5.2,32000
2,2,5.2,31000
1,1,4.4,24000
3,3,1,110000
1,1,2.9,21000
1,1,2.6,36000
2,2,2.2,18000
2,2,5,22000
3,3,8,10000000
0,0,7,2200000
3,4,4,8000000
6,4,10,11500000
0,0,5,7000000
0,0,5,7000000
4,4,6.5,16500000
3,3,3,4500000
3,3,2.5,4500000
5,5,7,14800000
6,8,7,13000000
0,0,6,14000000
6,10,5,13000000
8,8,1,16500000
4,3,11.6,18000000
3,3,5,5000000
4,4,3,5800000
6,6,10,15500000
4,4,1,45000
2,2,6,20000
2,3,5,16000
6,5,1,39000000
3,6,8,11500000
3,5,1,70000000
3,3,5,9500000
3,5,3,4800000
7,6,2,140000000
9,7,1,35000000
2,2,3,3000000
4,3,3,6700000
5,5,8,17500000
0,4,7.5,19000000
0,3,3.5,9500000
0,3,3,8500000
7,6,1,50000000
7,6,1,37500000
2,1,3,3300000
8,9,13,48800000
7,6,1,37000000
8,6,1,48000000
8,6,1,37500000
7,4,10,32500000
5,4,10,20500000
7,6,2,100000000
4,3,5,14800000
4,3,5,14500000
3,3,5,14500000
1,2,5,4000000
4,3,5,12900000
5,3,10,21000000
5,4,5,14500000
4,4,8,18000000
3,3,5,10000000
6,5,1,49500000
6,5,1,83000000
4,3,5,14200000
4,3,5,13800000
4,5,9,19000000
4,3,8,21000000
0,0,5,3400000
4,4,5,11000000
3,3,10,15500000
0,0,3.3,7000000
0,0,1.4,3000000
3,3,10,11500000
3,3,10,14500000
3,3,10,13500000
6,5,10,25000000
6,5,10,13000000
1,3,5.6,5850000
4,3,3,6500000
3,3,6,9100000
5,6,5,6500000
5,4,5,13000000
4,6,5,9500000
0,0,3,3400000
7,5,8,18000000
0,0,10,16000000
4,4,5,10900000
4,3,5.5,11000000
8,7,3,220000000
1,2,4.8,24000
3,4,3.2,30000
2,2,2,10500
3,3,1,65000
2,2,4.4,30000
6,4,10,130000
3,3,1.2,80000
0,0,2,650000
3,2,4.2,50000
3,5,12,48000
4,4,4.4,55000
3,3,13,45000
3,3,5.6,45000
0,0,7,65000
3,4,12,48000
4,4,14,250000
10,11,4,1800000
2,2,8,40000
2,2,4.9,30000
3,3,5.3,55000
8,4,14.4,20000
3,3,4,130000
3,3,8.8,50000
6,5,1,160000
3,3,8,35000
5,4,12,170000
3,3,9.3,45000
3,3,6,40000
5,6,8,42500000
8,8,4.8,12800000
3,3,8,11000000
2,2,4.9,8000000
5,6,4.8,17000000
6,6,12,57500000
3,3,8,21000000
6,4,4.8,11800000
5,4,12,21000000
3,2,3.2,4500000
0,0,4.8,17500000
2,2,4.8,6000000
6,6,9.6,25000000
6,6,9.6,25000000
2,6,2.4,5500000
5,5,1,118500000
3,3,9.6,26000000
2,2,4.2,10000000
2,3,4.4,4300000
6,6,4,25000000
0,0,5.3,14500000
6,6,11.1,15000000
0,4,16,22500000
4,3,11.4,41000000
4,7,4.4,6000000
0,0,3.2,8800000
3,3,6,7000000
0,0,4,5200000
2,2,4.8,11000000
4,3,1.1,87500000
4,4,4.8,18300000
5,7,5.7,9600000
6,6,1.1,80000000
5,4,4.8,18000000
7,8,4.8,17000000
3,3,6,8500000
2,3,6.7,8000000
6,6,9.6,40300000
5,6,8,34000000
2,2,3.6,3200000
1,2,2.7,3700000
3,3,8,14000000
3,3,8,22500000
4,4,8,14000000
6,6,8,22500000
5,4,10.4,15000000
6,6,13.3,20000000
6,6,9.6,40000000
2,2,4.8,6200000
3,3,9.7,45000000
3,3,6,8500000
2,2,3,5500000
2,2,4.4,6500000
2,2,4,7500000
3,3,6.2,8000000
5,5,4.8,17000000
3,3,5.3,5000000
2,2,3.2,3200000
1,2,3.4,2500000
2,2,2.9,4800000
7,6,2,150000000
5,4,8,37500000
7,7,1.2,85000000
3,3,8.4,11000000
3,3,7.6,8500000
1,2,2.4,3300000
3,2,4.8,9000000
3,3,8.9,20000000
2,2,2.9,4600000
3,4,3.9,5500000
4,3,6,13000000
6,8,9.6,27500000
2,2,2.9,4400000
2,2,3.4,5500000
1,2,2.2,3200000
2,3,4.2,6000000
3,3,6.4,9000000
3,3,1.4,12500000
2,2,4,6000000
2,2,2.7,3800000
4,4,4.8,17500000
4,3,9,15300000
4,3,9,14400000
6,8,1.3,26000000
6,5,10,17500000
5,5,10,18000000
10,11,10.6,21000000
6,6,1.2,68000000
2,2,3,3600000
6,6,9,29500000
3,3,5.4,4800000
5,7,10,17500000
4,3,5,7500000
5,4,5,15800000
5,4,8,18500000
6,4,7,11500000
7,5,8,15000000
6,4,8,26000000
2,2,4,3300000
6,4,7,11500000
0,0,4.9,4600000
2,2,4.4,3300000
6,6,1,70000000
6,5,2.1,280000000
3,4,4,12500000
8,6,1,44000000
6,5,1,32000000
2,2,5,4500000
2,2,4,3500000
7,6,12.4,22500000
7,5,10,17000000
3,3,7.8,7000000
3,3,5,12500000
3,2,6,22000
3,2,14,45000
1,1,2.7,23000
1,1,16.7,25000
0,0,14.2,60000
3,3,14.2,60000
5,4,17,65000
1,1,1,10000
6,6,14.2,150000
1,1,5.3,17000
3,2,9.3,28000
3,3,14,60000
3,4,13.3,125000
3,3,14.2,75000
4,3,4.7,30000
4,3,19.5,200000
5,4,1,43000
2,3,6,45000
3,3,11,75000
3,3,11,55000
2,2,4,25000
3,3,3.6,70000
2,2,4,46000
3,2,5,23000
2,2,4.4,22000
2,2,8,26000
2,2,8,30000
1,1,3,17000
1,2,2,15000
6,6,15,85000
7,4,7,44000
0,0,1,90000
9,9,3,230000
3,3,15,35000
3,3,10,45000
5,4,10,20000000
6,5,10,16000000
5,4,5,10000000
0,0,6,12500000
0,0,2,2800000
5,6,12,13000000
3,3,4,7500000
7,6,1,44000000
6,5,10,26000000
6,5,10,20000000
2,2,3,4000000
6,5,12,23500000
5,5,10,15000000
6,5,10,25500000
6,5,10,25000000
4,7,1.5,27500000
6,5,10,26500000
6,5,1,46500000
8,6,1,40000000
6,5,17.8,8000000
3,2,5,5500000
3,3,5.5,8400000
6,5,10,23500000
4,4,10,8500000
5,5,10,90000
2,2,6,15000
2,2,3,15000
0,0,12,40000
3,3,1,70000
1,1,5,10000
1,1,2.2,27000
3,2,10,25000
3,3,4,35000
2,1,3.6,45000
2,3,5,16000
3,3,10,36000
6,11,1.2,65000
2,1,3.6,50000
3,3,5,12500000
4,4,6,13000000
5,5,10,16000000
3,3,5,9000000
3,3,5,7500000
3,3,5,9000000
3,3,5,11000000
3,3,5,11000000
4,4,10,16000000
5,5,10,20000000
3,3,5,8000000
5,5,11,22500000
5,5,11,22500000
3,3,3,3400000
3,3,3,3400000
3,3,3,3500000
3,3,3,3600000
3,3,5,8000000
3,3,5,8000000
3,3,5,8000000
3,3,5,7600000
3,3,5,7600000
3,3,5,8000000
3,3,5,7200000
3,3,5,7700000
3,3,5,7500000
3,3,5,7500000
6,5,8,25000000
3,3,5,12500000
3,3,5,11800000
3,3,5,12000000
6,5,5,11500000
3,3,5,11500000
3,3,5,11800000
3,3,5,12000000
3,3,5,12000000
3,3,5,12200000
3,3,5,12000000
3,3,5,12200000
3,3,5,12500000
4,3,5,12000000
7,7,10,29000000
4,4,2,7500000
4,4,2,6500000
3,3,3,9500000
4,4,5,16000000
4,4,5,16500000
5,5,10,27000000
5,5,10,35000000
3,3,2.5,3600000
5,4,8,23500000
1,1,3,8500000
5,4,10,19000000
5,4,10,19000000
0,3,6,9900000
0,3,5,17300000
0,3,5,17000000
0,3,6,9900000
2,3,3.5,4600000
6,5,10,21000000
6,6,1,45000000
5,5,2,113000000
5,5,1,72500000
5,5,10,22500000
4,3,5,15000000
3,3,8,13000000
6,6,10,32500000
4,3,5,14500000
4,3,5,13800000
5,4,10,17500000
6,5,1,41800000
6,5,10,24000000
6,5,1,48900000
4,3,5,10500000
6,5,1,38500000
6,5,1,43000000
4,3,5,10800000
4,3,5,11500000
4,3,5,11300000
6,5,1,41600000
3,3,5,9600000
3,2,1,29000000
4,3,5,10300000
4,4,5,10200000
2,2,5,7000000
4,3,7,21000000
1,1,1.1,2750000
1,1,1.1,2772000
1,1,1.3,2900000
1,1,1.5,3287000
5,5,5,9850000
6,5,1,30500000
3,3,5,14500000
5,6,6,13500000
6,5,8,12500000
7,5,2,100000000
7,6,1,47500000
6,5,1,150000
0,0,15.6,1050000
2,5,6,30000
2,3,5.3,30000
0,0,4.8,160000
3,3,6,38000
3,3,1,115000
2,3,3.2,10000
4,3,6.2,50000
2,2,3.6,22000
2,4,8,45000
3,3,16,65000
2,2,4.8,28000
0,0,8,38000
6,5,1,350000
3,3,1,110000
3,3,10.7,120000
2,2,4.8,28000
2,2,4.8,19000
3,3,1,120000
7,6,1,400000
0,3,1,200000
2,2,8.9,100000
3,3,9.6,40000
3,4,10,35000
3,3,9.8,210000
6,5,14,125000
4,3,9,16000000
3,3,5.8,7300000
4,5,4.8,18000000
3,3,5.8,6800000
3,3,5.8,7300000
2,2,4.2,3600000
4,4,4.8,13500000
2,2,3.2,6400000
5,7,3,6000000
2,2,3,3300000
3,3,5.8,6800000
3,3,6.4,17000000
0,2,4.8,12500000
0,4,4.8,16000000
0,2,4.8,11000000
0,3,16,26000000
3,4,2.8,3500000
4,4,16,18000000
4,4,10,47500000
4,4,10,50000000
2,2,3.2,4800000
0,0,6.6,11000000
0,3,6.7,11500000
0,3,10.2,11000000
0,2,3.1,3200000
0,4,4.8,15500000
0,3,5.7,6800000
3,2,3.4,6500000
2,2,3.6,3800000
1,1,5.6,8500000
5,5,1.3,80000000
8,8,10,13000000
1,1,4.4,8500000
4,4,5,15500000
7,5,7,28500000
5,4,4.4,16500000
4,4,6,10000000
5,4,6.7,31000000
5,5,5,24000000
6,6,9,37500000
7,6,1,35000000
7,6,1,110000
0,0,10,16500
4,3,1.3,70000
3,2,9.3,24000
2,3,10,42000
4,4,16,110000
3,3,10.2,75000
2,2,5,30000
4,3,10,27000
3,3,6,35000
4,4,1,85000
1,1,0.9,17000
6,5,10,70000
6,5,10,70000
0,0,1.3,400000
2,2,10,40000
3,3,12,42000
2,2,10,45000
2,3,7,42000
4,4,1,85000
3,3,5,25000
2,3,4.9,35000
0,0,4.9,70000
4,3,10,29000
3,3,8.9,51000
0,0,5,8000000
0,0,5,8000000
1,1,2.7,12000000
8,7,10,24000000
6,5,7,15000000
6,5,7,13500000
4,3,5,10000000
7,10,7,9900000
6,5,7,14000000
6,5,7,15500000
6,5,7,15000000
6,5,10,19000000
6,5,10,19000000
0,6,16,32500000
2,3,3,1700000
0,5,10,21000000
0,5,10,22500000
0,5,1,22500000
6,6,7,35000000
4,4,5,7000000
2,2,5,4500000
6,5,10,23500000
3,3,7,5000000
0,0,5,35000
0,0,5,35000
0,0,5,40000
0,0,5,40000
0,4,5,33000
0,4,5,34000
0,0,2,11000
0,2,5,15000
0,0,12,32000
0,0,5,32000
1,1,2,35000
0,0,1.6,25000
0,2,2,10000
0,3,10,35000
0,0,5,35000
1,1,1.3,25000
0,3,5,32000
1,1,2,35000
0,0,2,10000
0,0,5,40000
0,0,5,35000
0,0,5,35000
3,2,3.5,12000
2,2,1,30000
3,2,6,25000
3,4,10,65000
3,2,7,26000
4,3,7,25000
3,2,6,24000
3,3,1,80000
2,2,10,40000
3,2,10,35000
4,4,14.2,36000
2,5,6,11000000
6,5,1,49000000
5,5,10,27000000
6,5,1,44500000
4,3,5,16000000
5,4,10,18500000
4,4,10,18000000
3,3,5,9900000
4,4,10,23000000
5,5,10,32500000
6,5,1,41500000
3,3,5,15500000
5,4,12,17000000
4,3,5,8700000
3,3,5,15500000
3,3,5,28000000
3,3,13.9,34000000
6,5,10,17500000
4,3,5,11400000
3,3,3,2600000
5,4,9,20500000
5,5,1,47500000
5,5,10,24000000
6,7,6,12500000
6,5,1,65000000
5,5,1,60000000
5,4,10,39900000
6,5,1,50000000
8,7,2,78500000
5,3,8,145000000
5,5,1,75000000
4,3,5,10500000
4,3,10,12500000
6,5,1,30000000
4,4,10,33500000
7,6,2,120000000
6,5,1,63000000
7,6,1,40000000
4,4,10,38500000
6,5,1,41500000
3,3,5,11000000
7,5,1,39000000
0,0,2,65000000
7,6,1.1,49000000
1,1,2.3,3600000
5,5,2,79500000
5,5,1,70000000
7,6,2,90000000
0,0,2,220000000
5,5,1,75000000
4,3,2.5,4700000
1,2,5,4200000
3,3,5,11000000
4,4,5,9000000
4,3,3,5200000
2,1,3,3600000
5,5,12,32500000
5,5,5,12500000
3,3,5,11000000
5,5,1.6,120000000
0,0,1.6,90000000
5,5,5,17000000
4,3,5,17200000
2,2,8,11000000
6,5,1,40000000
3,3,3,5600000
2,2,2.8,3800000
2,2,2.8,3800000
2,2,2.8,3800000
3,3,3.2,6800000
3,3,5,14000000
3,3,4.5,13000000
3,3,4.5,13000000
3,3,3,9000000
2,2,1.2,2900000
2,2,1,2600000
8,7,1,58000000
4,4,2.5,4500000
4,3,5,11500000
5,4,10,38000000
6,5,5,16000000
4,3,5,15200000
3,3,4,7500000
0,3,5,12000000
0,3,10,22000000
6,5,10,24000000
6,5,1,59900000
6,5,1,89000000
6,5,8,14000000
4,3,5,13700000
6,5,9,20000000
6,5,9,19000000
6,5,1,80000000
6,5,1,82500000
7,5,2,100000000
4,3,5,15200000
0,3,5.7,6500000
0,3,4.8,21000000
0,2,3.1,3200000
0,0,6.6,11000000
0,3,6.7,11500000
0,3,10.2,11000000
0,2,3.1,3200000
0,4,4.8,15500000
0,3,5.7,6800000
0,3,5.7,6500000
0,3,5.7,6200000
0,3,4.8,21000000
0,2,3.1,3200000
4,4,12,57500000
4,5,4.8,18000000
4,4,12,57500000
2,2,4.2,7500000
4,4,12,65000000
0,0,9.6,23000000
0,2,3.3,4200000
0,2,4.2,7800000
0,0,8.4,15600000
0,2,3.3,5800000
0,2,3.3,5600000
0,2,3.3,5600000
0,2,3.3,5600000
0,2,3.3,5600000
5,4,13.2,41500000
5,5,12,65000000
0,2,5.3,3900000
0,3,7.1,7800000
0,3,6.4,10500000
0,4,4.8,18500000
3,3,4.9,8400000
4,3,9.8,45000000
0,6,9.6,30000000
0,4,4.8,18000000
0,4,4.8,18000000
0,4,4.8,12500000
0,0,8.4,11500000
4,4,12,62500000
0,0,4.8,10000000
7,6,6,18500000
2,2,4.2,32000
3,3,16,50000
2,2,7,30000
3,3,7.3,45000
0,2,4.8,25000
5,4,2,190000
6,5,15.6,120000
6,6,1.2,400000
3,3,7.6,75000
7,6,1,190000
3,3,8.9,100000
4,4,5,11800000
1,1,3.1,4140000
1,0,1.4,1850000
6,5,8,13000000
1,1,2.1,2820000
6,5,1.3,112500000
1,1,2,2640000
2,2,4.5,6030000
2,2,4.3,5820000
0,0,6,6000000
8,7,8,35000000
2,2,4.1,5550000
2,2,3.9,5250000
5,5,5,25000000
3,3,6.9,9360000
7,6,8,15500000
3,3,6.1,8220000
3,3,5,6780000
2,2,4,3700000
4,4,7.6,10300000
0,0,4,15000000
0,0,4,25000000
5,5,4,15000000
5,5,1.3,150000000
1,1,2.7,2800000
3,3,1,45000
6,5,1,100000
2,2,3.8,30000
3,2,10,30000
4,4,8,110000
1,2,4.4,40000
3,3,12,35000
3,3,5.3,45000
2,2,4,38000
2,2,1,130000
10,11,2.3,350000
2,2,8.8,42000
3,3,1,90000
3,3,14,60000
2,3,7,45000
3,4,1,100000
4,4,1.8,480000
7,6,10,20000000
2,2,5.6,12500000
6,5,7,14500000
1,1,2.7,3150000
6,5,10,20000000
4,4,16,21000000
5,5,7,14500000
5,5,7,14500000
0,6,10,18000000
6,5,7,14500000
5,5,7,14500000
2,2,4,3000000
3,3,10.5,12000000
2,2,4,2500000
6,6,5.5,11200000
5,5,7,14500000
2,1,3.8,7300000
0,6,10,16000000
0,6,10,20000000
0,5,10,19000000
0,2,3,5500000
0,4,4,7000000
0,6,10,16000000
0,4,5,12000000
0,8,1,37500000
0,6,10,20000000
0,5,10,19000000
0,2,3,5500000
0,4,4,7000000
0,0,5,7000000
0,3,10,22000000
2,3,5,9500000
2,2,5.6,82000
0,5,10,55000
0,3,1,35000
0,2,5,22000
0,3,10,35000
0,2,10,30000
0,2,5,25000
0,2,5,26000
6,5,10,75000
3,2,10,35000
6,5,2,65000000
2,2,5,10900000
2,2,5,6700000
0,0,10,24000000
4,4,8,16000000
4,4,5,15000000
0,0,10,21500000
6,5,1,56000000
6,5,1,39000000
6,5,1,52500000
6,5,1,36000000
6,5,1,38000000
6,5,1,40000000
6,5,1,52500000
6,5,1,47000000
4,9,5,7500000
6,6,1,81000000
7,6,2,130000000
4,3,5,10700000
4,3,5,10200000
3,3,2,3600000
4,3,5,11500000
6,4,6,15500000
3,4,1,21000000
6,9,5,37000000
8,9,13,48800000
5,6,8,24000000
6,4,10,24500000
6,5,1,49500000
2,2,4,7000000
3,3,4,5500000
6,6,4,9500000
3,3,3,6500000
3,3,3,5500000
5,5,5,10000000
3,3,3,6700000
5,5,10,17000000
4,4,4,9500000
3,3,4,8500000
3,3,3,7000000
0,3,4,12500000
0,4,10,30000000
0,4,10,27500000
0,4,10,28000000
5,5,1,27500000
2,2,10,15000000
5,5,10,17500000
5,5,10,17000000
8,7,2,90000000
3,3,5,9500000
5,5,10,20000000
3,3,1,22500000
5,5,10,21500000
5,5,1,30000000
2,4,4,6500000
5,5,10,20000000
3,4,6,11500000
0,0,8,20000000
0,0,3,2400000
5,5,10,17500000
3,3,8,12000000
4,4,12,57500000
3,3,8,15000000
4,4,12,61500000
2,3,6.4,10000000
3,3,6.1,15500000
4,4,12,47500000
2,2,4.7,11500000
4,4,10,52500000
4,4,10,46500000
0,0,4,180000000
4,4,10,47500000
3,5,2.8,6800000
3,3,4.4,7200000
2,4,5.3,3000000
2,3,4.9,4400000
0,0,5.6,9500000
4,3,16,37500000
0,0,3.8,8500000
2,2,4,6000000
5,4,12,70000000
6,6,1,85000000
7,6,4,340000000
3,3,6,14200000
6,6,8,28000000
2,2,3.1,2600000
2,2,4,3500000
2,2,3.9,3300000
8,8,1.4,42500000
8,8,8,22500000
2,2,3.4,3000000
1,2,2.6,1700000
0,0,6.4,6000000
7,6,9.6,35000000
4,3,8,32500000
3,2,5.6,9500000
7,6,9.6,35000000
4,4,3,8500000
3,3,16,18500000
2,2,4.5,2800000
3,3,10,18000000
3,3,6.1,11500000
6,6,12,39000000
0,0,3.6,2600000
5,4,2.1,137500000
2,2,2.4,16000
2,2,3.2,20000
3,2,4,45000
3,3,1.2,150000
2,2,8,32000
2,2,4.8,28000
3,3,6,30000
3,2,4.8,26000
5,4,14.2,130000
2,2,4,25000
3,3,7.1,35000
4,3,10.2,60000
3,3,16,65000
3,3,6.2,40000
3,3,7.6,70000
0,0,9.6,40000
3,3,9.6,40000
4,4,14,275000
3,3,5.8,35000
2,2,8,25000
4,4,12,300000
4,4,8.9,70000
6,5,1,225000
3,3,6.7,60000
3,3,8,17000000
3,3,12.4,46000000
5,5,17.1,67000000
1,2,2,1800000
5,5,17.1,65000000
4,4,2,137500000
2,2,4.2,6250000
5,5,11.4,28000000
6,5,1,92500000
3,3,8,19700000
2,2,4.8,8800000
3,3,6.2,13500000
4,3,8,22000000
4,3,8.9,42000000
3,3,4.4,7500000
3,3,6.2,7500000
5,5,16,40000000
0,0,1,80000000
2,2,3.2,5000000
3,2,4,5000000
3,3,5,13000000
3,3,5,13000000
3,3,5,13000000
3,3,5,13000000
3,3,5,13000000
3,3,5,13000000
9,6,4.8,14600000
5,4,11.6,37000000
2,2,5.6,5800000
3,3,5.3,10000000
3,3,5.3,10000000
2,2,4.4,9000000
2,2,4.4,9000000
5,4,6.7,16600000
1,1,4.4,20000000
5,5,1,95000000
4,3,1.3,75000000
6,4,6,11500000
7,7,14.2,62500000
7,6,8,16000000
3,2,4,5500000
5,5,10,100000
2,2,3.6,17000
2,2,7,40000
1,1,2.4,25000
2,2,10,42000
2,2,8,38000
4,3,5,50000
5,5,1,200000
2,3,6,37000
6,6,1.3,250000
3,3,7,25000
4,3,1,55000
10,10,2.4,650000
3,3,14,75000
1,1,3.3,28000
2,2,6.7,45000
2,2,3.8,30000
3,3,1,90000
0,0,2,3500000
3,3,5,5500000
2,2,3.1,5800000
9,9,8.2,27500000
6,5,10,26500000
7,5,10,25500000
3,3,10,18500000
0,3,5,35000
0,0,5,25000
0,0,11,35000
0,0,5,12000
3,3,5,25000
6,5,10,60000
5,4,7,50000
5,5,2,113000000
5,5,1,72500000
5,5,10,22500000
5,4,10,25000000
4,4,10,10000000
3,3,5,6500000
4,4,10,17000000
4,4,10,10000000
4,4,10,10000000
4,4,10,10000000
3,3,5,6500000
0,4,5,8500000
0,4,5,9000000
0,5,5,8000000
0,5,5,8500000
0,3,3,5500000
0,3,3,5500000
0,3,3,5500000
3,3,5,11500000
4,4,10,21000000
0,0,9,16200000
4,4,10,21000000
3,3,5,12000000
0,4,10,32000000
4,4,5,14000000
3,3,5,14700000
4,4,7,16500000
5,5,5,12500000
5,5,5,12500000
3,3,3,7500000
4,4,7,11500000
3,3,5,11500000
4,4,5,12500000
3,3,5,8500000
4,4,3,11500000
6,5,1,46500000
5,5,10,21000000
5,4,10,30500000
6,5,1,39500000
6,5,10,17500000
4,3,5,12000000
2,3,3,2700000
6,5,5,10500000
6,5,10,26500000
6,6,10,23000000
5,4,10,34000000
6,5,5,17500000
7,6,1,27000000
6,5,5,17000000
5,4,10,24500000
0,3,5,13500000
0,3,5,12500000
0,4,5,13500000
7,7,1,35000000
6,5,10,42500000
6,5,7,17000000
5,4,7,21000000
2,2,1,2000000
5,5,2,6000000
4,4,1,70000000
4,3,5,10800000
4,4,12,18500000
6,5,5,17000000
0,0,16,50000000
6,5,1,38500000
7,7,2,70000000
3,3,10,30000000
5,5,1.6,90000000
5,5,1.5,75000000
5,5,1.6,105000000
2,3,5,7800000
5,5,1.6,85000000
0,0,1,60000000
4,4,14,38000000
4,3,8,8000000
3,3,5,12000000
6,6,1,85000000
5,4,10,25000000
6,5,1.1,55000000
6,5,2,120000000
6,5,1,82500000
4,3,5,14500000
0,2,2.5,3500000
0,2,2.5,3700000
0,2,3,3500000
0,6,9.5,30000000
4,4,1,55000000
2,2,4.7,8500000
2,2,4.7,8500000
2,2,4.2,8000000
2,2,4.2,8000000
3,3,5,13000000
3,3,5,13000000
3,3,7.8,29000000
3,6,3,9000000
4,4,11,27000000
2,2,2.6,3200000
8,4,7.7,22500000
5,5,1,83000000
4,7,9.6,31000000
6,6,12,48000000
6,6,9.6,37500000
2,1,2,7400000
3,3,4.9,15000000
5,5,1,67500000
5,5,1,70000000
5,5,1,65000000
7,6,1.2,120000000
6,8,7.1,26000000
6,6,12,49000000
3,3,9.6,28500000
7,7,2,165000000
10,11,1.6,115000000
5,5,1,75000000
5,5,1,55000000
2,2,5.3,7000000
3,3,7.1,20500000
3,3,7.1,20000000
3,3,9.3,46000000
3,3,8,35000000
5,5,18.7,80000000
5,5,18.7,85000000
5,5,18.7,90000000
5,5,18.7,95000000
5,5,18.7,100000000
3,3,11.4,31000000
2,2,3.1,3300000
2,2,3.3,3800000
2,2,4.9,4500000
2,2,3.1,3300000
2,2,3.3,3800000
3,3,5.3,8500000
5,5,14,95000000
5,5,14,100000000
5,5,14,105000000
5,5,14,110000000
4,3,9.6,25000000
5,5,14,125000000
5,5,14,120000000
5,5,14,115000000
3,3,8.9,35000000
3,3,8,35000
5,5,17.1,110000
2,2,3.1,25000
2,2,4,45000
2,2,4,25000
2,2,4.8,25000
3,3,7.6,70000
2,2,1,130000
4,3,7.1,44000
4,4,1,160000
5,5,8,180000
5,4,8,160000
3,3,1,185000
4,3,1,180000
2,2,4.8,15000
4,3,6.4,32000
6,4,12,120000
3,3,7.3,25000
3,3,12,55000
4,4,1,225000
3,3,7.1,65000
5,5,18.7,150000
5,5,18.7,155000
5,5,18.7,160000
5,5,18.7,165000
3,3,11.4,48000
3,3,11.4,53000
3,3,11.4,60000
3,3,11.4,60000
2,2,4.3,25000
2,2,4,28000
5,5,14,155000
5,5,14,160000
5,5,14,165000
5,5,14,150000
5,5,14,170000
3,3,7.1,16000000
3,3,6.7,25000000
5,4,10,65000000
2,2,2.4,4500000
3,3,4.9,12000000
3,3,5.8,19000000
6,6,9.6,30000000
2,2,3.7,6000000
2,2,4,4500000
2,2,8,6500000
3,3,5.3,7000000
2,2,3.7,6000000
2,2,3.3,6500000
2,2,3.8,4500000
2,2,4.4,3600000
6,6,3.2,11000000
8,8,4.8,15000000
3,3,5.1,4800000
3,3,5.3,6500000
2,1,3,4300000
6,4,5,8000000
4,4,5.6,12000000
4,4,5,15000000
2,2,4.8,7500000
8,8,1,77500000
5,5,1,55000000
2,2,5.1,5800000
5,4,11,18000000
0,0,10,42500000
1,2,4.1,6000000
2,2,6,7235000
8,8,1.1,45000000
0,0,7,12000000
2,2,3.5,955000
6,5,1.3,33000000
7,5,6,13500000
2,2,5.1,5920000
3,2,5,5000000
2,3,6.7,20500000
6,5,8,14000000
3,3,1,75000
3,4,1.3,90000
7,6,10,140000
0,0,5,35000
6,6,1,250000
3,3,1,90000
2,2,6.2,60000
0,0,5,10000000
0,0,7,16500000
0,0,7,18500000
0,0,5,11500000
0,0,7,20000000
0,0,5,10000000
0,0,5,10000000
0,0,5,10000000
0,0,7,20000000
0,0,7,16000000
5,4,10,17500000
3,3,5,940000
4,8,6.1,8500000
0,0,1,45000
0,0,1,45000
0,0,5,30000
0,0,12,40000
0,0,5,35000
0,0,5,35000
0,0,5,33000
0,0,5,35000
0,0,5,32000
1,2,2,12000
0,0,5,23000
0,0,5.5,45000
0,0,5,55000
0,0,5,56000
0,0,5,57000
0,0,5,58000
0,0,5,69000
0,0,5,60000
0,0,10,80000
0,0,10,81000
0,0,10,82000
0,0,10,83000
0,0,10,84000
0,0,10,86000
0,0,10,87000
0,0,10,88000
0,0,10,98000
0,0,10,90000
3,2,11.1,35000
5,5,1.3,51000000
5,4,17,37000000
0,5,2.1,55000000
6,5,1,30000000
4,4,1,47500000
3,3,1,52500000
0,5,10.4,21000000
0,4,1,35000000
4,4,10,16500000
5,5,1,65000000
4,3,5,10600000
3,3,11,17800000
6,5,11.5,20000000
0,3,5,13000000
6,5,5,16500000
5,5,1,60000000
6,5,1,60000000
6,6,2,120000000
2,2,2,90000000
4,4,5,80000
5,5,1,44000000
3,3,11.8,25000000
4,4,10,26000000
2,2,12,30000000
3,3,10,12000000
5,4,10,34000000
3,3,10,19500000
4,4,10,21000000
3,3,7,21000000
0,0,1,27000000
5,5,10,25000000
6,5,1,41500000
7,6,1,42500000
5,5,17,35000000
2,3,9,12000000
6,5,1,38500000
5,5,1.5,80000000
3,3,11,16800000
3,2,5,3800000
5,5,1.5,75000000
4,4,10,22500000
3,3,6,15000000
6,5,17,42000000
6,5,10,22500000
3,3,2,6000000
0,0,3,330000000
0,0,4.8,500000000
6,6,1.6,72500000
0,0,4,220000000
7,5,1,46500000
0,0,4.3,220000000
6,5,1,41500000
4,3,7,20000000
6,5,1,47500000
2,2,3,2500000
6,5,10,23500000
6,5,1,51500000
0,3,5,13000000
6,5,1,47400000
0,3,5,15500000
6,5,1,45500000
0,0,1,99000000
4,3,10,12200000
0,6,1,99000000
3,3,6.4,12000000
3,3,6.4,11000000
2,2,3.1,6000000
1,1,1.3,3500000
2,2,4.4,8300000
2,2,4.4,8000000
2,2,3.1,5500000
3,3,5.6,9500000
3,3,10,24500000
3,3,5.6,9500000
3,3,10,30000000
4,4,9.8,32500000
3,3,6,12500000
2,2,3.1,6000000
0,0,18.7,80000000
3,3,6.4,12000000
3,3,6,12500000
2,2,4,4500000
6,6,1.2,87500000
2,2,2.9,3000000
0,2,5.3,6500000
0,0,8.6,32000000
3,3,12,19000000
6,5,1,127500000
2,2,6.2,12000000
2,2,6.2,12000000
2,2,6.2,12000000
2,2,6.2,12000000
2,2,6.2,12000000
3,3,5.8,10000000
3,3,7.1,15000000
2,3,4.8,19500000
3,3,7.8,12500000
3,3,9.6,37000000
0,0,4.8,5000000
0,0,2.4,4000000
0,2,2.9,4200000
0,0,4.8,14000000
0,0,9.6,27500000
0,0,4.8,14500000
0,0,4.8,5500000
0,0,2.4,4000000
0,0,2.4,4000000
0,0,4.8,14000000
1,2,1.8,2200000
2,4,2.4,8000000
2,2,3.3,4750000
3,3,8.9,25000000
5,5,10.2,11000000
0,5,18.7,85000000
3,3,6.4,15500000
6,6,9.6,27000000
0,0,8,9000000
0,0,9.4,9000000
0,0,5,10500000
3,3,9.8,16500000
2,2,4.2,6500000
2,2,4.4,7000000
2,3,5.3,9000000
0,0,2,240000000
6,5,1.2,115000000
7,6,1,110000000
4,4,9.6,36500000
0,0,4.8,23000000
2,2,3.3,3800000
4,4,13.2,40000000
4,4,13.2,39000000
3,5,2.4,4500000
3,3,7.1,40000
5,5,15.2,180000
3,3,8,50000
3,3,11.4,47000
3,3,11.4,45000
2,2,4.2,18000
3,3,11.4,55000
3,3,11.4,58000
3,3,11.4,52000
1,1,1.6,15000
4,4,4,125000
3,3,10,45000
3,3,10,44000
3,3,10,50000
3,3,10,57000
3,3,6.4,36000
2,2,4,20000
3,3,6,30000
3,3,1.2,160000
3,3,12.2,60000
3,3,10.2,80000
0,0,16,225000
2,2,8,30000
3,3,9.6,45000
4,4,12,175000
4,4,13.2,70000
4,4,13.2,70000
4,4,13.2,70000
4,4,13.2,72000
0,3,6,40000
3,3,8,55000
3,3,8,35000
4,4,12,195000
2,2,4.4,45000
4,3,14.2,125000
3,3,10.2,120000
3,2,4,35000
2,1,2,28000
0,0,8,25000
4,4,13.2,70000
7,7,12.4,43000000
4,5,5,24000000
0,0,9,37500000
4,4,5,10000000
5,5,10,13500000
4,4,5,11000000
6,6,10,14500000
8,8,12,20000000
0,0,1,43500000
4,4,3.6,12000000
4,4,4.4,16000000
4,4,5.6,19000000
4,4,8,25000000
6,6,14.2,55000000
6,6,1,70000000
6,6,2,110000000
4,4,4.4,12000000
4,4,8,23000000
6,6,9.3,35000000
1,1,1.6,1830000
5,5,9.6,23000000
7,6,8,14500000
6,6,5,12500000
4,4,6,28000000
3,3,6.7,31500000
4,3,12,38000
3,3,1,78000
3,3,1,100000
3,2,10,62000
2,2,5,35000
2,2,6,29000
1,1,11.1,32000
5,6,6,70000
2,2,6,35000
4,3,1,55000
4,4,1,49000
3,2,10,32000
3,3,1,45000
3,2,10,30000
4,3,1,55000
2,2,4,28000
3,3,1,45000
2,2,4,27000
3,3,1,165000
3,3,14.2,55000
5,4,1,65000
4,4,2,200000
0,3,5,15500000
6,5,10,24000000
5,4,10,16500000
4,3,5,13800000
0,0,3,14000000
6,5,1.1,77000000
6,5,1,54500000
2,5,3.5,7500000
0,0,6,13500000
0,2,3,3000000
0,2,3,3100000
0,0,3,3500000
0,0,2.5,3000000
6,6,2.2,85000000
2,2,6.2,6400000
3,3,5,10000000
5,5,7,15000000
3,3,5,10800000
6,5,10,23000000
2,2,5,6000000
0,5,10,26000000
0,5,10,25500000
0,8,5,5000000
0,0,9,10500000
6,5,1,47000000
0,0,5,10600000
2,3,5,16000000
0,0,10,21300000
0,5,5,12000000
0,6,10,15500000
0,3,4,7000000
0,5,7,12500000
0,4,4,9000000
0,5,5,9000000
0,4,5,9500000
2,2,7,26000
0,0,10,27000
4,4,8,50000
0,0,5,30000
0,0,3,22000
5,4,10,60000
0,0,12,38000
0,0,12,18000
0,2,4.4,28000
3,4,4.4,25000
4,4,5,45000
4,4,18,75000
7,6,1,135000
6,4,1,68000000
5,4,5,13000000
7,5,1,67000000
6,5,2,65000000
7,6,2,200000000
7,6,2,75000000
5,5,10,26000000
6,5,2,140000000
6,5,2,70000000
3,3,5,12500000
0,3,5,14500000
2,2,3,4500000
7,5,8,17500000
2,2,3.5,2900000
6,5,1,39000000
6,5,1,42900000
6,5,1,38500000
6,5,1,39000000
6,5,2,60000000
2,2,5,6500000
6,5,1,48900000
6,5,2,120000000
2,3,5,7000000
6,5,2,140000000
4,3,10,13200000
2,2,7,9000000
2,3,3,6000000
1,2,5,4100000
5,4,10,34000000
6,5,1,36000000
4,3,5,14000000
5,4,10,22000000
8,7,2,65000000
7,6,2,75000000
4,3,2,70000000
7,6,2,100000000
7,6,2,80000000
7,6,2,85000000
5,4,2,95000000
2,2,4.4,7500000
3,3,8.4,11400000
4,4,14,19800000
2,2,4.2,6700000
6,6,12,37500000
2,2,4.4,9500000
4,4,14,56500000
4,4,12.4,14500000
7,7,1.1,72500000
4,4,1,59500000
3,3,8,20000000
6,5,1,92500000
2,2,4.2,5500000
2,2,2.2,6800000
5,5,1,68500000
2,2,3.3,4500000
0,9,1,150000000
3,3,8,13500000
3,3,8,12500000
3,3,8,15000000
2,2,3.6,6000000
5,5,1,80000000
2,2,4.9,11500000
0,10,4,250000000
0,5,4,250000000
0,6,8,27500000
0,12,1.2,50000000
0,6,9.3,45000000
0,6,8,25000000
3,3,6,12000000
2,2,5.6,7600000
0,3,6,9000000
3,3,6.7,9500000
2,2,4.7,7200000
3,3,5.3,6800000
2,2,4.8,9000000
7,6,1,87500000
2,2,3.8,5200000
5,5,2,180000000
2,2,4.2,6800000
5,5,16,41500000
2,2,4.4,13000000
3,3,5.3,11000000
0,0,2.8,3600000
2,2,4,11000000
2,2,4.8,11700000
6,5,2,180000000
6,8,2,165000000
2,2,4.9,8000000
2,3,3.2,4600000
2,2,3.6,20000
4,4,13.2,72000
4,3,8.9,100000
2,3,5.8,32000
4,4,14,80000
4,4,14,85000
6,5,14,145000
4,3,9,100000
2,2,2.4,17000
5,5,1,115000
5,5,1,120000
2,2,5.6,100000
5,5,1,110000
5,4,16.4,215000
3,3,8,36000
3,3,8,45000
2,2,3.8,22000
5,5,17.1,115000
2,2,4.8,26000
5,5,17.1,110000
5,5,17.1,105000
5,5,17.1,110000
5,5,17.1,105000
2,2,4.8,26000
5,5,1,180000
0,6,2,400000
2,2,3.2,16000
1,2,4.8,30000
4,3,9.8,125000
6,6,8,14500000
7,4,9.3,17500000
4,4,6.7,29400000
7,5,6,6700000
5,5,5,19000000
5,5,12,30000000
10,11,1.6,150000000
2,2,5.1,11500000
2,2,3.6,4000000
0,0,4,40000000
1,1,3.3,7500000
0,0,8,14000000
7,7,10.9,19000000
4,3,5,7500000
4,3,5,7000000
6,5,8,16000000
10,11,16,250000000
2,3,5,6000000
6,6,1,25000000
3,3,5,7800000
4,4,5,11000000
3,3,1,160000
3,3,1.3,110000
5,5,1,190000
3,3,1.1,200000
4,4,1.3,110000
3,3,1.3,100000
2,2,5.3,43000
4,4,1.3,125000
1,1,5.6,22000
6,5,8,105000
3,3,12,65000
4,4,16,140000
3,3,1,65000
3,3,1,80000
4,3,1,40000
4,3,1,100000
7,6,2,80000000
0,0,2,60000000
4,5,5,12500000
4,4,7,18000000
4,3,5,12000000
6,5,1,58000000
6,5,1.1,79000000
6,5,1,44500000
3,3,10,17500000
1,2,5,4000000
6,4,10,29500000
1,2,5,3800000
2,3,5,6000000
2,3,5,7500000
1,2,5,2950000
3,3,2.5,6500000
3,3,2.5,6500000
3,3,3,4500000
3,3,2,3500000
3,3,2,3500000
4,4,4,7000000
4,3,2,5000000
0,3,3,4800000
5,5,10,21500000
2,2,3.5,3500000
3,3,5,10500000
3,3,8,12000000
2,2,2.5,3500000
2,2,5,6000000
4,4,5,7500000
3,3,10,9200000
3,3,6,18000
4,3,12,30000
1,1,3,20000
1,1,3,8000
3,3,5,21000
1,2,5,16500
5,5,12,50000
4,4,1.2,85000
4,4,5,10500000
2,2,2,5000000
2,2,2,5000000
3,3,3,6000000
4,4,5,12000000
5,5,10,18500000
5,5,10,18500000
5,5,5,12000000
3,3,3,5500000
3,3,3,5500000
1,2,5,3200000
4,4,1,36000000
4,4,12,26500000
4,4,10,22500000
3,2,5,4800000
4,4,10,23000000
4,4,1,38000000
3,3,10,20500000
3,3,10,22500000
3,3,10,22500000
7,6,2,65000000
4,3,5,12000000
7,6,2,75000000
8,7,4,230000000
6,5,9,24400000
6,5,2,190000000
6,5,2,95000000
6,5,2,220000000
7,6,2,200000000
7,6,2,90000000
7,6,2,130000000
7,6,2,160000000
7,6,2,120000000
4,4,7,19500000
6,5,1.5,190000000
0,0,1,48000000
5,5,1,45000000
6,5,18,32500000
3,3,4,5500000
3,3,4,5500000
5,5,5,13000000
3,3,3.5,8000000
3,3,3,6800000
3,3,3.5,8000000
3,2,6,7500000
3,3,3.7,9000000
3,3,3.5,8000000
5,5,5,14500000
6,5,2,80000000
4,3,3.5,8000000
4,3,4,7500000
3,3,6.2,12500000
3,2,5.3,7000000
3,3,8.9,18000000
0,0,3,3200000
0,3,9.6,14000000
0,3,5.8,9800000
0,6,9.6,31000000
2,2,3.6,4500000
0,0,8,5000000
2,2,4.7,15000000
5,5,4.8,17500000
3,3,16,45000000
4,4,8,5000000
2,3,4.4,8000000
7,6,2,175000000
5,4,4.8,22000000
3,3,8.4,11500000
1,3,2.6,2600000
3,3,5,8800000
6,5,1,107500000
3,3,16,35000000
5,5,9.6,36000000
5,4,8.4,16200000
2,2,4.4,2100000
3,3,5.3,9500000
3,6,3.2,6500000
6,6,16,90000000
2,2,4.4,5700000
3,3,5.8,12500000
2,2,5,9000000
3,3,6,12500000
2,2,4,7500000
6,6,9.6,35000000
9,7,4.8,16000000
2,2,3.3,3800000
3,3,5.8,15000000
2,2,4,7000000
5,5,3.6,11500000
4,4,16,37500000
6,6,4.8,16000000
1,2,4.8,25000000
1,2,5.2,1800000
7,6,16.3,13000000
5,4,12,78000000
3,3,5,13000000
3,3,5,13000000
3,3,5,13000000
3,3,6,7500000
0,2,4.8,6500000
4,3,5.6,19000000
3,2,4.8,9800000
8,8,8.6,45000000
2,4,4.2,5800000
9,8,1.4,55000000
0,0,10,30000000
4,3,8.9,35000000
3,3,4,6500000
3,3,4,6500000
0,0,5.3,8500000
3,0,6.2,47000
1,1,1.6,8000
3,3,10,35000
2,2,3.9,28000
2,4,7.1,35000
5,5,9.6,80000
4,3,8,70000
3,3,1,70000
2,2,4.8,25000
3,3,8,100000
2,2,4,55000
7,6,1,350000
4,4,16,52000
4,4,4,130000
7,6,1.3,575000
4,3,7.6,65000
4,3,7.6,65000
4,3,7.6,65000
2,2,3.6,7500000
2,2,3.6,7500000
4,4,12,52500000
4,3,8,16000000
0,0,2.4,2500000
0,0,2.4,2500000
0,0,1.8,1600000
0,0,1.8,1600000
2,2,4.8,26000000
2,2,2,1150000
2,2,2,950000
4,4,5.1,12000000
2,3,2.4,6000000
2,2,2.4,6000000
2,2,2.4,6000000
3,3,3.2,4000000
2,2,2.4,6000000
6,6,8,25000000
6,6,16,27500000
4,4,12.4,46000000
3,3,10,24000000
4,4,14,51000000
4,4,9.3,17500000
3,3,5.4,4800000
0,0,3.3,6500000
0,0,2.4,2500000
0,0,2.9,2800000
0,0,2,2200000
3,3,1,150000
0,0,1,95000
0,0,1,95000
3,3,1,30000
3,3,13.3,300000
3,2,9,220000
1,1,5.1,135000
2,1,6.7,150000
3,2,5,6000000
2,2,5,4000000
4,4,5,6500000
2,2,5,5100000
0,0,17,35000
0,0,8,20000
7,6,2,160000000
4,3,5,14500000
3,3,5,9800000
4,4,8,18000000
5,5,10,21000000
8,8,2,113000000
5,5,1,72500000
5,5,10,22500000
5,5,10,22000000
3,3,5,7000000
4,4,5,13000000
0,3,1,55000000
0,3,10,16500000
0,5,1,80000000
0,5,1,65000000
0,4,2.8,155000000
0,5,2,115000000
5,4,10,31000000
5,5,10,19000000
0,3,5,20000000
0,3,5,11500000
0,10,2,75000000
0,3,5,12000000
3,3,5,11000000
5,4,10,31000000
3,3,5,12500000
4,4,5,9800000
6,5,1,60000000
0,5,1,36000000
4,4,5,13500000
6,4,14,21000000
3,3,5,11500000
5,4,10,21500000
6,5,1,43000000
6,5,1,45000000
4,4,7,22500000
5,4,10,10500000
6,5,1,46000000
5,4,10,33000000
6,5,1,67500000
3,3,4,14000000
6,5,1,45000000
3,3,10,19000000
6,5,1,42500000
4,4,10,18500000
4,4,10,21000000
6,6,10,23000000
3,3,4.5,10500000
3,3,5,10500000
3,3,5.3,8500000
3,3,6.7,26000000
3,3,9.1,16000000
3,3,8,16000000
3,3,6.7,15000000
3,3,6.7,20000000
1,1,2,1425000
1,1,2,1425000
1,1,2,1400000
1,1,2,1450000
1,1,2,1450000
1,1,2,1400000
1,1,2,1400000
1,1,2,1425000
1,1,2,1425000
1,1,2,1400000
2,2,3.3,3900000
2,2,3.3,3900000
2,2,3.3,3900000
2,2,3.3,3900000
2,2,3.3,3900000
2,2,3.3,3900000
2,2,3.3,3900000
2,2,3.3,3900000
2,2,3.3,3900000
2,2,3.3,3900000
2,2,3.3,3900000
2,2,3.3,3900000
2,2,2.4,2900000
2,2,2.4,2900000
2,2,2.4,2900000
2,2,2.4,2900000
2,2,2.4,2900000
2,2,2.4,2900000
2,2,2.4,2900000
2,2,2.4,2900000
2,2,2.4,2900000
2,2,2.4,2900000
2,2,2.4,2900000
2,2,2.4,2900000
1,1,1.6,1900000
1,1,1.6,1900000
1,1,1.6,1900000
1,1,1.6,1900000
1,1,1.6,1900000
1,1,1.6,1900000
1,1,1.6,1900000
1,1,1.6,1900000
1,1,1.6,1900000
1,1,1.6,1900000
1,1,1.6,1900000
1,1,1.6,1900000
2,2,3.3,4100000
2,2,3.3,3950000
2,2,3.3,3950000
2,2,3.3,4050000
2,2,4.4,4000000
6,6,8,26000000
4,4,12,65000000
6,6,1.2,115000000
3,3,7.8,25000000
3,3,6,16500000
2,2,4.2,12500000
3,3,6,13500000
3,3,6,14000000
6,6,1,80000000
3,3,6,11500000
3,3,6,11000000
2,2,4.2,9500000
0,0,16,36500000
3,3,8,21000000
8,7,4.8,17000000
8,7,4.8,14500000
8,7,4.8,15000000
2,2,4.8,8500000
4,4,9.8,20000000
2,2,3.3,4050000
2,2,3.3,3950000
2,2,3.3,3950000
2,2,3.3,4050000
2,2,3.3,4050000
2,2,5.3,55000
2,2,3.3,23000
2,2,4,45000
2,2,5.3,35000
3,3,8,48000
2,2,4.2,35000
3,3,5.3,31000
2,2,3.3,3900000
2,2,3.3,3900000
2,2,3.3,4000000
2,2,2.7,4600000
2,2,4,3050000
7,7,14,48000000
7,6,10,41500000
6,5,9.3,20000000
7,6,12,26000000
9,7,13,26500000
7,5,7,16000000
4,4,5,19500000
8,6,10,16500000
1,1,3,3353000
6,5,1,48000000
0,1,2.7,4700000
0,1,4,6900000
0,2,5.4,9250000
0,1,2.7,4650000
5,4,4,16000000
2,2,7,70000
2,2,8,36000
4,4,1,75000
9,9,1,260000
3,3,1,95000
1,2,3,12000
3,3,6.7,38000
1,1,1,6000
0,9,10,425000
1,1,3.1,32000
6,6,9,60000
2,2,9.3,25000
2,3,4.9,42000
3,3,7,26000
2,2,5.6,50000
3,3,11.8,45000
2,2,5,18000
2,2,4,18000
9,9,11.1,140000
9,8,10,120000
0,0,1.3,250000
0,0,4,6500000
0,0,4,6500000
4,4,5,8500000
2,3,3,6500000
0,5,18.5,30000000
5,5,8,10500000
4,4,5,10000000
0,3,10,20000000
2,2,5,7500000
2,2,6,6000000
8,11,10,8500000
3,2,5,6000000
6,5,1,48000000
3,2,7,30000
2,2,7,30000
3,3,5,35000
4,4,5,35000
0,3,1,30000
0,0,5,15000
7,6,10,62000
3,3,16,40000
3,3,15,45000
3,3,10,30000
5,4,12,63000
2,2,7,60000
3,3,10,19000000
5,5,13,40000000
4,3,10,15000000
4,3,4,8000000
4,6,10,32500000
4,3,5,21000000
3,4,5,10500000
5,6,2,110300000
6,6,1,19000000
6,5,10,17500000
4,3,4,7500000
5,5,10,20000000
5,5,5,10000000
0,2,2,3300000
4,3,10,14500000
4,3,10,14500000
0,5,10,24500000
5,5,1,55000000
3,3,5,10500000
0,4,8,18000000
4,3,7,22500000
0,3,5,9000000
2,2,5,1950000
3,3,5,8500000
0,5,10,26500000
6,5,1,31500000
4,3,5,10000000
4,3,10,12000000
0,4,10,23000000
0,4,10,26000000
0,4,7,15000000
0,5,10,22500000
0,4,5,11000000
0,6,8,15500000
0,4,10,20000000
0,4,10,55000000
0,6,1,29500000
0,3,3.5,8500000
0,4,5,14000000
2,3,3.5,4500000
5,4,10,24000000
1,2,2.5,1800000
0,0,2.4,6410000
4,3,5,14000000
0,3,5,18000000
5,4,10,25000000
0,3,7,22500000
0,2,2.2,3500000
0,5,5,13000000
4,3,16,14500000
2,2,3.3,4000000
2,2,2.4,3000000
2,2,2.4,3000000
2,2,2.4,2950000
2,2,2.4,3050000
2,2,2.4,3050000
2,2,2.4,2950000
2,2,2.4,3050000
2,2,2.4,2950000
2,2,2.4,3050000
2,2,2.4,2900000
2,2,2.4,2900000
2,2,2.4,3000000
2,2,2.4,3000000
1,1,2,1425000
1,1,2,1400000
1,1,2,1425000
1,1,2,1450000
1,1,2,1450000
1,1,2,1400000
1,1,2,1400000
1,1,2,1425000
1,1,2,1425000
1,1,2,1400000
1,1,2,1425000
1,1,2,1425000
1,1,2,1450000
1,0,2,1425000
1,0,2,1425000
1,0,2,1450000
1,0,2,1425000
1,0,2,1400000
1,0,2,1400000
1,0,2,1400000
2,0,3.3,3950000
2,0,3.3,4150000
1,0,2,1400000
2,0,2.4,2900000
1,0,2,1900000
8,8,9.6,36500000
3,3,7.1,8500000
3,3,7.1,8500000
2,3,5.3,11500000
3,3,11.6,31000000
3,3,9.6,30000000
5,3,9.6,10800000
6,6,9.6,35000000
3,3,8.4,9500000
3,3,8,27500000
2,2,4.9,6200000
6,6,9.6,31500000
6,6,9.6,35000000
2,2,4.7,8500000
3,3,6,5000000
3,3,8.4,9500000
3,3,6,7500000
3,3,9.6,30000000
3,3,6,5000000
3,3,8.4,9500000
6,6,1,75000000
3,3,8.4,9500000
3,3,6,7500000
3,3,6,7500000
3,3,6,7500000
3,3,6,7500000
3,3,6,7500000
0,3,7.3,13000000
6,6,9.6,35000000
6,6,9.6,35000000
6,6,9.6,35000000
3,2,4.8,9000000
2,2,4.2,8500000
3,3,7.6,20500000
2,2,3.3,2650000
0,6,1.2,16000000
0,3,8,20000000
2,2,3.8,6500000
4,4,12.2,15000000
3,4,10.7,47500000
1,2,2.4,1700000
6,6,3.2,12500000
0,4,4.8,16500000
3,3,7.8,20000000
3,2,2.5,3300000
3,3,8,19500000
2,2,4,8500000
3,3,6,15000000
3,2,4.8,9500000
4,11,1.6,650000
3,3,8.9,80000
3,3,6,20000
3,3,6,22000
2,2,3.3,12000
0,7,1,200000
4,4,8.9,90000
2,2,4.2,35000
0,0,4,6850000
0,0,4,6800000
4,4,6,16500000
6,4,16.6,19000000
5,5,14,38000000
6,5,5,11500000
3,3,10.4,10000000
1,1,1.3,3000000
5,4,8,20000000
7,6,5,75000000
2,3,4.9,12000000
2,2,3.3,8500000
7,7,1,72500000
8,6,1,47500000
3,3,1.1,84500000
0,6,14.2,25000000
6,6,16,61500000
3,5,2.7,10000000
2,2,5.5,8500000
4,3,1,100000
2,2,5.6,34000
2,2,8,135000
2,2,5.6,39000
3,2,8,50000
2,2,8,135000
4,4,6.7,55000
3,3,14.2,82000
3,3,14,70000
5,4,7,100000
2,2,1,55000
3,3,1,55000
3,3,1,50000
3,3,1,45000
3,3,1,40000
5,5,1,135000
5,5,1,110000
3,3,1,45000
5,5,1,110000
6,5,12,60000
6,5,1,47500000
5,4,11,30500000
4,4,10,25000000
5,4,5,7200000
2,2,4,4500000
0,4,12.4,16800000
6,6,5.5,21500000
7,7,6.8,26000000
5,5,4,15000000
0,0,5,4000000
6,5,14.5,33000000
3,2,3.3,2500000
0,5,1.2,57500000
0,6,1.3,35000000
0,5,16,35000000
0,4,13.3,20000000
0,4,13.3,19500000
0,5,5,13500000
0,4,5,10000000
6,5,10,20000000
5,5,5,9500000
7,6,10,42500000
0,0,11,32500000
3,3,11,9500000
1,2,2,10000
0,3,1,50000
3,3,8,39000
5,5,7,45000
0,0,4.4,28000
5,4,10,21000000
0,5,10,31000000
6,5,1,36500000
4,3,5,11800000
0,5,10,24000000
4,4,5,12500000
5,5,10,22000000
1,2,2.8,1850000
0,0,5,3300000
1,3,5,3500000
6,6,1,35000000
4,4,5,7500000
0,4,10,11000000
0,3,5,5000000
0,3,3,5000000
0,2,2,3100000
0,0,10,11000000
4,4,5,11000000
4,3,3,6500000
5,4,10,22000000
7,6,2,74500000
5,5,1,58000000
4,4,5,14000000
0,0,12,75000000
0,0,1,18100000
3,3,5,11000000
4,3,5,12700000
4,3,5,14000000
5,4,10,17000000
0,2,4.5,3900000
0,2,3.1,3500000
0,3,3,8000000
4,5,7.5,14000000
0,3,5,10000000
4,3,7,13000000
4,5,6,11500000
6,5,1,48000000
4,3,8,16500000
4,4,14,15000000
6,6,1,102500000
3,3,4.5,6000000
0,0,13.3,21500000
0,0,4.8,12000000
0,0,4.8,12000000
0,0,4.8,12000000
0,0,6.4,12200000
0,0,6.4,12200000
0,0,6.4,12200000
0,0,9.6,16200000
0,0,9.6,16200000
0,0,9.6,16200000
0,0,9.6,16200000
0,0,6.4,12200000
0,0,6.4,12200000
0,0,6.4,12200000
0,0,4.8,12000000
0,0,4.8,12000000
2,2,4.2,5200000
0,0,6.4,8400000
0,0,4.8,8000000
0,0,4.8,8000000
3,3,8.9,20500000
3,3,5.8,7500000
6,4,16.4,155000000
2,2,4.2,5700000
0,0,9.6,14500000
0,0,9.6,7500000
7,8,1.4,63000000
0,0,1,130000000
2,2,4.4,12500000
3,3,7.6,17500000
0,0,1.8,300000000
0,0,4,350000000
5,5,14,110000000
0,2,3.8,4800000
0,6,9.6,26500000
0,3,8,12500000
0,6,16,30000000
0,6,9.6,27000000
0,3,7.8,12000000
1,2,2,3150000
6,5,16,19500000
0,4,4.8,17500000
0,4,4.8,15000000
2,2,6.7,6000000
2,2,6.7,6000000
2,2,6.7,6000000
7,11,1.4,135000000
3,3,5.3,12000000
7,7,2,180000000
0,0,1,700000
0,0,9.6,4500000
0,8,8,17500000
0,3,5.4,13500000
0,2,4.2,5000000
0,2,4,2500000
0,2,4,2500000
0,3,4.7,3000000
3,3,14,16000000
3,3,12,35000000
3,3,8,20000000
7,7,10,65000000
4,3,7.3,23500000
4,4,4.8,58000000
3,3,5.3,8200000
3,3,14,17000000
3,3,8,6300000
3,3,6.4,7500000
2,2,4.4,6000000
0,3,10.7,18500000
0,3,6,12300000
8,8,6,25000000
6,5,16,19500000
5,4,4.8,14000000
3,3,5.8,11500000
3,3,8,6095000
2,2,6.2,5000000
2,2,3.6,4000000
4,4,12,35000000
3,3,9,32500000
3,3,9,32500000
5,5,10,75000000
8,7,12,90000000
4,4,12,35000000
4,4,12,35000000
6,6,16,120000000
6,6,1,135000000
3,3,8,11000000
0,2,4.4,4500000
3,3,8,19000000
2,2,6,13800000
0,0,6.4,10500000
3,3,8,14500000
3,3,8,14500000
3,3,8,7000000
3,3,8,7025000
2,2,4.2,6700000
2,2,4.2,6725000
0,3,12,36000000
5,5,9.6,21000000
7,8,4.8,12600000
3,3,9.6,33000
4,3,1,110000
0,6,8,30000
0,3,6.6,25000
0,2,4.8,18000
2,2,3.8,35000
0,0,8,40000
0,0,16,65000
2,2,4,30000
2,2,6.2,38000
5,5,1,215000
3,3,7.8,55000
3,5,1,150000
3,3,4.8,31000
3,3,8,80000
4,4,8,85000
3,3,5.8,32000
2,2,4,6600000
3,2,5.6,4800000
4,4,7.1,16500000
6,4,9,18500000
0,0,4.3,5200000
4,4,10,19500000
4,5,5,14000000
3,3,6.9,6500000
5,5,10,25000000
3,3,7.9,7800000
1,1,2.8,4900000
6,6,1.5,40000000
1,1,5.3,16000000
4,4,7,18000000
3,3,12,19500000
7,7,10.9,19500000
5,5,6,17000000
7,5,10,31000000
3,4,5,20000000
3,3,8.4,3800000
2,2,5.3,3200000
8,7,1,120000000
3,2,8,9000000
6,6,8,60000000
6,4,10,12000000
4,3,1,45000
4,3,1,50000
5,3,12,350000
3,3,1,55000
4,3,1,42000
1,1,2.4,35000
4,4,1.2,75000
2,2,4.4,28000
2,2,3.2,16000
4,4,1,60000
3,2,7,26000
3,2,4,16000
3,2,7,26000
3,3,3.6,25000
5,5,1,160000
10,11,1.6,600000
2,2,7,40000
5,5,2,350000
3,3,1,120000
5,5,1,290000
7,6,1.1,490000
5,5,1,300000
3,3,10,25000
4,4,1,38000
3,3,12,60000
2,2,12,20000
0,3,10,42000
3,3,10.7,55000
0,0,5.6,27000
4,4,5,45000
2,2,8,32000
6,5,1,42500000
6,5,1,42500000
6,5,1,55000000
6,5,1,40000000
6,5,1,33000000
6,5,1,54000000
10,7,2.1,100000000
4,3,5,18000000
3,3,5,8500000
4,3,5,13000000
5,4,10,27900000
4,4,5,11000000
5,4,10,32500000
5,4,10,26000000
4,3,7,22500000
3,2,5,4000000
4,4,10,26000000
6,5,1,48000000
6,5,1,65000000
5,5,10,20000000
0,0,10,22500000
6,5,1,45000000
4,3,3,8800000
6,5,10,21500000
4,4,8,15500000
7,5,10,22000000
4,4,5,8500000
6,5,10,26000000
6,5,7,21000000
4,5,4,9500000
4,4,3.5,12500000
0,0,1,25000000
3,3,4.5,13000000
5,4,10,22000000
5,5,3.5,8600000
1,2,2,2500000
7,7,1,40000000
6,5,1,33000000
6,5,10,25000000
4,3,12,9500000
5,5,7,12000000
1,1,1.9,3200000
3,3,8.9,6800000
2,2,4.3,4500000
2,4,3.5,3200000
0,0,4,3500000
0,0,2,2000000
2,2,5.3,12500000
3,3,7,6000000
6,5,10,14500000
2,2,5,4900000
2,2,5,4900000
2,2,8,8000000
3,3,5,10500000
3,4,5,11000000
6,5,7,14500000
4,5,12,17000000
4,4,6,11000000
5,5,1.1,55000000
5,5,1.1,45000000
0,0,12.4,35000
4,4,1,65000
5,5,1,45000000
3,3,5,10000000
3,3,5,6800000
5,4,5,14500000
2,3,2.5,2700000
3,3,2,5500000
4,4,2,6000000
4,4,4,15000000
4,4,4,14500000
3,3,2,5000000
3,3,2,5000000
3,3,2,7000000
3,3,2,4500000
3,3,2,5500000
3,3,2,7500000
3,3,2,6000000
3,3,2,5500000
3,3,2,6500000
4,4,3,8500000
3,3,2,5500000
3,4,1,19800000
6,5,1,41100000
3,3,2,6000000
4,4,5,11200000
4,4,3,8000000
9,7,2.1,118500000
3,3,5,13000000
3,3,5,13000000
3,3,5,13000000
1,1,1.6,3400000
5,5,10,20000000
4,4,7,16000000
2,2,1,23000000
5,5,13,25000000
5,5,10,18000000
2,3,2.4,3500000
4,4,4.8,14000000
3,3,8,13500000
3,3,8,19000000
3,3,8,7500000
3,3,16,67500000
3,3,5,8500000
0,2,3.6,4000000
0,3,5.4,8000000
0,3,5.4,8500000
0,3,5.4,9000000
2,2,4.4,6500000
2,2,4.7,7500000
2,2,4.2,5300000
4,3,4.8,40000000
0,0,6.6,9500000
5,4,14,14500000
5,5,14,17500000
5,3,7.8,26000000
5,5,1,34000000
3,3,8,12500000
4,4,9.1,25000000
6,6,1,75000000
4,4,9.1,25000000
2,2,4.8,11800000
2,3,4.8,11000000
2,2,4.4,7500000
3,3,19.9,53500000
2,4,3.2,8000000
2,2,4.4,9500000
2,3,5.6,8000000
5,4,14,16000000
3,3,5,11300000
3,3,10.7,19000000
7,6,1.2,85000000
2,2,4.2,8500000
6,6,1,95000000
3,3,6,12500000
3,3,8,14000000
3,3,4.7,6000000
2,2,4.2,4200000
2,2,4.4,5500000
3,3,4,32500000
3,3,10.4,49500000
4,3,8,19700000
4,3,6,15700000
2,2,3.3,5200000
3,4,4.8,14000000
4,7,7.5,15000000
0,0,8.6,35000000
2,2,4,8500000
3,3,6,7000000
0,0,2.9,5400000
3,3,5.3,8000000
1,2,3.4,4500000
3,5,6.4,9000000
7,6,9.6,35000000
7,8,4.8,13500000
6,6,9.6,35000000
3,3,8,65000
3,3,7.1,55000
10,8,2,800000
3,2,6.7,20000
4,3,10.2,55000
2,2,4,18000
2,2,4,30000
4,4,12.7,100000
3,3,8,80000
2,2,5.2,22000
6,6,1,285000
4,3,1,125000
3,4,6.7,48000
3,0,1,160000
0,0,2,12000
3,3,3.5,4500000
7,6,10,15500000
6,5,6,13500000
7,6,10,16500000
4,3,6,10500000
7,6,12,26000000
5,4,4,17000000
1,1,1.8,4000000
2,2,3.3,5500000
3,3,4.2,6500000
1,1,3.1,5000000
2,2,4.7,7000000
3,3,6.7,9500000
3,3,7.1,10000000
2,2,4.9,7000000
2,2,4.9,7500000
2,2,4.9,8000000
2,2,3.6,4500000
2,2,3.8,6500000
2,2,3.6,5500000
7,5,7,14500000
2,2,4,29000
1,2,3.1,30000
1,2,3.1,27000
0,0,1,55000
1,2,3.1,28000
4,3,2,135000
7,7,1,200000
4,3,1,50000
4,3,1,55000
5,6,1,110000
2,2,7.6,55000
2,2,7.6,60000
3,3,1,95000
5,5,1,160000
3,3,6,45000
3,3,6,35000
2,2,6,37000
3,2,7,40000
3,3,12,65000
2,2,6,40000
2,2,6,31000
2,2,6,40000
2,2,6,33000
2,2,6,30000
2,2,6,45000
2,2,7,45000
4,4,6,55000
6,5,6,80000
2,2,5,37000
3,3,6,47000
2,2,5,32000
2,2,6,45000
3,3,4.9,36000
2,2,4,16000
2,4,5,16000
2,2,5.6,36000
2,2,4.2,29000
2,2,4,30000
4,4,5,42000
1,1,1.6,30000
3,3,6.2,50000
2,2,3.1,45000
2,2,3.3,50000
2,2,3.6,50000
2,2,3.8,60000
3,3,1,75000
8,7,2,590000
3,3,1,50000
3,3,1,50000
2,3,6,35000
1,1,12.2,38000
3,3,10,27000
2,2,4,15000
5,5,10,20000000
5,5,1,62500000
7,4,10,32500000
5,5,1,75900000
6,6,1,98000000
4,4,10,40000000
5,5,11,35000000
5,5,1,65000000
5,5,1,61000000
8,6,1,48000000
0,4,7,26500000
0,5,1,55000000
6,4,10,28000000
8,6,1,37500000
4,4,10,35000000
4,4,1,32500000
4,4,10,34000000
5,5,1,59000000
5,5,1,55000000
5,5,1,43000000
5,5,1,60000000
5,5,1,56500000
5,5,1,54000000
5,5,1,45000000
4,4,10,33000000
6,5,1,41500000
3,4,2,3900000
0,0,3.5,6000000
6,5,11,16000000
3,3,10,17500000
10,10,2.5,600000
10,10,5,450000
0,0,10,25000
0,0,5,16500
0,0,5,13000
0,0,10.5,30000
0,0,7.5,20000
0,0,7.5,20000
0,0,15,30000
0,0,12,25000
0,0,7.5,18000
0,0,10,22000
0,0,10,18000
0,0,6,15000
0,0,3,10000
0,0,3.5,14000
0,0,5,18000
0,0,10,35000
0,0,6,16500
0,0,8.5,25000
0,0,4.5,15000
0,0,12,25000
0,0,10,25000
0,4,5,35000
0,0,6,40000
0,0,2.5,15000
0,0,3,12000
0,0,5,35000
0,0,7.5,30000
0,0,7,10000
0,0,2,25000
0,0,1.1,14000
0,0,7.5,16000
0,0,7.5,26000
0,0,4,10000
0,0,2.5,10000
0,0,7.5,25000
0,0,4,22000
0,0,8,21000
0,0,5,20000
0,0,5,16000
0,0,2.5,15000
0,0,3,17000
0,0,4,12000
0,0,3,18000
0,0,3,11000
0,0,5,10000
0,0,2.5,7000
0,0,10,45000
0,0,5,15000
0,0,7,16000
0,0,2.5,14000
0,0,2.5,8000
0,0,2.5,10000
0,0,5,9000
0,0,2.5,11000
0,0,2.5,8000
0,0,7,30000
0,0,5,8000
0,0,5,35000
0,0,2.5,12000
0,0,5,20000
0,0,10,25000
0,0,10,25000
0,0,3,15000
0,0,7,25000
0,0,3,20000
0,10,1,275000
0,10,2,250000
2,2,5,55000
1,1,2.7,30000
1,1,2.4,19000
2,2,3.3,29000
3,2,10,35000
2,2,5,27000
1,2,5,3800000
3,3,3,8000000
5,5,10,24000000
3,3,3,8500000
3,3,2,6500000
3,3,3,8500000
3,3,3,8500000
3,3,3,8500000
6,4,7,23000000
3,3,3,8000000
2,2,2,6000000
0,0,6,16500000
3,3,4,9500000
2,2,4,6200000
6,5,1,42000000
3,3,5,12000000
3,3,5,12000000
3,3,5,12000000
2,2,2,5500000
3,3,4.4,5000000
2,4,4.8,6000000
3,3,7.6,28000000
4,4,7.6,22000000
5,3,10.4,43000000
2,2,3,4800000
9,7,4.8,14500000
2,2,5,5600000
2,2,4.9,6000000
3,3,2.8,4200000
1,3,3.4,4500000
2,2,4.9,9500000
2,2,3.2,5000000
4,3,1,60500000
7,6,1,76000000
2,3,2.6,4100000
0,0,3.4,4200000
7,6,1.3,180000000
6,6,2,180000000
6,6,1.2,165000000
3,3,5.3,17000000
2,3,9.6,35000000
2,2,4,9500000
2,2,4,12500000
6,5,2,150000000
5,5,17.1,71000000
3,3,9.6,24000000
3,3,6.4,7500000
2,2,3.8,3600000
1,1,1.8,1700000
1,1,2,1950000
1,1,2,1800000
2,2,4,4600000
3,3,8,11000000
3,3,9.6,24000000
3,3,6.4,7500000
2,2,3.8,3600000
1,1,1.8,1600000
1,1,2,1950000
1,1,2,1800000
2,2,4,4600000
2,2,5.1,8500000
0,0,16,55000000
0,0,2,110000000
0,0,16,45000000
0,0,1,50000000
0,2,4,9000000
0,2,4,9000000
0,3,5.8,13500000
0,2,4,8500000
0,0,16,45000000
3,3,3.2,4300000
6,6,16,55000000
6,6,9.6,25000000
2,2,4.8,16500000
2,2,5.1,16500000
6,6,4.8,32500000
4,4,6.4,22500000
2,2,4.8,5700000
4,4,4.8,16000000
4,4,4.8,15500000
4,4,4.8,14000000
4,4,4.8,18000000
4,4,4.8,23500000
4,4,4.8,18000000
6,6,1.1,97500000
5,5,1,65000000
5,6,4.8,17000000
0,0,8.9,95000
3,3,9.6,45000
2,2,4.7,40000
0,11,2,1500000
0,0,1.2,750000
2,2,4.9,28000
2,2,4.9,28000
3,3,9.6,35000
3,3,9.6,75000
3,3,9.6,65000
4,4,4.8,100000
4,4,14,90000
2,2,4.4,52000
3,3,9.1,10500000
7,5,7,14500000
2,2,4,7000000
7,5,10,17500000
2,2,5,7500000
5,5,10,48500000
2,2,3.8,5500000
3,3,4,18500000
6,6,15.9,45000000
7,6,12,24500000
7,7,15.9,47000000
7,6,12,24500000
5,4,6,15000000
4,4,6,13000000
4,4,8,14500000
3,3,4,17000
2,2,4,18000
2,2,5.6,50000
2,2,5,20000
4,3,1,280000
5,5,1,210000
3,3,11.8,55000
3,3,1,70000
2,2,3.1,30000
3,3,10,42000
4,4,10,55000
6,6,10,105000
3,3,1,80000
2,2,10,50000
3,2,7,30000
4,4,1,300000
3,3,10.1,25000
3,3,10.1,25000
5,5,1,50000
4,4,7,50000
1,2,3.1,23000
2,2,1.3,100000
2,2,5,35000
2,2,6,27000
3,3,10,45000
2,2,8,42000
2,2,8,50000
1,2,6,27000
3,3,12,55000
3,3,5,12200000
3,3,5,12500000
3,3,5,12500000
3,3,5,12300000
6,4,7,22000000
6,4,7,22100000
4,3,5,13500000
3,3,5,11700000
3,3,4,9500000
3,3,5,12500000
3,3,5,12500000
6,4,7,21000000
5,5,1,41000000
6,5,4,290000000
0,3,5,7500000
6,5,1,36000000
6,5,2,135000000
6,5,2,145000000
6,5,2,165000000
0,0,1,71500000
6,6,2,85000000
4,3,5,13500000
0,0,10,26000000
5,4,10,26500000
6,6,1,48500000
6,5,1,33000000
0,4,6.6,12000000
0,4,10,26500000
0,0,5,11500000
0,0,5,12500000
0,0,7,20000000
3,3,5,11500000
0,0,5,10000000
0,0,7,20000000
0,0,5,9500000
3,3,5,12500000
3,4,5,11000000
0,0,5,12500000
6,4,11,14000000
5,5,7,14600000
7,6,10,15500000
0,4,10,15000000
0,8,1,19000000
0,3,1,14500000
0,6,10,13500000
0,6,1,19000000
0,3,1,15000000
0,5,10,13500000
0,0,8,9000000
5,4,10,55000
3,3,5,35000
6,5,7,45000
4,4,12.4,80000
1,1,3,10000
4,3,1,55000
0,0,6,15000
5,4,10,28500000
2,2,5,7300000
0,0,6,25000000
6,5,1,35000000
2,2,2,4000000
5,5,5,15000000
5,4,10,35000000
6,5,1,48000000
6,6,1.1,85000000
3,3,8,7200000
3,3,8,23000000
3,3,8,7200000
3,3,8,16500000
3,3,8,23000000
3,3,8,16500000
3,3,8,16000000
2,2,3.8,5100000
2,2,3.8,5100000
2,2,3.8,5100000
2,2,3.8,5100000
2,2,3.8,5100000
3,3,5.6,7300000
3,3,5.6,7300000
3,3,5.6,7300000
3,3,5.6,7300000
3,3,5.6,7300000
2,2,4,8500000
2,3,3.6,3350000
3,3,8,16500000
3,3,8,16000000
3,3,8,7200000
3,3,8,23000000
3,3,8,7200000
3,3,8,23000000
3,3,8,7200000
3,3,8,16500000
3,3,7.1,12500000
3,3,8,23000000
7,7,1.1,82500000
3,3,1.1,73500000
5,5,1,65000000
5,5,1,66000000
4,4,1,60000000
4,4,1,59500000
3,3,8,16500000
4,4,1,59000000
3,2,2.9,3700000
3,3,8,16500000
3,3,8,16000000
3,3,8,16000000
4,4,10,14000000
2,2,4.4,15000000
4,4,8,17500000
2,2,4.3,6500000
3,3,7.1,15000000
2,2,3.9,8000000
3,3,8,10000000
3,2,4.8,7500000
3,3,6,8500000
3,3,6.4,8500000
3,3,4.4,8500000
8,7,5.6,27500000
4,4,4,35000000
7,7,2,210000000
2,2,4.2,8500000
2,2,4.2,8700000
3,2,3.2,9000000
3,3,7.6,11500000
3,2,3.2,9000000
3,4,2.4,4000000
2,2,3.1,4400000
3,3,6,9500000
3,3,5,8300000
3,3,8,10000000
4,4,4.8,22500000
3,3,7.1,9800000
3,3,6.2,7000000
0,2,3.6,4200000
0,0,8,19000000
4,4,13.2,39000000
5,4,1,220000
5,5,2,350000
4,4,16,90000
3,3,6.2,35000
3,3,7.1,36000
0,2,4.8,26000
0,2,4,17000
0,2,4,25000
6,5,7,16500000
6,6,14.2,20500000
5,5,8,16500000
5,5,7,16500000
5,4,5,6500000
0,0,1,89000000
2,2,5.6,4500000
0,0,3,3000000
0,2,3.6,3000000
2,2,5.6,7500000
5,5,6,11000000
1,1,1.8,3536000
0,0,1.2,90000000
6,4,10,55000
2,2,7,26000
4,3,10,42000
4,3,10,45000
4,3,10,45000
6,5,8,62000
6,5,8,62000
3,3,1,100000
3,3,1,150000
3,2,7,26000
5,5,12,140000
3,3,12,27000
2,2,3.6,22700
3,2,10,40000
3,3,10,60000
2,2,4.4,35000
6,5,10,30000000
4,5,15,37500000
6,5,1,48000000
6,5,5,9200000
6,5,5,15000000
4,3,5,10400000
6,5,5,9100000
3,3,3,9500000
6,5,11.5,22500000
4,3,5,11400000
4,3,5,12000000
5,5,11.5,20000000
4,3,5,11700000
4,3,5,8600000
6,5,1,39900000
4,3,3,6500000
3,3,3,4750000
2,2,10,12000000
6,5,10,24000000
0,5,10,16000000
4,3,5,9500000
3,2,10,14800000
0,3,5,8500000
0,5,10,13500000
5,4,11,23500000
6,6,10,31000000
0,5,10,14000000
5,5,1,45000000
6,6,1.2,40000000
7,5,1,45000000
0,5,7.5,24000000
5,4,5,13200000
3,2,3.5,5000000
4,3,10,15500000
0,3,4,8500000
4,3,3,6500000
2,2,3.4,9120000
4,3,5,13800000
3,3,5,15000000
4,3,3,6100000
3,3,4.7,8500000
6,5,1,41000000
0,3,5,16000000
3,3,8,11500000
3,3,5,15500000
2,3,3,4500000
8,7,2.1,95000000
3,3,5,10000000
3,3,3,6500000
4,4,6,16000000
0,4,6,13500000
0,0,5,7000000
0,5,1,30000000
0,4,7,17500000
0,0,7,13500000
0,0,5,10000000
0,0,7,13500000
0,0,2.5,2800000
0,0,5,7050000
3,2,4,3700000
3,3,5,10500000
4,4,6,9500000
3,3,5,11000000
6,5,9,11000000
3,3,5,10500000
0,6,1,48000000
0,7,14,30000000
0,6,1,35000000
0,6,1,28000000
0,4,9,16000000
0,2,4.2,6500000
0,8,12.5,27000000
0,0,10,27000
2,2,3,15000
2,2,3,15000
2,2,3,15000
0,0,5,40000
0,0,5,38000
0,0,7,55000
0,0,7,60000
0,0,10,55000
0,0,10,50000
5,5,1,125000
3,2,12,30000
0,3,1,60000
0,6,10,80000
0,4,10,60000
0,5,10,65000
0,2,10,38000
0,4,10,70000
0,4,1,75000
0,2,10,40000
0,2,10,37000
2,2,4,35000
1,1,1.6,14000
1,1,2.2,20000
0,3,10,65000
0,3,10,25000
0,2,10,35000
0,2,10,33000
0,2,10,29000
0,5,10,70000
0,4,1,50000
0,7,1.5,50000
0,3,1,55000
0,6,13.5,75000
0,9,1,140000
2,2,5,17500
0,5,10,65000
0,5,1.2,65000
0,3,1.2,55000
0,3,1.2,50000
0,4,1.3,60000
0,2,10,33000
0,2,10,30000
0,2,10,35000
0,5,10,65000
0,2,10,30000
0,2,10,33000
0,2,10,32000
0,6,10,70000
0,2,1,55000
4,4,13.2,39500000
4,4,13.2,40000000
4,4,4.8,15300000
4,4,13.2,39500000
4,4,13.2,39000000
4,4,13.2,39000000
3,7,3,9000000
2,2,3,6800000
2,2,1.9,5200000
5,5,4,6000000
4,4,13.2,35500000
4,4,13.2,40000000
4,4,13.2,39000000
4,4,13.2,40000000
4,4,13.2,41000000
3,2,7.1,15000000
2,2,3.6,4500000
2,2,3.6,4000000
2,2,4.9,4600000
4,3,4.8,20000000
3,4,5,17000000
3,3,4.8,15500000
2,2,4.2,6500000
2,2,5.1,6700000
3,3,8,14000000
2,2,3.5,7000000
3,3,8,20000000
3,3,8,6500000
3,3,8,13000000
3,3,6.1,15000000
3,3,2.4,6500000
2,2,3.2,6200000
3,6,3.2,9000000
5,5,1.2,120000000
2,2,3.1,3500000
3,3,3.2,5800000
0,6,1,107500000
0,2,4.2,10000000
0,6,1,107500000
0,4,1.2,122500000
0,4,2,150000000
0,4,1,100000000
0,4,1,111000000
2,4,4.4,6200000
3,3,5,8200000
3,3,8,8500000
3,3,8,6500000
2,2,4.2,5000000
3,3,10,9500000
3,3,5.6,8200000
4,3,12,28000000
0,0,6.7,4500000
3,3,6,11500000
2,2,4.2,10500000
5,5,6.4,19500000
3,3,6,11000000
6,6,9.6,29000000
6,5,1,91500000
4,4,1.3,250000
4,4,13.2,72000
5,5,2,550000
7,7,2,400000
4,4,13.2,75000
4,4,13.2,72000
4,4,13.2,73000
7,7,2,730000
3,3,1,220000
2,2,4,35000
4,3,6.4,75000
4,4,10.6,80000
3,3,10,47000
3,3,10,60000
3,3,11.4,55000
3,3,11.4,53000
3,3,11.4,54000
3,3,11.4,54000
3,3,11.4,54000
3,3,11.4,60000
3,3,11.4,60000
3,3,11.4,63000
3,3,11.4,60000
3,3,11.4,62000
2,2,1.8,12000
4,3,10.2,120000
0,3,3,4800000
0,4,3,5800000
0,6,7,15000000
0,5,5,13000000
0,5,7,16000000
7,7,10.9,19500000
3,3,4,17500000
0,0,10,40000000
6,6,1.5,40000000
8,8,1,105000000
9,6,6,32500000
5,5,4.4,16000000
0,0,2.4,225000000
2,2,5.8,14000000
0,0,6,31000000
2,2,3.6,5500000
2,2,6.9,4000000
0,0,8,12500000
0,4,10.9,28000000
0,4,5,18500000
0,4,5,19000000
0,5,12,37500000
0,6,12,39000000
0,2,2.2,5000000
2,2,4,6000000
5,6,10,95000
0,4,10,33000
0,0,1,9000
2,4,4,50000
2,2,6,45000
2,2,5,40000
4,3,14.2,38000
4,3,11,60000
5,4,1,80000
3,3,1,150000
3,3,7,30000
1,1,2,17000
2,2,3.6,45000
3,2,12.4,35000
4,3,1,39000
7,6,1,37500000
5,3,9,22500000
6,5,1,41000000
5,5,1,42500000
1,1,1,1200000
4,3,5.8,17900000
5,5,1,36000000
0,6,10,14500000
0,3,4,5000000
0,4,5,11000000
0,3,3.5,7500000
0,5,10,15500000
0,3,3,7500000
0,5,1,55000000
4,3,10,19500000
4,3,5,5500000
4,3,10,20000000
0,0,8,11800000
5,4,10,22000000
0,5,15,30800000
0,3,3,6500000
0,3,5,9000000
0,3,5,8500000
0,3,5,8000000
0,5,1,40600000
0,3,5,7900000
0,3,3,7000000
0,5,1,40000000
0,3,3,6000000
0,5,10,24000000
0,5,10,23500000
0,4,10,22000000
5,4,12,25000000
5,4,12,26500000
7,6,1,30500000
5,6,2,110300000
7,6,1,36500000
0,4,14,70000000
0,5,2,100000000
0,3,5,17000000
0,5,3,14500000
0,4,5,13000000
0,4,10,30000000
0,4,10,32500000
0,4,10,42500000
0,5,2,120000000
0,0,5,12500000
5,5,1.2,72500000
7,6,2,105000000
5,4,6,22500000
2,2,1,22000000
3,3,4,3600000
4,3,10,20000000
0,5,5,18000000
5,4,7,24500000
4,3,5,12000000
5,4,4,7500000
2,3,10,16000000
0,3,3,12000000
0,3,6.2,13000000
0,4,7,15000000
0,4,5,11000000
0,4,5,4000000
6,5,10,25000000
4,3,5,17200000
5,4,10,19500000
5,5,1,32500000
0,0,4,6000000
5,5,1,45000000
0,3,6,9900000
0,3,5,17300000
0,3,5,17000000
0,3,6,9900000
6,5,1,58000000
0,3,5,11000000
0,3,7,12500000
0,3,6,12000000
0,3,8,12500000
0,4,10,15000000
0,4,12,20000000
0,5,14,21000000
0,3,8,15500000
0,4,10,18000000
0,4,12,22000000
6,5,5,17000000
1,1,2,3500000
3,3,1.7,4000000
2,2,3,3000000
0,3,5,913000
5,4,5.3,9500000
2,2,3,3650000
1,1,2.1,3800000
3,2,4,4000000
1,1,3.2,3500000
0,0,5,8900000
4,4,8,12000000
0,0,5,10600000
0,4,5,7000000
3,3,5,11500000
3,3,6.4,13000000
4,4,14,16500000
3,3,8,14000000
0,2,4.4,9000000
0,2,4.4,8000000
0,3,6.2,7500000
0,2,4.4,7500000
0,2,4.4,13000000
0,0,4.4,7000000
0,6,9.6,25000000
0,3,4.2,7200000
0,6,8,25000000
0,6,16,37000000
0,6,16,37000000
4,3,10.2,39500000
0,2,4.8,16500000
0,6,7.2,22500000
0,3,4.8,12000000
0,2,4.8,11500000
0,3,9.6,24000000
0,3,9,25000000
0,6,9.6,29000000
0,6,9,36500000
0,6,12,37500000
0,4,4.8,14500000
0,6,2.4,10500000
0,4,4.8,16000000
0,4,4.8,14000000
0,4,5.1,12500000
0,2,4.8,13500000
0,2,2.9,4500000
0,2,4.4,6000000
0,4,6.4,15000000
0,6,9.6,35000000
0,6,12,36500000
0,6,16,47000000
0,6,16,50000000
0,4,4.8,14500000
0,6,2.4,10500000
0,4,4.8,16000000
0,4,4.8,14000000
0,4,5.1,12500000
0,2,4.8,13500000
0,2,2.9,4500000
0,2,4.4,6000000
0,4,6.4,15000000
0,6,9.6,35000000
0,6,12,36500000
0,6,16,47000000
2,2,9.1,46000000
2,2,3.8,3056000
0,6,16,50000000
0,4,1.2,55000000
0,6,1.2,62500000
0,6,1.2,45000000
0,9,9.6,42500000
0,2,4.8,8000000
0,2,4.4,4500000
0,2,4.4,4200000
0,0,12,15500000
0,0,12,15500000
4,3,14.6,27000000
3,3,6.1,7200000
0,5,1.3,115000000
0,2,4.2,8500000
5,4,4.8,13500000
2,2,4.2,6300000
3,3,8,20000000
3,3,6.1,14600000
3,3,8,13700000
0,0,4.8,16000000
0,0,4.8,6200000
0,0,4.8,6500000
0,0,4.8,6500000
0,0,4.8,7000000
0,0,4.8,7000000
0,0,4.8,13500000
0,3,4.8,7000000
0,0,4.8,14000000
0,1,1.6,2400000
0,1,1.6,2400000
0,2,2.4,3500000
0,2,2.4,3500000
8,8,2,350000000
2,2,4.2,6000000
2,2,4.2,5800000
3,3,10,12500000
3,3,5,8500000
3,3,8,20000000
3,3,6,14500000
2,2,5.3,6000000
0,0,8,6200000
0,2,2.9,2500000
0,2,2.9,2500000
0,2,2.9,2500000
4,4,16.9,20000000
0,2,5.3,16500000
0,3,6.7,20000000
0,3,7.3,16000000
0,6,1,120000000
0,6,2.2,280000000
3,3,5.1,13000000
2,2,4.4,6500000
3,2,4.8,11500000
2,2,4.2,10500000
3,3,4.9,10500000
2,2,4.4,12000000
3,3,5.4,22500000
2,2,2.2,4500000
5,4,10,55000000
4,4,4.8,46500000
4,5,4.8,12000000
5,4,12,72500000
0,6,1,110000000
0,6,1,125000000
0,7,2,300000000
0,6,1,120000000
0,6,1.3,185000000
0,6,2,160000000
0,3,6.2,24000000
0,0,2.2,75000000
0,3,6.2,24200000
0,6,1,127500000
4,3,10,38500000
6,7,8,30000000
0,2,4,45000
0,2,4,45000
0,2,4,35000
3,3,8,35000
5,5,1,105000
5,5,1,110000
0,0,4.2,45000
2,2,4.2,50000
5,5,1,110000
5,5,1,115000
0,3,6.2,40000
4,4,10,200000
2,2,4.4,45000
3,3,1.1,62000
7,6,1,275000
4,4,14.2,100000
6,5,10,150000
3,3,10,50000
0,4,1,125000
0,6,1.4,300000
3,3,16,65000
3,3,7.1,85000
3,3,8,80000
3,3,1,140000
2,2,3.1,21000
3,3,7.1,35000
0,3,14.2,60000
3,3,14.2,65000
2,3,14.2,60000
3,3,5,40000
2,2,5,33000
0,4,12,50000
0,4,6,70000
0,3,12,75000
0,3,10,22000
2,2,5.7,4500000
1,2,2.8,3800000
1,1,1.6,2400000
1,1,1.6,2400000
6,4,14,35000000
6,6,16,50000000
6,6,8,30000000
7,5,1,41500000
3,3,5,12500000
5,4,4.4,14800000
5,4,6,15000000
6,5,17.8,71500000
0,10,1,62500000
7,5,8,13500000
7,5,8,15500000
7,6,8,16500000
8,7,2,19500000
8,7,2,19500000
2,2,6,5500000
2,2,6,5000000
2,2,6,4500000
4,4,5,5500000
4,4,5,6000000
4,4,5,5000000
2,2,4,5500000
2,2,6,5000000
2,2,4,4000000
2,2,4,3800000
2,2,4,3600000
2,2,4,4200000
2,2,4,4000000
2,2,4,4500000
2,2,6,4500000
4,4,7,8200000
3,4,5,5500000
4,4,7,7000000
3,2,6,5000000
4,4,4,17000000
0,0,6,12500000
7,6,12,24000000
2,1,2.7,4600000
5,5,10,32000000
5,6,6,13000000
5,4,4,15500000
6,5,2,65000000
2,4,7,22500000
3,3,14.2,70000
3,2,6,27000
3,2,4,23000
6,7,10,50000
2,2,1,160000
3,3,2.3,110000
2,2,5,32000
5,5,1,200000
4,4,6,55000
3,3,6,47000
1,1,1.6,5500
5,5,1.2,350000
2,2,4.4,25000
5,5,4.4,55000
0,0,12.2,65000
3,3,16,100000
3,3,1,90000
2,1,3.6,45000
2,2,5,20000
3,3,6.7,90000
4,3,17,40000
1,1,2.6,30000
1,1,2.7,40000
2,2,5,25000
0,0,4,28000
5,4,10,27500000
0,4,3.5,10500000
0,3,6,16500000
0,4,11,27500000
3,3,3,5400000
5,5,10,23500000
10,11,19.2,2000000000
6,6,1,35000000
5,4,7,23000000
0,4,1,30000000
0,3,6.5,12500000
0,6,1,30000000
0,4,1,27000000
0,4,10,14000000
0,2,10,13000000
0,3,5,9500000
0,3,5,15000000
0,3,5,12000000
0,0,4,300000000
4,3,9.5,16500000
5,5,3,7500000
5,4,10,37000000
5,4,10,38000000
6,6,1,82500000
3,4,3,8000000
6,5,2,45000000
4,3,5.5,55000000
0,0,4,400000000
0,0,10,14500000
3,3,10,11800000
2,2,5.6,13000000
5,4,7,18000000
6,5,17,41000000
2,2,5,11000000
6,5,11,22500000
3,3,5,8500000
5,4,10,21500000
4,4,10,42500000
5,4,10,19500000
4,4,10,42500000
5,4,10,21500000
0,0,5,11500000
5,4,10,22000000
4,3,3,9000000
4,3,9,20000000
3,3,3,8000000
3,3,3,8000000
3,3,3,8500000
3,3,3,8000000
3,3,3,8500000
6,5,1,39500000
6,5,1,47500000
5,4,7,22500000
2,1,5,8500000
4,3,5,11000000
3,3,5,11200000
3,3,4,7900000
5,4,10,24000000
6,5,10,26000000
4,4,10,21000000
3,3,4,9000000
3,3,5,11500000
3,3,10,23500000
4,3,10,9000000
2,2,10.5,10000000
6,5,1,45000000
6,5,5,16500000
6,5,10,14000000
5,4,6,16400000
3,3,5,13000000
6,5,1,46000000
0,0,5,5000000
2,4,2.5,3700000
3,4,5,9000000
2,5,5,13000000
3,3,7.1,8500000
5,5,5,140000000
0,2,3.3,5000000
0,1,2.4,3731000
0,0,10,22500000
4,0,5,11500000
0,8,9,24000000
6,5,1,47000000
5,5,10,22000000
6,5,7,15000000
2,2,4.7,5700000
7,6,1,37000000
3,2,7,11000000
2,3,3,1700000
0,0,4,5500000
4,4,5,6500000
4,4,5.3,7500000
8,7,1,50000000
5,4,7,14000000
10,0,12.4,27000000
3,3,8,19100000
0,0,12,40000000
2,4,2.4,8000000
3,3,6,13800000
2,2,4.2,6000000
3,3,7.6,25000000
4,4,7.1,16500000
3,3,8,12500000
0,2,5.1,6000000
0,2,4.2,6000000
0,4,14,15000000
2,2,3.6,5000000
4,4,3,8200000
3,3,8,10000000
3,3,6,11000000
3,3,6,7850000
2,2,4.2,16500000
6,5,1,95000000
3,3,8,6150000
2,2,3.6,6000000
3,3,11.4,27800000
6,6,9.6,30000000
3,3,5,17500000
2,2,5.6,9500000
3,3,6.1,11000000
2,2,4,35000000
3,2,4.8,8500000
3,5,3.2,3400000
3,3,6.2,18000000
0,0,8,13200000
0,0,2.9,4600000
3,3,8,9400000
3,3,8,27000000
3,3,9.4,9250000
3,3,6.7,12600000
5,5,1,105000000
3,3,9.6,35000000
2,3,6,10000000
2,4,4,6000000
2,2,4.7,6000000
3,3,6,6600000
4,5,8.8,25000000
2,2,4.7,8000000
3,3,5.8,15000000
3,3,8,19000000
2,2,4.8,6500000
3,3,3.2,7500000
4,3,7.6,16000000
4,4,14.2,185000
2,2,3.2,26000
4,4,6.4,75000
3,3,1.4,70000
3,3,1.2,60000
3,3,16,60000
2,2,3.1,22000
4,4,1.2,200000
7,6,2,600000
7,7,1,225000
5,4,4,109000
2,2,3.1,30000
2,1,6,28000
2,2,6,37000
2,3,5,31000
3,3,6,35500
6,6,14.2,110000
6,6,2,65000
6,6,2,65000
6,6,2,60000
2,2,5.3,40000
2,2,3.8,22000
2,2,4.4,28000
3,3,14,60000
3,3,7,55000
6,6,12,175000
3,3,2.2,120000
5,5,1.3,300000
3,3,7,30000
0,0,4,15500000
2,3,6,11000000
1,1,2.4,3497000
2,2,3,1700000
4,3,10,13000000
1,2,7,70000000
4,3,10,13000000
7,6,1.5,47500000
3,3,3,4200000
0,1,2,2800000
7,6,12,24000000
7,6,12,24000000
2,2,2.9,3200000
1,1,1.1,2000000
2,2,4,5500000
6,5,1,50000000
3,3,5.4,4800000
0,0,3,22000
0,0,5,32000
0,0,7,28000
0,0,5,32000
5,4,7,44000
5,5,1,50000
2,3,5,32000
6,4,8,100000
2,1,4,45000
2,1,5.3,45000
2,2,5,32000
6,5,10,55000
8,7,12,90000
4,4,1,50000
5,5,10,13500000
10,10,2,80000000
2,2,6,4800000
6,4,10,17000000
6,5,5,10800000
4,3,4,9000000
4,3,5,9000000
4,5,8,14500000
3,4,6,13500000
3,4,6,13800000
3,4,5,9100000
4,5,8,13600000
3,4,5,9300000
3,4,5,9100000
4,5,7,13200000
4,5,8,15000000
4,5,8,15200000
3,4,5,9500000
3,4,5,8800000
7,5,1,45000000
3,4,6,11000000
3,4,6,11500000
3,4,5,9200000
3,4,6,11800000
4,5,7,12500000
4,5,8,13500000
3,4,5,8800000
5,3,5,11000000
5,3,5,11200000
5,3,5,11500000
5,3,5,11500000
10,7,11,30000000
5,5,10,17000000
5,5,10,17000000
5,5,10,17000000
5,5,10,16000000
5,5,10,16000000
5,5,10,15000000
3,3,3,6500000
3,3,3,6500000
3,3,3,6500000
3,3,3,6200000
4,4,6,11500000
4,4,6,11500000
3,3,4,6500000
3,3,4,5500000
3,3,4,7200000
2,2,2,3000000
3,3,4,5500000
3,3,4,5500000
3,3,4,5200000
3,3,5,12500000
2,2,2,2400000
5,5,10,13000000
4,3,5.3,10800000
4,3,5,11500000
4,3,5.3,11500000
4,3,5,11000000
4,3,5,11000000
4,3,5,10500000
4,3,5,11000000
4,3,5,9800000
4,3,5,10300000
4,3,5,12000000
4,3,5,11500000
4,3,5,11200000
4,3,5,10700000
4,3,5,10200000
4,3,5,10300000
4,3,5,11800000
4,3,5,9500000
5,5,1,54000000
5,5,1,53500000
5,5,1,53000000
5,5,1,52500000
5,5,1,55000000
6,5,1,55000000
3,3,6,37500000
3,3,3,5200000
3,3,5,6000000
5,5,7,24500000
4,3,5,10000000
4,3,5,11000000
5,4,10,22500000
3,3,3,6500000
3,3,2,4000000
3,3,3,6500000
3,3,2,4000000
5,5,5.5,12500000
4,3,5,10500000
3,3,5,11000000
3,3,5,10500000
3,3,5,10000000
3,3,5,12500000
3,3,5,12000000
4,4,5,14000000
4,4,5,13500000
4,4,5,13000000
5,4,9,22000000
5,4,11,25000000
2,2,4.9,6500000
2,2,4,5500000
2,2,4,5000000
2,2,4,4500000
2,2,4,5500000
5,5,17.1,62500000
5,5,17.1,64000000
5,5,17.1,64000000
5,5,17.1,65000000
5,5,17.1,64500000
5,5,17.1,63500000
1,2,2,2200000
3,3,5.1,11000000
2,2,5.1,7500000
5,4,8.9,29500000
5,5,1,67000000
5,5,1,72500000
5,5,1,65000000
5,5,1,66000000
5,5,1,68500000
5,5,1,67500000
3,3,5.1,12500000
3,3,11.4,27200000
3,3,11.4,29000000
3,3,11.4,29500000
3,3,11.4,30000000
3,3,11.4,29700000
3,3,11.4,30500000
3,3,11.4,32000000
3,3,11.4,31500000
3,3,11.4,31000000
2,2,3.2,5300000
2,2,5.6,10500000
5,4,1,80000000
3,3,5.6,10000000
6,6,14.2,20000000
4,4,14,57500000
4,4,14,58000000
4,4,14,59000000
4,4,14,59500000
4,4,14,58500000
5,5,1,69500000
5,5,1,69000000
5,5,1,70000000
3,3,11.4,30500000
5,5,1,70000000
3,3,5.2,14000000
3,3,10,32000000
3,3,10,24500000
5,4,18.8,55000000
3,4,4.8,9500000
0,3,8,14500000
0,0,8,14600000
7,6,1,115000000
3,3,5.8,16000000
3,3,10,11600000
3,3,10,11800000
3,3,10,12000000
5,4,1,90000000
0,0,4.8,7500000
0,6,4.8,17000000
0,6,4.8,13500000
0,5,4.8,15000000
0,5,4.8,19000000
0,0,4.8,15500000
0,6,4.8,24000000
0,4,4.8,15500000
0,4,4.8,15500000
0,4,4.8,12000000
0,2,1.4,4000000
0,6,4.8,18500000
0,2,2.9,3500000
0,2,3.8,4500000
0,6,4.8,18000000
0,3,5.3,5500000
0,2,3.1,4000000
0,3,5.8,8500000
0,3,4.8,17000000
0,2,4.8,7000000
0,3,4.8,7500000
0,3,4.8,7500000
0,3,4.8,7500000
0,2,4.8,7000000
0,0,5.8,8500000
0,2,4.8,7000000
0,2,4.8,7500000
2,2,4.4,28000
3,3,14.2,70000
1,2,3.1,28000
2,2,5.5,33000
5,5,3,300000
3,5,14,30000
5,5,1,155000
5,5,1,150000
2,2,13,30000
2,2,10,20000
2,2,10,30000
3,3,13,30000
0,0,14.2,38000
0,0,10.9,27000
0,0,8,25000
0,0,14.2,35000
0,0,6,23000
0,0,10,26000
0,0,10,30000
0,0,10,27000
0,0,3.1,15000
0,0,2.9,14000
0,0,3,12000
0,0,5,18000
0,0,5,20000
0,0,0.4,12000
8,7,1,36000000
0,0,12.1,18000000
4,4,8,18000000
6,6,14.2,30000000
5,5,16,19500000
3,3,6.7,21000000
2,2,4,3600000
5,4,4.4,15000000
0,2,5.3,8000000
0,2,3.1,7000000
0,0,1,140000000
4,4,7,15000000
6,5,8,28000000
2,2,5.3,9500000
4,5,7,26500000
3,3,7.3,3700000
0,0,5,17500000
0,0,5,11500000
5,4,16,29000000
7,5,9.3,20000000
6,5,8,16500000
5,5,10.9,28500000
0,6,14.2,62500000
0,7,12.4,55000000
0,9,14.2,65000000
0,6,14.2,65000000
0,6,14.2,57500000
0,6,14.2,52500000
0,6,12.4,45000000
0,6,14.2,55000000
0,6,14.2,65000000
0,6,14.2,56000000
0,3,14.2,40000000
0,6,12.4,55000000
0,6,12.4,40000000
0,6,12.4,55000000
0,6,14.2,60000000
0,9,12.4,48000000
0,10,14.2,62500000
4,3,6,5000000
0,0,7,20000000
0,0,5,8500000
0,0,5,6500000
0,0,4,6500000
0,0,2.5,2500000
0,0,2.5,3500000
1,1,2.7,3000000
0,0,11,25000000
0,0,6,10000000
0,0,6,10000000
1,2,3.5,2300000
2,2,4.1,5500000
2,3,5,7500000
0,0,1,58000
3,4,10,65000
3,3,5.5,17000
4,3,2.7,9500000
1,2,5,3900000
1,2,5,3700000
2,3,5,6200000
3,3,5,10000000
1,2,5,2200000
4,4,5.1,9900000
2,2,1.5,2650000
5,5,10,28500000
3,3,3,8500000
3,3,3,8500000
3,3,2,5500000
3,3,3,9000000
3,3,2,5500000
3,3,3,9000000
4,4,10,10500000
4,4,10,10500000
5,5,10,17500000
5,5,10,17500000
3,3,5,11000000
0,5,10,20000000
0,0,12,220000000
3,3,5,11000000
3,4,4,6800000
3,4,5,8800000
0,5,1,60000000
0,5,5,8000000
4,4,5,16500000
5,5,10,27500000
5,5,1,36000000
4,5,8,15500000
5,5,10,27000000
5,5,10,24000000
6,5,10,33000000
6,5,1,35000000
0,6,10,15000000
6,5,1,45500000
5,5,13,20500000
3,3,2,6000000
0,3,5,13000000
6,5,1,40500000
3,3,5,10500000
4,5,1,61000000
3,3,2,3500000
2,2,2,5200000
4,3,3,7200000
3,3,5,10500000
3,3,5,11000000
0,0,5,7000000
0,0,1.2,320000
3,3,7.3,80000
1,1,8,18000
3,3,11.4,65000
0,2,4.8,30000
0,2,4.8,18000
3,3,8,15500000
3,3,8,15500000
3,3,8,15000000
3,3,8,14900000
3,3,8,14800000
3,3,8,14700000
3,3,8,14600000
3,3,8,14500000
3,3,8,14000000
3,3,8,13500000
3,3,8,13000000
2,5,3.2,6500000
5,5,1,85000000
6,6,1,85000000
8,7,2,140000000
2,3,12,12000000
3,3,7.6,19000000
3,3,7.6,19000000
4,4,4,32500000
3,3,7.6,18500000
6,6,1.2,155000000
7,6,9.6,38000000
8,7,2,240000000
2,3,8.9,30000000
7,6,9.6,27500000
3,3,8,22000000
3,3,8.4,11300000
7,5,16,38500000
4,4,1,90000000
6,6,8,26000000
0,6,9.6,28000000
0,0,1,75000000
5,4,12,70000000
2,2,4.2,7500000
6,6,2,145000000
6,6,2,110000000
6,6,2,135000000
3,3,14.5,67000000
6,6,1,100000000
6,6,2,140000000
6,6,2,135000000
4,4,2,105000000
4,4,4.8,41000000
3,3,7.1,16000000
2,2,4.4,12000000
2,2,4.2,6000000
2,4,3.6,2500000
3,3,6.2,16000000
3,3,7.6,22000000
2,2,4.2,10500000
2,2,4.2,12500000
3,3,9.4,9150000
3,3,8,16800000
0,4,2,170000000
0,5,2,215000000
3,3,5,11600000
3,3,8,16800000
2,3,4.8,8000000
2,2,4.2,6200000
3,3,10,11500000
3,3,6.1,14500000
3,3,8,13500000
3,3,8,20000000
2,2,4.2,6200000
3,3,10,11500000
3,3,6.1,14500000
3,3,8,13500000
3,3,8,20000000
2,2,4.2,6200000
3,3,10,11500000
3,3,6.1,14500000
3,3,8,13500000
3,3,8,20000000
2,2,4.2,6200000
3,3,10,11500000
3,3,8,13500000
3,3,6.1,14500000
3,3,8,20000000
2,2,5,2200000
2,2,4.2,6200000
3,3,10,11500000
3,3,6.1,14500000
3,3,8,13500000
3,3,8,20000000
3,3,10,11500000
2,2,4.2,6200000
3,3,7.3,26000000
7,7,2,400000
5,5,14.2,130000
2,2,5,20000
2,2,5,18000
2,2,3,12000
3,3,1,60000
3,3,1,65000
2,2,14.2,42000
2,2,3.3,16000
4,4,1,150000
2,3,7,38000
2,2,5,12000
5,5,7,110000
5,5,7,75000
3,3,8,20000
4,4,12,45000
2,3,7,30000
4,4,1.2,95000
3,3,14,70000
2,2,7,55000
1,1,2.7,2100000
9,9,2,300000000
7,7,1.8,210000000
0,9,12.4,60000000
0,10,14.2,75000000
0,9,14.2,62500000
0,9,14.2,55000000
0,9,12.4,60000000
0,6,14.2,55000000
0,6,12.4,60000000
0,9,14.2,70000000
0,10,14.2,52500000
0,6,1,65000000
0,6,14.2,50000000
0,6,14.2,67500000
0,6,12.4,50000000
0,6,12.4,40000000
0,6,12.4,42500000
0,6,14.2,52500000
2,2,2,2200000
2,2,2.9,2800000
5,5,6,15000000
4,4,6,15000000
6,6,1,47000000
4,4,6,16500000
6,5,1,44500000
6,6,8,18000000
1,1,3,4800000
1,1,3.7,2800000
0,3,5,10500000
5,3,5,10500000
3,4,4,5800000
3,2,3,3300000
3,2,2.5,3300000
5,5,7,10000000
5,5,7,10000000
3,2,5,4500000
3,2,4.8,7300000
10,6,2,50000000
4,4,10.4,17500000
3,3,6.1,10300000
2,2,5.2,8790000
1,1,2.7,4583000
0,0,7.5,35000
0,4,8,45000
0,3,4,20000
0,2,10,35000
0,3,3,14000
6,5,1,36000000
6,5,5,16000000
0,0,4,300000000
4,4,1,38000000
0,0,4,260000000
4,3,5,12200000
6,5,5,16000000
5,4,10,24000000
4,3,6,12300000
4,3,5,10000000
6,5,1,60000000
7,6,1.2,43600000
7,6,1,21500000
0,5,10,17500000
0,10,2,160000000
0,5,5,12500000
0,3,5,11000000
0,3,5,8500000
0,1,2.5,4500000
0,3,2.5,4500000
0,5,10,25000000
9,8,1,35000000
6,5,1,43500000
0,5,9.2,16000000
0,3,4,7500000
6,5,8,12600000
0,2,8,11000000
0,7,10,14700000
0,5,18,35000000
3,3,3,6500000
6,5,10,26000000
6,5,1,61000000
6,5,1,49500000
0,4,5,9000000
0,4,6,11500000
6,5,1,58500000
6,5,1,55500000
5,5,1,45000000
7,6,2,75000000
5,5,1,29000000
6,5,1,49500000
5,5,1,47500000
4,4,1,41000000
0,0,1,41000000
0,0,1,49000000
0,0,1,41000000
0,0,1,55000000
0,0,1,55000000
0,0,5,21500000
0,0,6,19000000
0,0,1,62500000
6,5,1,41000000
0,5,10,12500000
0,5,8,11500000
0,2,4.8,25000
0,2,4.8,25000
0,2,4.8,23000
0,2,4.8,25000
0,0,2.9,16000
2,2,5.3,52000
0,2,4.8,21000
4,4,4,120000
4,4,12,250000
3,3,6.1,14500000
3,3,8,13500000
3,3,8,20000000
4,3,11.4,30000000
2,2,4.2,6200000
3,3,10,11500000
3,3,6.1,14500000
3,3,8,13500000
3,3,8,20000000
3,5,5.1,7000000
2,3,6.4,8500000
2,2,4.8,2200000
3,3,16,47500000
4,4,12,65000000
4,4,13.4,75000000
6,6,12,75000000
4,4,12,51500000
8,7,9.6,36000000
4,3,8,20500000
4,4,12,65000000
5,5,1,74000000
3,3,6.1,13500000
3,3,6.1,14000000
3,3,8,18500000
3,3,8,20000000
3,3,8,10000000
3,3,8,11000000
3,3,8,13500000
3,3,8,14000000
6,6,9,52500000
2,2,4.8,6800000
3,3,8,6500000
3,3,8,7000000
3,3,8,13500000
3,3,8,14000000
4,4,14,13500000
4,4,14,14500000
2,2,4.2,6000000
2,2,4.2,6200000
2,2,5,12500000
2,2,5,12500000
3,3,6.1,13500000
3,3,6.1,14000000
3,3,8,18500000
3,3,8,20000000
3,3,8,10000000
3,3,8,11000000
3,3,8,13500000
3,3,8,14000000
3,3,8,6500000
3,3,8,7000000
3,3,8,13500000
3,3,8,14000000
4,4,14,13500000
4,4,14,14500000
2,2,4.2,6000000
2,2,4.2,6200000
2,2,5,12500000
3,3,5,12500000
8,6,1,135000000
2,3,3.2,7500000
8,8,16,55000000
4,3,8.9,16800000
7,7,14,26000000
8,7,1.2,39000000
7,7,14,26500000
7,7,14,29000000
6,6,8,17000000
6,6,8,18000000
6,6,8,17500000
0,16,1.2,115000000
4,4,4.4,14800000
0,1,1.4,2800000
5,4,8,29000000
4,4,9.3,23000000
0,0,3.9,3800000
2,2,2.8,5400000
6,6,1.1,150000000
0,0,10,42500000
3,3,14.2,70000
6,7,1.1,600000
1,1,4,50000
6,5,1,450000
3,3,5,30000
3,2,8,25000
4,3,14.2,35000
7,6,1,600000
3,3,12.4,70000
3,3,12,30000
0,0,3,13000
3,3,5,25000
3,3,14,55000
5,5,6,55000
3,3,1,85000
3,3,18,60000
5,5,9,27500000
4,4,6.7,22500000
4,4,6.7,20500000
0,0,4,3800000
0,9,12.4,58000000
0,6,12.4,52500000
0,6,12.4,55000000
0,6,12.4,41000000
0,6,12.4,41500000
0,6,12.4,55000000
0,6,1,62500000
0,6,14.2,55000000
0,9,12.4,58000000
0,6,14.2,50000000
0,6,12.4,45000000
0,6,14.2,55000000
0,6,14.2,68000000
0,6,12.4,39000000
0,6,14.2,59000000
0,6,12.4,45000000
0,6,14.2,52500000
0,6,12.4,60000000
0,6,12.4,47500000
0,6,14.2,60000000
0,7,14.2,62500000
0,6,12.4,47000000
0,0,14.2,45000000
0,3,8,7000000
0,6,1,33000000
3,3,10.2,11000000
2,2,4.8,7500000
3,3,12,37000
0,0,12.4,23500000
0,0,12.4,25000000
0,0,12.4,18500000
2,2,4.2,5000000
5,4,8,22000000
6,5,1,42500000
3,4,10,9500000
3,3,5,9500000
3,3,4,9200000
0,5,1.2,50000000
4,4,5,13000000
0,0,5,8900000
3,3,6,9500000
7,8,1,45500000
3,2,6.2,25000
3,2,7,20000
3,2,10,40000
1,1,2.9,25000
6,5,10,21000000
0,5,1,38000000
0,5,8,25000000
0,5,8,25000000
0,5,4,8500000
0,3,4,12000000
0,9,5,15000000
0,3,3.5,4700000
0,0,2,5200000
0,3,3,5000000
0,4,5.5,24000000
0,5,5,14000000
0,3,4,11800000
0,4,1,45000000
0,4,1,42000000
0,4,1,43000000
0,4,1,41500000
0,4,1,40500000
0,6,2,105000000
0,6,2,95000000
0,6,2,87500000
0,6,2,85000000
0,6,2,88000000
2,2,2.7,4200000
0,5,1,50000000
6,5,10,28000000
1,1,1.7,3250000
0,5,1,33000000
6,5,10,28000000
5,5,5,15000000
4,3,8.5,23000000
5,4,1,30000000
3,3,5,11000000
3,3,5,10700000
4,4,8,16500000
3,3,10,14500000
2,2,3,3500000
4,3,4,8000000
0,5,7,12000000
0,3,3.5,6500000
0,3,5,6500000
0,4,5,9000000
0,4,7,12000000
0,1,1.7,8462000
6,5,10,18500000
0,0,5,7500000
0,2,5,7000000
5,4,10,23000000
8,11,3,300000000
6,5,1,55000000
0,1,1.7,8826000
6,5,1,60000000
0,0,6,12500000
5,4,10,35500000
3,3,10,13000000
5,7,4,7000000
4,3,5,13500000
4,3,5,9500000
8,10,1,60000000
5,4,1.6,40200000
0,0,10.5,120000000
6,6,10,24000000
3,3,18,24500000
6,5,1,82500000
3,3,10,13500000
5,5,18,20000000
3,3,10,14500000
0,0,18,17500000
3,3,10,17500000
1,2,5,1500000
0,0,10,25000000
6,5,1,43000000
6,5,1,53500000
6,5,1,45000000
1,1,3,1200000
7,7,11,18000000
4,4,3,6400000
0,0,1,67500000
0,0,13,26000000
0,0,10,21500000
0,0,10,21000000
5,5,6,17500000
1,2,3.4,2400000
0,2,2,3000000
0,5,7,13500000
0,5,10,18500000
0,2,5,5900000
0,5,11,21000000
0,3,5,9600000
0,5,1,25000000
0,1,4.9,6800000
0,5,10,16500000
0,3,8,11500000
0,3,5,9500000
3,3,8.8,45000
3,2,4.8,24000
3,2,4.8,25000
3,3,14,50000
3,3,11.6,35000
2,2,4.2,18000
3,3,1,185000
3,3,4.8,25000
3,3,9.6,35000
3,3,9.6,33000
4,3,16,45000
5,4,1,160000
3,3,16,45000
3,3,4.8,12000000
6,6,9.6,32500000
3,3,6.2,16500000
0,6,1,100000000
2,2,4.4,6000000
3,3,5.1,5500000
2,2,4.4,6000000
2,2,4.4,6000000
2,2,4.4,6000000
2,2,3.3,4100000
2,2,4.4,6000000
2,2,4.4,6000000
3,3,5.3,6500000
2,2,4.4,6000000
2,2,4.4,6000000
2,2,4.4,6000000
2,2,4.4,6000000
3,3,16.6,55000000
2,2,4,4300000
5,4,1,130000000
6,5,10.9,30000000
5,4,12,59000000
3,3,7.2,13000000
9,8,1,75000000
0,4,12,48000000
0,0,7.3,28000000
4,3,9.8,55000000
0,5,1,95000000
0,6,1,115000000
0,3,4,29000000
0,4,6,47500000
0,5,1,85000000
0,6,1,130000000
0,6,1,105000000
0,4,12,62500000
0,5,1.1,67500000
0,0,6.7,13000000
6,8,9.6,26000000
3,2,4,6500000
0,0,8,19500000
0,0,6,14500000
0,0,8,9500000
0,0,8,13500000
2,2,2,3000000
6,6,9.6,36000000
5,5,9.6,34000000
5,5,6.4,26000000
2,2,4.7,7500000
3,3,8,9350000
0,2,5.3,21000000
0,2,8,27000000
0,2,4.4,9000000
0,2,4.4,9600000
0,3,8.9,31000000
0,3,8.9,31000000
0,3,8,27500000
0,3,7.6,22000000
0,2,4.7,11000000
0,3,9.3,35000000
0,3,8.9,32500000
0,6,1.1,120000000
3,3,8,5990000
3,5,12,28000000
3,3,8,12800000
2,2,4.2,5200000
2,2,4.9,7000000
0,5,8,650000000
0,6,2,260000000
0,6,2,270000000
3,3,9.6,25500000
0,5,15.1,50000000
0,3,8.9,32500000
0,3,10.2,40000000
0,3,8,30000000
0,3,8,35000000
0,3,8,31000000
0,4,10,65000000
3,4,8,9000000
5,4,4.8,15500000
0,6,1,117500000
0,4,4,35000000
0,6,1,100000000
0,6,1,115000000
4,2,4.9,6000000
0,0,12,63500000
2,2,4.8,8500000
4,4,10,50000000
4,4,12,55000000
5,5,12,60000000
5,5,12,63500000
4,4,12,56500000
4,4,12,61500000
2,2,4.8,7000000
3,3,12,60000000
4,4,12,65000000
4,4,12,65000000
4,4,12,50000000
2,2,3.3,2800000
4,4,12,67500000
3,4,4.3,6500000
9,9,2,500000
3,3,1,85000
1,1,5.6,16000
3,3,1,70000
0,4,14.2,65000
6,4,10,125000
3,3,12,110000
3,2,7,27000
2,2,6.2,65000
2,2,7,28000
2,2,2.7,16000
4,4,2,150000
2,2,6,36000
2,2,6,31000
3,3,6,35000
3,2,5,20000
6,4,6,10500000
8,6,5,110000000
2,2,3,3500000
6,5,10,22500000
5,6,8,36000000
8,8,1,55000000
0,0,8.4,11000000
8,8,10,36000000
3,3,6.4,7500000
3,3,4.9,12000000
0,0,7,9500000
6,6,1,37500000
3,3,1,20000000
8,3,7,7500000
2,2,2.5,5500000
5,4,6.7,16600000
5,5,8,13500000
3,3,5,4000000
3,3,1,83000
0,5,1.9,55000000
0,5,10,18500000
3,2,3.2,6000000
7,8,1,48500000
3,2,5,4500000
2,2,6.4,13500000
0,4,10,12500000
0,3,10,8000000
0,2,5,4500000
0,3,5,6500000
3,3,5,10500000
2,2,3,2500000
2,2,5,5700000
6,5,1,42500000
5,5,7,13500000
0,0,5,28000
0,0,6,25000
0,0,10,60000
0,0,10,45000
0,0,1,30000
0,0,1,35000
0,0,10,35000
0,0,10,35000
0,0,7,60000
0,0,10,35000
0,0,8,25000
0,0,5,25000
0,0,7,25000
0,0,3,40000
0,0,1,45000
0,0,1,30000
0,0,1,40000
0,0,13,40000
0,0,5,16000
0,0,5,16000
0,0,1,35000
0,0,13,50000
0,0,10,50000
0,0,1,50000
0,0,7,25000
0,0,10,85000
0,0,1,35000
0,0,5,25000
0,0,5,15000
0,0,18,300000
0,0,1.1,450000
0,0,1,175000
0,0,1,250000
0,0,1,150000
0,0,18,65000
2,2,10,40000
3,2,12,35000
3,3,12.4,35000
1,1,3.3,35000
2,1,4.4,50000
2,2,3.1,6500000
6,5,1,62200000
7,6,1,51500000
6,5,1,57500000
6,5,1,44500000
5,4,5,14500000
6,5,1,51500000
6,5,1,52000000
6,5,1,49800000
4,4,11,20000000
6,3,10,14500000
4,4,10,16500000
5,5,10,18000000
5,5,1,43000000
6,5,1.1,42500000
2,4,2,4500000
0,0,10,23000000
0,0,10,20000000
6,5,1,41500000
7,6,1,35000000
5,4,10,39000000
5,4,10,30000000
2,1,8,50000000
0,3,5,7500000
6,5,2,100000000
5,4,1,26000000
1,1,1.8,3952000
0,1,2.6,5624000
1,1,1.6,3477000
1,1,1.7,2700000
3,3,5,11500000
4,4,5,8600000
2,2,4.2,4200000
3,2,2.2,8000000
5,5,1,45000000
4,4,5,10500000
5,5,6,14000000
3,3,5,13000000
3,3,5,12500000
4,4,11,34000000
3,3,5,15000000
3,2,3,4000000
2,2,2.5,3500000
0,0,9,1350000
2,3,3.5,3800000
6,6,7,15000000
2,2,3.5,3500000
6,8,5,15000000
4,4,7,8200000
2,2,5,4500000
3,2,5,6000000
2,2,3.3,5500000
1,1,2.4,4500000
4,3,4.5,6500000
4,3,4.5,6500000
4,3,9.8,135000
4,4,1.2,120000
2,2,4.2,40000
10,11,3,1500000
7,6,4,1200000
0,3,9.3,92000
0,3,9.3,90000
0,2,4.7,96000
6,6,1,325000
0,2,14.2,100000
0,3,8,75000
0,3,8,90000
3,3,10.2,240000
2,2,4.9,39000
6,6,2,390000
5,5,1.2,400000
0,0,10,200000
7,6,1.2,170000
4,2,10.4,185000
3,2,1,100000
5,5,16,75000000
5,4,11.6,51500000
6,6,1,105000000
5,5,1,100000000
5,5,1,100000000
5,5,1.2,120000000
5,5,1,71500000
0,0,1,102500000
6,6,1.2,110000000
5,5,1,100000000
5,5,1,97500000
5,5,1,82500000
5,5,1,75000000
2,2,4.8,5500000
8,8,1.1,82500000
6,6,1,70000000
5,6,4.8,17000000
6,6,9.6,21000000
2,2,3.6,3800000
3,3,6.4,6500000
4,3,16,48800000
3,3,6.1,15500000
2,2,4.4,4600000
2,2,3.6,5500000
5,6,3.2,12800000
8,6,1,75000000
9,5,5.1,9000000
2,2,4,7500000
3,2,4,8000000
4,3,5.1,16500000
2,2,3.2,4250000
2,2,4.9,6000000
0,0,8,32500000
2,2,4.4,6944000
3,5,3.2,4950000
2,2,3.1,3700000
3,3,7.1,14000000
5,5,5.8,25000000
3,3,7.6,13000000
4,3,8,17000000
2,2,2.7,3500000
3,2,4.9,8500000
2,3,3.8,3100000
2,2,4.8,9500000
3,3,9.6,14000000
4,3,9.3,10800000
3,3,5,13000000
3,3,5,13000000
3,4,2.6,7500000
2,2,4.2,8000000
2,2,4.2,8000000
0,3,3.2,3200000
6,5,1,38000000
3,3,8,9000000
6,6,1.2,65000000
4,3,8,19500000
6,6,9.6,32500000
4,3,8,11500000
1,2,2.4,6000000
2,2,4.9,6500000
2,2,3.8,3700000
3,3,8.5,14500000
6,6,16,37000000
5,5,17.1,62000000
2,2,4.2,28000
5,4,11.6,150000
4,3,14.4,160000
3,3,7.1,75000
2,2,9.6,34000
4,3,7.6,65000
3,3,12.2,85000
3,3,10.2,65000
5,5,17.1,100000
5,5,17.1,110000
5,5,17.1,115000
5,5,17.1,115000
5,5,17.1,110000
5,5,17.1,105000
5,4,7,57000
3,3,1,80000
3,3,10,40000
3,3,1,35000
5,3,4.4,50000
3,3,1,250000
2,2,5,16000
0,0,7,30000
1,1,1.7,10000
5,4,1.6,400000
7,7,2,400000
3,3,1,65000
4,4,1,130000
7,6,2,1000000
6,6,1,300000
3,3,1,130000
7,6,1.3,600000
6,5,2,1800000
6,6,1.3,350000
6,5,2,700000
0,0,2,250000
0,0,10,35000
2,3,4.9,42000
1,2,3.1,25000
3,3,12,75000
3,3,1,130000
3,3,6,22000
2,2,8,35000
3,3,9.3,60000
2,2,4,22000
3,3,6,22000
2,2,3,17000
3,3,1,50000
4,4,4,580000
5,5,2,270000
4,4,1,140000
5,5,2,300000
4,3,10,45000
2,2,4.4,32000
3,3,6,60000
3,3,1,85000
4,4,1,50000
2,2,10,40000
2,2,10,45000
3,3,1,80000
3,3,1,85000
3,3,6,60000
2,2,6,35000
2,2,6,27000
3,3,12,50000
4,4,14.2,30000
3,3,8,23000
3,3,14.2,68000
3,3,1,120000
1,1,2,25000
6,4,7,70000
0,0,17.8,200000
8,6,11,23500000
3,3,5,925000
1,2,2.7,5500000
1,2,2.2,5300000
8,5,8,27000000
5,5,10.9,42500000
4,4,4.4,17500000
4,4,4.4,14200000
7,5,10,16000000
6,5,8,16000000
3,2,6,7500000
10,11,1,65000000
4,4,4,16000000
2,2,5,3300000
7,7,14,45000000
5,5,7,26000000
6,6,1.2,78000000
4,3,8,6800000
6,6,7.5,15500000
8,7,8,17500000
0,0,5,22000
0,0,10,22000
1,3,5,13000
1,3,5,14000
0,1,3,30000
0,0,3,25000
1,1,2.7,23000
1,1,2.7,23000
6,5,10,70000
3,2,12,40000
3,3,7,28000
5,3,12,120000
5,3,12,120000
6,5,1,45000000
7,6,1,44500000
4,3,6,9000000
6,5,10,24000000
6,5,1,47500000
0,0,1,10500000
6,5,1,46000000
6,5,1,50000000
6,5,1,40000000
6,5,1,47500000
4,3,7,24000000
6,5,10,23000000
4,3,5,12500000
4,4,10,25000000
5,4,16,35000000
6,5,10,18500000
3,3,5,11000000
6,5,7,20000000
5,5,6,9700000
5,5,6,9700000
6,4,5.5,10700000
2,3,3,2200000
7,6,15,27500000
2,3,8,12500000
5,3,5,12500000
5,5,12,23500000
10,8,1,42500000
4,4,5,11000000
3,3,5,14000000
3,3,9,12000000
5,4,6,9500000
1,1,3.3,22500000
6,5,1,26500000
0,0,8,62500000
8,7,2,90000000
2,3,3,8000000
6,4,10,27000000
9,9,10,20000000
6,5,16,27900000
5,4,1,26000000
5,5,1,39900000
7,5,10,15500000
2,3,4,4500000
2,2,3,3300000
6,5,8,16500000
5,5,10,21000000
5,5,1,22000000
6,5,10,21000000
4,3,5.6,12000000
5,4,7,14500000
2,1,3.8,6500000
6,6,4.8,18500000
3,3,8,13000000
3,3,8,16000000
3,3,8,16000000
3,3,8,16000000
3,3,8,13000000
3,3,8,16000000
3,3,5.3,7500000
3,3,6.4,19000000
2,2,3.8,3300000
2,2,3.4,4000000
2,2,2.8,4200000
8,7,3.2,9000000
2,2,2.4,3200000
3,3,4.8,8000000
4,4,9.8,16200000
3,3,6.2,12500000
4,3,7.4,13000000
4,3,7.4,13000000
0,0,2.6,4500000
3,3,4.9,7200000
2,2,3.5,4900000
2,2,4,8200000
0,0,9.6,23700000
4,4,4.8,14500000
6,6,9.6,38000000
3,3,7.1,35000000
5,5,11,65000000
6,6,11,65000000
5,5,8,55000000
6,6,12,87500000
5,5,8,50000000
4,4,7.6,35000000
4,4,11.8,35000000
3,3,6.7,25000000
0,0,3.6,6500000
2,2,4.2,3700000
3,3,8.9,40000000
4,4,14,58500000
3,3,7.1,18000000
3,3,6.2,16500000
3,3,7.1,18000000
4,4,12.4,40000000
3,3,7.6,11000000
4,4,13.3,33000000
3,2,3.3,3600000
5,5,17.1,72500000
3,3,9.4,9500000
5,5,1,70000000
3,3,8,13000000
4,4,4.8,14500000
4,4,4.8,15500000
4,4,4.8,16500000
4,4,4.8,17500000
4,4,4.8,13500000
4,4,4.8,14500000
4,4,4.8,15500000
4,4,4.8,16500000
4,4,4.8,15000000
4,4,4.8,14000000
4,4,4.8,16000000
4,4,4.8,12500000
4,4,4.8,14000000
3,3,7.3,19000000
4,3,8,23000000
2,2,4.2,5400000
2,2,4.2,7200000
2,2,4.8,6000000
4,4,5,1975000
0,2,4.2,4500000
0,3,6.7,12500000
5,4,13,85000000
0,0,4,5200000
3,3,8,6500000
3,3,5.5,6500000
2,2,3.6,7200000
2,2,3.6,7000000
6,6,9.6,46000000
9,8,9.6,36000000
2,2,4,8500000
3,3,5.6,8500000
2,2,4.7,5000000
3,4,2.4,6000000
6,4,13.2,70000000
2,2,6,32000
3,3,11.6,42000
6,5,5,38000
2,2,12,40000
2,2,5,16000
1,2,3.1,26000
3,2,5,18000
3,3,12,80000
4,4,10,35000
5,4,4,700000
3,3,14,75000
3,3,5,23000
1,1,2.8,23000
3,3,10,28000
3,3,1,38000
2,2,3.1,24000
3,3,8.7,85000
3,3,8.9,85000
3,3,12,65000
3,2,10.9,52000
3,4,8.9,85000
8,8,2.5,2000000
3,3,1.2,58000
3,3,7.2,65000
2,2,7.2,65000
2,2,10,50000
3,3,14.2,35000
2,2,7.5,60000
5,5,8,80000
2,2,7.5,60000
2,2,7,60000
3,3,14,40000
3,3,8.7,80000
2,2,7.2,65000
3,3,1,65000
2,2,14,40000
4,4,5,11000000
6,5,10,24000000
3,3,5,9550000
6,5,12.4,20000000
6,6,8,15000000
7,6,12.4,19800000
4,4,5,10600000
5,5,7,15000000
6,5,7,13500000
3,3,5,10500000
0,0,6,20000
0,0,6,22000
0,0,7,24000
2,2,2.9,20000
4,4,8,45000
5,4,7,50000
3,3,12,110000
7,5,10,22000000
6,5,1,45000000
6,5,1,32900000
6,6,2,110300000
6,5,10,25000000
1,1,1.2,1800000
4,3,16,18000000
5,4,10,24900000
7,5,10,25500000
5,5,1,48000000
6,4,10,28500000
5,5,1,52500000
6,5,1,42500000
5,4,5,13500000
5,5,5,11500000
0,0,10,16500000
6,5,10,23500000
7,6,2,120000000
4,3,5,13000000
1,1,2,1056000
7,4,10,32500000
5,5,1,75900000
6,6,1,98000000
4,4,10,40000000
5,5,11,35000000
5,5,1,65000000
5,5,1,61000000
8,6,1,48000000
0,4,7,26500000
0,5,1,55000000
6,4,10,26000000
8,6,1,37500000
5,5,17.1,110000
5,5,17.1,105000
5,5,17.1,110000
5,5,1,250000
6,5,1,430000
2,2,4.4,30000
3,3,16,45000
3,3,8,55000
3,3,6.2,50000
2,2,3.6,24000
2,2,3.6,25000
2,2,4.4,40000
3,3,9.3,50000
3,3,8,75000
4,4,13.2,185000
3,3,8,30000
4,4,2,700000
3,3,12,60000
6,6,9.6,35000000
2,2,3.6,5300000
2,2,4.8,6000000
4,3,8.9,35000000
2,2,4.8,11500000
3,3,8,19000000
2,2,4.9,12000000
0,0,2.6,2000000
0,0,2.6,1900000
0,0,2.6,2050000
0,0,2.6,1350000
0,0,2.6,1300000
0,0,2.6,1400000
0,0,3.2,2900000
0,0,2.6,1800000
4,3,8,31000000
3,3,10,26000000
3,3,9.8,25000000
4,4,4.8,13000000
2,2,4.2,4800000
3,3,4,3900000
3,3,12.4,42000000
3,3,12.4,41000000
8,6,1,140000000
3,3,12.4,37000000
3,3,10.7,19000000
3,3,10.7,18500000
2,2,3,6800000
6,6,9.6,34000000
6,6,9.6,42500000
3,3,4,7500000
0,3,9.8,12200000
0,3,7.6,17000000
4,9,3.2,9200000
4,5,6,65000000
2,2,3.4,6000000
2,2,3.4,6000000
2,2,3.4,6000000
6,6,16,65000000
2,2,3.4,6000000
2,2,3.4,6000000
2,2,3.4,6000000
2,2,3.4,6000000
2,2,3.4,6000000
2,2,3.4,6000000
4,6,3.4,8800000
2,2,3.4,6000000
2,2,3.4,6000000
2,2,3.4,6000000
2,4,4.8,15500000
2,2,2.6,4200000
2,2,2.8,2500000
2,2,3.4,6000000
2,2,3.4,6000000
2,2,3.4,6000000
2,2,3.4,6000000
2,2,3.4,6000000
2,2,2.8,2500000
5,4,13.3,63000000
0,0,5.8,7500000
2,4,4.8,15500000
2,2,2.8,2500000
2,2,2.6,4500000
0,6,4.8,18000000
0,6,4.8,17000000
0,8,9.6,32000000
0,3,5.3,6000000
2,2,3.4,6000000
2,2,3.4,6000000
2,2,3.4,6000000
2,2,3.4,6000000
3,4,3.2,7000000
2,2,2.6,4500000
8,6,1,145000000
3,3,6.4,14000000
2,2,3.4,6000000
5,4,1.2,62000000
2,2,3.4,6000000
2,2,3.4,6000000
2,2,3.4,6000000
2,2,2.6,4200000
2,2,2.6,4200000
2,2,2.8,2500000
2,2,2.6,4200000
3,3,5.8,10000000
3,3,5.8,10500000
2,2,2.6,4200000
6,6,8,24500000
5,4,7,14500000
2,2,5.1,4715000
7,6,9,16000000
6,5,9,20500000
5,4,6,13000000
8,7,12,24000000
2,2,3.6,3700000
3,2,5,5500000
10,7,10.9,35000000
2,2,3.6,6000000
5,5,2.2,100000000
4,5,1,35000000
5,5,8,15000000
6,5,7,36500000
6,6,14.2,55000000
6,6,14.2,42500000
7,7,10,38000000
6,5,8,26000000
2,2,4,24000
5,4,4.4,55000
3,2,12.2,70000
2,2,7,34000
2,1,4.4,24000
3,3,8,35000
2,2,8,65000
2,3,4.9,35000
5,5,8,60000
3,3,12.4,55000
2,2,4.4,30000
0,0,15.6,150000
4,3,1,52000
3,2,14,60000
2,2,3.6,16000
3,3,4.9,20000
3,3,1,75000
3,2,10,55000
4,3,1,85000
2,2,5,23000
2,3,5.1,8500000
3,3,6.9,10000000
3,3,6.9,10000000
6,6,1.2,78000000
3,3,6.9,10000000
3,3,6.9,10000000
3,3,6.9,10000000
3,3,6.9,10000000
3,3,6.9,10000000
3,3,6.9,10000000
3,3,6.9,10000000
6,6,3,380000000
3,3,6.9,10000000
3,3,8.5,12000000
3,3,8.5,12000000
3,3,8.5,12000000
3,3,8.5,12000000
2,2,5.5,6600000
2,2,5.5,6600000
2,2,5.5,6600000
2,2,5.5,6600000
2,2,5.5,6600000
4,4,6.7,6600000
4,6,1,60000000
3,3,5,11000000
3,3,5,10800000
3,3,5,10800000
3,3,5,11000000
7,7,10,28000000
6,6,13.3,11300000
3,3,5,9400000
7,7,1.1,35000000
5,5,11,23500000
7,7,10,22500000
2,2,3.6,3600000
5,5,5,12000
5,5,10,68000
7,6,2,75000000
5,4,10,31000000
6,5,12.5,25000000
4,3,3,5990000
7,5,1.1,40000000
4,4,10,22500000
5,4,5,13200000
7,6,2,75000000
2,2,3,4500000
5,4,5,14000000
7,6,1,31500000
6,5,8,16500000
0,3,5,12500000
0,4,10,22500000
0,3,7,12000000
5,4,10,17500000
6,5,5,15500000
5,4,10,24500000
4,4,3,7000000
0,0,10,21500000
4,3,5,21000000
5,5,10,35000000
6,5,2,117500000
4,3,5,19000000
4,4,3,7500000
6,5,10,26000000
4,4,3,7500000
4,4,3,7500000
5,4,5,23000000
0,0,10,28500000
5,5,5,11000000
0,0,10,20000000
0,0,5,11000000
4,4,3,6500000
0,0,5,11000000
0,0,10,20000000
5,4,5,16000000
0,0,10,17500000
0,0,5,10000000
5,4,10,16500000
6,5,1,37500000
6,5,1,39000000
7,6,1,45000000
6,5,1,45000000
6,5,1,44000000
6,5,1,41500000
4,3,6,11000000
4,4,3,7500000
4,4,3,7300000
7,6,1,51000000
5,5,10,15500000
7,6,12.5,21500000
5,3,5,13500000
6,5,1,55000000
5,4,5,12500000
3,3,5,17000000
6,5,7,13500000
5,4,5,13000000
4,3,5,16500000
6,5,1,38500000
4,3,10,28500000
2,2,2.6,4200000
6,6,2.1,107500000
0,6,1.2,100000000
2,2,3.4,6000000
2,2,2.6,4500000
2,2,2.6,4200000
2,2,3.4,6000000
6,3,8.6,37500000
2,2,3.4,6000000
2,2,2.6,4500000
2,2,2.6,4200000
2,2,2.4,25000
4,4,11.1,100000
2,2,4,50000
2,2,4,50000
4,4,11.1,100000
2,2,2.4,25000
4,4,8,75000
3,4,8,35000
4,3,1,115000
3,3,9.8,115000
4,3,7.1,35000
7,6,16,700000
0,2,6.4,35000
0,3,5.8,27000
0,3,6,30000
6,5,1,250000
2,2,3.4,6000000
2,2,3.4,6000000
2,2,2.6,4200000
3,3,8,22000000
2,2,5.1,6500000
3,3,8,9600000
4,4,10,55000000
2,2,4.7,6000000
2,2,2.6,4200000
2,2,4.4,3600000
6,6,2,150000000
3,3,8,10000000
4,4,4.6,6500000
4,6,4.8,25000000
3,3,8,11500000
2,2,4.9,9500000
4,4,10,19000000
4,4,10,19000000
5,5,4.8,19000000
1,1,1.3,1750000
2,3,4.8,3600000
0,0,1.8,3500000
3,3,5.8,6000000
0,3,8,11500000
3,3,8,28500000
4,3,6,62500000
3,3,12,17500000
4,4,7.1,12500000
2,2,4.2,11500000
3,2,4,11500000
5,4,5,13000000
3,3,5.1,12000000
3,3,6.1,10000000
4,4,13.1,14000000
1,1,2.2,3500000
6,6,9.6,32500000
2,2,4.9,3500000
0,0,4.9,9000000
5,4,8.2,30000000
0,0,9.6,8000000
7,6,1,100000000
4,4,1,29000000
3,3,6.4,15000000
2,2,4.9,9500000
3,9,4.8,19900000
3,3,11.6,42500000
3,3,11.6,37500000
2,2,3.8,3000000
3,3,8,15000000
4,3,8,16000000
5,5,4.8,12500000
3,3,12.4,52500000
0,0,1.2,2400000
0,0,1.2,50000000
10,10,1.2,50000000
5,4,4.8,12500000
0,0,1.2,57000000
5,5,1,100000000
2,2,3.6,4100000
6,5,7,27000000
0,0,4,16500000
4,4,8,18500000
6,6,10,36000000
6,5,7,25000000
6,6,8,19000000
7,7,1.7,20000000
3,2,6,9000000
6,6,13,28000000
2,2,4.8,8200000
2,2,3,5000000
6,6,13,26500000
4,4,10,14000000
6,6,1.3,110000000
6,6,6.5,12500000
3,3,8.6,14000000
6,6,8,18500000
4,4,16,20000000
1,1,2.8,4000000
6,6,8,18500000
2,2,3.1,5600000
3,3,4.9,11000000
5,5,16,90000000
3,3,7,8000000
3,3,18,10000000
3,3,4,3200000
4,4,5.6,22000000
3,3,10,7000000
3,3,10,6500000
8,7,1.3,170000
3,3,11,55000
2,2,8,26000
6,4,1,250000
3,3,14.2,50000
4,4,1,220000
4,3,13,125000
2,2,9.3,40000
4,4,8,85000
3,3,1,90000
3,4,1,175000
2,2,6.8,26000
3,3,1.2,120000
7,6,2,300000
5,5,2,400000
2,2,8,45000
2,2,7,40000
4,3,12,37000
6,5,1,210000
6,5,1,300000
4,4,7,12000000
6,6,6,10500000
5,4,6,13000000
2,2,8.7,7500000
5,5,6,14000000
5,4,6,12500000
8,8,6,9000000
9,7,7,14500000
5,4,5,11500000
6,5,8,13000000
2,2,4,6000000
1,1,2,1700000
2,2,5,3500000
2,2,5,3450000
4,5,3,4500000
7,7,10.9,19500000
0,0,6.7,8500000
2,3,4.9,9500000
5,5,8,26000000
2,2,4,6700000
5,5,8,26500000
6,4,8,13000000
6,6,10,35000000
0,0,7,7500000
0,0,5,9000000
0,0,5.5,6200000
0,6,7,25500000
6,5,7,15000000
1,1,2.2,3795000
7,10,16,10500000
0,0,10,27000
0,0,12,38000
0,0,12,18000
0,0,7.2,45000
0,0,3,22000
0,0,5,32000
0,0,7,28000
3,3,10,28000
8,6,1,90000
1,1,3.3,38000
1,1,3.3,35000
4,4,7,45000
1,1,1.6,13000
5,4,5,12800000
3,3,5,8000000
7,6,10,23000000
3,3,2,5900000
4,3,5,8200000
1,1,2.2,4000000
3,3,4.5,8000000
4,4,3,7500000
1,1,3,2700000
6,4,10,19000000
3,4,6,12300000
3,3,3,5950000
1,2,3,1800000
1,2,5,3800000
4,4,5,13000000
6,5,1,37500000
2,3,5,5000000
6,5,2,220000000
5,4,10,30500000
6,5,1,39000000
2,5,4.7,15000000
4,4,3.5,10000000
3,3,3,4490000
3,4,3,9500000
3,3,3,7800000
4,3,3.5,13000000
6,6,10,20000000
3,3,10,14000000
3,3,16,15000000
4,3,5,9000000
8,7,1,35000000
4,3,10,13000000
4,3,9.6,42000
2,2,4.2,38000
3,3,8,70000
5,4,8,140000
3,3,6,45000
2,2,1,110000
2,2,3.1,17000
4,4,10,75000
4,4,10,75000
5,4,1,200000
4,3,12,95000
3,3,1,110000
2,2,1,125000
3,3,4.4,22000
2,2,4.9,46000
4,3,6,32000
3,3,1.6,90000
4,4,2,145000
5,4,2,200000
4,3,14.2,220000
4,4,14,240000
3,3,1,165000
3,3,5.3,50000
2,2,4.2,38000
3,3,5.3,55000
4,3,1,155000
5,4,1.1,250000
5,5,1,105000
5,5,2,300000
5,4,2,400000
3,3,10.2,40000
4,4,10,225000
3,2,1,175000
3,3,9.6,33000
4,3,1,145000
3,2,4.8,22000
8,8,4.8,100000
2,2,4.9,9300000
2,2,4,5600000
3,3,5,13000000
3,3,5,13000000
3,3,5.8,11000000
3,3,5.8,17000000
6,6,5.6,18500000
7,7,5.2,17700000
3,3,5,9500000
4,3,10,14000000
3,9,5.3,17000000
6,6,1,85000000
3,3,1,63500000
4,3,4,35000000
6,6,1,90000000
6,6,1,65000000
5,5,1,95000000
5,4,6,52500000
5,5,1,85000000
5,5,16,88500000
5,4,6,52500000
6,6,1,92500000
6,6,1,90000000
5,5,1,87500000
5,4,4.8,42500000
6,6,1,90000000
6,6,1,90000000
6,6,1,95000000
5,4,4,40000000
5,5,1,87500000
4,4,1,85000000
0,5,1,95000000
5,5,1,65000000
8,8,1,60000000
3,3,1,82500000
5,5,17.2,72500000
6,6,1,100000000
5,5,1,83500000
5,5,1,100000000
5,5,1,97500000
5,5,1,90000000
5,5,1,92500000
7,5,1.3,180000000
6,5,16,19500000
2,2,4.9,300000
1,2,1.8,1800000
0,3,7.1,26500000
4,3,7.8,11200000
2,2,3.3,6300000
2,2,4.7,10000000
1,3,4.8,12000000
0,6,9.6,31000000
0,4,4.8,22500000
0,4,5.3,24000000
0,6,9.6,32000000
0,6,9.6,31000000
0,5,8,32000000
0,4,8,24500000
0,7,16,49000000
0,6,16,50000000
0,6,9.6,28000000
0,8,16,55000000
0,6,9.6,32500000
0,2,2.9,2300000
0,3,5.6,6000000
0,3,6,10000000
1,1,3.2,4200000
0,3,8,15000000
0,3,8,12500000
6,6,8,18000000
0,0,11.5,6500000
0,6,10,76000000
0,3,8.9,25000000
0,3,8,23000000
0,3,4.8,7000000
0,2,4.8,7000000
0,2,4.8,7500000
0,2,4.8,6000000
0,2,4.8,5500000
0,2,4.8,8000000
0,3,4.8,10000000
0,2,4.8,5500000
0,3,4.8,6500000
0,3,4.8,6500000
0,0,4.8,7000000
0,0,1.2,110000000
2,2,4.2,5800000
2,2,2,5000000
2,2,3.1,3500000
3,4,10,39000000
2,2,4.8,7000000
6,5,1.2,50000000
4,8,3.2,11500000
3,3,8.2,11000000
0,0,4.8,14000000
0,0,4.8,16000000
2,2,3,3000000
2,2,4,8500000
2,2,4,6800000
2,2,4,5500000
2,2,6.1,12000000
6,5,8,36000000
8,7,1,35000000
6,5,9.3,20500000
9,9,1,65000000
2,2,6.7,47000
5,4,1,400000
8,8,1,600000
3,3,14,70000
5,5,2,500000
5,4,1.3,250000
6,6,1,500000
2,2,5.6,33000
5,4,2,85000
3,3,1,150000
6,6,2,320000
4,4,2,280000
4,4,1,160000
9,9,2,550000
4,4,1,200000
6,6,2,400000
4,4,1,280000
5,5,18,350000
6,6,2,300000
4,4,1,280000
3,3,1,170000
3,3,8.7,30000
3,3,1,90000
5,5,1,250000
2,2,6.7,55000
3,3,10,55000
6,6,1,390000
3,3,14.2,50000
2,2,4.4,27000
3,3,8,42000
2,2,9,45000
3,3,10.9,30000
3,3,4,37000
5,4,5,40000
3,2,14.4,60000
3,2,5,30000
2,2,5,26000
3,2,1,40000
4,3,1,50000
4,3,1,50000
2,2,4,31000
4,3,1,55000
2,2,4,15000
4,3,1,55000
2,2,4,22000
2,2,3.7,35000
3,3,14,70000
2,2,4,22000
1,1,2,6000
2,2,1,85000
2,2,4,12000
2,2,4,28000
5,3,4.4,45000
5,4,8,95000
4,3,1,45000
3,2,10,32000
4,3,1,65000
3,2,10,30000
3,2,10,35000
0,0,10,40000
4,3,1,55000
5,5,4,7500000
2,3,3,4000000
5,3,5,7200000
0,0,5,10000000
0,0,5,5000000
0,0,10,40000000
0,0,5.5,9000000
0,0,7,16000000
0,0,7,15500000
0,0,7,16500000
0,0,3.5,12500000
0,0,1.4,5000000
4,3,1.1,30000000
4,4,3.5,7500000
0,0,4.4,5400000
3,2,4,5700000
4,4,10,20000000
4,4,1,30000000
5,5,4,15000000
3,2,7,8500000
4,4,5,7500000
6,4,6,13000000
6,6,1.2,55000000
3,3,5,10500000
0,3,7,32000
0,4,10,50000
0,0,7,50000
0,3,7,35000
0,0,10,50000
0,0,1,13000
5,5,10,50000
0,0,11,35000
2,3,4.4,28000
1,1,2.9,23000
2,1,3.6,45000
1,1,2.4,6408000
0,5,10,21000000
2,1,3,2335000
1,1,2.6,7044000
5,4,10,21000000
1,1,2.7,17200000
5,4,10,23000000
3,3,5,12500000
6,5,10,16500000
0,0,5,13000000
6,5,1,57000000
6,5,1,45000000
3,3,3,6500000
4,3,3,8500000
4,4,10,30000000
4,3,3,8500000
6,5,5,13500000
3,3,6,14500000
4,4,8,13500000
3,3,8,12000000
4,3,5,11000000
5,4,10,27000000
5,5,10,23000000
3,2,2.5,3500000
1,1,2.4,3800000
1,1,2.6,5700000
6,5,10,25000000
5,5,1,37000000
2,2,4,4500000
4,6,7,16000000
2,2,2.5,6000000
3,2,8,11500000
5,4,8,14000000
4,3,7,14000000
4,4,10,26000000
4,4,10,21500000
5,4,7,15500000
4,4,10,22500000
4,4,10,24000000
4,4,13,15000000
4,4,13,17000000
3,3,10,11500000
3,3,10,13500000
3,3,10,15500000
4,3,5,11000000
6,5,10,22500000
4,4,5,7500000
4,3,6,9500000
6,5,5,17500000
4,3,3,8000000
3,3,5,12200000
3,3,5,11800000
3,3,5,11500000
3,3,5,12000000
3,3,5,12500000
3,3,5,13500000
3,3,5,13000000
3,3,5,12500000
3,3,5,13000000
3,3,5,13500000
4,4,1,25000000
4,4,1,26000000
4,4,1,25500000
3,2,5,12500000
3,3,5.1,50000
6,4,4.8,48000
4,3,7.8,85000
2,3,4,21000
0,3,5.3,6000000
0,3,5.3,6000000
0,3,5.3,6000000
0,3,5.3,6500000
0,2,3,3400000
0,2,3,3300000
0,2,3,3300000
0,2,3,3500000
0,2,4.2,4200000
0,3,5.3,6000000
0,3,6.1,6500000
0,3,6.2,7500000
0,2,4.7,4500000
0,2,3.3,3200000
0,2,2.9,3400000
3,4,9.6,13000000
6,6,12,30000000
2,2,4.4,8000000
2,2,5.3,8400000
0,0,8,26000000
0,0,8,26000000
2,2,5.3,8500000
2,2,3.6,6000000
5,5,8,25000000
1,1,1.8,3000000
3,3,4.8,16500000
3,3,4.8,15000000
6,7,11.5,27500000
2,2,4.4,8500000
3,3,6,6500000
4,6,4.8,15000000
0,6,8,30000000
3,3,8,14000000
3,3,8,20000000
3,3,6.1,15000000
3,3,8,13000000
2,2,4.2,6200000
2,2,5.1,6700000
3,3,8,14000000
3,3,8,20000000
3,3,6.1,15000000
2,2,4.2,6200000
2,2,5.1,6700000
3,2,4.4,4800000
9,8,12,60000000
3,3,6.4,10000000
3,2,6.7,11500000
7,4,14,15000000
2,2,3.3,3000000
5,4,4.8,16000000
3,3,5.3,9500000
4,3,4.9,11000000
3,2,4.2,5500000
5,4,8,19500000
4,3,6,17000000
2,2,5.6,9000000
0,0,1,80000000
2,2,2.4,3200000
4,4,4.7,15000000
3,3,6.4,5200000
0,0,3.2,15000000
6,6,1,100000000
6,6,9.6,38000000
4,4,4.8,17000000
0,0,1.2,100000000
2,2,4.4,8700000
3,3,4.7,3200000
5,5,1,57000000
5,5,1,40000000
5,5,16,37500000
5,5,1,52500000
5,5,1,47000000
5,5,1,52500000
1,1,4.3,6000000
7,6,14.2,22500000
0,0,10,10500000
2,2,4,4200000
7,7,7,27500000
7,5,6,13700000
10,9,1,67500000
3,3,4.9,11200000
6,5,5,9200000
3,2,5,7000000
0,0,12,26000000
10,10,1,45000000
3,3,8,10000000
3,3,6.7,5000000
1,1,3.1,2800000
5,6,5,11000000
10,6,15,21000000
6,6,1.2,47500000
1,1,2.6,5200000
3,2,10,38500
1,1,3.6,22000
6,6,1,150000
6,5,1.5,60000
3,3,1.3,120000
3,3,1,110000
0,0,1,55000
4,4,1.1,130000
3,2,6,20000
3,3,1,40000
5,5,5,40000
5,5,12,85000
3,5,10,23000
1,2,3.3,20000
3,3,10,64000
5,5,1,160000
6,6,1.2,200000
2,2,6.7,48000
3,3,11.1,45000
4,3,1,90000
2,2,4.4,25000
2,3,4.4,25000
3,3,12,30000
3,3,4.4,18000
0,0,8,56000
0,0,8,45000
8,8,14,120000
0,0,16.9,65000
5,6,1,165000
1,1,1,40000
3,4,10,35000
3,3,1,150000
2,2,4.4,25000
6,6,1,400000
2,2,4.4,23000
6,6,1,350000
2,2,6,36000
3,5,5,7700000
6,5,1,17000000
1,2,2.5,2200000
6,4,5.3,9500000
5,5,1.2,40000000
8,7,10,15000000
2,2,4,4500000
4,3,7,13500000
4,5,8,16000000
7,6,1.1,47000000
4,4,10,19500000
4,4,7,15000000
2,2,4,4000000
4,5,4.9,55000000
2,6,3,7000000
7,7,12.4,25000000
4,3,5,40000
0,4,5,35000
1,1,0.6,5500
5,5,1,170000
3,3,1,75000
2,2,5,24000
2,2,5,35000
1,2,3.5,16000
5,5,12,64000
0,0,10,70000
0,0,1,90000
0,0,10,30000
0,0,10,30000
0,0,1,45000
0,0,1,40000
0,0,5.3,40000
0,0,8,65000
3,3,2.5,7000000
3,3,2.5,7000000
6,5,10,19000000
6,5,12,25000000
6,5,10,18000000
5,5,1,35000000
5,5,1.1,40000000
5,5,1.1,40000000
3,3,7,15000000
3,3,7,15000000
3,3,5,9500000
0,0,8,72000000
0,0,8,72000000
0,0,8,72000000
3,3,3,5600000
4,4,5,12000000
3,3,5,9000000
3,3,5,9000000
4,4,5,8300000
6,7,2,100000000
6,6,1,30000000
6,7,2,100000000
4,4,5,9000000
3,3,3,5500000
3,3,5,9500000
3,3,4,9500000
3,3,4,10000000
3,3,4,9500000
5,5,8,15000000
2,2,6,3000000
3,3,4,10000000
2,2,3,3000000
3,3,5,7600000
5,5,6,13000000
3,3,5,7600000
3,3,5,7600000
5,5,6,13000000
3,3,5,7500000
3,3,4,10000000
3,3,5,7300000
3,3,5,7200000
6,7,7,17500000
6,6,8,16500000
5,5,8,14000000
5,5,8,14000000
3,3,4,10000000
3,3,4,10000000
5,5,8,15500000
3,3,4,9500000
5,5,8,15000000
3,3,4,11500000
3,3,4,10000000
6,5,10,32500000
6,5,10,40000000
6,5,10,24500000
6,5,10,26500000
3,3,4,9500000
6,5,10,26500000
6,5,18,45000000
5,5,10,15000000
6,5,10,27000000
6,5,12,32500000
6,5,10,25000000
2,2,2,3600000
3,3,2,4600000
3,3,2,4600000
2,2,5,5600000
3,3,3,8500000
3,3,5,8500000
6,5,10,20000000
3,3,3,5200000
3,3,5,8500000
3,3,3,6200000
3,3,4,9500000
3,3,3,6000000
3,3,3,5700000
4,3,5,15500000
3,3,3,6000000
3,3,3,5700000
3,3,3,5700000
3,3,3,5800000
3,3,4,7600000
5,5,6,11000000
4,4,4,8500000
6,5,5,14500000
6,5,5,14500000
3,3,6,12000000
6,5,5,14500000
6,5,5,15000000
6,5,5,15000000
6,5,5,16000000
6,5,5,16500000
6,5,1,42500000
6,6,1,80000000
6,5,10,32500000
5,5,5,14000000
5,5,12,42500000
6,5,5,17000000
5,5,10,14000000
6,5,1,41000000
1,1,2,3500000
6,5,10,17500000
5,5,10,21000000
6,5,10,18500000
6,5,1,57500000
6,5,6,14000000
6,5,10,19300000
5,5,11,24000000
6,5,5,16500000
2,2,2,5500000
4,4,1,20700000
3,3,3,7200000
4,4,1,20800000
6,5,5,16500000
3,3,3,6500000
4,4,1,20200000
4,4,1,20500000
6,5,5,16500000
4,4,1,20300000
6,5,5,16500000
6,5,5,16500000
4,4,4,7500000
4,4,1,20000000
6,5,5,16500000
4,4,4,8200000
4,4,5,9500000
6,5,5,16500000
6,5,5,16500000
6,5,5,16500000
4,4,1,21000000
3,3,5,8500000
6,5,8,25000000
3,5,4.7,7000000
8,6,16,27000000
4,3,8,12600000
4,3,6,11000000
4,3,5,8600000
5,4,14,14500000
5,4,14,18000000
3,2,4.2,6000000
4,3,10,19000000
4,3,6,13000000
4,3,8,13000000
8,6,2,300000000
4,4,12,60000000
3,2,4.8,9000000
2,2,3.6,4200000
0,0,8,35000
0,0,8,33000
0,0,16,50000
0,0,4.8,16000
4,3,8.9,100000
4,3,8.9,100000
4,3,6,40000
5,4,8,50000
3,3,1,80000
3,2,4.2,20000
2,2,3.3,20000
2,2,5,2800000
4,3,8,6300000
0,0,10,11000000
3,3,11.1,15500000
2,2,5.3,6000000
0,0,10,55000000
4,4,9.3,30000000
4,4,5,8000000
3,2,5,6000000
3,4,10,13000000
6,6,1,35000000
7,6,1.2,52500000
4,4,8,22500000
1,2,3,28000
3,2,1,60000
2,2,9,23000
4,3,1,50000
2,2,5,25000
6,6,1,80000
3,3,1,45000
3,3,14,35000
2,2,5,20000
0,0,12,31000
3,3,5,8000000
4,4,10,25000000
6,5,10,26000000
5,5,1,40000000
3,3,4,9000000
3,3,6,13500000
3,3,5,10500000
4,4,7,16000000
4,4,7,16000000
4,3,5,9000000
4,4,1,18500000
0,3,5,10500000
0,3,5,11000000
0,6,10,22000000
0,3,5,9000000
4,4,1,18300000
4,4,1,18700000
7,6,1,46000000
2,2,12,65000000
4,4,1,18200000
4,3,10,25000000
6,5,1,39000000
5,5,1,45000000
5,5,2,60000000
5,5,2,90000000
5,5,1,40000000
5,5,1,65000000
5,5,1,50000000
5,5,1,80000000
4,4,1,19000000
5,4,1,28500000
7,7,1,46500000
5,5,10,23000000
5,5,10,19000000
5,5,2,80000000
5,5,10,21500000
5,5,10,25000000
3,3,5,12500000
5,5,10,22500000
3,3,5,11000000
5,5,1,47500000
3,3,4,12400000
0,0,1,27500000
4,4,10,17500000
5,5,10,23500000
5,5,10,21000000
0,0,1,40000000
0,0,9,12000000
2,1,3,2200000
0,0,7,4500000
4,4,10,13500000
2,3,5.6,3300000
4,3,5.5,9500000
6,6,10,11700000
5,5,10,22500000
5,4,1.1,60000000
5,5,10,27000000
6,5,10,14500000
3,3,4,40000
2,1,3.6,35000
2,1,3.6,35000
2,2,1,50000
5,5,1,40000000
5,5,1,40000000
7,6,1,39000000
8,7,1,85000000
6,5,5,17000000
5,4,10,21000000
6,5,1,55000000
4,3,10,17500000
5,4,10,21000000
4,3,5,14000000
5,4,5,16000000
5,4,10,29000000
4,3,5,20000000
3,3,10,18500000
4,3,5,12500000
5,5,10,16500000
6,5,1.1,41000000
4,4,4,9000000
2,2,10,17000000
0,0,10,30000000
3,3,1,25000000
3,4,5,12500000
2,2,10,12000000
2,3,5,11500000
5,4,8,17000000
0,0,10,27500000
6,5,1,58500000
4,5,5,13000000
3,3,6,12200000
4,4,9.5,15500000
3,3,10,14800000
7,6,1,40000000
5,4,5,13500000
2,3,5,5500000
6,5,10,23000000
4,3,5,13000000
4,4,14,25000000
4,3,5,10000000
5,4,10,15000000
5,6,10,25000000
8,8,1,26000000
6,5,1,36000000
7,5,9.6,38000000
3,3,8,22500000
3,3,5.2,15000000
3,3,7.6,15000000
4,3,6.2,16500000
2,2,4.2,4700000
3,3,8.4,30000000
3,3,6.2,11000000
3,3,8.6,11000000
0,2,4.4,12000000
0,5,12,67500000
0,6,10.7,23000000
6,6,2,135000000
6,6,2,135000000
2,2,4.2,9000000
2,2,4.2,7500000
2,2,5.1,10500000
3,3,6.2,9500000
3,3,6.7,13000000
2,2,4.2,8500000
7,6,1.3,180000000
6,6,2,180000000
6,6,1,150000000
6,6,1,150000000
6,6,1.2,165000000
3,3,5.3,17000000
2,2,4,9500000
2,2,4,12500000
4,4,14,17000000
4,4,14,16000000
2,2,4.2,6000000
3,3,8,14500000
0,0,1.6,140000000
5,5,3.7,10000000
0,0,4.2,7000000
2,2,4.2,5800000
3,3,6,15600000
2,2,4.2,5400000
2,2,4.2,5100000
2,2,4.9,12000000
3,3,8,20000000
3,3,6,14000000
3,3,10,10000000
3,3,6.9,9000000
3,3,13.5,27500000
4,4,4.8,17500000
3,3,5.6,17000000
2,2,5.3,17000000
4,4,8.9,27000000
2,2,5.8,19000000
4,4,4.8,15500000
2,2,5.4,8600000
4,4,4.8,21000000
3,2,4.8,25000
4,5,1,280000
2,2,1.2,28000
4,4,16,45000
2,2,5.6,25000
0,0,16,200000
8,7,1.2,275000
3,3,8,45000
8,7,1.2,325000
4,4,4.8,17500000
3,3,7.6,14000000
0,0,2.5,3300000
0,5,1,100000000
0,3,7.8,25000000
2,2,4.8,13000000
3,3,5.8,11000000
2,2,4.8,14500000
2,2,4.8,13500000
3,3,8,15000000
3,3,10.4,18500000
3,3,10.4,17700000
0,5,1,76000000
0,4,4,380000000
2,2,6,13500000
3,3,10.7,18500000
3,3,10.7,18500000
3,3,10.7,19500000
3,3,10.7,19000000
3,3,10.7,20000000
3,3,10.7,19500000
3,3,10.7,20000000
3,3,10.7,19500000
2,2,5.1,8030000
0,2,4.8,12500000
0,4,4.8,16000000
0,2,4.8,11000000
0,3,16,26000000
2,2,4.4,4000000
0,2,4.7,9500000
0,3,7.3,15500000
0,2,4.2,8500000
2,2,2.9,3000000
3,3,6,12500000
2,2,4,4500000
3,3,6.4,12000000
2,2,3.1,6000000
3,3,6,12500000
3,3,5.6,9500000
3,3,5.6,9500000
2,2,3.1,5500000
2,2,4.4,8000000
2,2,4.4,8300000
0,3,7.8,12500000
2,2,3.1,6000000
3,3,6.4,11000000
3,3,6.4,12000000
2,2,3.8,4500000
2,2,3.3,6500000
0,3,6,10000000
0,3,8,13000000
0,3,8,19500000
0,3,6.7,12000000
0,3,12,40000000
0,6,9.6,35000000
0,3,6.7,14500000
0,2,3.8,5500000
0,2,4,5800000
0,3,6.2,14500000
0,2,3.6,6500000
0,3,6.7,13500000
0,2,5.3,11500000
0,3,6,9000000
0,0,12,16500000
5,6,12,18500000
0,0,6,20000000
3,3,10,15500000
7,4,8,24500000
9,7,1,49500000
5,3,4.4,17000000
2,1,3,4500000
2,2,2.8,3500000
5,5,1.8,60000000
5,0,1.2,70000000
10,6,6,17000000
4,5,5,25000000
3,2,5,5500000
5,5,3,110000000
6,7,9.3,37500000
9,8,1,55000000
6,6,14,39000000
5,5,2,67500000
5,5,6.7,25000000
2,2,7.1,55000
2,2,5,35000
4,3,12,35000
1,1,5,28000
3,3,1,45000
2,2,4.4,23000
3,3,10,35000
3,3,12,70000
5,5,1,150000
2,0,9.3,35000
3,3,1,120000
2,2,10,55000
3,3,10,45000
2,2,4.8,28000
0,0,4.4,35000
3,3,1,75000
5,5,10,52000
5,5,10,58000
5,5,10,56000
3,3,10,26000
3,3,10,27000
3,3,10,25000
3,3,10,27000
3,3,10,28000
4,3,1,45000
3,3,10,29000
3,3,12,34000
3,3,12,33000
2,2,10,28000
2,2,5,18000
3,3,10,35000
3,3,12,35000
2,2,6,18000
3,3,10,30000
5,5,7,55000
4,3,11,60000
2,2,3.6,17000
3,3,10,30000
3,3,12,33000
3,3,12,36000
3,3,12,35000
4,4,10,60000
2,2,8,50000
2,2,7,37000
5,5,8,100000
1,2,5,27000
5,4,8,125000
3,3,5,8500000
4,4,5,8000000
0,0,5,8500000
0,0,10,14000000
0,0,10,15000000
7,8,15,30000000
0,4,6.2,9000000
0,4,6.2,8000000
0,4,10,16000000
0,4,10,16000000
0,0,10,16000000
0,4,10,16000000
0,3,5,9000000
0,0,5,8500000
0,5,15,25000000
4,3,5,8500000
4,3,5,8500000
0,0,5,9000000
3,3,5,11000000
3,3,5,12500000
5,5,10,34000000
4,3,10,15000000
2,2,5,6500000
4,4,1,35000000
0,7,16,27000000
0,4,17,26000000
0,5,11,25000000
0,5,10,22500000
5,3,11,23500000
3,3,5,6700000
0,1,3.6,7500000
5,4,5,7800000
4,3,5,6500000
0,1,3.6,7500000
1,1,3.2,6500000
4,4,6,11000000
8,8,4.5,6500000
2,2,4,15000
0,4,8,45000
6,6,10,80000
5,4,10,55000
0,3,5,40000
3,2,5,22000
4,3,4.5,35000
2,2,5,13500
0,1,10,12000
3,3,11,35000
3,3,11,33000
3,3,11,34000
1,2,3.5,12000
6,5,1,44000000
0,0,7,16000000
3,3,12,17500000
8,6,1.6,95000000
5,3,5,12000000
4,3,5,12800000
3,5,10,25000000
4,3,5,11500000
5,5,10,19000000
4,3,4,11500000
4,3,5,13000000
7,6,1,87500000
6,5,1,40000000
6,5,5,15500000
6,5,1,45000000
7,6,1,52500000
7,6,2,110000000
6,5,1,37500000
6,5,1,39500000
6,5,1,35000000
0,3,5,13500000
2,2,2,4000000
6,5,1,37000000
5,4,10,35500000
6,5,1,36000000
6,5,8,14000000
7,5,1,49000000
3,3,3,7000000
6,5,1,47000000
6,5,1,50000000
4,3,5,11500000
0,0,3,250000000
6,5,8,17000000
6,5,1,46000000
4,3,5,11400000
6,5,11,20000000
5,4,10,22500000
6,5,1,45000000
7,5,10,18000000
2,2,6,4900000
5,5,1,27500000
0,3,5,9800000
0,3,6,13000000
4,3,1,28000000
3,3,5,11000000
10,5,1,62500000
5,5,10,18000000
0,3,6,7500000
0,3,7.6,14000000
0,2,4.2,8500000
0,3,6,8000000
0,3,6.4,8000000
0,2,4.2,9000000
0,2,4.2,7500000
0,3,6,8800000
0,2,3.3,7500000
0,2,4.4,7500000
0,2,4,9000000
0,3,6,8500000
5,4,13,75000000
5,5,1,100000000
6,6,9,38000000
3,3,9.3,22500000
3,3,5.6,7000000
3,3,5.8,12000000
4,4,4.8,18000000
4,4,4.8,18000000
3,3,6.4,15500000
2,2,4,7000000
3,3,5.6,10000000
3,3,9.3,30000000
2,2,4.8,3700000
3,3,12.2,43500000
3,3,10.7,27500000
2,2,3.6,6500000
3,3,7.3,13000000
3,3,7.3,12000000
3,3,1,27000000
0,4,1.2,250000000
0,12,1.3,140000000
0,5,1.2,230000000
3,3,8,15500000
0,3,9.6,14000000
0,4,4.8,18000000
0,4,4.8,15000000
0,6,9.6,47000000
0,3,5.8,9500000
0,3,6.2,11500000
0,3,5.8,9500000
0,2,5.6,6500000
0,8,9.6,37500000
1,2,2,1075000
1,2,2,1075000
1,2,2,1075000
2,2,2,1150000
2,2,2,950000
3,3,6.4,9200000
1,2,2,1300000
1,2,2,1700000
2,3,4.2,3500000
2,3,4.2,3500000
2,3,4.2,3500000
0,3,6.2,15000000
4,4,7.6,19500000
0,3,4.9,12500000
2,2,3.1,2800000
3,3,8.9,20500000
4,4,16.6,52500000
2,2,3.1,22000
2,3,5.3,35000
3,3,8.4,53000
3,3,5.3,33000
3,3,10.7,55000
3,3,10.7,55000
3,3,10.4,52000
5,5,1.1,125000
0,0,10.6,35000000
2,2,2.4,3800000
3,9,3.2,5500000
7,6,1,75000000
2,2,5.6,11000000
2,2,2.4,1300000
3,3,6,8500000
3,5,7.8,30000000
3,3,5.8,21000000
6,11,7.8,37000000
5,5,1,75000000
2,2,4.8,10700000
2,2,4.2,9000000
4,4,14,58500000
4,4,14,65000000
2,2,4,13000000
5,5,1,70000000
0,0,4.2,4700000
5,5,1,70000000
5,5,1,75000000
5,5,1,72500000
0,0,4.4,12500000
3,3,4.9,7500000
3,3,12,16000000
2,2,4.2,9500000
4,4,12,35000000
5,5,1,45000000
3,3,4.6,16000000
2,2,2.4,4500000
2,3,3.3,2600000
6,5,10,30000000
0,2,9.3,12000000
0,10,1,35000000
0,2,9.3,12000000
0,5,18.5,23000000
5,5,1.5,41500000
1,1,2.1,705000
2,2,5.6,5800000
2,2,7.1,14500000
4,3,11,19500000
6,5,1,39000000
5,4,7,15000000
4,5,9.3,27500000
6,6,10,15000000
3,3,6.9,10500000
5,5,1,45000000
0,0,3.1,5608000
3,4,7,27000000
6,4,8,27000000
5,5,5.6,24000000
4,4,12.4,29500000
5,5,10.2,42500000
3,3,9.3,34500000
6,5,1,49500000
0,0,5.5,16000000
6,6,1,60000000
2,2,5,7000000
6,6,14.2,38500000
3,3,12,60000
3,3,1,45000
2,2,7,45000
4,4,1,85000
2,2,3.8,22500
3,3,6,36000
2,2,6,32000
2,2,3.1,15000
0,0,14.2,38000
0,0,10.9,27000
0,0,8,25000
0,0,14.2,35000
3,3,1,50000
6,5,2,600000
4,4,1,45000
4,4,10,60000
4,3,1,400000
5,5,1,200000
3,3,8,150000
3,3,1,115000
6,5,1,450000
2,3,4.9,36000
2,2,5,22000
4,3,10,45000
2,2,4,27000
0,0,10.2,55000
3,3,10,35000
3,2,3,4200000
6,5,11.6,32500000
8,8,13,13500000
0,6,12.4,23000000
0,6,12.4,23000000
4,3,9.3,16800000
1,2,3.5,2100000
7,7,10,27500000
0,6,1.5,42500000
0,5,1,40000000
0,6,1,33000000
0,6,1,33500000
0,0,1,25000000
0,0,1,25000000
0,0,1,37500000
0,0,1,35000000
0,0,1,32000000
0,0,1.4,40000000
0,2,3.2,3500000
2,2,5.6,10500000
2,2,3,5200000
1,2,5,4500000
1,1,4.1,5000000
2,2,3.8,5000000
6,5,7,10000000
5,5,10,17500000
5,5,10,17500000
4,4,10,19900000
0,0,5,12500000
0,0,4.5,7500000
0,0,5,3450000
0,0,5,3500000
0,0,6,9500000
0,0,6,9500000
0,0,6,16000000
0,0,3.5,3800000
0,0,3.5,4000000
0,0,5,16500000
0,0,5,9500000
2,2,5.8,7080000
5,4,7,14000000
3,3,5,11000000
0,0,0.8,15000
0,2,0.8,16000
0,0,0.7,12000
0,2,0.9,18000
0,0,1.2,18000
0,0,0.9,18000
0,0,0.8,16000
3,2,12.4,35000
0,3,12,40000
0,4,1,55000
0,5,1,100000
0,6,2,150000
0,3,1,45000
0,2,5,22000
0,5,6,40000
0,0,1,110000
6,5,1.2,150000
2,2,7.1,45000
8,8,1,230000
0,5,12,22000000
0,3,5,11500000
0,3,5,11000000
0,4,5,12000000
0,0,8,22500000
6,5,1,41500000
0,6,2,80000000
6,5,1,70000000
4,3,5,11500000
6,5,1,70000000
0,0,5,14000000
3,3,10,14000000
4,4,8,19900000
6,5,1,70000000
6,5,1.2,70000000
3,3,3,9000000
6,5,1.2,70000000
0,5,1,38000000
4,4,10,32000000
0,3,5,11000000
0,0,8,20000000
3,2,9.7,15000000
0,0,8,20000000
0,0,8,22500000
5,4,9,15000000
6,4,10,24500000
0,0,4,3500000
7,6,1,34000000
4,3,5,10000000
0,0,6,12500000
7,6,1.3,25000000
3,3,5,12000000
5,5,10,22500000
3,3,3,6200000
10,11,5.4,550000000
1,1,2.8,2250000
5,6,16,25000000
2,2,3,1400000
6,5,5,8600000
5,4,10,30500000
3,3,13,42500000
7,5,1,48000000
2,2,4,3800000
7,6,1,52500000
0,3,5,9500000
0,6,10,20000000
3,3,5,8000000
6,5,5,150000000
7,5,1,62500000
1,2,2.2,3200000
6,5,1,55000000
5,3,5,14000000
3,3,10,23500000
6,5,5,16800000
7,6,8,15500000
6,5,5,3900000
1,2,5,4000000
2,3,5,5400000
6,5,1,39500000
5,4,10,23000000
7,6,9,15200000
4,3,5,11000000
3,3,4,11000000
4,3,5,11000000
3,3,4.6,16000000
2,2,3.1,11500000
3,3,4.6,16000000
2,2,2.4,4500000
3,3,4.6,16000000
2,2,3.1,11500000
2,2,4.7,15500000
3,3,5.8,13500000
4,4,10.7,26500000
3,3,5.8,13500000
4,4,13.2,45000000
3,3,8,30000000
3,3,5.8,13500000
4,4,10.7,26500000
4,4,13.2,45000000
3,3,10.4,16000000
3,3,11.4,30000000
3,3,11.4,31000000
3,3,11.4,31500000
3,3,8,12500000
0,2,2.7,4700000
0,3,6.2,16000000
0,3,4.8,7100000
0,3,4.8,13600000
0,0,4.8,16100000
0,2,2.7,4100000
0,2,3.6,5100000
0,0,4.8,10100000
5,5,17.1,75000000
5,5,17.1,72500000
6,5,1,135000000
5,3,14.5,66000000
4,4,4.8,19500000
3,3,9.6,35000000
4,4,8,12500000
2,2,4.2,9000000
7,6,4.8,14500000
5,5,1,200000000
5,5,2,240000000
6,6,9.6,75000000
2,2,4.8,5500000
3,3,9.6,21000000
7,6,12,57000000
0,0,1,82500000
0,0,4.8,14500000
0,0,4.8,15000000
0,0,4.8,21000000
0,0,4.8,16000000
0,0,4.8,8500000
0,0,4.8,8500000
0,0,4.8,21000000
0,0,4.8,8500000
0,0,4.8,6000000
2,2,4.2,7500000
2,2,4.8,13500000
3,3,6,16500000
2,2,5.8,33000
3,3,1,65000
5,5,1,110000
2,2,2,25000
4,4,14,90000
0,0,4.2,17000
0,2,4,45000
0,2,4,35000
5,5,1,120000
4,4,13.2,75000
3,3,5.1,28000
3,3,11.4,55000
5,5,17.1,120000
2,2,4,27000
3,3,6.2,32000
3,3,6.2,28000
4,4,10.7,45000
3,3,5.8,35000
3,3,8.4,50000
3,3,6,25000
3,3,6.4,35000
5,4,10,150000
0,0,10,70000
3,3,6.2,70000
3,3,6,50000
6,5,1,125000
6,5,1,120000
2,2,3.6,4500000
8,8,12,45000000
2,2,3.1,3000000
4,4,4.8,18000000
7,6,16,77500000
3,5,4,3800000
6,6,9.6,33000000
5,4,4.4,15000000
4,4,3,6700000
3,2,4,17000000
6,5,10,17500000
6,6,14,19000000
4,5,9.3,15500000
0,0,1,35000000
3,3,6.7,9500000
3,3,4,6500000
10,11,6,17000000
5,4,5,10800000
2,2,4,5700000
4,4,5,8900000
2,2,4.7,9500000
6,4,8,27000000
0,0,3,8700000
2,2,3,8700000
5,5,10,33000000
5,5,10,32500000
3,2,7.1,20000000
5,5,10,31000000
5,5,10,30000000
5,5,10,30000000
8,7,1,50000000
8,7,1,50000000
8,7,1,55000000
5,4,4.4,17000000
3,3,5,14000000
3,3,5,14000000
5,5,8,27000000
3,3,5,15000000
5,4,4.4,15000000
3,3,5,15000000
3,3,5,15000000
4,4,4.4,15000000
0,0,10,80000000
4,2,4.4,16000000
1,1,2.1,4000000
1,1,2.1,4000000
1,1,2.1,4000000
1,1,2.1,4000000
1,1,2.1,4000000
1,1,2.1,4000000
6,5,8,16500000
6,6,14,45000000
4,4,9.3,17000000
3,3,1.6,100000
3,2,10,27000
5,5,13.3,130000
3,3,10,35000
2,2,1,200000
4,3,1,300000
3,3,1,110000
3,3,12,70000
4,4,10,65000
6,6,2,400000
4,4,1.3,85000
5,5,1.2,325000
2,2,5,28000
4,4,16,110000
5,5,1.6,425000
3,3,1.3,80000
1,1,0.5,13000
4,4,12,45000
4,4,10,90000
3,2,10,90000
8,7,1,225000
2,2,10,50000
2,2,10,50000
2,2,10,40000
3,3,14,55000
2,2,7,40000
3,3,1.3,80000
2,2,1.3,51000
0,0,8,22500000
5,5,7.8,20000000
8,7,1,45000000
0,0,5,11000000
2,4,13,9100000
1,1,2.5,2000000
7,7,1,27000000
0,0,7,5000000
0,0,7,5000000
0,8,5,6500000
0,0,5,8000000
0,0,5,7000000
0,0,4,4500000
3,2,6,5500000
3,3,5,10500000
8,7,10,25000000
5,5,7,17000000
4,4,5,11500000
2,2,5,5500000
6,5,12,23000000
5,5,10,28000000
4,3,5,11000000
3,3,10,32000
3,2,5,15000
6,5,10,150000
4,4,7,42000
6,5,1,36000000
4,3,5,11500000
6,5,10,19200000
4,3,4,8500000
5,4,7,15500000
5,5,10.8,19500000
6,5,1,49500000
2,3,5,13500000
3,3,5,11500000
6,5,1,27000000
6,5,10,26000000
5,4,5,12000000
4,4,3,8500000
3,4,5,5000000
6,6,10,20000000
3,6,15,12500000
5,5,1,50000000
4,3,1.1,45000000
4,4,5,12000000
0,0,1.4,60000000
4,4,10,34000000
4,4,10,35000000
4,4,10,34000000
5,5,1,43000000
5,5,1,56500000
5,5,1,55000000
5,5,1,59000000
5,5,1,62500000
5,5,1,60000000
5,5,1,45000000
5,5,1,54000000
9,8,1,45000000
3,3,3,8000000
4,3,5,11000000
0,0,10,17000000
3,4,5,9000000
3,4,4,6500000
2,3,2,4000000
3,4,5,7000000
3,4,4,6500000
3,4,5,9100000
3,4,4,6600000
3,4,4,6700000
2,3,3,4500000
2,3,3,5000000
3,4,4,6400000
2,3,3,5200000
3,4,6,10800000
3,4,6,11000000
3,4,5,9800000
5,5,5,14000000
4,4,12,35000000
5,5,1,42500000
6,5,10,18800000
6,5,10,16500000
6,5,10,18000000
6,5,10,17500000
6,5,10,20000000
6,5,10,18500000
3,3,8,13500000
3,3,8,12500000
3,3,5,10500000
5,4,4,45000000
0,2,4.8,6500000
0,2,4.8,8500000
0,3,7.3,12000000
0,2,4.8,6500000
0,2,4.8,6500000
0,2,4.8,8500000
0,2,4.8,8500000
0,3,7.3,12000000
0,3,7.3,12000000
3,3,8.9,25000000
2,2,4.2,8500000
3,2,4.2,10000000
2,2,4.2,6500000
2,2,4.2,6500000
3,3,8,12500000
4,4,4.8,18000000
3,3,7.3,23500000
3,3,7.6,27000000
8,6,2,180000000
3,3,5.3,8000000
2,3,5,7100000
2,4,4.8,9500000
2,2,4.2,5600000
13,10,2,240000000
3,3,9.4,9500000
2,2,4.2,6500000
1,1,1.8,2400000
3,3,7.8,26000000
3,3,9.8,35000000
2,3,4.8,6000000
3,3,6.7,15500000
3,3,10,20000000
3,3,8.9,16000000
3,3,8,19500000
4,5,3.2,5200000
7,6,9.6,50000000
3,3,6.1,15000000
6,4,5,9500000
3,3,7.3,24700000
3,2,4.8,15000000
2,2,4.2,6600000
3,3,9.8,10700000
3,3,9.8,10700000
4,4,4.8,12000000
4,4,4.8,12000000
2,2,4.2,6500000
6,6,1,25000000
6,6,5,25000000
2,2,4.2,7000000
2,2,5,11500000
3,3,9.6,45000
1,1,2,9000
4,4,4.8,60000
2,1,2,35000
5,4,1.2,310000
5,4,1,190000
5,5,11,200000
3,3,1,70000
6,5,1,350000
4,3,1,150000
5,6,6,15000000
5,5,1,20000000
3,3,5,14000000
3,2,5,7200000
3,2,5,4500000
9,6,6.7,27500000
9,6,2,125000000
0,0,1.3,75000000
0,0,1.3,75000000
7,6,13,25000000
6,6,1,250000
6,5,1,200000
6,5,1,150000
6,5,1,175000
2,2,3.1,47000
3,4,1.3,90000
1,1,5.3,48000
3,3,1,60000
1,1,2.2,40000
3,3,1,95000
1,1,2.2,45000
2,2,7.1,70000
2,2,11.8,65000
9,9,1,95000
2,2,3.1,45000
3,3,1,85000
6,6,1,225000
2,2,1,70000
5,5,13.3,115000
6,5,1.1,550000
6,5,1.1,350000
5,3,10,70000
5,4,1.3,220000
1,1,2,22000
3,3,1.3,105000
4,3,1,200000
3,3,6,33000
2,2,5,35000
3,3,5.2,45000
2,2,4,22000
5,4,1.3,200000
2,2,4.9,30000
3,3,10,60000
9,9,1,400000
7,6,1,125000
2,0,4.9,35000
3,3,12,35000
3,3,14.2,70000
3,3,1.4,88000
4,4,1,75000
6,5,10,16800000
4,3,5,12000000
6,5,10,17400000
5,3,5,12500000
3,3,5,5000000
3,3,3,6500000
3,3,3,6500000
5,5,10,30000000
0,2,2,3500000
5,4,11,16500000
6,4,1.5,95000000
6,6,1,28000000
4,3,5,10800000
0,0,3,3200000
2,2,4,9600000
2,2,4,4400000
1,3,4,5000000
6,5,10,14500000
3,2,5,7500000
4,3,5,35000
4,3,5,35000
0,0,8,35000
4,3,5,40000
3,3,10,35000
3,3,5,35000
1,2,12,9000
3,3,5,5000000
4,4,13,28000000
4,4,10,23000000
3,3,10,11500000
3,3,10,14000000
3,3,10,19500000
4,4,2,5000000
4,4,11,16000000
3,3,4,7700000
4,4,1,33000000
3,3,10,19500000
3,4,4,3000000
2,2,2,2800000
3,3,5,12500000
3,3,5,13500000
4,4,10,26000000
5,5,10,16000000
5,5,10,15000000
5,5,10,16000000
5,5,1,40000000
5,5,10,15000000
5,5,10,17000000
5,5,1,35000000
3,3,3,6200000
3,3,5,15000000
4,4,10,22500000
3,3,3,6500000
3,3,3,6300000
3,3,3,6200000
5,5,1,30000000
3,3,5,8500000
3,3,5,9000000
3,3,5,8500000
3,3,5,8000000
3,3,3,5500000
3,3,3,5500000
3,3,3,5500000
3,3,3,5200000
3,3,3,5600000
3,3,3,5800000
5,5,1,45000000
4,4,6,12800000
5,5,10,16000000
5,5,10,16000000
4,4,5,8500000
4,4,5,8500000
4,4,5,9500000
4,4,4,8000000
3,3,5,12000000
4,4,5,6500000
3,3,3,7500000
0,0,8,16000000
3,3,3,6500000
3,3,3,6500000
3,3,3,13000000
3,3,5,7500000
5,5,10,23000000
5,5,10,23000000
6,7,10,20000000
0,4,8,15000000
0,4,10,16000000
5,5,10,18000000
4,4,10,17500000
3,3,5,12500000
3,3,5,11500000
4,4,1,20100000
4,4,1,20600000
4,4,1,20400000
4,4,1,21000000
4,4,1,20700000
4,4,1,20500000
4,4,1,20900000
4,4,1,20200000
3,3,3,4500000
3,3,3,4500000
6,5,1,31000000
4,3,5,9000000
3,3,4.8,13500000
3,3,4.8,13500000
3,3,4.8,13500000
3,3,4.8,13500000
2,2,4.2,6200000
3,3,10,13500000
3,3,10,13500000
3,3,7.8,10000000
2,2,3.3,6300000
3,3,4.8,15000000
3,3,4.8,15000000
3,3,5.6,5500000
2,2,2.9,5500000
2,2,4.2,6000000
2,2,4.9,5200000
10,11,5.4,27500000
2,2,4.9,5200000
2,2,4,7500000
2,2,2.4,6500000
2,2,2.4,8500000
2,2,2.4,6500000
4,4,4.8,12500000
6,6,8.4,17500000
3,3,8,16000000
3,3,8,7500000
3,3,8,14500000
3,3,7.6,25000000
2,3,4,4500000
3,3,8,16000000
3,3,7.6,12300000
3,4,8,9000000
3,3,8,13200000
6,6,4.8,13500000
4,4,4.8,17500000
6,6,10,35000000
4,4,4.8,13500000
8,7,9.6,35000000
8,7,9.6,27500000
4,4,4,11500000
3,3,6,17000000
3,3,16,50000000
3,3,8,13500000
3,3,8,14000000
3,3,4.2,11800000
2,2,2.9,4000000
4,4,8,20000000
2,2,4.2,3150000
4,5,10,35000000
3,3,4.8,16500000
3,3,8,20000000
3,3,10,35000000
6,7,4.8,11000000
2,2,1.2,5000000
11,9,19,180000000
3,4,3.2,5500000
3,3,4,3900000
5,0,5.1,10000000
2,4,4.9,5200000
6,6,1.2,87500000
3,3,6,9000000
4,6,2.8,5500000
9,9,1,170000000
2,2,3.6,4200000
6,6,10,90000000
1,2,2.7,3400000
6,6,9.6,43000000
5,5,14,110000000
2,2,4,6500000
3,3,8,24000000
3,3,8,24000000
3,3,8,23500000
3,3,8,23000000
3,3,8,22500000
3,3,8,22000000
3,3,8,21500000
3,3,6,33000
3,3,11.4,55000
3,3,11.4,55000
4,4,13.2,65000
5,5,1,120000
4,4,10.2,120000
4,3,8.9,110000
3,2,12,80000
3,3,7.1,40000
3,3,6.2,32000
4,3,7.8,40000
4,5,10,60000
4,3,8.9,65000
3,3,11.2,140000
5,5,1.3,450000
3,2,4.8,40000
3,3,8.9,100000
3,3,8.9,50000
2,2,4.4,26000
4,4,12,65000
3,3,9.6,45000
3,3,10.2,20000000
3,3,10.2,18000000
3,3,10.2,17000000
3,3,10.2,16000000
3,3,10.2,15000000
2,2,7.3,11000000
2,2,7.3,10700000
2,2,7.3,10300000
2,2,7.3,10500000
2,2,7.3,10000000
1,1,3.3,7500000
1,1,3.3,7300000
1,1,3.3,7200000
1,1,3.3,7100000
1,1,3.3,7000000
2,2,2.6,3300000
2,2,2.9,3000000
6,6,10,36000000
7,7,14,16500000
8,7,10.7,15000000
6,6,8,18000000
7,7,10.9,19000000
6,6,8,15000000
6,6,8,10000000
8,7,1,28000000
3,3,10.2,70000
3,3,10.2,65000
3,3,10.2,64000
3,3,10.2,62000
3,3,10.2,60000
2,2,7.3,45000
2,2,7.3,44000
2,2,7.3,43000
2,2,7.3,48000
2,2,7.3,40000
1,1,3.3,34000
1,1,3.3,33000
1,1,3.3,32000
1,1,3.3,30000
1,1,3.3,38000
5,5,4.4,250000
2,2,1,55000
3,3,4.2,65000
3,4,6,50000
2,2,3.6,50000
2,2,2.6,14000
3,3,1.3,195000
2,2,1,35000
3,3,10.9,50000
3,3,14.2,30000
4,4,1,100000
4,4,8,45000
2,2,1,300000
0,3,5,10000000
5,5,5,12500000
0,3,5,12800000
0,3,7.8,15000000
0,4,10,18000000
0,3,6.5,13500000
0,4,7,16500000
0,0,1.1,60000000
0,0,5,6500000
0,4,5,12500000
4,4,6,8000000
0,0,4,4500000
0,0,4.8,7500000
0,0,3,8000000
0,0,5,4000000
0,0,5,4500000
0,0,6,7500000
0,0,5,9000000
0,0,4,5500000
0,0,4,4500000
0,0,3.5,4000000
0,0,2,4500000
0,0,9,11500000
0,0,4,4700000
0,0,5,4000000
0,0,4.8,8000000
0,0,9,11000000
0,0,3,4500000
2,2,2.8,2800000
0,0,2,15000000
0,0,6,3500000
0,0,5,6500000
0,0,4,5000000
2,2,3,2400000
0,0,16,90000
0,0,7,80000
0,0,2,225000
0,0,1,200000
0,3,5,38000
0,3,5,40000
4,3,5,40000
3,3,5,32000
0,3,5,32000
0,3,5,32000
0,3,5,32000
4,4,7,70000
0,0,5,27000
0,0,2.5,18000
0,4,7,17500
0,3,5,32000
0,0,5,35000
0,0,5,33000
0,0,7,25000
0,0,7,45000
0,0,7,42000
0,0,7,35000
0,0,10,58000
2,2,5,15000
2,2,5,15500
2,2,5,16000
2,2,5,16500
2,2,5,17000
2,2,5,17500
2,2,5,18000
2,2,5,18500
2,2,5,19000
2,2,5,19500
2,2,5,20000
2,2,5,27000
2,2,5,27500
2,2,5,28000
2,2,5,28500
2,2,5,29000
2,2,5,29500
2,2,5,30000
2,2,5,31000
2,2,5,28000
1,3,3,10000
0,0,5,14000
1,4,4,13000
0,0,5,15000
0,0,5,12000
0,0,5,12500
0,0,5,13000
0,0,5,12000
0,0,5,13000
0,0,5,12500
0,0,5,11500
0,0,5,14000
4,4,7,24000000
3,3,2,5000000
3,3,2,5700000
3,3,2,5700000
3,3,2,5700000
3,3,2,5700000
3,3,3,10500000
5,5,10,18500000
4,4,10,18500000
0,0,6,12500000
0,0,4,9700000
3,3,8,34000000
3,3,7.6,40000000
5,5,1,105000000
4,4,12,65000000
6,6,1,95000000
4,4,14.9,35000000
4,4,11.8,35000000
3,3,8,21000000
3,3,8,20500000
3,3,8,20000000
3,3,8,19500000
3,3,7.3,17500000
3,3,8.9,17500000
3,3,8.9,20000000
3,3,6.9,17500000
4,4,10.7,35000000
0,3,8,14500000
0,3,8,14600000
0,2,4.5,7000000
0,2,3.3,5500000
0,0,8,23500000
0,0,8,24500000
0,0,3.3,5500000
0,0,8,25000000
0,2,4.5,7000000
0,3,8,27000000
0,10,2,92500000
0,3,1.2,60000000
0,3,1.2,65000000
0,3,8,24000000
0,6,9.3,45000000
0,3,6.7,12500000
0,3,6.7,13500000
0,2,4.9,12500000
0,3,7.1,16500000
0,2,6.2,10000000
0,3,10.7,15000000
0,3,10.7,15000000
2,2,8,12500000
4,4,9.6,55000000
2,2,1.8,1450000
6,6,8,16500000
6,6,8,16500000
6,6,8,16500000
6,6,8,16000000
2,2,2.9,3700000
2,2,3,3700000
2,2,3,3900000
2,2,3,3900000
8,7,1,135000000
3,3,6.7,11500000
3,3,6.7,14200000
2,2,4,12000000
6,6,1,100000000
7,7,2,210000000
4,4,14.2,42500000
2,2,1.8,1450000
8,7,1,140000000
3,3,9.8,35000000
3,4,4,3300000
3,3,6,11500000
5,5,6.6,15000000
2,2,1.8,1650000
2,2,1.8,1200000
4,4,4,10100000
2,3,4,5300000
3,3,14,45000
3,3,16,60000
0,0,12,60000
3,3,6.5,30000
3,3,6.5,30000
2,2,14,60000
2,2,14,60000
3,3,6,28000
0,0,6,32000
3,3,8,60000
3,3,8.9,60000
6,5,1,115000
6,5,1,120000
6,5,1,120000
6,5,1,120000
6,5,1,125000
6,5,1,120000
6,5,1,120000
6,5,1,125000
6,5,1,120000
6,5,1,115000
6,5,1,120000
4,3,10,50000
4,3,11.4,55000
3,3,6.9,45000
1,1,3.1,25000
2,2,4.4,35000
2,2,5.3,45000
3,2,4.8,28000
0,3,16,70000
0,4,16,65000
0,3,8,45000
0,3,7.1,40000
0,3,10,50000
0,8,16,170000
0,8,2,230000
0,3,1,75000
0,3,1.5,100000
0,3,10,35000
0,3,8,37000
0,3,1.2,70000
0,2,3.6,20000
0,2,3.6,21000
0,2,3.1,26000
0,3,7.1,50000
0,3,6.7,45000
0,3,9.3,45000
0,3,11.2,75000
3,3,1,150000
3,3,1,125000
3,3,1,160000
3,3,9.8,55000
3,3,6.2,25000
2,2,4,35000
3,3,4.9,45000
3,3,10.2,120000
3,3,9,17500000
2,2,2.8,1850000
2,2,1.8,1550000
2,2,1.8,1350000
1,2,2.8,4700000
1,1,1.7,2400000
3,3,8.9,35000000
1,2,2.8,4700000
1,2,2.8,4700000
2,2,4.9,17500000
1,1,1.7,2400000
3,3,8.9,35000000
1,1,1.7,2400000
2,2,4.9,17500000
1,1,1.7,2400000
2,2,1.8,1550000
1,1,1.7,2400000
1,1,1.7,2400000
1,2,2.8,4700000
2,2,1.8,1450000
1,2,2.8,4700000
1,2,2.8,4700000
1,2,2.8,4700000
1,2,2.8,4700000
1,2,2.7,4700000
3,4,4,3300000
1,2,2.7,4700000
1,2,2.7,4700000
1,2,2.7,4700000
1,2,2.7,4700000
2,2,1.8,1650000
2,2,4.9,8000000
0,3,8,12500000
0,2,5.1,6000000
0,2,4.2,6000000
7,7,1,142500000
3,4,4,3300000
7,7,1,142500000
0,2,3.1,3800000
7,7,1,142500000
6,6,8,75000000
7,6,1,155000000
6,6,14.2,25500000
4,4,8,18000000
5,5,8,13500000
1,1,2.5,3102000
6,4,5,9000000
4,4,8,14800000
4,4,6,18000000
8,7,1,40000000
6,6,14,26000000
4,4,7,14500000
2,2,5.6,3500000
2,2,5.6,3500000
2,2,5.6,3800000
2,2,5.6,3800000
2,2,5.6,4500000
3,3,5,14500000
2,2,4,4200000
6,6,12,32500000
2,2,4,4200000
2,2,4,4200000
4,4,8,27000000
4,4,10,40000
4,4,5,35000
5,5,3,300000
5,5,1,145000
5,5,1,130000
3,3,14,30000
2,2,8,15000
2,2,13,30000
2,2,10,25000
2,2,10,30000
6,4,1.2,56000
3,3,6.7,32000
3,3,14,65000
4,4,8,50000
3,3,12.4,35000
2,2,8,28000
2,2,8,28000
2,2,8,60000
3,2,7,40000
3,3,9.3,60000
0,0,1,95000
0,0,4,30000
0,0,10,50000
0,0,1,95000
0,0,4,28000
4,3,2.4,175000
1,1,5.6,17000
1,1,5.6,18000
2,2,5.6,19000
4,3,1,75000
2,2,5.6,20000
1,1,5.6,21000
1,1,5.6,28000
3,3,7,25000
6,5,8,62000
0,0,1,160000
0,0,8,95000
4,3,5,35000
2,2,3.6,15000
4,3,1,70000
6,5,1,180000
7,6,2,500000
5,4,1.2,250000
7,6,1,350000
5,4,2,400000
5,5,1.2,250000
8,7,2,600000
4,4,2,350000
4,4,1.2,300000
5,5,1,500000
5,5,1,400000
5,5,1,450000
5,5,1,400000
5,5,1,230000
0,3,3,6000000
0,7,15,22500000
9,6,6,11000000
3,3,10,18500000
9,9,1,52500000
5,5,14,25900000
3,3,10,17500000
4,4,10,20000000
5,5,10,22500000
3,3,10,11800000
3,3,10,15500000
3,3,10,15000000
3,3,10,11500000
5,5,7,14000000
6,5,1,48500000
4,5,7.3,13500000
2,2,5.6,13500000
0,0,10,60000
0,0,5,34000
0,0,5,36000
0,0,5,25000
0,0,7,45000
0,0,7,42000
0,0,7,36000
0,0,10,58000
0,0,10,60000
3,3,5,32000
7,6,15,90000
1,2,2,15000
3,2,7,25000
3,3,10,50000
4,4,10,55000
5,5,10,60000
5,5,1,70000
5,5,10,58000
4,4,10,68000
2,2,5.3,30000
2,3,17,65000
4,3,12,34000
5,4,10,26500000
2,2,2,6500000
5,4,10,31000000
3,3,6,8000000
3,3,3,8000000
2,2,2,6200000
3,3,3,8000000
3,3,3,8000000
5,4,10,26500000
3,3,3,8000000
3,3,3,8000000
2,2,2,6200000
4,4,10,14500000
4,4,10,13500000
2,2,10,12000000
2,2,10,12500000
3,3,2,4500000
3,3,6,12000000
5,5,5,12000000
2,2,10,13000000
4,4,5,7500000
4,4,5,7500000
3,3,3,8000000
3,3,3,8000000
5,4,10,34000000
2,2,2,6000000
3,3,3,8000000
4,3,5,15500000
3,3,4,9500000
3,3,5,11000000
4,4,8.9,32500000
2,3,4,5300000
2,2,5.1,13000000
4,4,8.9,30000000
4,4,8.9,30000000
6,6,12,38000000
6,4,12,44000000
3,3,9.6,15000000
0,3,7.3,15000000
2,2,3.8,5600000
2,2,4.4,22500000
2,2,4.9,22500000
2,2,4.9,22500000
2,2,4.9,21000000
2,2,3.8,21000000
3,3,8.4,35000000
4,4,11.1,57500000
4,4,12,62500000
3,3,10.2,42500000
3,3,8.4,43500000
3,3,8.4,42500000
3,3,8.2,42500000
3,3,8.4,45000000
4,4,11.1,51000000
4,4,10.7,57500000
4,4,10.7,45000000
3,3,8.4,33500000
3,3,8.4,32500000
3,3,8,32500000
3,3,8,32500000
2,2,4,8500000
8,7,12,43500000
3,3,5.1,21000000
2,2,2.2,5300000
2,2,4.4,9000000
4,4,11.1,47000000
4,4,11.6,60000000
3,3,8.4,49000000
2,2,2.2,6000000
3,3,8.2,35000000
1,2,2,1800000
2,2,3.8,3000000
3,3,6.9,14500000
4,4,4.8,4500000
4,4,4,2600000
5,5,1,105000000
1,2,2,1300000
2,2,3.2,9200000
1,2,2,1300000
3,3,4.8,6500000
2,2,3.3,4000000
6,6,9.3,37000000
2,2,4.7,7800000
5,6,4.8,19000000
4,3,8,39500000
4,4,4.8,16000000
4,4,4.8,16000000
4,4,4.8,16000000
2,2,3.2,3400000
2,2,3.2,3400000
2,2,4.8,5200000
2,2,6.4,6200000
2,2,6.4,6200000
2,2,6.4,6200000
2,2,4.8,5200000
2,2,6.4,6200000
2,2,1.6,2200000
2,2,4.8,14000000
2,2,4.8,14000000
3,3,4.8,7000000
3,3,4.8,7000000
7,6,16,39500000
2,2,4.8,6000000
2,2,2.4,3000000
4,4,2.4,4500000
2,2,2.4,3000000
4,4,7.1,50000
6,6,3.2,500000
4,4,1.4,125000
4,4,1.2,180000
3,3,1.6,140000
6,6,4.8,55000
2,2,4.8,15000
2,2,4.8,20000
2,2,4.8,20000
3,3,5,14000000
6,6,1.1,70000000
2,2,5.2,5500000
7,6,8,31500000
5,4,10,20000000
3,3,1,18500000
2,2,6,40000
3,3,14,78000
3,3,1,55000
3,3,1,65000
5,5,1,135000
2,2,6,32000
3,3,6,50000
2,2,10,50000
2,2,10,50000
2,2,6,40000
2,2,4.4,25000
2,2,8,45000
2,2,6,40000
3,3,1,75000
6,6,1,225000
6,6,6,130000
3,3,16,55000
0,0,8,70000
5,5,1.1,190000
3,3,11,77000
2,3,90,48000
0,0,2,900000
0,0,1.3,500000
0,0,1.3,550000
0,0,1.3,600000
0,0,1.3,650000
0,0,1,60000000
7,7,1,29000000
5,4,10,32000000
7,6,1,44000000
3,3,5,12000000
0,0,1,85000000
3,3,3,6500000
3,3,3,6000000
5,5,10,23500000
3,3,5,12000000
3,3,5,12000000
3,3,5,12000000
3,3,5,12500000
3,3,5,12500000
3,3,5,12500000
4,3,25.5,60000000
0,3,4,9000000
6,6,9,54000000
3,3,4,9000000
3,3,8,25000000
0,0,2.5,2600000
9,8,1,55000000
6,5,11,27000000
6,5,13,31500000
6,5,10,25000000
3,3,5,10600000
3,2,9,14500000
1,2,3.6,2800000
0,0,10,32000
0,0,5,32000
0,3,12,35000
0,3,5,35000
3,3,6.2,35000
3,2,7,25000
1,1,3.8,34000
3,3,8,35000
1,1,2.9,28000
5,4,5,11500000
7,6,1,35000000
6,5,1,52500000
6,5,10,36000000
6,5,1,48500000
6,5,1,51500000
3,2,2.7,45000000
6,5,1,55000000
9,5,90,220000000
6,6,1,65000000
6,5,1,50000000
0,3,3,6000000
0,3,3,6000000
0,3,6,12000000
0,0,5,7500000
0,0,2.5,4200000
7,5,1,44000000
0,4,7,20000000
0,3,5,7800000
3,3,3.2,4000000
3,3,3.2,4000000
3,3,3.2,3000000
3,3,3.2,6000000
8,7,9.3,47000000
4,4,3.2,3500000
3,3,3.2,6000000
6,6,10.2,40000000
0,0,14.9,26000000
2,2,4.3,7500000
3,3,5.1,5200000
5,5,9.6,23000000
2,2,3.1,3300000
2,2,3.3,3800000
2,2,3.3,3800000
2,2,3.3,3800000
2,2,3.3,3800000
2,2,4.9,4500000
2,2,3.3,3800000
2,2,3.3,3800000
2,2,3.3,3800000
2,2,3.3,3800000
2,2,4.9,4500000
2,2,3.1,3300000
2,2,3.3,3800000
2,2,3.3,3800000
2,2,3.1,3300000
2,2,3.3,3800000
2,2,4.9,4500000
2,2,3.3,3800000
2,2,4.9,4500000
2,2,4.9,4500000
2,2,4.9,4500000
2,2,3.3,3800000
2,2,3.3,3800000
2,2,4.9,4500000
2,2,4.9,4500000
2,2,4.9,4500000
3,3,6.1,14700000
3,3,6.1,14500000
2,2,4.9,4500000
2,2,3.3,3800000
3,3,8,10000000
3,3,8,10200000
3,3,8,20200000
2,2,3.3,3800000
2,2,4.9,4500000
3,3,8,20000000
3,3,8,13700000
2,2,4.9,4500000
2,2,3.3,3800000
4,4,14,14500000
2,2,3.3,3800000
2,2,3.3,3800000
2,2,3.3,3800000
2,2,3.3,3800000
2,2,3.3,3800000
2,2,3.3,3800000
0,2,2.7,3000000
0,2,2.7,3000000
0,2,2.7,3200000
0,2,4.2,4000000
0,2,4,3600000
2,2,3.3,3800000
2,2,4.9,4500000
3,3,5,12500000
2,2,4.2,6200000
2,2,4.9,4500000
2,2,4.9,4500000
2,2,4.9,4500000
2,2,4.9,4500000
2,2,4.9,4500000
3,3,10,11500000
3,3,5,12500000
3,3,10,11500000
3,3,8,10000000
2,2,4.2,6200000
4,4,14,14500000
5,5,1,125000000
3,3,8,6500000
3,3,8,13700000
3,3,6.1,14500000
4,4,14,15000000
2,2,4.2,6400000
3,3,8,13500000
3,3,8,6500000
3,3,8,13500000
3,3,8,20000000
2,2,4.2,5000000
2,2,2.9,3800000
4,4,5,10500000
8,5,8,26500000
0,10,9,18000000
4,5,10,15000000
4,4,4,16500000
4,2,8,10000000
6,6,5,11000000
5,5,1,30000000
2,2,4.2,1431000
2,2,2.4,2500000
2,2,2.9,2800000
5,5,14.2,18500000
2,2,2,2200000
3,3,8,7500000
4,4,8,18000000
8,7,2,300000000
4,3,8,7400000
4,4,16,26500000
3,2,5,4500000
1,1,3.1,5250000
2,2,5,4000000
7,6,1.4,32000000
5,4,1,120000000
2,2,3.2,2000000
8,6,1,50000000
0,0,1.3,680000
0,0,2,700000
0,0,2,750000
0,0,2,800000
0,0,2,850000
0,0,2,900000
0,0,2,900000
2,2,90,50500
2,2,3.6,50000
2,2,3.1,35000
3,3,10,35000
2,2,16,120000
4,3,1,60000
3,2,7,23000
2,2,4.4,65000
4,4,8,60000
4,4,8,60000
4,4,8,60000
6,6,14,80000
3,3,1,45000
6,6,14,80000
3,3,10,33000
3,3,10,33000
3,3,1,200000
1,2,4.4,26000
2,2,7,24000
3,3,1,45000
5,5,7,50000
2,2,7,24000
2,2,7,27000
1,1,4.4,26000
9,8,1.8,500000
7,6,2,800000
6,5,1,90000
4,3,10,50000
2,2,5.5,36000
3,3,12,65000
3,3,12,75000
4,3,1,65000
10,10,1,250000
4,4,8,58000
8,7,2,1000000
4,4,8,58000
4,4,8,60000
4,3,1,43000
4,4,8,58000
4,4,8,60000
4,4,8,60000
3,3,14,35000
3,3,14,38000
3,3,14,40000
6,6,1,110000
7,6,2,600000
9,9,1,350000
4,3,8,28000
4,3,11,60000
5,5,1,180000
7,6,1.3,300000
6,5,10,65000
2,2,14.2,40000
5,6,1,295000
6,6,1,125000
5,4,1.5,68000
0,0,17.8,70000
0,2,3,3700000
0,1,2.2,1800000
0,4,2,3200000
0,4,3.5,6000000
0,3,3,6000000
0,3,5,9000000
0,2,3,2000000
0,3,3.7,6500000
0,0,3.7,7500000
0,0,3,3500000
0,0,14,72500000
6,5,10,25000000
0,0,16,72500000
6,5,1,50000000
0,2,2.5,4200000
0,0,4,7500000
4,4,11,18500000
0,5,4,220000000
0,4,2,125000000
0,3,3,60000000
0,5,1.5,35000000
4,3,7,12000000
4,3,4,9500000
0,0,8,5500000
4,3,3,7700000
5,4,10,29500000
5,4,10,25000000
5,4,10,32500000
5,4,10,24500000
5,5,10,18500000
5,4,10,17500000
4,3,4,8200000
6,5,1,60000000
0,0,2.5,2800000
0,0,2.5,3000000
0,0,2.5,3200000
0,0,2.5,3400000
2,0,1.4,3500000
0,0,1.4,3000000
2,2,5.6,7000000
2,2,5,5000000
6,5,10,27500000
2,2,5,5000000
6,5,11,27500000
6,5,1,47500000
6,5,10,18500000
8,5,5,14500000
6,5,6,12000000
1,0,1.4,35000
2,2,7,25000
2,2,5,28000
4,4,7,45000
4,4,7,45000
4,4,7,50000
4,4,7,50000
4,4,7,45000
4,4,7,45000
4,4,7,50000
4,4,7,24000
4,4,7,24000
2,2,7,19000
4,4,7,50000
4,4,7,45000
4,4,7,45000
4,4,7,45000
2,2,7,25000
2,2,5,25000
1,2,3.5,19000
1,2,3.5,20000
1,2,3.5,20500
7,0,2,270000
5,4,11,16500000
1,1,2,2250000
5,4,10,18500000
6,5,1,42000000
4,3,8,13000000
5,6,1,32200000
7,6,1,34500000
6,5,17,41000000
5,4,7,23500000
2,2,2,2500000
3,3,3,8000000
3,3,3,8000000
3,3,4,9500000
3,3,5,12000000
3,3,8,18500000
2,2,2.9,3500000
3,3,8,20000000
1,1,2,1950000
1,1,2,1900000
1,1,2,1850000
1,1,2,1800000
6,6,9.6,26000000
3,3,8,14900000
4,4,4.8,17500000
3,3,8,20000000
2,2,4,4800000
2,2,4,5000000
2,2,3.1,3600000
3,3,8,13300000
2,2,4.2,6000000
3,3,8,6250000
2,2,2.9,7800000
3,3,10,13500000
2,2,2.9,3400000
2,2,2.9,3500000
7,6,1,125000000
1,1,1.8,2000000
1,1,1.8,1950000
1,1,1.8,1900000
3,4,9.6,7000000
3,3,8,21000000
3,3,9.6,16000000
3,3,6.4,18500000
4,4,14,65000000
5,5,1,74500000
0,0,3.4,3700000
0,0,3.4,7000000
0,0,3.4,5000000
0,0,3.4,4500000
0,0,4.8,6500000
0,0,3.4,3500000
0,0,3.4,3800000
10,11,2,230000000
0,0,3.4,6500000
0,0,3.4,5200000
0,0,2.6,2500000
0,0,3.4,3700000
3,4,9.6,40000000
0,0,3.4,7000000
0,0,3.4,6800000
0,0,3.4,5000000
0,0,3.4,4500000
3,3,4,35000000
3,2,4.2,4900000
6,6,4.8,21000000
0,0,5.3,4400000
3,3,9.6,30000000
7,6,8,20000000
4,4,7.6,22000000
3,3,4.9,7500000
3,3,4.9,55000
3,3,7.1,50000
3,3,8,80000
6,5,1,225000
2,2,5.3,55000
3,3,8,55000
3,3,1,135000
3,3,11.4,60000
3,3,11.4,55000
3,3,11.4,50000
4,3,8,80000
3,3,10.7,110000
0,7,14.2,62500000
8,8,8,34000000
5,4,6.7,16700000
7,6,2.1,255000000
6,4,8,31500000
0,0,20,125000000
7,6,16,48000000
0,9,1.3,185000000
7,5,6,12500000
0,0,17.8,75000000
5,5,1,50000000
10,9,1.3,190000000
5,5,8,25500000
0,0,1.6,140000000
0,4,6.7,16000000
0,3,6.7,18000000
0,4,6.7,20000000
0,9,14.2,45000000
0,4,14.2,40000000
0,3,6.7,21500000
6,6,1,47500000
6,5,1,36000000
6,5,1,45000000
7,6,1,42500000
0,0,10,75000000
7,7,3.3,210000000
4,4,5,13500000
2,1,3.5,4500000
3,3,10.7,9000000
3,3,7,22500000
8,7,1,49500000
2,2,3.6,3550000
6,6,1.2,450000
2,1,7,35000
3,3,14.2,55000
6,5,1,200000
3,3,1,95000
2,2,2,130000
7,6,1,225000
2,2,5.3,30000
2,2,3.8,32000
5,4,1,110000
1,1,2,15000
9,9,16,250000
3,3,1,95000
10,11,1,345000
3,3,5,12000000
2,2,3,3100000
3,3,10,13800000
3,3,2.5,6000000
4,3,10,25500000
8,8,2,110000000
0,5,15,32500000
0,5,2,80000000
5,4,10,27500000
4,4,10,35000000
5,5,1,50000000
4,3,5,9500000
6,5,1,38500000
0,3,5,16500000
3,3,3,6500000
3,3,2.1,85000000
6,5,1,45000000
3,3,10.5,12000000
4,3,5,14000000
6,5,1,59000000
7,6,1,46000000
4,3,5,13500000
1,2,3,3000000
6,5,1,31500000
0,3,5,12000000
0,3,5,11500000
4,3,1,32500000
0,5,1,56800000
7,6,2,60000000
0,0,2,26500000
0,0,1,12000000
3,3,2,5000000
6,5,1,43500000
0,4,9,18000000
7,6,2,60000000
6,5,1,36500000
4,3,3,7800000
5,4,5,10000000
4,4,10,40000000
7,6,2,60000000
6,5,1,45000000
0,5,8,14000000
0,5,8,15000000
0,5,11,26000000
0,4,8,12000000
0,5,10,22500000
7,5,1,37500000
5,4,10,21500000
7,6,1,60000000
0,5,15,36000000
3,3,10,22500000
0,0,10,21000000
0,3,3.5,8500000
0,3,3,9000000
0,3,2.8,7500000
0,3,2.5,7500000
0,3,2.5,7500000
0,0,1.2,55000000
0,0,1.1,50000000
0,6,10,31000000
6,5,1,61000000
4,4,1,22000000
1,2,2.5,4000000
6,5,1,49000000
4,4,3,6500000
5,5,10,16000000
1,2,3.5,2400000
2,3,2.5,3200000
2,2,2,1800000
0,4,7.2,12000000
4,5,6,15000000
0,6,12,18000000
0,4,7,12500000
0,4,7,11000000
4,4,4,15000000
4,3,5,10500000
0,2,5.3,75000
0,2,5.3,75000
0,2,5.3,75000
0,2,5.3,75000
0,2,5.3,75000
0,2,5.3,75000
0,2,5.3,75000
0,2,5.3,75000
0,2,5.3,75000
0,2,5.3,76000
0,2,5.3,75000
0,2,5.3,75000
0,2,5.3,75000
0,2,5.3,75000
0,2,5.3,75000
0,2,5.3,75000
0,2,5.3,75000
0,2,5.3,75000
0,2,5.3,75000
0,2,5.3,75000
0,2,5.3,75000
0,2,5.3,76000
0,2,5.3,75000
0,2,5.3,75000
0,2,5.3,75000
0,0,6,50000
0,0,6,22000
0,0,6,25000
0,2,5.8,100000
0,2,5.8,100000
0,2,5.8,100000
0,2,5.8,100000
0,2,5.8,100000
0,2,5.8,100000
0,2,5.8,100000
0,2,5.8,100000
0,2,5.8,100000
0,2,5.8,100000
0,2,5.8,100000
0,2,5.8,100000
2,2,5,28000
0,1,4,6000
0,1,4,55000
3,3,5.1,11500000
6,5,12,82500000
3,3,6,14500000
2,2,4.2,7500000
4,4,9.6,15000000
3,3,5.6,16500000
3,3,6.7,10500000
3,3,6.7,10500000
2,2,4.2,5800000
2,2,8.4,7000000
2,2,8.4,7000000
2,2,3.8,5500000
2,2,5.6,6500000
2,2,4.2,7800000
2,2,4.2,7800000
2,2,3.4,5200000
2,3,3.4,5000000
2,2,2.6,3500000
2,2,2.6,2800000
2,2,8.4,7000000
2,2,4.2,7800000
3,3,6.7,10500000
2,2,4.9,9500000
5,5,12,71500000
3,3,5.2,5300000
2,2,4,4800000
2,2,3.8,6500000
4,4,1.1,72500000
3,3,6,6500000
2,2,4,8000000
2,2,2.7,5000000
2,2,4.2,6000000
3,3,4.9,13000000
2,2,4.2,5500000
3,3,8,13000000
3,3,10,17500000
0,0,4.4,6600000
0,0,4.8,14000000
2,3,4.8,4500000
3,3,10,17500000
2,2,4.2,4100000
0,0,4.4,6500000
4,3,7.6,25000000
4,3,7.3,15000000
7,6,2,270000000
3,3,16,43000000
0,0,2.2,95000000
3,3,10,27500000
4,3,6,60000000
4,3,8,10200000
6,6,1,75000000
5,5,1,80000
3,0,5.8,30000
2,2,8.4,25000
3,3,9.6,50000
3,3,9.6,45000
3,3,9.6,45000
3,3,9.6,50000
2,2,8.4,25000
2,2,8.4,25000
3,3,1,130000
3,5,8,80000
0,0,3,1600000
4,4,8,75000
3,3,9.6,39000
5,5,1.2,295000
2,2,4.8,28000
2,2,2.9,2475000
3,5,6.7,19000000
5,5,2.1,165000000
0,2,4.4,6000000
6,5,1,155000000
4,5,6.7,17000000
2,3,7,8800000
0,0,1,17000000
7,6,8,24000000
8,7,1.2,200000000
2,2,4,8300000
3,2,4.9,4600000
9,7,1.8,220000000
10,7,1.8,220000000
7,5,9,145000000
2,2,5.7,7700000
3,3,9.8,13500000
2,2,3.2,5000000
1,1,3.5,4100000
6,5,1,39000000
6,5,1,40000000
2,2,4,5000000
6,5,7,25000000
5,6,6.7,29500000
7,6,1,52500000
7,5,1,55000000
7,6,1,45000000
0,0,10,36000000
3,3,7,11000000
3,3,3.6,13000000
3,3,3.6,12500000
4,5,1.1,300000
4,4,16.9,200000
0,0,10,55000
0,0,1,85000
2,2,10,52000
3,3,14.2,75000
0,2,4.9,42000
1,2,3.6,23000
1,1,3.6,58000
3,3,8,65000
3,4,1.3,120000
2,3,8,48000
3,3,1,70000
3,3,1,75000
2,2,1,70000
10,6,5,50000
2,2,3.6,50000
3,2,1,125000
3,3,1,100000
1,1,1.6,13500
5,5,1,190000
3,3,7,20000
3,3,1,100000
6,5,1,50000000
0,5,2,77500000
4,3,3.5,6800000
3,3,10,16500000
7,6,1,60000000
0,4,5,9500000
7,6,1.2,43500000
3,3,11,17700000
3,3,5,4500000
0,4,3,4500000
0,9,4,7500000
0,4,3,5000000
0,0,3,4490000
5,4,10,25500000
0,3,5,12000000
0,3,5,12800000
0,5,5.5,9000000
0,5,6,12500000
0,5,5,10000000
0,5,10,12500000
0,3,3,5500000
0,5,5,8500000
5,4,10,30000000
1,1,2.4,6408000
4,3,7,22500000
5,4,10,27000000
1,1,2.6,7044000
0,0,64,400000000
0,0,5,7000000
6,5,2,79000000
0,0,2.7,7212000
6,6,8,23500000
5,5,1,55000000
4,3,4,9500000
5,4,5,12200000
4,4,5,12000000
4,3,8,12500000
6,5,10,18900000
0,0,3,12000000
7,5,10,24500000
6,11,10,13500000
5,4,5,12000000
6,5,1,45000000
2,2,5,4500000
7,6,1,77500000
3,3,5,12800000
6,5,1,38000000
1,1,3,2200000
5,5,1,54000000
1,1,3,3000000
3,3,3,3000000
1,1,3,2200000
4,3,1,26000000
5,4,8,26000000
3,3,3,4800000
4,3,6,20000000
4,3,5,11000000
2,2,3,3800000
2,2,3,3800000
1,2,3.5,3500000
0,0,5,8500000
0,0,5,12000000
0,0,1,22500000
0,0,10,16500000
0,0,10,17500000
0,0,1,22500000
0,0,10,17500000
0,4,10,26500000
4,4,3,5500000
6,5,10,17500000
2,2,3,3800000
6,5,10,22000000
5,8,5,12000000
6,4,6,17500000
4,4,10,20000000
5,4,10,15000000
4,5,10,18500000
8,6,1,82500000
3,3,3,3800000
6,5,7,15500000
2,2,3.5,5000000
3,3,4,7000000
5,5,10,16500000
2,2,2.9,3500000
2,2,4,3700000
2,2,2.9,2800000
3,3,6.2,9800000
5,5,1,69500000
0,2,3.3,4500000
5,4,12,58000000
4,4,16.9,90000000
3,3,8,14500000
5,4,14,54500000
0,6,4.8,25000000
0,4,5.9,15000000
0,4,12,17000000
0,4,12,17000000
0,6,7.6,19500000
0,4,12,17000000
0,10,18.8,55000000
0,8,8.8,23000000
0,8,1.2,55000000
3,3,8,19500000
3,3,6.7,10500000
2,2,2.6,3500000
2,2,4.9,8000000
6,5,1.2,110000000
3,3,7.4,12000000
3,3,6.7,11200000
4,3,9.4,10500000
2,2,4.2,12500000
2,2,2.2,5500000
3,3,6.2,7500000
4,3,10.2,37500000
2,2,4,5000000
4,3,8.4,31500000
0,0,4.8,8000000
2,2,4.2,7200000
2,2,6.2,5700000
2,2,4.2,14000000
6,6,9.6,41500000
2,2,4.9,6600000
4,4,4,35000000
0,0,4.2,5900000
2,2,5.6,4000000
0,0,4.2,5850000
7,6,9.6,31500000
0,0,4.2,5800000
3,3,7.1,16500000
3,3,4.8,7500000
3,3,6.3,7500000
4,3,8.6,15000000
3,2,4.8,6200000
2,3,4.8,14500000
0,0,4.2,6100000
3,3,5,14500000
2,2,4.2,7500000
6,7,3.4,7500000
2,2,2.7,2700000
2,2,3.6,3500000
3,3,14,21500000
2,2,4.8,3500000
2,2,3,3200000
2,2,4.2,5800000
4,4,4.8,13500000
7,7,10,36000000
2,2,5.8,13500000
2,2,2.4,7500000
2,2,4,5000000
2,2,2.4,5600000
3,3,5,14000000
2,2,2.4,5600000
3,3,5,7900000
3,3,5.6,15000000
2,2,2.9,4800000
2,2,4,15000000
4,3,8,32500000
3,2,1,105000
0,3,8.8,35000
0,3,12,45000
0,3,16,60000
0,3,1.2,70000
0,3,6,28000
0,6,9.8,110000
0,6,9.8,120000
2,2,2,30000
5,4,14,80000
2,2,2,32000
3,3,6.1,25000
5,4,2,550000
6,6,1,290000
2,2,4.7,40000
2,2,2,24000
3,2,4.3,50000
5,4,2,700000
2,2,4.2,40000
3,3,10.2,45000
4,4,1,145000
3,3,6.3,28000
3,3,4.3,28000
2,2,2.7,16000
2,2,4,15000
2,2,4.8,22000
4,3,1,185000
3,3,1,90000
5,4,8,53000
3,2,8,26000
0,9,2,500000
5,4,1.2,200000
2,2,5.8,45000
2,2,8,48000
4,3,2,120000
3,3,1,100000
3,3,1,100000
6,5,1.3,230000
5,5,7,23500000
2,2,4,7500000
6,4,1,45000000
6,5,5,11500000
0,2,5,3500000
0,0,16.7,52600000
0,0,9.3,36000000
0,0,16.7,52500000
0,0,2.6,20000000
0,0,7.8,31500000
2,2,4,24000
2,2,6.2,43000
2,2,6.2,50000
2,2,6.2,50000
4,3,1,85000
5,4,5,35000
1,1,1.8,30000
3,2,6,22000
6,5,1,37200000
6,5,1,38800000
6,5,1,41900000
6,5,1,43500000
6,5,1,44500000
6,5,1,43000000
6,5,1,46500000
5,5,1,36900000
6,5,10,18800000
6,5,10,15000000
7,6,1,43500000
6,5,1,49500000
6,4,10,15500000
3,3,1.5,4500000
3,3,2.5,6500000
3,3,2.5,6500000
3,3,2.5,6500000
4,3,3,6750000
1,3,2,1800000
5,5,2,53000000
5,5,2,52800000
5,5,2,52800000
5,5,2,53000000
5,5,2,53000000
5,5,2,52500000
5,5,2,52500000
5,5,2,52500000
5,5,2,52800000
4,4,1,34700000
3,4,4,5000000
3,3,4,9500000
7,7,12,25000000
2,2,8,11000000
3,3,3,6500000
3,3,2,5500000
3,3,2,7500000
2,2,2,5000000
5,5,5,9800000
6,5,10,24000000
1,2,2,1800000
7,8,7,16500000
5,4,10,34500000
0,0,7,13500000
0,0,7,13500000
0,0,7,14000000
3,3,10,12400000
3,3,10,12300000
3,3,10,12200000
3,3,10,12100000
3,3,10,12000000
3,3,10,11900000
3,3,10,11800000
3,3,10,11700000
3,3,10,11600000
3,3,10,11500000
2,2,4.2,6900000
2,2,4.2,6800000
2,2,4.2,6700000
2,2,4.2,6600000
2,2,4.2,6500000
2,2,4.2,6400000
2,2,4.2,6200000
2,2,4.2,6300000
2,2,4.2,6100000
2,2,4.2,6000000
3,6,3,9900000
4,3,9.6,19000000
3,3,8,14400000
3,3,8,14300000
3,3,8,14200000
3,3,8,14100000
3,3,8,14000000
3,3,8,13900000
3,3,8,13800000
3,3,8,13700000
3,3,8,13600000
3,3,8,13500000
3,3,8,7400000
3,3,8,7300000
3,3,8,7200000
3,3,8,7100000
3,3,8,7000000
3,3,8,6900000
3,3,8,6800000
3,3,8,6700000
3,3,8,6600000
3,3,8,6500000
3,3,8,14400000
3,3,8,14300000
3,3,8,14200000
3,3,8,14100000
3,3,8,14000000
3,3,8,13900000
3,3,8,13800000
3,3,8,13700000
3,3,8,13600000
3,3,8,13500000
3,3,8,10900000
3,3,8,10800000
3,3,8,10700000
3,3,8,10600000
3,3,8,10500000
3,3,8,10400000
3,3,8,10300000
3,3,8,10200000
3,3,8,10100000
3,3,8,10000000
3,3,8,20900000
3,3,8,20800000
3,3,8,20700000
3,3,8,20600000
3,3,8,20500000
3,3,8,20400000
3,3,8,20300000
3,3,8,20200000
3,3,8,20100000
3,3,8,20000000
5,4,8,8000000
6,5,19.6,50000000
4,0,4.8,2800000
7,6,1.2,185000000
5,4,9.8,15000000
2,4,4.9,5000000
0,0,6.4,20000000
3,3,6,8500000
2,2,4.4,15000000
3,3,6.4,24000000
9,9,8,24000000
4,4,14,16800000
4,4,14,16500000
4,4,14,16400000
4,4,14,16900000
4,4,14,16700000
4,4,14,16300000
4,4,14,16600000
4,4,14,16200000
4,4,14,16100000
4,4,14,16000000
3,3,4.8,9000000
3,3,4.8,9000000
3,3,4.8,9000000
4,3,12,14500000
4,3,10,14000000
0,3,10,14500000
0,6,8,26500000
3,3,8,14000000
3,3,8,14200000
3,3,8,14400000
3,3,8,14600000
3,3,5,12800000
3,3,8,14800000
3,3,8,15200000
3,3,8,15400000
3,3,8,15400000
3,3,8,15000000
3,3,6,15500000
3,3,5,12700000
3,3,6,15700000
3,3,6,15900000
3,3,5,12600000
3,3,5,12500000
3,3,10,11200000
3,3,8,15000000
3,3,10,11000000
3,3,10,11400000
2,2,4.2,6200000
3,3,10,11600000
2,2,4.2,6000000
2,2,4.2,5800000
3,3,6,15900000
3,3,6,16000000
3,3,5,13000000
3,3,10,11800000
3,3,10,12000000
6,6,9.6,31500000
3,3,12.7,18000000
3,3,5,12800000
3,3,5,12700000
3,3,1,135000
3,3,5.3,55000
3,3,8,85000
5,4,9.6,200000
2,2,7.1,40000
4,3,16,45000
4,4,8,65000
4,4,8,65000
3,2,5,18000
2,2,9.8,48000
4,3,10,60000
2,2,3.6,45000
1,1,2,30000
3,2,10,58000
6,5,5,35000
5,4,1.2,100000
2,2,5,20000
0,0,7.8,164000
0,0,2.6,94000
0,0,10.7,120000
0,0,7.8,165000
0,0,2.6,95000
0,0,7.8,110000
0,4,5,8500000
0,6,1,25000000
0,5,10,13500000
0,6,14.2,22500000
0,4,6,12000000
0,9,10,16500000
0,6,12,16500000
0,0,2.1,350000000
0,0,3.3,210000000
0,0,2,220000000
0,0,1.3,140000000
0,0,1,140000000
0,0,3.3,300000000
0,0,1,75000000
0,0,2.1,210000000
0,0,4.2,3500000
0,1,1.8,3500000
4,4,5,6000000
0,4,7,12500000
0,4,7,11000000
0,5,10,12500000
8,6,1,70000000
4,4,4.4,16500000
8,6,14.2,45500000
7,6,10.9,36000000
6,5,8,27500000
8,7,1,59500000
6,6,12,55000000
5,5,5,27000000
3,3,4,18500000
6,6,10,50000000
0,1,1.9,4000000
0,0,1,70000
0,0,1.1,200000
0,0,2.1,900000
0,3,10,20000
0,3,12.4,35000
0,3,1,40000
0,4,10,50000
0,2,10,25000
0,3,14.2,30000
6,6,12,65000
6,6,10,102000
5,4,7,60000
2,2,10,30000
3,3,15,65000
3,3,15,60000
2,2,5,20000
2,2,5.4,19000
0,0,10,25000
5,5,5,14000000
2,2,3,7500000
2,2,5,8000000
4,4,5,8500000
5,5,6,14000000
3,3,10,17500000
3,3,4,10000000
3,3,5,11000000
3,3,5,11000000
5,5,15,30000000
3,3,5,11000000
5,5,10,17500000
4,4,5,10500000
5,5,10,17500000
3,3,5,9500000
5,5,10,14000000
5,5,10,17000000
5,5,7,15500000
6,6,10,16500000
5,5,7,13000000
3,3,5,10500000
3,3,3,7000000
5,5,10,17500000
4,4,5,10500000
5,5,10,26000000
5,5,10,17500000
4,4,5,10500000
3,3,2.8,6200000
4,4,3,6200000
3,3,3,7000000
3,3,6,6500000
3,3,1,35000000
3,3,1,37500000
2,2,1.5,2600000
3,3,2.5,6500000
5,5,10,26500000
4,3,3.2,12000000
5,5,10,23500000
3,3,3,7700000
3,3,3,7600000
3,3,3,7800000
3,3,3,8000000
3,3,3,7800000
3,3,3,8000000
3,3,3,7900000
3,3,3,8000000
3,3,3,8000000
5,5,10,24000000
5,5,1,39000000
5,5,10,26000000
5,5,10,22500000
5,5,10,22000000
0,0,4,6500000
0,0,4,6500000
0,0,4,6500000
0,0,4,6500000
0,0,4,6500000
0,0,4,6500000
0,0,4,6500000
0,0,4,6500000
0,0,3,5000000
0,0,3,5500000
0,0,3,5500000
0,0,3,5500000
0,0,3,5500000
0,0,3,5500000
0,0,3,5500000
0,0,3,5500000
0,0,4,6500000
0,0,7,17500000
0,0,6,12500000
6,6,1.1,42500000
0,0,5,12000000
0,0,6,9500000
6,5,1,49000000
10,9,10,36000000
6,5,10,24000000
3,3,3.5,6500000
5,4,9,13000000
3,3,5,6000000
3,2,4,5800000
0,4,7,11000000
3,2,5,5500000
4,4,5,8500000
2,2,3,3700000
2,2,4,5500000
3,2,4,5500000
3,3,5,12600000
3,3,5,12500000
3,3,6.1,15300000
3,3,5,12900000
3,3,6.1,15200000
3,3,6.1,15400000
3,3,6.1,15100000
3,3,6.1,15000000
3,3,6.1,14900000
3,3,9.6,21000000
3,3,6.1,14800000
3,3,6.1,14700000
3,3,6.1,14600000
3,3,6.1,14500000
0,2,4,6000000
2,2,4.7,7500000
3,3,8,22500000
2,2,3.6,2500000
6,6,12,44000000
2,2,3.6,6500000
3,3,8,17000000
3,3,5.8,8000000
3,3,5.8,8000000
2,2,4.2,6000000
2,2,4.2,6000000
2,2,4.2,6000000
2,0,3.1,4000000
2,2,4.2,6000000
2,2,3.1,4000000
2,2,3.1,4000000
2,2,3.1,4000000
3,3,5.3,4000000
3,3,5.3,4000000
3,3,4.8,15000000
3,3,5.3,4000000
3,3,4.8,15000000
3,3,4.8,8000000
3,3,5.8,8000000
3,3,4.8,8000000
3,3,4.8,8000000
3,3,4.8,8000000
2,2,3.6,5100000
6,6,13.3,18000000
3,3,6.9,9000000
0,3,5.6,6500000
0,3,5.6,5500000
0,3,5.6,5500000
0,2,3.2,3500000
0,2,3.4,3600000
0,6,4.8,20000000
0,2,3.2,3200000
0,5,9.6,39900000
0,0,2.9,3700000
4,4,9.8,27000000
4,4,9.8,32500000
2,2,5.6,12500000
2,2,5.6,12500000
3,5,4.2,5500000
3,2,2.4,2800000
3,3,5.6,8500000
0,3,6.2,12500000
0,2,4.4,5900000
0,2,4.4,8600000
0,3,6,9600000
0,3,6.2,14500000
0,3,6.4,11500000
0,2,4.9,9000000
0,3,6.9,11000000
0,3,6.2,11000000
0,3,9.6,37500000
0,3,6,9500000
0,3,6.2,11000000
0,5,1,100000000
0,4,12,70000000
0,5,8,66000000
3,3,6,10000000
3,3,6,8500000
3,3,7.1,21000000
3,3,7.1,20500000
3,3,7.1,20000000
3,3,9.6,19000000
3,3,9.6,15000000
3,3,9.6,15000000
3,3,9.6,14900000
3,3,9.6,14600000
3,3,9.6,14800000
3,3,9.6,14200000
3,3,9.6,14400000
3,3,9.6,14000000
3,3,9.6,13800000
3,3,9.6,13500000
3,3,8,21000000
3,3,8,22000000
3,3,9.6,13200000
3,3,8,20500000
3,3,8,20000000
3,3,8,19900000
3,3,8,19800000
0,4,3.2,7500000
0,3,8,15000000
0,3,8,12500000
3,3,8,19600000
3,3,8,19300000
3,3,8,19000000
3,3,8,19200000
0,3,4.8,22500000
0,3,5.8,7500000
0,3,6.4,7000000
0,3,6,7000000
0,3,6.4,7500000
0,3,6.4,7000000
0,2,4.2,4600000
0,2,4.7,4200000
0,2,4.7,8500000
2,2,4.8,30000
2,2,4.8,25000
2,2,4.8,27000
3,3,5.8,35000
3,3,6,30000
3,3,9.6,36000
4,4,13.2,185000
3,3,9.6,36000
3,3,9.6,35000
3,3,9.6,34000
3,3,9.6,33000
3,3,9.6,32000
2,2,4.2,20000
2,2,4.2,18000
3,3,1,80000
2,2,4,26000
2,2,10,50000
0,0,1,210000
4,4,8,10000000
0,0,10,48500000
4,4,4,15500000
3,3,4,17500000
6,6,18,50000000
4,4,6,20000000
0,0,5.3,8500000
0,0,5.3,7500000
0,0,3.8,5500000
4,4,6.7,15500000
5,4,6,16500000
3,3,5.6,14500000
4,4,8,23500000
3,3,5.8,7500000
3,3,7.9,8000000
5,5,10,16000000
5,5,10,15000000
5,5,10,17000000
5,5,10,17000000
3,2,4,5800000
0,0,4,20000
0,0,2.5,12000
0,0,8,28000
0,0,2.5,8000
0,0,3,15000
0,0,3,15000
0,0,8,50000
0,0,2.5,13000
0,0,8,70000
0,0,3,17000
0,0,3,15000
0,0,4,10000
0,0,2.5,10000
0,0,7.5,25000
0,0,4,22000
0,0,8,21000
0,0,5,20000
0,0,5,16000
0,0,2.5,15000
0,0,3,17000
0,0,4,12000
0,0,3,18000
0,0,3,11000
0,0,5,10000
0,0,2.5,7000
0,0,10,45000
0,0,5,15000
0,0,7,16000
0,0,2.5,14000
0,0,2.5,8000
0,0,2.5,10000
0,0,5,9000
0,0,2.5,11000
0,0,2.5,8000
0,0,7,30000
0,0,5,8000
0,0,5,35000
0,0,3,8000
0,0,8,20000
0,0,4,12000
0,0,4.5,15000
0,0,5,14000
0,0,5,15000
0,0,7,20000
0,0,3,7000
0,0,2.5,5000
0,0,4,14000
0,0,2.5,10000
0,0,5,10000
0,0,7.5,35000
4,3,5,32000
4,3,5,40000
4,3,5,35000
0,3,5,40000
0,4,5,40000
0,0,5,23000
0,0,5.5,45000
0,0,5,40000
0,0,5,18000
6,5,5,55000
0,3,10,45000
0,3,1,60000
5,5,10,27000000
4,4,5,15000000
5,5,10,32000000
5,5,10,20000000
0,0,10,17500000
5,5,7,25000000
4,4,10,25000000
5,5,10,25000000
5,5,7.5,25000000
5,5,10,32500000
5,5,10,27500000
4,4,10,22500000
5,5,10,34000000
5,5,10,35000000
3,3,3.5,9000000
7,7,1,190000000
5,5,10,22000000
8,7,1,36500000
5,4,5,15500000
1,1,5,3800000
4,4,5,14500000
4,4,5,15000000
4,4,5,14500000
4,4,5,16000000
4,4,5,14500000
5,4,10,32500000
6,6,1,52500000
0,6,1,38000000
4,4,5,14500000
5,5,1,32500000
5,5,12,20000000
2,4,3,4450000
5,5,14,20000000
5,5,10,20000000
2,4,3,4450000
5,4,10,27500000
5,4,10,28000000
5,4,10,26500000
5,4,10,36500000
5,5,10,18000000
5,4,9,16000000
4,5,10,17000000
8,7,5,11000000
0,0,5,13500000
5,5,5,16500000
4,4,1,21200000
4,4,1,20500000
5,5,10,18000000
4,4,1,21500000
4,4,1,20000000
4,4,1,19000000
3,3,5,13500000
6,5,10,22500000
4,4,1,20200000
5,5,1,60000000
5,6,2,140000000
5,5,10,22500000
5,4,10,39500000
2,3,3,7800000
0,0,5,8000000
0,0,5,8000000
0,0,1.6,70000000
0,0,10,20000000
0,0,7,13500000
0,0,5,7500000
0,0,4,6000000
0,0,4,8000000
0,0,5,9000000
0,0,2.5,6000000
0,0,2.5,6000000
0,0,2.5,6000000
8,6,13,26000000
3,3,3,3000000
5,5,12,24000000
6,6,10,18500000
3,2,4,5200000
2,2,2,6800000
2,2,4,5500000
5,5,11,20000000
3,3,10,11000000
6,6,1,46500000
3,2,5,5800000
3,3,12,21000000
1,2,1,3200000
3,3,12,23000000
7,5,14,37500000
4,4,11,20000000
4,4,10,18000000
6,6,1,47000000
5,5,10,25000000
3,3,3,4500000
5,5,10,21000000
5,5,10,9000000
3,3,4,13000000
6,6,10,17500000
2,2,3,3500000
4,4,10,16500000
3,4,3,3500000
0,0,3,3000000
0,0,3,3100000
0,0,3,3500000
0,0,2.5,3000000
0,0,3,3000000
0,0,3,3100000
0,0,3,3600000
0,0,2.5,3100000
0,0,2.5,2900000
0,0,2.5,3200000
1,1,2.2,2300000
0,2,4.7,3500000
0,2,3.1,2800000
2,2,3.3,7000000
3,3,5.6,14000000
5,5,1,110000000
0,0,8,0
0,0,5.6,11000000
3,3,7.1,11000000
0,2,3.1,3800000
0,2,3.8,5000000
0,2,4.4,9500000
0,2,4.4,6500000
0,2,4.4,4600000
0,2,4.2,4600000
3,5,4.3,6500000
4,4,10.2,52500000
3,3,6.2,25000000
0,2,4.4,8500000
0,3,6.2,6500000
3,3,6.4,11000000
2,2,4.2,3400000
0,0,2.6,3800000
0,0,2.6,3800000
0,0,2.6,3800000
0,0,2.6,3800000
0,0,2.6,3800000
0,0,2.6,3800000
0,0,3.4,5000000
0,0,3.4,5000000
0,0,3.4,5000000
0,0,3.4,5000000
0,0,3.4,5000000
0,0,3.4,5000000
4,4,4.8,18000000
4,4,4.8,20000000
8,7,4.8,20000000
4,4,8,40000000
6,6,4.8,20000000
3,2,4.8,6500000
2,2,3.3,6500000
2,2,4.8,6000000
3,3,8,6500000
3,3,1,67500000
0,3,4.4,32500000
2,2,5.1,10500000
2,2,5.1,10500000
2,2,4.2,7500000
2,2,4.2,9000000
4,4,12,35000000
4,4,10,30000000
4,4,10,30000000
4,4,12,35000000
4,4,1,46000000
4,4,1,45000000
4,4,12,32500000
0,0,1.2,100000000
2,2,4.2,45000
2,2,4,27000
3,3,9.6,40000
3,3,9.6,45000
2,2,4,28000
3,3,9.6,50000
3,3,4.8,40000
2,2,4.8,35000
3,3,9.6,45000
2,2,3.3,23000
0,0,1,200000
0,0,11.2,180000
0,0,1.3,140000
3,3,6.7,45000
2,2,4.8,23000
2,2,4.8,19000
2,2,4.8,21000
2,2,4.8,20000
0,4,16,70000
0,3,8,40000
3,3,5.3,36000
4,4,4.8,50000
4,4,4.8,110000
4,4,4,90000
4,4,4,80000
2,2,4.8,30000
2,2,4.8,30000
2,2,4.8,30000
2,2,4.8,30000
2,2,4.8,30000
2,2,4.8,30000
2,2,4.8,30000
2,2,4.8,30000
2,2,4.8,30000
3,3,8,50000
3,3,6.1,40000
3,3,8,35000
2,2,4.2,20000
3,3,10,40000
0,0,1,100000
1,3,5.6,22000
2,2,8,25000
3,3,10,42000
3,3,1,80000
2,2,3.1,25000
1,1,3.1,25000
0,0,1,55000
0,0,1,120000
0,0,1,42000
0,0,1,57000
0,0,1,125000
3,3,1,80000
5,5,8,120000
5,5,10,130000
3,3,8.4,65000
4,4,11.6,95000
4,3,1,50000
3,5,12,50000
4,4,8,65000
3,3,1,60000
2,2,4.2,45000
3,2,12,37000
3,3,10,20000
3,3,12.4,35000
3,3,1,40000
2,2,1,75000
6,6,1,130000
5,5,12,70000
3,3,12,65000
2,2,12,55000
5,5,10.9,27000000
6,6,14.2,48000000
3,3,5.3,7000000
3,3,10,11500000
4,3,8,6700000
0,10,8,350000000
3,3,5,8500000
4,4,5,8500000
5,5,10,15500000
5,3,4.4,17000000
1,1,1.9,2825000
5,4,5,11000000
2,1,5.6,3900000
2,4,4.6,6000000
3,3,1,45000
3,3,12,80000
3,3,12,55000
2,3,10,25000
2,2,3.8,18000
4,4,8,90000
0,2,5,30000
4,4,1,100000
4,4,1,19200000
4,4,1,20300000
4,4,1,19800000
4,4,1,18700000
4,4,1,21300000
4,4,1,20700000
4,4,1,19300000
4,4,5,11500000
6,5,23,130000000
5,4,10,24000000
5,4,10,27500000
6,5,10,27000000
5,5,10,22500000
3,3,5,8500000
8,5,1,55000000
7,6,1,88000000
6,5,1,100000000
6,5,1,79000000
6,5,1,62500000
4,4,1,21000000
3,3,5,12500000
4,4,1,19700000
5,5,10,18000000
4,4,1,20800000
4,3,5,8500000
4,4,1,18800000
6,6,1,41000000
4,4,1,19500000
5,5,10,27000000
5,5,10,21500000
4,3,5,13500000
4,4,10,20000000
4,3,5,11500000
0,0,3,8700000
5,4,10,21500000
4,4,1,18300000
4,4,1,18200000
4,4,1,18000000
4,4,1,18500000
7,6,7.2,14200000
5,4,10,29000000
6,5,1,39000000
6,5,1,40000000
5,4,11,26000000
4,4,7,21500000
5,4,10,18000000
7,6,10,24000000
4,3,8,15500000
5,4,10,21000000
6,5,10,22500000
6,5,1,36000000
5,4,14,30000000
6,5,1,48500000
6,5,1,42000000
1,3,5,5500000
6,5,10,26500000
6,5,1,46000000
0,3,2,3600000
3,3,5,8500000
3,3,5,8800000
3,3,5,8800000
6,5,1,39500000
6,5,10,23000000
6,5,1,29000000
3,3,3,6900000
0,0,5,12500000
0,0,7,20000000
0,0,10,25000000
0,0,15,40000000
0,0,5,10000000
0,0,7,50000000
0,0,1,67500000
0,0,13,26000000
0,0,10,21500000
0,0,10,21000000
4,3,2,3400000
2,2,2,3600000
2,2,2,3000000
6,5,7,13500000
3,2,5,5500000
4,3,5,10000000
2,2,2,3700000
3,2,5,9000000
2,2,3,5000000
4,3,5,10500000
10,11,41,24600000
0,0,3,2600000
0,0,5,5000000
0,0,3,3800000
0,0,5,6000000
0,0,5,3000000
3,2,3,2475000
3,3,10,42000
3,3,8.9,65000
3,3,8.9,65000
0,0,1.2,100000000
3,3,4.8,6500000
2,2,4,4200000
2,2,4.2,4300000
6,6,1,66000000
2,2,4,8000000
4,4,5.5,30000000
2,2,3.8,9500000
4,4,1.3,86000000
0,0,2,112500000
3,3,10.2,47000000
2,2,2.4,3500000
0,0,3.2,8200000
4,8,5,9000000
2,2,4,4500000
2,2,3.1,3500000
3,3,9.8,11500000
3,3,5.6,7500000
3,3,5.6,7800000
1,1,1.8,2100000
3,3,8,14000000
3,3,8,8000000
2,2,4.2,4000000
1,1,2.2,2300000
3,3,6,5500000
3,3,5.3,7500000
3,3,8,9500000
2,2,3.1,2600000
3,3,5.3,7500000
2,2,4.8,9000000
2,4,4.8,3600000
5,5,3.2,8000000
0,0,19.4,140000000
0,0,6,90000000
4,4,14,25000000
3,3,8,10500000
3,3,8,19500000
3,3,6.1,15500000
4,4,14,20000000
4,4,14,20000000
2,2,4.2,6000000
0,0,7.8,8200000
0,3,6,11500000
7,7,1.8,210000000
6,6,12,80000000
4,4,12,65000000
2,5,3.2,7500000
7,7,9.6,32500000
0,0,16,42500000
0,6,16,45000000
0,6,10.2,40000000
0,6,9.6,45000000
0,0,8,26000000
6,5,10,75000000
4,4,4.8,17000000
3,1,4.6,9000000
3,3,8.9,30000000
3,3,2,140000
3,3,1.2,150000
3,3,6.4,22000
3,3,6.4,22000
6,5,16,125000
3,3,5.6,35000
1,3,5.3,24000
3,3,10.2,125000
2,2,4.4,30000
2,2,4.4,30000
5,5,2,550000
2,2,4.2,40000
2,2,4.2,35000
3,3,5.3,45000
3,3,5.3,50000
3,3,8,80000
2,2,4.2,35000
2,2,5.3,50000
2,2,8,90000
3,3,6.4,75000
3,3,7.8,90000
3,3,8,90000
3,3,9.2,50000
3,3,12,95000
2,2,4,35000
3,4,6,25000
6,5,1,220000
3,3,1,75000
5,5,10,55000
3,3,1,37000
3,3,1,40000
2,2,10,27000
2,2,10,27000
3,3,1,40000
3,3,1,40000
3,3,10.1,25000
3,3,10.1,25000
6,5,1,185000
2,2,1,52000
9,7,1.3,550000
3,2,10,50000
4,3,1,50000
4,3,1,110000
1,2,10,45000
1,2,5,35000
2,2,12,55000
2,2,6.7,30000
3,3,1,75000
2,2,8,42000
2,2,6,35000
1,2,4,20000
2,2,4.4,25000
6,6,1.3,300000
3,3,1,75000
2,1,6,30000
3,3,6,55000
3,3,12,60000
3,3,10,65000
3,3,1,80000
6,7,4.4,80000
3,3,1.1,110000
1,1,2,4000000
6,5,1,45000000
7,6,1,45000000
9,9,1.3,150000000
3,2,5,3500000
5,5,7,14000000
4,4,1,25000000
6,6,16,25000000
6,6,1,25000000
5,5,10,14000000
4,4,5,8000000
4,4,5,7500000
2,2,10,11000000
6,6,1,25000000
5,5,10,17000000
4,4,5,9500000
3,3,1,18000000
2,2,5,7500000
6,6,10,13500000
4,4,6,11500000
4,4,5,8500000
6,6,1,25000000
5,5,10,13500000
6,6,12,22500000
4,4,6,12000000
0,0,10,16500000
6,6,12,16500000
4,4,7,12500000
4,4,7,12500000
4,4,7,11000000
5,5,10,12500000
4,3,5,15000000
8,7,1,140000000
7,6,1,45000000
7,7,1,40000000
2,2,2.9,6000000
0,0,18,300000
0,0,1.1,450000
0,0,1,175000
0,0,1,250000
0,0,1,150000
0,0,18,65000
0,0,1,35000
0,0,13,50000
0,0,10,50000
0,0,1,50000
0,0,7,25000
0,0,10,85000
0,0,1,35000
0,0,5,25000
0,0,5,15000
0,0,8,25000
0,0,5,25000
0,0,7,25000
0,0,3,40000
0,0,1,45000
0,0,1,30000
0,0,1,40000
0,0,13,40000
0,0,5,16000
0,0,5,15000
3,3,12,30000
3,3,12,30000
4,4,5,45000
3,3,10,33000
0,5,1,35000000
0,5,5,10600000
0,5,10,18000000
0,5,10,20000000
0,5,10,20000000
0,3,5,12500000
0,3,5,12500000
0,5,15,25000000
0,5,15,25000000
0,4,8,14000000
0,4,8,14000000
0,6,10,17500000
0,6,10,17500000
0,5,1,30000000
0,5,1,30000000
0,5,1,30000000
0,5,1,35000000
4,3,5,14000000
3,3,5,7500000
0,0,4,50000000
6,5,10,34000000
6,5,1,48500000
7,6,1,35000000
6,5,1,60900000
6,5,1,56000000
3,3,5,13000000
4,4,9,22500000
5,4,10,16500000
4,3,5,9500000
5,4,10,12800000
4,3,5,13000000
6,5,1,41500000
3,3,10,11700000
2,2,4,7200000
4,4,5,14500000
4,4,5,15000000
5,5,1,67500000
5,3,5,14500000
0,3,4,9300000
0,3,5,10500000
5,5,1.2,57500000
5,4,10,21500000
4,3,5,16000000
0,6,1,22500000
0,5,10,15000000
0,5,10,23000000
0,3,3,8000000
6,4,10,26500000
3,3,5,12500000
6,5,1,36000000
5,4,10,23000000
0,3,3.9,250000000
8,7,2,87500000
3,3,5,7500000
0,0,5,9500000
4,4,10,15000000
6,6,12,18000000
2,2,5,5300000
6,5,10,25500000
7,6,1,37500000
6,5,10,24000000
6,5,12,24000000
6,5,14,29000000
0,0,5.3,7703000
0,0,4.2,6195000
0,0,2.4,3452000
0,0,6.3,9145000
0,0,5.3,7703000
0,0,4.2,6195000
0,0,2.4,3452000
0,0,6.3,9145000
0,0,5.3,7703000
0,0,4.2,6195000
0,0,2.4,3452000
0,0,6.3,9145000
0,0,5.3,7703000
0,0,4.2,6195000
0,0,2.4,3452000
0,0,6.3,9145000
2,2,4.4,6500000
0,2,4.2,6000000
0,3,8,14000000
0,3,5,12500000
3,3,6.4,9500000
4,4,8,17000000
2,2,3.8,4500000
0,0,6,6500000
2,2,4.8,6500000
6,6,6.2,30000000
2,2,4.8,5000000
2,2,4.8,6500000
2,2,4.8,6500000
6,6,4.8,19500000
2,2,3.8,4500000
2,2,3.8,4500000
2,2,3.8,4500000
2,2,3.8,4500000
4,4,8.8,33000000
2,2,4.8,5500000
0,3,6.6,11000000
0,3,6.7,11500000
0,3,10.2,11000000
0,2,3.1,3200000
0,4,4.8,15500000
3,3,16,42500000
2,2,2.2,6500000
2,2,3.3,6500000
0,3,5.7,6800000
0,3,5.7,6500000
0,3,5.7,6200000
0,2,4.8,21000000
0,2,3.1,3200000
0,0,8,30500000
6,6,2,145000000
5,5,1,76000000
0,3,9.3,18000000
0,2,3.3,7000000
0,3,9.3,29000000
0,2,4.9,7500000
0,2,3.6,5500000
0,2,4.2,13000000
0,3,5.8,13500000
2,2,3.2,9500000
4,3,9.3,35000000
7,7,1,500000
2,2,9.8,50000
2,2,7,27000
4,3,12,45000
3,3,1,65000
4,3,1,200000
5,4,1.1,300000
6,5,8,65000
7,5,8,70000
5,5,10,55000
2,2,5,20000
3,3,10,28000
4,4,5,40000
2,2,7,24000
4,4,10,50000
2,2,10,25000
3,3,12,30000
6,6,1.3,500000
3,3,1,130000
4,4,1,200000
4,4,1.2,500000
6,5,1,450000
2,2,1,150000
4,3,1,42000
5,5,7,95000
3,3,2.5,85000
4,3,12,37000
4,4,6,19000000
8,7,6,20000000
6,6,5,23000000
4,4,5,16500000
4,4,4,11500000
6,6,7,28000000
4,5,6,17000000
0,0,3.8,22500000
5,5,1,54000000
2,2,3,4500000
6,6,2,250000000
2,2,3,4500000
1,1,1.8,2800000
0,0,5.3,7703000
0,0,4.2,6195000
0,0,2.4,3452000
0,0,6.3,9146000
0,0,6.3,9145000
0,0,2.8,13100000
0,0,3.3,15700000
0,0,5.3,7703000
0,0,4.2,6195000
0,0,2.4,3452000
6,5,10,23000000
5,4,8,75000
6,5,7,75000
3,3,8,21000
4,4,7,45000
4,4,7,45000
4,4,7,45000
4,4,7,45000
3,3,11,55000
3,3,11,60000
4,3,1,60000
2,2,11,25000
6,5,10,65000
5,4,10,25000000
0,5,10.5,20500000
5,3,5,12500000
0,3,5,14000000
0,3,5,12200000
0,3,5,12500000
0,3,5,12000000
0,3,5,13000000
0,3,5,13500000
0,3,5,12500000
0,3,5,13500000
0,3,5,13000000
7,7,1,37000000
3,4,5,12900000
0,5,11,27000000
0,3,5,11500000
0,5,10,22500000
0,5,10,19500000
0,3,10,13500000
0,4,8,15500000
0,5,10,25500000
0,5,10,24000000
0,5,1,35000000
0,3,5.3,12200000
0,3,5,11000000
0,3,5,13000000
0,3,6.5,17000000
0,5,1.2,59000000
0,3,7,14000000
0,4,8,17500000
0,4,8,17500000
0,5,10,16500000
0,5,10,25000000
6,5,5,8600000
2,2,2,2400000
4,3,10,17000000
0,0,10,22000000
5,4,3,6300000
4,3,5,15000000
0,5,10,24000000
0,5,12,26000000
0,5,10,23500000
0,5,1,55000000
0,3,5,12500000
0,5,10,24000000
0,4,8,17000000
0,4,8,18000000
0,3,8,11000000
0,5,10,19000000
0,5,10,15000000
0,5,1,40000000
0,5,10,19000000
0,5,10,17500000
2,2,2,2400000
7,6,15,28000000
1,1,2.8,2250000
7,5,1,80000000
5,5,1,56500000
0,5,10,23000000
6,5,1,55000000
4,3,5,15000000
3,3,3,4500000
3,3,3,4600000
4,3,5,13500000
6,6,1,99000000
6,5,1,42500000
4,5,4,6000000
4,3,3.5,6500000
4,4,3,5500000
4,4,3.5,7500000
3,3,3.5,6500000
3,3,3,5500000
3,3,3,5500000
3,3,3,4200000
0,0,8,22500000
0,0,8,22500000
4,4,3.8,7500000
6,5,1,46000000
6,5,1.1,56500000
5,4,10,17000000
5,4,10,24000000
4,3,5,9000000
5,5,1,57500000
5,5,8,12500000
7,6,1.4,46000000
0,0,4,6700000
6,5,10,22000000
4,4,5,9800000
0,4,10,37500000
6,5,1,46000000
7,5,1,42000000
7,6,1.4,55000000
5,5,1,52500000
7,7,1,55000000
4,4,3,5800000
6,4,1,26000000
6,5,10,20500000
3,5,6,8000000
7,6,2,130000000
7,5,1,42500000
0,4,7,19900000
6,5,5,17500000
3,3,3,8000000
3,3,3,8000000
3,3,3,8000000
2,2,2,6500000
3,3,3,8000000
3,3,3,8000000
3,3,3,8000000
3,3,2.5,6000000
5,5,10,24000000
5,3,7,35000000
5,4,1,28000000
0,5,2,220000000
0,6,10,26000000
7,6,8,22500000
5,4,10,36500000
4,4,1,140000
2,2,4,35000
2,2,4.9,30000
2,2,2.2,27000
4,3,1,160000
0,0,1,350000
6,5,1,230000
3,3,4.4,24000
4,3,1,175000
4,3,1,110000
0,2,4.8,25000
4,4,14.7,300000
0,2,4.2,27000
0,3,9.3,55000
0,3,9.3,45000
0,2,3.6,55000
10,11,12,210000
6,6,1,90000000
2,2,3.3,4500000
4,4,1,82500000
5,5,1,70000000
3,3,1.1,82500000
4,6,4.8,17000000
5,5,1,85000000
5,5,12,57500000
6,6,16,41000000
6,6,12,55000000
2,2,4.4,5000000
4,4,12,50000000
4,4,8,47500000
3,3,7.6,9500000
4,4,10,53500000
2,2,4.8,9000000
4,4,12,52500000
4,4,12,65000000
2,2,4.2,6000000
4,4,17,52500000
0,0,9.6,23000000
0,2,3.3,4200000
0,2,4.2,7800000
0,0,8.4,15600000
0,2,3.3,5800000
0,2,3.3,5600000
0,2,3.3,5600000
0,2,3.3,5600000
0,2,3.3,5600000
0,0,4.8,13000000
0,0,4,7800000
4,4,10,50000000
4,4,12,53500000
3,3,8,19500000
4,3,6.9,22500000
6,6,1,160000000
3,3,5.8,6600000
3,2,2,6000000
2,1,2,7000000
4,4,6.4,10000000
2,2,3.6,4500000
0,2,3.1,6000000
0,1,1.8,4500000
0,3,6.1,17000000
0,4,9.6,17500000
0,2,4.4,9000000
0,2,4.4,9000000
0,0,9.3,30000000
0,2,2.7,6000000
3,3,9.3,16500000
3,3,6.7,12500000
3,3,5,14000000
5,4,12,66000000
2,2,4.2,11000000
3,4,7.1,27500000
3,3,7.1,25000000
4,5,8,27500000
4,5,10,70000000
4,5,9,85000000
4,5,9.8,25000000
3,2,4.2,6500000
0,0,1.2,130000000
0,0,2.3,160000000
6,4,5,16000000
2,2,3.6,6000000
0,0,2.5,250000000
4,4,5,15000000
7,6,1,47500000
3,2,10,27500000
0,0,3.6,450000000
7,7,1,550000
3,3,12,65000
3,3,8,40000
3,3,1.2,75000
3,3,6,45000
3,3,6,45000
2,2,6,16000
2,2,4,21000
2,2,5,22000
4,4,5,50000
2,2,1.3,150000
5,4,1,270000
0,0,5.6,18000
2,2,7.8,60000
1,1,5.6,37000
1,1,5.3,47000
2,2,3.6,36000
2,2,8,40000
2,2,3.1,20000
4,4,1.3,85000
2,2,9.3,50000
3,3,6.7,80000
3,3,1,110000
2,2,7.1,150000
3,3,7,27000
3,3,1,130000
3,3,1,75000
3,2,1,70000
2,2,7.1,145000
3,3,1,85000
1,1,1.8,22000
3,3,1,80000
7,6,6,100000
2,2,7.1,160000
2,2,10,50000
6,6,14.2,150000
3,3,1,95000
1,1,2.4,5000000
0,0,4.2,250000000
2,2,3.6,3600000
6,5,10,23500000
4,3,5,10000000
1,1,1.6,2200000
6,5,7,14500000
7,5,11.5,24000000
6,5,1,48500000
5,4,7,13500000
0,0,2,45000000
6,4,5.5,9800000
3,3,5,15000000
4,4,7.5,50000
3,3,5,35000
5,5,10,60000
3,3,10,35000
3,3,1,50000
4,4,1,60000
1,1,1.8,14000
3,3,10,35000
0,5,10,70000
0,0,10,65000
0,3,10,37000
4,4,10,150000
1,2,3.1,14000
1,3,3.6,16000
1,3,3.6,16000
1,2,3.1,14000
2,2,2.7,23000
1,1,2.9,35000
1,2,5,2300000
4,3,5,14800000
7,6,12,34000000
7,6,1,37500000
0,0,5,9500000
3,2,10,16500000
4,3,5,13000000
4,4,5,12000000
0,0,5,11800000
0,0,15,35000000
5,4,10,19500000
5,4,5,10500000
6,5,1,66000000
3,3,5,8000000
5,5,1,46000000
6,5,10,23500000
6,5,10,27000000
5,5,10,20000000
3,3,7,7200000
6,5,1,66000000
0,6,10,22500000
0,3,7,14000000
0,5,1,48000000
0,7,2,80000000
0,6,1,80000000
0,4,10,19000000
0,3,3.5,6500000
0,4,4,9000000
0,4,12,21000000
0,5,10,20000000
0,4,3,150000000
3,3,12,17000000
4,3,5,13000000
6,5,1,33000000
6,5,1,55000000
5,5,1,39000000
5,5,1,24000000
6,5,5,11500000
6,5,1,49000000
3,3,3,4500000
4,4,10,34500000
0,4,10,19000000
0,4,10,25000000
0,4,1,37500000
6,5,10,24000000
6,5,1,29000000
6,5,1,42500000
3,3,10,13500000
0,0,2,150000000
4,3,5,12000000
8,7,2,62500000
6,5,1,40000000
7,6,1,45000000
7,6,1,60000000
5,5,1,32500000
4,3,5,9000000
4,3,5,11100000
4,3,5,22500000
3,2,2,3350000
4,3,12,25000000
1,1,2.6,4500000
3,2,3,3500000
0,4,10,21000000
4,4,10,35000000
8,6,1,85000000
4,4,3,9000000
7,6,1,99000000
7,6,10,23100000
6,5,10,27000000
4,3,14,65000
1,2,2,10000
0,0,4.8,42000
0,0,8,35000
7,5,1,225000
3,3,4.9,55000
2,1,2,28000
7,6,1,275000
2,2,4.4,19000
8,7,2,150000000
4,4,3.2,6600000
3,3,6.4,10000000
0,0,2.4,3300000
6,6,9.6,32500000
3,3,2.4,9500000
3,3,5.8,7500000
3,3,6.4,10000000
0,3,6.4,10100000
2,2,4,7500000
3,3,2.4,9000000
3,3,5.8,7500000
3,3,7.3,30000000
6,6,1,77500000
2,2,4.4,5500000
3,3,7.6,10700000
2,2,4.9,3500000
3,3,10.7,18800000
3,3,8,4600000
2,2,4.4,7500000
3,4,11.1,6300000
2,3,4.8,18000000
3,3,5.8,6600000
4,4,12,23000000
2,2,4.2,5000000
3,3,5.3,7500000
3,3,10.2,22000000
2,2,4.9,8000000
4,3,10,13000000
3,3,9.6,16500000
4,4,11.1,18200000
3,3,8,13100000
3,3,9,14800000
2,2,4.9,8030000
2,2,6.4,10600000
2,2,5.1,8395000
3,3,8,8395000
2,2,6.4,10400000
3,3,8,13100000
2,2,5.1,8395000
2,2,6.4,10600000
2,2,6.4,10600000
2,2,6.4,10600000
2,2,6.4,10600000
2,2,6.4,10600000
3,3,7.4,12100000
4,4,11.1,18200000
3,3,8,13100000
3,3,9,14800000
2,2,4.9,8030000
2,2,6.4,10600000
2,2,5.1,8395000
3,3,8,8395000
2,2,6.4,10400000
3,3,8,13100000
2,2,5.1,8395000
2,2,6.4,10600000
2,2,6.4,10600000
2,2,6.4,10600000
2,2,6.4,10600000
2,2,6.4,10600000
3,3,7.4,12100000
3,3,4.3,6000000
3,2,4.2,5200000
3,3,8,15000000
3,3,6.1,14500000
4,3,5.3,8000000
3,3,10,11000000
0,2,4.2,6800000
0,3,8,19500000
0,3,7.8,25000000
0,3,7.6,25000000
0,2,4.4,8000000
2,2,4.9,9000000
3,3,6,8000000
5,5,11.6,25000000
2,2,4,3900000
0,2,4.4,6000000
0,0,2,180000000
8,6,1.2,85000000
2,0,3.6,5500000
0,0,5,450000000
8,8,2,200000000
5,5,2.3,250000000
8,7,1.3,180000000
0,0,2.4,130000000
2,3,8,7200000
1,1,2.3,2900000
2,3,8,7200000
8,7,1.1,140000000
5,5,10,47500000
7,6,10,15000000
7,7,14,60000000
5,5,9.3,17000000
2,2,7.8,13500000
0,2,5.6,9500000
0,3,3.6,5500000
4,4,4,17000000
6,5,7,15000000
9,9,1.3,150000000
3,3,10,45000
1,3,6,24000
3,3,8,50000
2,2,7.1,120000
2,2,7.8,50000
3,3,1,100000
3,2,5.6,17000
3,3,12,65000
4,4,1,400000
3,2,6.2,120000
3,3,12,80000
2,2,8,50000
3,3,1.3,85000
3,3,12,75000
4,3,1,73000
3,3,12,65000
2,2,12.4,200000
2,2,5.8,35000
1,2,3.6,20000
1,2,4.4,27000
0,7,10,38500000
6,6,13,20000000
5,4,10,24000000
2,2,5.5,5500000
3,3,8,30500000
6,6,8,36500000
3,4,8,35000000
6,5,10,25000000
5,5,5,9500000
3,2,5.8,15000000
6,5,10,23500000
4,4,5,11000000
6,5,7,14500000
0,0,11,27000000
0,4,1.5,2700000
2,2,5,2500000
0,4,5,14000000
0,0,1.5,5500000
0,4,5,6000000
0,2,5,6500000
2,2,4,16000
2,2,4,16000
6,6,1,150000
2,2,8,22000
3,3,8,27000
2,2,3.3,22000
2,2,4.9,70000
2,2,3.3,21000
5,5,7,45000
5,4,10,26000
3,3,8,39000
3,3,8,38500
3,3,8,38000
3,3,8,47000
3,3,8,43500
3,3,8,45000
3,3,8,44500
3,3,8,44000
3,3,8,43500
3,3,8,43000
3,3,8,42500
3,3,8,42000
3,3,8,41500
3,3,8,41000
3,3,8,40500
3,3,8,40000
3,3,8,39500
3,3,8,39000
2,2,6,22000
6,5,10,23500000
4,3,5,10000000
0,3,3.5,6500000
0,3,3.5,6500000
0,3,3.5,6500000
0,6,5,8000000
0,3,4,7500000
0,3,5,12000000
0,4,6,13000000
0,3,6,9000000
0,3,3,7500000
0,3,5,12000000
0,0,12,13000000
0,5,10,25000000
0,3,3,7500000
0,5,5,16000000
0,3,3,8000000
0,0,3.5,6000000
4,6,5,11000000
6,5,1,75000000
0,2,8,12000000
0,0,1,36000000
1,1,2,4000000
4,4,10,11000000
3,3,11,13200000
6,5,1.1,42500000
5,5,10,33000000
3,3,6,9000000
6,5,10,22000000
2,2,3,2290000
0,0,3,4000000
0,2,5,11000000
0,5,10,26000000
0,5,10,27000000
0,5,10,30000000
0,5,10,31000000
0,5,10,28000000
0,6,1,40000000
0,0,3,3500000
5,4,9,18000000
6,5,10,42500000
6,5,2,63000000
3,3,3,6500000
4,5,10,25000000
2,2,5,7000000
5,5,10,19000000
4,4,6,10500000
2,2,5,6700000
5,4,10,34000000
4,4,6,12500000
6,4,5,12400000
5,6,5,8000000
6,5,1,78000000
5,4,10,31500000
0,3,5,7500000
5,5,10,19000000
0,4,5,12000000
10,4,2.1,62500000
2,2,3,4500000
3,6,3.5,15000000
5,5,10,21500000
8,7,2,95000000
6,5,1,42500000
3,3,3.5,8700000
6,5,1,55000000
4,4,5,12600000
3,3,5.8,36000
8,8,16,130000
2,2,4.4,55000
3,3,6.2,50000
2,2,4.2,35000
3,3,7.3,80000
8,6,1.2,380000
2,1,2,25000
3,3,1,70000
4,3,14.4,185000
3,3,9.6,42000
2,2,4.2,35000
3,3,1,120000
3,5,9.3,7500000
2,2,4.4,5000000
3,3,5,14000000
2,4,3.2,7000000
4,6,3.2,7500000
6,6,12,57500000
3,4,5.3,7500000
2,2,3.2,5000000
2,3,4.8,7000000
3,3,6.7,23500000
4,4,12.4,52500000
2,2,4.9,9500000
2,2,4.7,7000000
2,2,4.7,7000000
0,0,4.7,7000000
2,2,4.4,7000000
6,6,8,25000000
3,2,4.7,7000000
0,0,1.2,150000000
5,5,1.2,110000000
2,2,4,5000000
3,3,9.6,27500000
3,2,4.7,7000000
3,3,8,15000000
6,6,15.2,40000000
2,2,4.2,6000000
2,3,2.6,4500000
1,1,6.5,27500000
2,2,1.8,3600000
2,2,4.4,6200000
3,2,4.8,8500000
9,9,14,41500000
4,4,4.4,16000000
4,6,4.8,14000000
6,6,8.6,28000000
3,5,3,14000000
2,2,3.3,7000000
5,4,4.8,17500000
5,4,4.8,15500000
3,3,6,6500000
4,4,5.3,4000000
2,2,2.7,4500000
2,2,4,7000000
2,2,3.1,4500000
2,2,4,7000000
2,2,2.9,2500000
3,3,7.6,16000000
3,3,6,15000000
6,6,8,52500000
3,3,7.6,14000000
4,4,8,15000000
6,5,14,190000000
6,5,14,155000000
5,6,9.6,26000000
5,4,14,16000000
6,5,10.9,30000000
6,5,1,38000000
4,3,8,19500000
4,3,8,11500000
3,2,4.9,6500000
5,6,10,85000000
2,2,5,6000000
2,2,4,6000000
5,6,2,140000000
3,3,6.4,15000000
3,3,5.6,10000000
2,4,4,4500000
0,0,9.6,80000000
2,2,3.6,3600000
6,6,10,37500000
2,2,5.2,6000000
4,4,1.8,130000000
2,2,4,5300000
0,0,5,42000000
2,2,5.9,8000000
6,6,10,18500000
3,3,10,13000000
2,2,5,7500000
2,2,8,10000000
6,6,1,25000000
0,0,1,30000000
2,2,3.6,16000
2,2,3,55000
3,2,10.2,52000
4,3,10.2,43000
5,5,3.2,400000
2,2,7,40000
5,5,13.3,130000
0,1,2,700000
6,5,1.3,350000
10,9,1.8,650000
9,9,15.9,175000
3,3,1,80000
2,2,3.8,16000
1,1,2.7,36000
5,3,1,50000
1,1,2.9,36000
7,5,1.3,350000
5,5,1,225000
1,1,10,15000
2,2,2,25000
2,2,4.4,26000
3,3,3.1,25000
2,2,14.2,40000
3,3,7,25000
2,2,6.7,85000
2,2,5,35000
2,2,9.3,25000
2,2,6,25000
3,3,10,32000
4,4,1,50000
3,3,10,28000
2,2,8,25000
2,2,8,23000
5,5,6,13500000
3,3,6,9500000
7,7,12,24000000
4,4,7,14000000
7,7,12,30000000
4,4,10,13000000
5,5,12,19000000
6,6,10,15500000
2,2,5,8000000
4,4,9.3,19000000
0,0,1,36000000
5,5,12.1,18000000
5,3,4.4,15000000
5,4,6,11000000
10,6,2,150000000
2,2,7,8500000
6,6,1,35000000
3,4,3,4250000
5,5,10.1,13500000
0,0,4,16000000
0,0,4,19500000
0,0,1.2,100000000
0,0,5,22500000
0,0,4,19000000
3,3,5,12000000
2,4,2.5,6000000
3,3,5,7000000
0,2,2.5,3500000
0,2,5,3000000
0,2,5,3800000
0,0,5,12500000
0,7,4.5,7500000
0,0,5,3450000
0,0,5,3500000
0,0,6,9500000
0,0,6,9500000
0,0,6,16000000
0,0,3.5,3800000
0,0,3.5,4000000
0,0,5,16500000
0,0,5,9500000
0,0,6,10000000
0,0,3.5,3900000
0,0,3.5,4100000
0,0,5,13000000
1,1,2.5,4000000
6,6,10,22500000
4,3,10,19000000
3,3,4,6500000
4,4,4,6000000
3,2,6,8000000
3,4,12,22500000
1,2,3.6,3400000
6,5,10,24000000
0,0,5,5500000
3,3,5,10500000
6,6,12,24000000
6,6,12,25000000
6,6,12,25000000
3,3,5,40000
4,4,7,70000
2,2,7,22000
2,2,6,25000
4,4,10,45000
3,3,5,15000
3,3,10,35000
6,5,7,18000000
5,5,18,60000000
4,3,4,7200000
5,5,10,23000000
2,3,5,7500000
3,3,5,11000000
3,3,5,11000000
3,3,5,11500000
7,6,8,20000000
3,3,5,11000000
3,3,5,11000000
3,3,5,11000000
3,3,5,11000000
3,3,5,11000000
3,3,5,11500000
3,3,5,11000000
3,3,5,11000000
3,3,3,5500000
3,3,3,8000000
3,3,4,9000000
4,4,6,12500000
4,4,5,9000000
4,4,7,15000000
3,3,4,7500000
3,3,3,6000000
3,3,3.2,8000000
5,5,5,14500000
5,5,6,20000000
3,3,2,5000000
2,2,2.8,2800000
3,3,5,9500000
1,1,1.8,2000000
5,5,10,16000000
3,3,5,11000000
3,3,5,9000000
3,3,5,7500000
3,3,5,9000000
4,4,10,16000000
3,3,6,13000000
3,3,5,12500000
3,3,5,12500000
3,3,6,13000000
3,3,1,25000000
3,2,7,25000000
3,3,3,6000000
3,3,3,5700000
3,3,3,5700000
3,3,3,5800000
3,3,5,12600000
3,3,5,12500000
3,3,5,12200000
3,3,4,7600000
3,3,5,12100000
3,3,5,11900000
3,3,5,11500000
4,4,12,16000000
3,3,5,12300000
3,3,5,13300000
5,5,6,11000000
3,3,5,12000000
3,3,5,13700000
3,3,10,13500000
3,3,5,13500000
3,3,10,12000000
3,3,5,13000000
3,3,5,13500000
3,3,10,21500000
5,5,10,20000000
3,3,5,14000000
3,3,10,21000000
3,3,5,14500000
3,3,5,14200000
3,3,5,13000000
3,3,5,13800000
3,3,5,13500000
3,3,5,14000000
4,4,5,14500000
4,3,1,125000
3,3,8,50000
4,4,10.7,110000
0,0,8,65000
2,2,4.8,22000
3,3,6.4,50000
2,2,4,17000
3,3,6,35000
2,2,4.4,50000
3,3,12,50000
3,2,5.3,55000
4,3,6,40000
5,4,8,50000
3,3,7.1,55000
4,4,6.4,75000
4,4,7.8,80000
3,3,1,100000
5,4,13.3,90000
3,3,8,19000000
3,3,6.1,14700000
2,3,3,2950000
3,3,8,14300000
3,3,8,13500000
3,3,8,14000000
3,3,8,13000000
3,3,5,11500000
3,3,5,8500000
3,3,9.4,9500000
6,10,3.2,9500000
3,4,8,13200000
7,5,3.6,16000000
3,3,5,8700000
8,5,1,38400000
6,5,9.3,9800000
6,5,8,11500000
6,5,8,14000000
4,4,4,14000000
6,5,4.8,14500000
0,0,4,20000000
0,0,4,20000000
0,0,7.8,35000000
0,0,5.8,26500000
0,0,5.8,24000000
0,0,5.8,27500000
0,0,5.8,27500000
0,0,5.8,27500000
0,0,5.8,27500000
0,0,5.8,25500000
0,0,6,25500000
0,0,5.8,25000000
0,0,5.8,27500000
0,0,6.7,38500000
0,0,7.1,38500000
0,0,4.9,26500000
0,0,7.8,30000000
0,0,6,17000000
0,0,5.5,38000000
0,0,12,70000000
6,6,9.6,25000000
2,2,4.8,11000000
2,2,4.7,9500000
0,0,4,18000000
0,0,4,17000000
5,5,8,14500000
7,6,1,37500000
0,0,6,13500000
0,0,6,9500000
0,0,12,24000000
0,0,12,30000000
0,0,7,14000000
4,4,8,13500000
7,6,14.2,25500000
0,5,9.3,17500000
5,5,5,11500000
6,5,8,14500000
2,2,3.6,2998000
2,2,1,56000
2,2,7,25000
2,2,5,20000
3,3,12,28000
4,4,5,40000
4,4,5,40000
3,4,10,28000
2,2,7,33000
2,2,5,18000
2,2,5,20000
3,3,1.2,42000
3,3,1.2,42000
3,3,14,35000
3,3,14,35000
2,2,8,26000
2,2,8,26000
3,3,14.2,35000
2,2,8,25000
2,2,8,25000
2,2,8,25000
7,7,14,95000
5,5,8,60000
7,7,14,95000
5,5,8,60000
7,7,1.1,115000
5,5,10.1,50000
7,7,1.1,115000
0,0,8,70000
0,0,10.9,90000
2,2,8,28000
2,2,8,28000
4,4,1.2,55000
4,4,1.2,55000
3,3,14,35000
3,3,14,35000
0,0,6,25000
0,0,10,32000
0,0,10,28000
0,0,1,50000
0,0,8,25000
0,0,8,23000
0,0,1,56000
0,0,7,25000
0,0,5,20000
0,0,12,28000
5,5,8,50000
3,3,1,85000
3,3,1,70000
3,3,1,100000
2,2,8,50000
2,2,8,45000
2,2,8,40000
2,2,7,60000
2,2,7,50000
3,3,1,95000
3,3,7,55000
3,3,1,75000
3,3,1,85000
2,2,6.2,55000
3,3,8.4,70000
2,2,6.2,50000
3,3,6.2,45000
2,2,5.6,50000
3,3,8.4,75000
2,2,4.9,60000
2,2,5.3,45000
2,2,5.3,50000
2,2,5.3,55000
3,3,6.2,60000
4,4,4.4,50000
0,0,5,24000
0,0,5,23000
3,3,11.8,20000000
8,7,1,29500000
2,2,5.8,13600000
0,0,2.5,2800000
4,3,4,7000000
7,6,11,19000000
0,0,2,5500000
3,3,7,5000000
0,0,11,30000000
0,0,10,22500000
4,7,4,7500000
4,4,5,9000000
0,0,1,15000000
6,6,11,25000000
6,6,11,25000000
0,0,2,8000000
0,0,5,15000000
0,0,6,9000000
0,0,5,5000000
0,0,5,5100000
0,0,3,2400000
0,0,3,2500000
0,0,5,8000000
0,0,9,7000000
0,0,10,27000
0,0,7.2,45000
0,0,12,38000
0,0,12,18000
2,2,5,22000
3,3,10,30000
0,6,12.4,80000
6,6,12,85000
6,6,12,80000
5,5,1,47500000
6,6,2,180000000
5,5,2,105000000
5,5,1,65000000
6,6,2,180000000
5,5,1,65000000
5,5,1,62500000
6,5,1,65000000
6,5,1,62500000
6,5,1,65000000
6,5,1,65000000
4,4,4,15000000
6,5,1,47500000
6,5,2,120000000
6,5,2,90000000
6,5,2,120000000
2,3,5,8800000
3,4,10,21000000
2,3,5,9000000
3,4,10,20000000
2,3,5,8200000
5,5,5,14000000
5,5,5,13000000
5,5,10,21000000
3,3,5,14000000
5,5,10,25000000
3,3,5,15000000
5,5,10,23000000
2,3,5,8400000
3,3,5,6500000
3,3,4,7000000
3,3,4,7000000
3,3,4,6800000
3,3,4,7200000
2,2,3,4000000
5,4,5,11800000
5,5,1,35000000
3,4,10,21500000
3,3,2,6000000
4,3,5,10900000
4,4,5,12000000
7,6,1,36000000
4,4,8,19000000
6,5,10,27500000
6,5,1,56000000
7,6,1,79000000
6,5,10,26500000
6,5,1,49000000
6,7,7,17500000
2,2,3,3000000
2,2,6,3000000
2,3,4.4,30000
6,5,1.3,400000
6,6,16,120000
3,3,9.6,45000
0,0,2,250000
0,0,2,350000
3,3,5,13500000
3,3,5,13500000
3,3,5,13500000
3,3,5,13500000
3,3,5,13500000
0,6,9.6,31000000
0,4,4.8,22500000
0,4,5.3,24000000
0,6,9.6,32000000
0,6,9.6,31000000
0,5,8,32000000
0,4,8,24500000
0,7,16,49000000
0,6,16,50000000
0,6,9.6,28000000
0,8,16,55000000
0,6,9.6,32500000
0,2,2.9,2300000
0,3,5.6,6000000
0,3,6,10000000
0,3,8,27500000
0,3,4.4,12500000
0,2,2.9,3300000
0,2,3.6,3800000
0,3,6.2,6000000
0,3,10.4,17000000
0,3,10.4,16000000
0,3,9.6,13000000
0,3,10.4,16500000
0,3,4,7000000
0,3,4.4,6200000
0,3,9.6,28000000
0,3,9.6,22000000
0,3,4.8,12200000
0,3,9.6,23500000
0,2,2.9,3100000
0,5,4.8,11000000
0,3,9.6,20500000
0,6,9.6,25000000
0,2,3,3000000
0,3,5.4,8500000
0,6,4.8,17500000
0,6,9.6,31500000
0,6,9.6,31000000
0,3,9.6,21000000
0,3,4.4,6000000
0,2,3.6,4000000
0,3,5.4,8000000
0,3,5.4,8500000
0,3,5.4,9000000
2,2,3.3,5500000
3,3,8,13000000
2,2,4.2,5600000
2,2,4.2,5200000
3,3,8,6000000
3,3,8,6200000
2,2,3.6,4000000
3,3,4.2,4600000
2,2,3.1,3600000
8,7,9.6,18000000
2,2,4,9000000
8,7,6.4,15000000
2,2,2.2,5500000
2,2,2.2,5700000
3,3,4.2,8500000
3,3,8.9,30000000
6,6,1,130000000
3,3,5.3,9500000
2,2,3.8,6300000
2,2,5.1,5625000
2,2,5.1,5600000
2,2,5.1,6700000
2,2,5.1,6725000
3,3,8,6500000
3,3,8,6525000
0,0,4.8,5000000
0,0,2.4,4000000
0,0,2.9,4200000
0,0,4.8,14000000
0,0,9.6,27500000
0,0,4.8,14500000
0,0,4.8,5500000
0,0,2.4,4000000
0,0,2.4,4000000
0,0,4.8,14000000
3,3,6.2,16000000
3,3,7.6,22000000
2,2,4.2,10500000
2,2,4.2,12500000
8,7,1,29900000
8,7,1,29700000
6,5,14,42500000
8,7,1,29800000
8,7,1,30000000
7,6,14,22000000
2,2,6,14200000
7,6,14,22200000
7,6,14,22600000
7,6,14,22000000
7,6,14,22500000
7,6,12,18500000
7,6,12,18200000
7,6,12,17800000
7,6,12,17500000
7,6,12,18000000
7,6,8,14400000
7,6,8,14100000
7,6,8,14600000
3,3,7.6,14000000
3,3,7.6,14000000
7,6,8,14200000
2,2,7.2,16400000
7,6,10.9,36000000
7,6,8,14500000
5,5,1,92500000
6,5,8,16500000
2,2,7.5,18000000
7,6,14.2,25500000
5,5,8,13500000
5,4,4.4,16000000
6,5,8,14500000
2,2,3.6,16000
0,0,1,40000
4,3,10.7,28000
0,0,3.6,16000
0,0,3.6,16000
0,0,4.9,21000
0,0,4.9,22000
0,0,3.6,16000
0,0,6.7,26000
0,0,6.7,30000
3,3,12,65000
3,3,5.3,22000
3,3,12,60000
3,3,12,75000
3,3,12,65000
3,3,12,65000
2,2,6.2,50000
3,3,12,65000
2,2,6.7,52000
2,2,6.7,54000
4,3,6.7,30000
2,2,6.7,55000
2,2,6.7,56000
2,2,7.1,58000
2,2,6.2,48000
2,2,6.2,54000
3,3,10,75000
3,3,10,80000
3,3,9.3,85000
3,3,9.8,90000
3,3,9.8,95000
4,4,11.6,110000
4,4,11.6,98000
4,4,8.7,85000
4,4,11.6,114000
2,2,6.2,60000
3,3,8.7,72000
2,2,6.9,58000
5,5,1,75000
5,5,1,85000
4,4,1,90000
6,6,1,105000
6,7,1.1,110000
6,6,1.1,180000
6,6,1,185000
5,5,1.1,140000
5,5,1,135000
6,6,1,140000
3,3,1,75000
4,4,11.6,118000
3,3,12,70000
6,6,1,78000
6,6,1,80000
4,4,13.3,75000
4,4,1,92000
3,3,10,55000
3,3,12,75000
2,2,4.4,25000
0,2,3,12000
0,2,5,18000
0,2,5,20000
0,2,0.4,12000
2,4,4.6,6000000
3,3,12.7,21000000
0,0,1,40000000
0,0,1.1,60000000
0,0,1,42500000
5,4,10,14000000
5,4,6,11000000
0,0,6,12500000
2,2,4,2800000
2,2,3,3200000
2,2,3,3000000
3,2,5,4300000
2,2,5,5000000
3,3,4,4500000
0,0,3.5,20000
0,0,5,10000
0,0,2.5,22000
0,0,2.5,15000
0,0,5,17000
0,0,2.5,8000
0,0,2.5,18000
0,0,5,27000
0,0,7,17500
7,6,1,45500000
0,0,1.2,55000000
5,3,5,14000000
5,5,1,27500000
6,5,10,22000000
6,5,10,32000000
4,3,5,8000000
0,0,10,25500000
3,3,2,4000000
3,3,1,2600000
6,5,1,61000000
8,6,1,33500000
4,4,4,9000000
4,4,4,9000000
3,3,5,8200000
3,3,10,1400000
2,3,3,4500000
6,5,12,24500000
6,5,1,55000000
0,3,10,12000000
0,3,10,21000000
0,5,17,41000000
6,5,1,55000000
6,6,10,17000000
5,5,10,37000000
6,5,1,47500000
4,4,10,17000000
4,4,10,10000000
4,4,10,10000000
4,4,10,10000000
3,3,5,6500000
4,4,10,17000000
4,4,10,10000000
4,4,10,10000000
4,4,10,10000000
3,3,5,6500000
6,5,1,48500000
5,4,10,36500000
6,5,1,43000000
2,2,1,95000
2,2,4,30000
4,4,11.6,100000
3,3,9.8,80000
6,2,4.4,32000
2,2,4.8,19000
2,2,4.8,22000
3,3,11.2,45000
0,0,16,225000
0,0,3.8,20000
2,2,4.2,35000
2,2,4.2,35000
2,2,4.2,35000
0,0,16,26000000
6,6,1.2,160000000
6,6,1,155000000
6,6,1,110000000
2,2,4,7500000
6,6,12,39000000
6,6,12,39000000
2,2,4.4,3800000
0,0,3.2,8600000
0,0,3.2,6500000
0,0,3.2,5500000
3,3,5.6,7500000
7,6,1,130000000
6,6,9.6,28500000
3,3,6,11000000
3,3,9.6,13500000
2,2,2.2,6400000
2,2,2.2,6700000
4,4,14,45000000
5,5,4,11500000
2,2,2.2,6800000
4,4,4.8,14500000
5,5,1,105000000
3,3,5,5500000
4,4,14,17500000
3,3,8,6400000
3,3,8,9500000
2,2,4.2,6400000
3,3,10,13500000
3,3,10,13600000
3,3,8,14500000
3,3,8,19500000
3,3,8,36000000
5,4,4.8,42500000
0,0,4.8,13000000
0,0,16.9,100000000
4,4,5,4400000
3,3,8,20000000
5,10,4,7500000
2,2,4.2,9500000
3,3,8,35000000
5,8,3.2,9200000
4,4,10.7,46000000
4,3,7.8,14800000
2,2,4.7,8000000
3,3,5.6,8400000
3,3,5.6,7800000
2,2,4.2,9500000
3,3,5.6,8000000
2,2,4.7,7000000
0,6,1,140000000
4,4,12.4,58000000
4,4,12.4,61000000
3,3,8,6400000
0,0,4.8,16000000
0,0,4.8,6200000
0,0,4.8,6500000
0,0,4.8,6500000
0,0,4.8,6500000
0,0,4.8,6500000
0,0,4.8,13500000
0,0,4.8,7000000
0,0,4.8,14000000
0,0,4.8,14000000
0,0,1.6,2400000
0,0,1.6,2400000
0,0,2.4,3500000
0,0,2.4,3500000
3,3,8.9,52500000
3,3,9.3,46000000
3,3,8,32500000
3,5,2.6,8000000
5,4,1,85000000
5,4,4.4,16500000
2,2,2.9,6000000
6,5,8,26000000
1,1,3.8,20500000
5,4,4.4,17000000
6,4,8,13500000
8,5,2.6,45000000
4,4,2.9,5500000
4,4,5,11000000
1,2,4,9300000
0,4,10,13000000
0,0,14.2,19000000
0,6,10,15500000
0,0,5,8000000
0,4,9.3,19000000
0,8,1,36000000
3,3,10.2,30000000
5,5,1,85000000
0,0,2.4,200000000
8,8,2.5,180000000
7,7,2,130000000
6,5,1,45000000
5,4,9.3,17500000
4,4,4,15500000
6,4,5,9500000
5,5,5.5,15500000
3,3,12,58000
5,5,1,65000
3,3,10,32000
5,5,1,500000
3,3,12,60000
0,0,7,34000
3,3,10,60000
0,0,10,48000
3,3,10,60000
5,5,1.5,175000
2,2,4.4,25000
3,2,10,60000
4,4,1.5,150000
0,0,1,35000
3,3,10,60000
0,0,4,45000
0,0,1,125000
0,0,1,35000
7,6,2,800000
3,3,1,85000
0,0,1,70000
0,0,1,35000
3,3,12,65000
0,0,1,65000
2,2,8.4,43000
0,0,1,65000
3,3,10,75000
5,5,1,100000
3,3,10,60000
0,0,1,55000
3,3,1,90000
2,2,8.4,50000
3,3,10,55000
4,2,12.7,65000
5,5,1,300000
0,1,4.4,25000
0,0,12,55000
7,7,1.1,350000
0,0,12,58000
7,7,1.3,400000
0,0,7,23000
0,0,4,28000
5,5,1,350000
0,0,4,22000
0,0,4,23000
6,5,1,500000
3,3,6.7,22000
5,5,5,500000
0,0,8.7,13000000
3,3,5,12500000
3,3,5,11500000
4,4,7,18000000
3,7,3,12500000
4,3,6,7200000
3,2,5,5500000
0,4,5,15000000
5,4,5,11500000
5,4,5,11000000
6,6,1.1,42500000
4,4,6,12000000
5,4,5,11500000
5,4,5,11000000
0,4,4.5,9000000
8,6,8,14000000
6,4,7,15000000
4,4,5,10000000
6,4,6,10000000
5,5,5,9000000
4,3,5,10000000
5,5,5,9000000
5,5,7,14000000
5,5,6,9500000
5,5,5,8800000
5,5,5,8000000
3,3,5,4800000
0,2,5,4800000
8,5,2.6,45000000
5,5,10,16000000
5,4,5,9300000
2,2,3,2800000
1,2,3.5,2400000
0,0,5,35000
0,0,3,22000
0,0,5,32000
0,0,7,28000
0,0,5,30000
0,0,3,22000
4,3,11,30000
4,3,15,45000
0,4,15,100000
3,3,6,32000
2,2,5,22000
5,5,7,45000
4,4,1,60000
3,3,7,35000
2,2,7,24000
2,2,3,7200000
5,4,7,14000000
0,3,5,14500000
0,5,10,24500000
0,5,10,21500000
0,5,5,15800000
0,5,12,27000000
3,3,1,27000000
7,5,10,18800000
6,5,1,36000000
7,5,5,16000000
3,3,1,22500000
1,1,2.3,3600000
2,3,2,3800000
4,4,7.5,20000000
6,5,10,24500000
6,5,1,32500000
6,5,10,25000000
0,0,5,10000000
9,8,3,395000000
0,1,3,3800000
2,2,3,2950000
3,3,3,2290000
0,3,6,12800000
0,3,10,23000000
3,3,3,2290000
0,0,9,31500000
0,0,10,18500000
0,5,10,22000000
2,2,5,6700000
0,3,5,14500000
4,3,3,8200000
4,4,1,36500000
0,3,5,9000000
6,5,1,37000000
6,5,10,27500000
0,4,10,25500000
0,5,10,13500000
0,3,3,12000000
0,3,6,13000000
0,4,7,15000000
6,6,10,15000000
0,2,3.5,3500000
0,5,3,11000000
0,4,4,12000000
0,4,4,9000000
4,4,10,39500000
4,4,10,41500000
2,2,4.8,21000
3,3,9.6,55000
3,3,9.6,55000
3,3,8.9,125000
4,4,1,140000
4,3,8.9,125000
3,3,6.4,17000000
2,2,4.2,5350000
4,5,2,135000000
3,3,1.2,45000000
3,3,9.6,23500000
5,4,4.8,13500000
6,6,16,35000000
7,6,8,20000000
4,3,9.6,16000000
7,6,8,20000000
6,6,4.8,32500000
3,3,16,24000000
3,3,8,20000000
3,3,8.9,27500000
4,4,10,30000000
3,4,12,26000000
5,5,10,80000000
3,4,6.4,13500000
4,5,8,26000000
3,4,6.4,13500000
6,6,16,120000000
8,7,12,90000000
4,4,11.2,32500000
3,3,7.1,26500000
2,2,3.6,4000000
4,4,12,35000000
6,6,1,135000000
3,3,9,32500000
4,4,4.8,13500000
0,3,5.8,7000000
3,3,4.8,6500000
3,2,4.9,9900000
0,0,1,112500000
4,4,4.8,22500000
3,3,8,20000000
3,3,8,21000000
3,3,8,20000000
3,3,6.1,13500000
3,3,6,14500000
3,3,8,13500000
3,3,8,14000000
3,3,8,15000000
3,3,8,14500000
3,3,5,8500000
3,3,5,9200000
3,3,5,10500000
3,3,5,11500000
3,3,8,13000000
3,3,8,9500000
3,3,8,14000000
3,3,8,11500000
3,3,8,9000000
3,3,8,10500000
4,4,14,17000000
4,4,14,16000000
3,3,9.3,15000000
7,6,10,16000000
4,4,5.6,12500000
8,6,14.2,32000000
2,2,5.3,7500000
6,6,1,44000000
7,7,1,85000000
4,4,1,105000000
6,6,5,12500000
9,9,1.2,105000000
5,5,6.7,13500000
6,5,1,36000000
5,5,10,45000000
4,0,10,50100000
6,6,14.2,22000000
6,5,10,16000000
2,2,4.9,8500000
0,0,2,4725000
6,5,2,850000
2,2,4,28000
7,2,5,25000
1,1,4,32000
8,7,2,600000
6,2,5,25000
8,7,5.6,350000
8,8,2,700000
3,3,5.8,45000
5,5,1.3,65000
3,3,5.8,55000
7,7,1,280000
3,4,1.3,45000
4,3,1,80000
2,2,6.8,35000
4,3,1,70000
4,4,10,85000
6,6,2,300000
3,3,13,65000
2,2,2.5,3000000
3,5,1,60000000
0,1,4,4800000
0,3,4.7,5500000
0,2,7.1,16000000
5,5,7,14000000
7,6,10,24000000
6,4,8,16000000
2,1,2.5,2800000
8,8,10,25000000
4,4,10,26500000
4,4,5,9000000
4,4,5,9000000
3,4,3,25000
0,2,4.4,28000
6,7,1,150000
3,3,7,34000
2,2,7,21000
4,3,10,25000
3,3,11,35000
0,0,10,25000
0,0,10,28000
0,0,6,17000
0,0,10,25000
0,4,10,11000000
0,3,5,5000000
0,3,3,5000000
0,2,2,3100000
6,5,1,72500000
6,5,1,33000000
6,5,1,37000000
4,4,3,6900000
6,5,1,47000000
6,5,1,40000000
0,3,4,7000000
0,4,5,12000000
4,3,5,14000000
6,5,1,39900000
0,3,3,5500000
0,3,5,9500000
7,5,1,27000000
3,2,5,6000000
4,3,5,16500000
6,5,1,53000000
0,0,40,150000000
6,5,10,19500000
0,0,32,100000000
7,5,1,38000000
0,2,14,40000000
0,6,1,37000000
0,5,10,35000000
0,5,1,55000000
6,6,1.2,42500000
0,5,1,61000000
5,4,5,9500000
6,6,9.6,40000000
1,1,2.4,3000000
2,2,4,4500000
2,2,4,4500000
2,2,4,4500000
2,2,4,4500000
2,2,3.8,2750000
2,2,4,4500000
2,2,4,4300000
2,2,4,4300000
2,2,4,4300000
2,2,4,4300000
2,2,4,4300000
2,2,3.3,2800000
2,2,3.3,2800000
2,2,3.3,2800000
2,2,3.3,2800000
2,2,3.3,2800000
1,1,2,2100000
1,1,2,2100000
1,1,2,2100000
1,1,2,2100000
1,1,2,2100000
2,2,4.2,7200000
1,1,2.4,3000000
4,4,4.8,11000000
7,6,1,75000000
3,3,8,17500000
6,6,8,45000000
2,2,6.2,5700000
2,2,6,13800000
2,2,4.2,14000000
7,6,1.2,185000000
3,3,5.6,9000000
3,2,4,15000000
7,6,1,155000000
6,6,1,115000000
6,6,1,100000000
4,3,8.9,26000000
6,6,10.4,43000000
6,6,18.4,58500000
6,6,1,115000000
5,5,4.8,6500000
6,6,18.4,58500000
7,6,1.3,185000000
2,2,6.4,10000000
2,2,4,4200000
3,3,9.3,16500000
6,6,18.4,58500000
2,2,1,85000
4,5,9.6,35000
0,2,4.2,35000
3,3,16,45000
3,3,6.4,30000
3,3,1.2,145000
3,3,8,65000
6,6,1,200000
2,2,4.2,17000
5,4,13.2,200000
6,6,1,290000
0,3,8.9,35000
0,4,9.6,45000
0,2,4.8,26000
0,2,3.1,17000
2,2,4.8,22000
2,2,4.2,32000
2,2,4.7,40000
2,2,2,24000
4,3,1.6,85000
4,4,1,165000
4,4,10,325000
4,4,1,325000
0,0,5.3,32000
0,0,3.8,25000
4,4,1,325000
4,4,10,325000
2,2,4.2,45000
3,3,8,18000000
2,2,3.3,2600000
2,2,2.9,7000000
7,6,1.2,155000000
0,0,7.1,7500000
2,2,3.1,2800000
2,2,3.1,2800000
2,2,3.1,2800000
2,2,3.1,2800000
2,2,3.1,2800000
2,2,3.1,2800000
2,2,3.1,2800000
2,2,3.1,2800000
2,2,3.1,2800000
2,2,3.1,2800000
2,2,3.1,2800000
2,2,3.1,2800000
2,2,3.1,2800000
2,2,3.1,2800000
2,2,3.1,2800000
2,2,3.1,2800000
2,2,3.1,2800000
2,2,3.1,2800000
2,2,3.1,2800000
2,2,2.4,2500000
2,2,2.4,2500000
0,0,8,26000000
0,0,8,21500000
0,0,1.1,70000000
0,0,2,95000000
4,4,10,38000000
6,4,7,7500000
4,3,5,11000000
7,6,1,57500000
6,5,10,41000000
0,0,8,27000000
5,5,1,44500000
6,6,12,22500000
0,0,19,35000000
5,5,10,45000000
5,5,14,120000
1,1,4.8,20000
2,2,7.3,60000
3,3,1,65000
3,3,1,105000
1,1,5,35000
3,2,5,25000
4,5,1.1,200000
0,0,8,35000
0,0,8,37000
4,3,14.2,50000
2,2,6,35000
6,6,16,150000
2,3,2.5,4700000
3,2,5,6500000
2,2,5,5500000
2,2,5,6000000
6,4,6,9500000
6,5,1,40000000
5,4,10,19000000
3,4,6,20000
1,0,1.4,35000
1,1,1.4,25000
4,3,4.5,13000000
1,2,3,2500000
7,6,1,43500000
5,5,1,35000000
0,5,10,15000000
0,4,5,7500000
0,3,3,4000000
0,3,2,4000000
0,4,5,12000000
8,6,1,49900000
0,0,1,34000000
0,3,3,5990000
6,5,1,38500000
7,6,1,30000000
6,5,5,13000000
0,5,10,9500000
0,3,3.5,6800000
2,2,5,4000000
1,1,2.4,3600000
6,5,1,55000000
6,5,1,54000000
0,5,1,45000000
10,8,10,30000000
5,3,5,12700000
6,5,1,49000000
6,5,1,32000000
0,0,10,21700000
0,4,10,23000000
0,4,10,26000000
0,4,7,15000000
0,6,1,29500000
0,4,5,14000000
0,3,3.5,8500000
0,4,10,24500000
0,4,10,25000000
0,4,10,24000000
0,4,10,25500000
0,4,14,32000000
0,4,14,30500000
0,4,14,32500000
0,4,14,33000000
0,5,1,39000000
0,5,1,38500000
0,6,2,95000000
0,6,2,85000000
0,6,2,89000000
0,6,2,92000000
7,6,2,130000000
6,5,1,32500000
6,6,10,23500000
0,3,6,13000000
6,5,2,140000000
6,5,1,33500000
6,5,1.1,79000000
6,5,1,32500000
2,2,2.4,2500000
2,2,2.4,2500000
2,2,2.4,2500000
2,2,3.1,2800000
2,2,2.4,2500000
2,2,2.4,2500000
2,2,2.4,2500000
2,2,2.4,2500000
2,2,2.4,2500000
2,2,2.4,2500000
2,2,2.4,2500000
2,2,2.4,2500000
2,2,2.4,2500000
2,2,2.4,2500000
2,2,2.4,2500000
2,2,2.4,2500000
2,2,2.4,2500000
2,2,2.4,2500000
2,2,2.4,2500000
1,1,2,2000000
1,1,2,2000000
1,1,2,2000000
1,1,2,2000000
1,1,2,2000000
1,1,2,2000000
1,1,2,2000000
1,1,2,2000000
1,1,2,2000000
1,1,2,2000000
1,1,2,2000000
1,1,2,2000000
1,1,2,2000000
1,1,2,2000000
1,1,2,2000000
1,1,2,2000000
1,1,2,2000000
1,1,2,2000000
1,1,2,2000000
1,1,2,2000000
2,2,4.2,7200000
3,3,6,15500000
0,3,9.6,26500000
0,3,5.8,5200000
0,2,4,3800000
0,2,2.9,2800000
3,3,4.8,9200000
0,6,16,45000000
2,2,4.2,5800000
0,0,6.4,9300000
0,2,4.8,4500000
0,4,4.8,7500000
4,4,12,160000
2,2,3.3,19000
6,6,1.3,400000
2,2,3.3,14000
6,6,2,500000
1,1,1.2,22000
3,3,1,120000
2,2,3.6,3700000
3,2,7,10500000
3,3,8.7,21700000
3,3,8.9,24400000
4,4,9.4,25400000
3,3,8.9,22300000
3,2,7,10500000
1,1,2.7,5517000
2,2,3.3,5800000
3,2,7.4,27500000
7,7,2.1,111300000
0,2,5.3,8000000
0,0,3.1,7000000
0,3,10,12500000
6,5,10,21000000
0,5,1,60000000
0,5,1.3,75000000
0,5,2,130000000
0,5,1,85000000
0,5,1.3,120000000
0,5,2,140000000
0,7,3.2,350000000
0,7,4,400000000
0,5,1,85000000
0,6,2,140000000
0,4,4,250000000
0,4,16,65000000
0,5,1.3,120000000
0,6,5,450000000
0,8,5.4,550000000
6,5,16,39900000
2,2,6,6500000
2,1,1,52000
0,0,9,110000
4,4,1,75000
4,3,1,180000
3,3,10,50000
0,1,0.9,25000
0,2,3.6,20000
0,3,12,48000
0,3,12,42000
0,3,12,40000
0,4,12,50000
0,3,12,47000
0,3,12,40000
0,4,14.2,50000
3,3,7,65000
3,2,7,45000
0,6,2.4,500000
0,3,10.9,42000
3,2,7,55000
2,2,4,24000
4,4,1.1,180000
5,4,1,29900000
7,6,1,47500000
6,5,1,67500000
3,3,11.8,26000000
6,5,1,36000000
6,5,1,35000000
7,6,1,95000000
7,6,1,36500000
6,5,1,42500000
6,3,5,11700000
4,4,8,16000000
0,5,10,17000000
0,5,4,11000000
0,4,11,22000000
0,5,5,12800000
0,3,3,7500000
0,2,1.5,4000000
0,3,2,6000000
0,3,2.5,6500000
0,5,5,18500000
0,6,6,20000000
0,5,5,15500000
4,3,5,11500000
4,4,10,18500000
5,4,10,30000000
2,2,4,14500000
5,4,10,18000000
4,4,10,16000000
5,3,5,11500000
0,6,5,15000000
5,6,10,34000000
3,3,10,12500000
3,3,3,6500000
6,5,1,49500000
0,0,1.4,3000000
0,0,1.4,3500000
6,6,10,25000000
0,2,5,4500000
0,0,6,7000000
0,0,4,2700000
0,2,3,3500000
0,2,3,3500000
0,0,5.9,11500000
0,0,5.6,10000000
6,5,14,26000000
1,1,1.3,12000
2,2,1,45000
6,5,14,80000
0,2,4,47000
3,2,5,4800000
5,5,7,21000000
9,9,5,8000000
6,5,1,40000000
5,3,5,11600000
6,5,1,52500000
6,5,5,15500000
4,4,5,13000000
1,1,1.8,5000000
6,5,1,42500000
6,5,1,45000000
5,5,8,17000000
6,5,1,72500000
6,5,10,25000000
6,5,1,75000000
0,5,10,14000000
6,5,1,45000000
6,5,1,69500000
6,5,10,19000000
6,5,1,67500000
6,5,1,86000000
6,5,1,49000000
3,3,5,10100000
5,4,5,9500000
7,6,1,79500000
4,3,5,11700000
4,3,5,12500000
6,5,1,73500000
0,3,5.8,5500000
6,10,8,40000000
2,2,4.8,7000000
3,3,5.6,9000000
3,5,12.2,42500000
0,0,7.8,15000000
0,4,12,65000000
0,6,1.2,115000000
3,5,12.2,50000000
2,2,4.2,6800000
4,3,12,28500000
2,2,4.9,9300000
0,0,7.8,16500000
9,7,9.6,45000000
5,4,14,55000000
2,2,3.1,3500000
2,3,2.4,2600000
3,3,5.3,7700000
3,3,5.6,9000000
2,2,2.8,3200000
1,1,2.4,3000000
2,2,4.7,7000000
2,2,4.2,6500000
4,4,9.8,19500000
3,3,6,11000000
4,3,10.2,60000
2,2,2.4,18000
3,3,6.7,50000
6,5,1,350000
7,6,1,295000
0,0,4,40000
0,0,8,28000
3,3,8.9,65000
3,3,9,48000
2,2,4.4,45000
7,7,1,160000000
3,4,13.3,50000000
6,6,2.6,350000000
3,3,5.5,12500000
8,8,1.2,90000000
9,9,1.2,90000000
3,3,14.2,47500000
7,7,12.4,47500000
7,7,14.2,49500000
9,9,14.2,65000000
10,10,12.4,50000000
7,7,14.2,50000000
4,4,10,25000000
1,1,2.1,11500000
5,5,2.5,300000000
7,7,14.2,57500000
7,7,12.4,47500000
2,2,7.6,38000000
10,9,2,300000000
4,4,2.4,210000000
10,11,2.4,212500000
7,6,1,400000
6,6,1,63000000
6,6,1,63000000
5,5,1,90000000
5,5,1.3,105000000
5,5,1,65500000
0,0,9.3,37500000
3,3,1,90000
3,3,14.2,75000
1,1,2.1,40000
3,3,12.4,75000
7,7,1.1,1099000
5,5,1.1,300000
3,3,12.4,75000
3,2,7,25000
2,2,4,30000
6,5,1,220000
1,1,2.3,25000
6,5,1.2,500000
6,6,7,90000
10,7,2.6,1800000
3,3,1,80000
5,5,9,150000
5,5,1,160000
8,7,2,275000
1,1,1.3,20000
3,3,3,6000000
3,3,4,9500000
5,5,10,13500000
6,5,1,59500000
8,7,1,79500000
5,3,2.5,6500000
6,5,1,52500000
6,5,1,47500000
6,5,1,49500000
2,2,2,4600000
7,5,8,15800000
5,4,1,41000000
6,5,1,50000000
6,6,5,13000000
6,5,1,44000000
4,4,5,12500000
6,0,1,59500000
7,6,1,65000000
6,5,1,59500000
6,8,10,25000000
6,5,1,45500000
0,4,7,15000000
0,4,7,15000000
0,3,5,9500000
0,3,5,9500000
0,3,5,9500000
0,3,5,9500000
0,3,5,10000000
0,3,5,10000000
0,3,5,10000000
0,3,5,10000000
0,3,5,10000000
0,3,5,10000000
0,3,5,10000000
0,3,5,10000000
6,5,11,27500000
3,3,5,6800000
5,4,7,15500000
0,0,5,5500000
6,5,10,20500000
7,6,10,23500000
6,5,1,47000000
6,5,11,25000000
3,3,5,6800000
4,3,5,10500000
2,3,5,3500000
6,5,10,25000000
4,4,9,11500000
6,6,10,15500000
3,3,1,43000
3,3,12,45000
3,3,12,40000
6,5,5,20000000
6,5,2,125000000
6,5,1,59500000
6,5,1,56500000
6,5,1,49000000
6,5,1,49500000
6,5,1,59500000
6,5,2,170000000
4,3,5,10500000
6,5,1,45000000
5,5,6,12500000
5,5,10,22500000
5,5,10,22000000
5,5,10,18000000
2,2,10,14500000
2,2,1,25000000
5,5,14,27000000
5,5,1,30000000
6,6,1,34000000
6,6,1,32000000
6,6,1,31000000
4,3,5,9500000
6,5,1,49000000
5,4,5,23000000
4,3,5,13000000
6,6,10,35000000
7,6,2,129900000
5,5,10,23000000
7,6,12,35000000
5,5,10,24000000
5,5,10,25000000
5,5,10,26000000
5,5,10,225000000
3,3,5,14000000
3,3,5,145000000
3,3,5,15000000
4,4,5,15500000
3,3,7.6,10000000
2,2,3.1,4500000
4,3,8.4,17000000
3,2,4.7,7000000
3,3,9.3,21000000
2,6,3.4,7000000
3,3,9.3,18500000
5,3,12.2,42000000
4,4,12.8,22000000
3,3,4.8,12000000
5,4,12,63500000
5,3,12.2,42500000
4,4,4.8,12500000
3,3,7.6,22000000
3,3,8.9,11500000
3,3,8.9,32500000
0,0,7.1,15500000
2,3,4.2,3450000
4,4,4.8,16000000
3,3,6.2,11500000
4,3,10.7,16000000
4,3,4,34000000
0,0,4.2,8000000
3,3,8.9,26000000
2,2,4.4,15000000
3,3,8.9,33500000
5,4,12,180000
3,3,8,40000
3,2,4.2,36000
4,4,10,170000
3,3,8,90000
3,3,5.8,60000
6,5,1,130000
3,3,8.9,60000
3,3,8.9,125000
3,4,8.9,60000
2,2,5.3,55000
3,3,7.1,55000
3,3,9.8,85000
5,4,1,175000
4,4,13.3,110000
4,4,8.9,130000
5,5,1.1,68000000
7,6,12,31000000
5,5,7,30000000
4,4,4,13000000
2,2,3,5800000
7,7,8,36500000
2,2,5,6000000
7,6,1.7,35000000
6,6,9.3,37500000
4,4,7,12000000
4,6,6,10000000
4,4,5,15000000
4,4,6,15500000
4,4,8,28500000
4,4,6,16000000
4,4,6,16500000
4,4,6,16500000
3,3,5,12500000
5,7,6,20000000
4,4,8,27000000
4,4,6,16000000
6,6,5,22500000
7,7,7,30000000
3,3,6,15000000
4,9,6.6,29500000
6,6,6.7,30000000
0,6,12,47500000
2,2,5,4000000
4,4,12,23000000
5,5,13.3,140000
4,3,1.2,100000
0,0,12,130000
2,2,8,35000
3,3,1,80000
6,6,10.9,110000
3,3,1,80000
4,4,1.3,130000
0,0,1,220000
1,1,1.9,21000
2,2,4,25000
2,2,3.3,32000
2,2,5,20000
5,5,4,450000
3,3,2,160000
2,2,2,150000
2,2,4,15000
2,2,3.1,24000
1,1,0.4,10000
3,2,5,17500
3,3,6,20000
2,2,8,38000
1,0,1,17000
0,0,5,60000
3,3,1.2,130000
7,7,1,110000
2,2,8,37000
2,2,5,18000
4,4,1,78000
4,4,5,16000000
8,6,1.3,65000000
3,3,3,4000000
1,1,2.4,900000
9,7,11,21000000
4,3,6,10000000
4,3,3,5000000
3,2,3,8500000
5,5,10,17500000
2,2,10,15500000
3,3,5,11000000
3,3,5,11000000
2,2,3,2100000
5,5,10,24000000
6,6,1,42500000
2,3,2,4000000
2,3,2,5000000
3,3,10,16500000
3,3,5,13500000
0,0,5,7500000
0,0,5,7500000
0,3,3,6500000
0,4,7,14000000
0,4,7,16000000
0,3,7,14000000
6,6,10,14000000
2,2,5,4200000
2,3,5,5100000
6,6,1,95000000
0,0,5,7500000
5,5,7,15000000
6,6,5,10500000
5,5,7,15000000
5,5,7,15000000
4,4,10,11000000
4,4,10,11000000
3,2,6,4600000
8,7,1,23000000
4,8,10,20000000
6,6,14,37000000
0,3,5,35000
3,3,5,35000
0,3,5,35000
0,3,10,30000
3,3,5,35000
0,3,5,35000
0,0,5,35000
0,3,5,35080
0,3,5,35000
2,3,3,22000
4,4,6,45000
2,2,6,22000
0,0,5,20000
3,3,5,10000000
5,5,5,11000000
5,5,6,12000000
3,3,3,5700000
3,3,3,5500000
3,3,3,5500000
3,3,3,5600000
3,3,5,7200000
3,3,5,7300000
3,3,5,7500000
3,3,5,7600000
3,3,5,7500000
3,3,5,7500000
3,3,5,7700000
3,3,5,8000000
4,4,1,21800000
4,4,1,22000000
4,4,1,25200000
4,4,1,25500000
4,4,1,22200000
5,4,10,33000000
4,4,1,24000000
4,4,1,24200000
4,4,1,24500000
4,4,1,23500000
4,4,1,23600000
4,4,1,23700000
4,4,1,23000000
4,4,1,22500000
4,4,1,25000000
1,3,7,7500000
4,4,7,15000000
6,6,1.1,32500000
3,3,5,12500000
5,5,1,45000000
5,5,1,40000000
8,7,3,100000000
5,5,1,47500000
5,5,1,47500000
8,7,3,100000000
5,5,1,47500000
3,3,10,12300000
6,5,1,43500000
5,5,1,32500000
5,5,1,32500000
3,3,5,10500000
5,4,12,20000000
5,5,1,32500000
5,5,1,36000000
5,5,10,25000000
1,1,1.8,2400000
2,2,2.7,2800000
1,1,1.9,4000000
1,1,1.7,2500000
5,5,10,22500000
4,4,5,16000000
1,1,1.4,3100000
4,4,5,8000000
5,5,10,27500000
3,3,2,4200000
2,2,6,7500000
3,3,3,3950000
4,4,5,5700000
3,3,2,5000000
2,2,2,4000000
3,3,5,10000000
4,4,5,6500000
2,2,2,3000000
5,5,1,36000000
2,2,2,3000000
5,5,1,45000000
4,4,5,6000000
4,4,5,7500000
2,3,5,7500000
4,3,8.9,35000000
6,6,9.6,27000000
8,6,4.8,25000000
2,2,4,7000000
2,2,8.2,17500000
3,3,6.7,9500000
3,3,5.8,10500000
3,2,4.8,5500000
2,2,4.4,6000000
2,2,4.8,14000000
2,2,4.2,4900000
2,2,4.2,6600000
7,6,1.3,130000000
6,6,4.8,16000000
4,3,9,15300000
5,6,3.2,7500000
0,0,8.9,32000000
3,3,8,27500000
6,6,9.6,42500000
6,6,1.2,75000000
3,3,6.2,8500000
6,6,8,37500000
2,3,8,22500000
2,4,4.8,16000000
3,5,3.4,5000000
4,0,4.8,13500000
0,2,10,1200000
2,2,3,3800000
2,2,4.9,8000000
3,3,7.4,12000000
2,2,3.3,3000000
4,6,4.8,12000000
3,3,8.7,16500000
5,5,1,118500000
1,3,4.8,6000000
4,4,7.3,12500000
3,3,1.2,69500000
3,3,6.1,9850000
2,2,6.2,10000000
3,4,8,13000000
3,3,5.1,6500000
3,3,5.1,6500000
5,5,4.8,10500000
2,2,4,10000000
5,5,4.8,10500000
4,3,5,13000000
2,2,4,8500000
3,3,4.8,6000000
2,2,4.2,5000000
5,5,4.8,8000000
6,6,4.8,10000000
2,2,3.8,6400000
6,6,9.6,41500000
2,2,4.2,6500000
5,4,14,18000000
2,2,4.2,5800000
5,4,10.7,30000000
3,2,6.7,19000000
4,3,8.9,32000000
5,4,10.7,31000000
3,5,6.7,5100000
3,3,6.7,45000
5,4,1.2,120000
5,4,1.5,120000
4,3,6.7,65000
4,4,8.9,140000
2,2,4.4,40000
3,3,1.1,85000
3,3,7.3,90000
2,2,8,36000
8,8,1.2,400000
2,2,4.8,28000
3,3,12,45000
2,3,1,140000
3,5,1.6,150000
6,5,1,300000
3,3,1,150000
5,5,9.6,62000
6,6,1,350000
0,0,1.2,260000
4,4,4.8,90000
5,4,1,200000
0,0,2.2,7000
4,4,3.8,78600
4,4,5,12500000
2,2,5,9300000
2,2,5,8800000
5,5,8.5,39000000
5,5,8.5,36000000
2,2,4,8500000
2,2,3,4400000
2,2,7,6500000
8,7,7,15000000
3,3,4,17000000
4,4,5,25000000
4,4,12,22500000
4,4,7,35000000
7,7,10,12000000
3,4,2.8,3500000
2,2,3.6,4400000
4,4,10,130000
4,4,8,120000
2,2,10,55000
2,2,8,50000
2,2,10,60000
3,3,1,80000
2,2,8,55000
2,2,6,38000
2,2,6,40000
2,2,3.6,24000
2,2,8.2,30000
2,2,8,26000
2,2,5.3,24000
2,2,4.9,22000
2,2,4.4,20000
2,2,6.2,50000
2,2,4.9,36000
2,2,6,45000
2,2,6,50000
2,2,6,55000
3,3,1,90000
3,3,1,85000
4,4,8,110000
4,4,6,110000
4,4,10,140000
2,2,3.8,30000
2,2,3.8,42000
3,3,6.2,50000
3,3,4.9,36000
2,2,6,45000
0,10,1,275000
4,3,11,60000
4,4,5,35000
4,4,10,40000
5,5,3,300000
5,5,1,145000
3,3,6.7,100000
5,5,1,150000
3,3,14,30000
2,2,13,30000
2,2,8,15000
2,2,10,25000
2,2,10,30000
4,3,1,40000
3,3,10.2,45000
3,3,2,5000000
4,5,8,14000000
3,4,4,6500000
1,2,5,3300000
1,2,5,3700000
5,3,3,6500000
5,5,10,18000000
1,2,5,3300000
1,2,5,3700000
1,2,5,2400000
3,3,5,7000000
0,0,5.2,8000000
0,0,4,7500000
0,1,3,2200000
2,2,2,4200000
2,2,4,3800000
2,2,5,4000000
6,5,10,23000000
6,5,10,24800000
6,5,10,20000000
5,4,5,7300000
6,5,10,28000000
6,5,6,13500000
5,5,10,25000000
4,4,5,8500000
0,0,10,27000
0,0,1,110000
1,1,2.2,25000
2,2,6,41000
2,2,6,42000
2,2,6,43000
2,2,6,44000
2,2,6,45000
2,2,6,46000
2,2,6,47000
2,2,6,48000
2,2,6,49000
2,2,6,50000
2,2,6,47500
2,2,6,48500
2,2,4.4,45000
5,5,5,10500000
4,4,5,11000000
3,4,5,8800000
3,3,4,8500000
0,0,8,15500000
4,3,5,12500000
5,5,10,21000000
5,4,10,24000000
1,2,2,2600000
5,5,10,20500000
3,3,5,12500000
3,3,5,12500000
4,3,5,11500000
5,5,10,24500000
5,5,10,20500000
5,4,10,22500000
5,5,10,22500000
3,3,5,11500000
3,3,3,6000000
3,3,3,7000000
3,3,3,6000000
3,3,3,7000000
3,3,6,13500000
3,3,3,6000000
3,3,3,6500000
4,4,4,9000000
5,5,10,22500000
3,3,3,6500000
3,3,3,6500000
3,3,3,6500000
6,5,1,77500000
5,5,10,23000000
0,0,3.5,8000000
0,0,4,9000000
0,0,6.5,12500000
0,0,5,9000000
0,0,7.5,15000000
0,0,4,6400000
0,0,3,5000000
0,0,10,18500000
0,0,10,19000000
0,0,3,4500000
0,0,5,7200000
0,0,5,7200000
5,4,10,21000000
0,0,5,11000000
3,3,5,12500000
5,5,10,22500000
5,5,10,22500000
5,5,1.2,55000000
4,3,8,17500000
5,4,5,11800000
5,5,1,50000000
5,5,10,22000000
3,3,5,12500000
0,0,5,10200000
3,3,5,12200000
5,5,1,30000000
2,2,4.4,13000000
3,5,3.2,3800000
3,3,8.9,13500000
7,6,1.3,180000000
6,6,2,180000000
6,6,1,150000000
6,6,1,150000000
6,6,1,150000000
6,6,1.2,165000000
3,3,5.3,17000000
2,2,4,9500000
2,2,4,12500000
1,2,4.6,5000000
0,4,4.8,8500000
0,2,4.8,8700000
0,7,17.8,35000000
3,3,5.6,6000000
3,3,5.6,6300000
3,3,5.6,6500000
0,3,7.1,26500000
0,0,6,13400000
0,3,8,13500000
0,3,8,13700000
0,6,12,75000000
0,6,1,105000000
0,6,1,115000000
0,6,2,240000000
0,6,2,190000000
0,6,1.3,140000000
0,5,1,97500000
0,5,1,85000000
0,0,18.4,40000000
0,0,19.3,26500000
0,0,5.3,6000000
0,3,1.2,7500000
0,0,8,28000000
0,6,10.6,42500000
0,0,9.6,19000000
0,0,4.8,9000000
0,6,12,52500000
3,3,9.6,31000000
3,3,9.6,34000000
3,2,4.8,6500000
0,6,1,107500000
0,2,4.2,10000000
3,3,4.8,5600000
3,3,6,12500000
3,3,6,12500000
3,3,6,12000000
3,3,6,9000000
0,0,4.8,7500000
2,2,4.2,5400000
2,2,3.6,4000000
1,2,2.9,3200000
2,2,3.8,3200000
3,3,6,8500000
3,3,6,8000000
3,3,8,13500000
3,3,8,13000000
3,3,8,15000000
3,3,8,14500000
3,3,8,14000000
3,3,6,16000000
5,4,14.4,49000000
4,3,13.8,54500000
3,3,6,15500000
3,3,6,15000000
3,2,4.8,26000
2,2,3.6,4000000
1,1,3.8,22500000
3,3,5,3500000
2,2,5.3,31500000
3,3,8.1,41500000
5,5,14,60000000
5,4,5,5300000
3,2,6,8100000
4,4,6.7,26500000
4,4,6.7,32500000
3,2,10.4,55000000
4,3,8,7200000
2,2,7,35000
0,0,2,650000
2,2,4,30000
3,3,1,150000
6,5,7,60000
3,3,1,80000
3,3,14,65000
5,5,14.2,130000
6,5,10,80000
5,5,10,27500000
4,3,5,14800000
4,5,10,28000000
3,3,5,12200000
5,4,12,24000000
3,3,5,12200000
5,5,1,32500000
5,5,1,39000000
7,6,2,130000000
6,5,1,44500000
5,5,10,22500000
4,3,8,17000000
5,5,10,22500000
4,3,5,14000000
3,3,5,15000000
5,4,1,40000000
7,5,1.5,190000000
6,5,1,37000000
6,5,1,63500000
8,9,1,29000000
5,4,10,22500000
3,3,5,11500000
6,6,2,110000000
0,0,3,8500000
3,3,2,6500000
3,3,3,8800000
3,3,3,9000000
3,3,3,5500000
2,2,2,2600000
3,3,5,12000000
6,5,1,35000000
6,5,1,54000000
3,3,4,7000000
3,3,4,7500000
3,3,4,8000000
3,3,2,4800000
3,3,3,8000000
3,3,4,8500000
3,3,4,8500000
4,4,5,12000000
6,5,1,49500000
7,5,1,52000000
7,6,1,49500000
6,5,1.1,42000000
6,5,1,46000000
3,3,3,7500000
3,3,5,12000000
2,2,5,7000000
5,5,10,25000000
6,5,1,39500000
6,5,10,23000000
6,5,10,21000000
6,5,10,23500000
0,3,4.5,60000000
0,4,5,14800000
5,5,1,35000000
5,5,5,17000000
7,6,1,40000000
5,4,5,13500000
3,3,4,8000000
3,3,4,8000000
0,2,3,5500000
0,3,6,9500000
0,4,11,14000000
0,3,4,7000000
0,3,4,7200000
0,4,5.5,11000000
5,5,1,37000000
6,6,2,100000000
0,0,10,16500000
5,4,10,15900000
5,4,10,29500000
3,3,5,11500000
0,0,7,18000000
0,0,16,52500000
0,0,5,8000000
0,0,4.1,8500000
0,0,5,8500000
0,0,2.5,2000000
0,0,5,5000000
0,0,2.5,4800000
0,0,5,9000000
3,0,3.8,2300000
0,0,2.5,2500000
0,0,15,22000000
0,0,15,35000000
0,0,5,12500000
0,0,12,40000000
0,0,5,13000000
0,0,5,7500000
5,5,5,8500000
5,5,5,11000000
4,4,8.5,12000000
3,2,5,5500000
5,4,7,6500000
4,3,10,8500000
3,2,5,4000000
0,0,10,50000
0,0,5,40000
0,0,6,35000
0,0,5,25000
0,0,7,50000
6,0,1,935000000
4,3,8,17000000
7,6,1,33000000
5,4,7,23900000
5,5,10,22000000
6,4,10,27000000
5,4,7,24500000
3,4,7,22500000
5,5,1,36500000
4,4,5,11500000
0,5,10,20500000
0,5,10,22000000
4,4,5,11000000
0,5,10,23500000
1,1,5,3500000
5,4,10,19500000
5,4,10,22000000
4,3,5,9000000
6,5,11,23500000
4,3,5,16500000
5,4,10,23500000
3,3,5,6500000
9,8,3,390000000
4,4,10,29000000
4,4,10,26500000
3,3,6,14500000
3,3,2,6250000
3,3,7,18000000
3,3,6,14500000
0,3,8,14500000
0,3,8,14600000
3,3,6,14000000
3,3,8,21500000
3,3,8,21000000
3,3,8,20500000
3,3,8,20000000
3,3,8,19500000
2,2,4.4,6902000
2,2,3.3,3000000
3,3,7.1,3800000
4,4,8,4000000
3,3,8,12500000
3,3,8,17500000
3,3,8,14000000
0,3,8.6,26000000
0,6,2,280000000
0,6,1.3,200000000
0,5,2,160000000
0,4,4.8,45000000
0,0,1.5,100000000
0,0,8,43000000
0,0,1.2,55000000
0,0,8,32500000
0,0,1,115000000
0,0,4.8,7500000
0,0,4.8,7500000
0,0,4.8,7500000
9,6,4.4,19000000
3,3,4.8,5600000
3,2,4.8,3700000
0,0,3.6,4200000
0,0,8,19000000
3,2,4.8,3700000
0,4,1,85000000
0,6,1,145000000
0,3,4.8,55000000
0,3,6,60000000
0,3,8,17000000
0,4,12,55000000
2,2,4.1,5500000
3,3,7.6,26500000
0,4,12,35000000
0,7,8,70000000
0,6,12,90000000
0,4,12,40000000
0,3,8,25000000
0,0,4.2,16200000
3,3,8,11000000
3,3,8,12500000
2,2,5.1,6000000
2,2,4.2,6000000
0,0,6,12000000
0,0,3.8,8500000
0,2,4.4,12000000
0,0,5.3,23000000
3,3,6.4,11000000
3,3,12.4,13000000
0,0,7.1,11000000
3,3,6,8500000
2,2,3.9,8000000
3,3,7.1,15000000
3,3,7.1,8000000
2,2,4,7600000
3,3,4.8,11000000
2,2,3.1,4900000
0,0,4.8,13500000
3,3,2.4,4000000
2,2,4,8500000
1,1,18,3500000
0,5,2,350000
0,6,1.3,450000
0,3,1,225000
0,5,1,350000
0,4,2,800000
0,0,4.8,26000
0,0,4,17000
0,0,4,25000
0,2,4.4,55000
0,4,7.1,70000
0,4,9.8,130000
0,3,6.7,70000
0,3,1,120000
0,4,4.7,20000
5,5,1,210000
6,5,10,18500000
6,6,14,31900000
5,5,1,44500000
0,4,5,12500000
0,2,5,9300000
0,2,5,8800000
2,2,7.7,43000000
6,6,1,65000000
6,6,1,65000000
0,4,6.7,17000000
0,4,5,11500000
0,2,5,7800000
0,0,6.7,45000
0,0,6.7,35000
0,0,5.6,32000
0,0,4.4,20000
0,0,4.4,17000
0,0,6.7,25000
3,2,4.4,50000
3,3,1.2,80000
3,3,8.4,95000
2,2,5.6,30000
1,3,4,20000
2,3,5.6,28000
2,2,8,36000
0,3,1,42000
0,2,9.3,28000
0,0,7,24000
0,0,1.3,750000
0,0,2,780000
0,0,2,800000
0,0,2,820000
0,0,2,850000
0,0,2,880000
0,0,2,900000
0,0,2,950000
0,0,1,380000
0,0,1,400000
0,0,1,420000
0,0,1,450000
0,0,1,460000
0,0,1,480000
0,0,1.3,500000
0,0,1.3,520000
0,0,1.3,550000
0,0,1.3,580000
0,0,1.3,600000
0,0,1.3,620000
0,0,1.3,650000
0,0,1.3,680000
0,0,1.3,700000
0,0,2,750000
0,0,2,780000
0,0,2,800000
0,0,2,820000
0,0,2,850000
0,0,2,880000
0,0,2,890000
0,0,2,900000
0,0,2,950000
0,0,2,980000
0,0,1,400000
0,0,1,420000
0,0,1,450000
0,0,1.3,500000
5,5,1,42500000
5,5,1,27500000
0,6,1,42500000
4,4,5,12200000
3,3,5,14000000
6,6,2,140000000
4,4,10,19000000
5,5,10,17000000
2,2,10,14000000
3,3,5,10500000
2,2,5,7200000
7,6,1,68000000
4,3,7,16000000
7,5,1,52000000
0,0,6.5,25000000
0,0,7,15000000
0,0,7,15000000
0,0,10,20000000
0,0,5,8000000
2,2,5,4500000
1,1,2.4,3450000
4,5,5,7000000
5,4,7,13500000
8,7,1,41000000
6,5,12,22500000
4,6,10,8000000
6,6,6,5800000
3,3,10,25000
3,3,5,30000
3,3,9,16500000
6,5,1,42000000
3,3,9,14000000
5,6,5,16000000
6,5,1,40000000
3,3,12,21000000
0,5,8,14000000
5,4,12,18000000
0,3,3,6500000
4,3,4,8500000
5,4,10,26000000
0,4,5,15500000
5,4,10,20000000
3,3,10,18500000
6,5,1,42500000
6,5,1,42500000
5,5,1,37000000
3,3,7.6,18000000
2,2,4.4,7500000
3,3,6.1,14900000
3,3,6.1,14800000
4,4,10.4,55000000
3,3,6.1,14700000
3,3,6.1,14600000
2,2,2.2,3500000
3,3,3.6,4500000
3,3,6.1,14500000
2,2,4.9,6500000
7,7,1,85000000
3,3,5.8,10000000
2,2,4.7,8500000
0,5,5.6,4500000
0,6,9.6,24000000
3,4,11.1,5600000
3,3,8,4500000
0,0,5.3,8000000
0,0,16,45000000
0,0,16,42500000
0,0,8,35000000
0,0,8,35000000
0,0,4,5000000
0,0,4.4,5500000
0,0,4.4,7500000
2,2,4.9,3500000
3,3,8.4,33000000
2,2,3.3,5500000
0,0,4,420000000
3,3,8,20900000
3,3,8,20800000
4,3,7.2,12000000
3,3,8,20700000
3,3,8,20600000
3,3,8,20500000
3,3,8,20400000
3,3,8,20300000
3,3,8,20200000
3,3,8,20100000
3,3,8,20000000
2,2,4,5500000
3,3,8,14400000
3,3,8,14300000
3,3,8,14200000
3,3,8,14100000
3,3,8,14000000
3,3,8,13900000
3,3,8,13800000
2,2,4,4000000
3,3,8,13700000
3,3,8,13600000
3,3,8,13500000
0,0,4.2,5200000
3,2,4.2,8000000
6,6,12,40000000
1,1,1.6,4200000
7,5,1.2,120000000
2,2,4.8,9500000
3,3,4.8,15000000
6,6,12,65000000
0,3,4.8,37300000
0,3,4,31000000
0,5,6,70000000
0,6,1,137500000
0,4,12,97500000
0,6,1,125000000
0,5,4.8,52500000
0,4,4.8,38000000
0,5,1,155000000
0,6,1,99000000
0,4,4,47500000
3,3,8,6500000
3,3,8,14000000
3,3,8,20000000
3,3,8,13000000
3,3,6.1,15000000
3,3,10,11500000
2,2,4.2,6200000
2,2,4,13000000
3,3,8,6500000
3,3,8,14000000
3,3,8,20000000
3,3,8,13000000
3,3,6.1,15000000
3,3,10,11500000
2,2,4.2,6200000
0,3,8,13000000
3,3,5,15000000
3,3,8,6500000
3,3,8,14000000
3,3,8,20000000
3,3,8,13000000
3,3,10,11500000
4,4,13.2,75000
2,4,4.8,30000
4,4,10.8,130000
4,4,10.8,170000
7,7,2,1200000
4,4,11.2,200000
4,4,11.2,350000
3,8,7.1,55000
5,5,1,400000
6,5,17.1,110000
6,5,17.1,105000
6,5,17.1,100000
6,5,17.1,110000
3,3,8,35000
2,2,4.2,45000
5,5,1.2,300000
2,2,4,37000
2,2,4,27000
2,2,4.2,35000
3,3,5.1,35000
6,5,17.1,105000
6,5,17.1,100000
6,5,17.1,110000
6,5,17.1,110000
6,5,17.1,100000
6,5,17.1,105000
3,3,1.1,55000
2,1,2.2,45000
2,6,3.2,28000
2,4,4.8,16000
4,4,8.9,100000
6,5,1.2,300000
2,2,3.6,3850000
5,4,4.4,16500000
3,4,13.3,50000000
2,2,7.2,16600000
2,2,7.2,16500000
7,4,7,14500000
0,0,12.2,17000000
2,2,7.2,16300000
3,3,8.7,23000000
6,7,4,7500000
3,3,8.7,22500000
2,2,5.3,9500000
0,0,1.3,550000
0,0,1.3,650000
0,0,1.3,680000
0,0,2,700000
0,0,2,750000
0,0,2,850000
0,0,2,800000
0,0,2,900000
0,0,2,950000
3,3,4.9,55000
3,3,15,60000
2,3,4,15000
2,2,3.6,16000
3,3,14,65000
2,2,5,30000
0,0,1,120000
4,3,13.3,160000
4,3,1,45000
0,2,5,4000000
0,4,10,22500000
0,5,10,22500000
0,4,10,17500000
0,5,12,35000000
0,0,4,6500000
6,5,1,37500000
1,3,4,5300000
0,8,2.5,320000000
0,5,1,70000000
0,10,3.2,350000000
0,16,3.2,350000000
0,8,9,1000000000
0,8,2,120000000
0,3,10,52500000
0,4,11,37500000
0,4,11.5,35000000
0,3,10,37000000
0,3,10,30000000
0,5,1.3,100000000
0,0,10,24000000
6,5,1,37500000
0,3,5,14000000
2,4,2,3600000
7,6,1,36000000
7,6,1,47500000
4,3,5,12000000
6,5,1,37500000
6,5,1,37300000
3,3,5,10500000
6,4,15,24000000
4,3,1,22500000
0,0,3,4500000
0,0,3,4800000
5,5,1,52500000
6,5,1,43500000
6,5,10,21000000
5,3,5,12000000
4,5,5,12000000
5,4,8,18000000
5,5,1,40000000
3,3,3,5700000
6,5,1,36500000
0,3,3,8200000
0,4,5,14000000
0,3,5,13000000
0,5,5,18000000
3,2,3,7800000
6,5,10,21000000
7,7,1,59500000
7,6,2,120000000
10,11,4.2,150000000
0,0,7,15000000
0,0,7,16000000
0,0,7,14000000
2,2,2.9,4200000
0,4,7.2,12000000
6,5,1,52500000
3,3,10,8500000
5,5,10,12800000
4,4,7,7500000
2,2,5,6000000
3,3,8,10500000
3,4,8,12000000
8,8,1,24000000
0,0,5,7000000
0,0,5,9500000
0,3,10,9000000
0,3,10,9000000
5,4,6,9500000
7,5,10,20500000
7,6,12,26500000
5,4,6,9500000
10,11,4.2,600000
3,2,10,22000
4,3,1,35000
3,2,10,25000
5,5,1,48000
3,3,10,25000
5,5,10,45000
2,2,6,18000
2,2,10,28000
0,4,1,40000
6,6,8,46000
2,1,4,45000
3,2,10,32000
7,6,1.1,39500000
10,10,1,115000000
6,5,1,42500000
3,3,5,15500000
8,6,10,30000000
7,6,10,39000000
0,4,3.5,9000000
0,3,3,8500000
0,5,5,16000000
0,4,5,9500000
0,3,2.5,5500000
0,4,2.8,7500000
0,6,5,15000000
6,6,9,26000000
0,3,5,9800000
0,3,2,6500000
0,3,7.5,13000000
2,2,4.2,6200000
3,3,10,11500000
0,0,7.8,45000000
0,2,4.2,12000000
0,2,4,13000000
0,2,4,8000000
0,2,4,6500000
0,2,4,8000000
0,2,4,8500000
0,2,2.7,6000000
0,2,4.2,12000000
0,2,4,11500000
0,3,5.1,9500000
0,2,4,14000000
0,2,4,13500000
3,3,4.8,14500000
5,4,4.8,7000000
0,2,3.6,7000000
8,7,1.1,92500000
6,6,1.1,87500000
8,7,1.5,117500000
0,0,8,24000000
0,0,18.8,43500000
2,3,6,14500000
6,6,1.2,90000000
5,5,9.6,37500000
8,7,1.2,105000000
6,6,1,137500000
0,0,16,55000000
0,0,2,110000000
0,0,16,45000000
0,0,1,50000000
0,0,4,9000000
0,0,4,9000000
0,0,5.8,13500000
0,0,5.8,8500000
0,0,16,45000000
0,4,4,37000000
0,5,14.8,55000000
0,4,4,36500000
0,4,12,60000000
0,4,12,48000000
0,4,12,54000000
0,4,12,76000000
0,5,12,59000000
0,5,12,48000000
0,0,6.4,5500000
3,2,4.9,8500000
2,2,5.1,2800000
0,2,5.3,21000000
0,2,8,27000000
0,2,4.4,9000000
0,2,4.4,9600000
0,3,8.9,31000000
0,3,8.9,31000000
0,3,8,27500000
0,3,7.6,22000000
2,2,4,7000000
4,3,6.1,15000000
0,2,4.7,11000000
0,3,9.3,35000000
0,3,8.9,32500000
0,6,1.1,120000000
6,6,1.2,90000000
4,4,12,30000000
2,2,3.1,3600000
3,5,4.2,5300000
4,4,7.7,17500000
4,3,8,7500000
7,7,2,300000000
0,0,16,55000000
0,0,16,60000000
0,0,16,37500000
0,0,8,25000000
0,3,5.8,18000000
0,0,16,50000000
0,0,16,65000000
0,0,1.2,90000000
0,0,1.2,80000000
0,0,8,28000000
0,3,8,20000000
0,0,16,49000000
0,0,16,75000000
0,0,16,55000000
0,0,16,41000000
0,0,16,32500000
5,5,15.1,50000000
0,3,8.9,32500000
0,3,10.2,40000000
0,3,8,30000000
0,3,8,35000000
0,3,8,31000000
0,4,10,65000000
5,5,1,105000000
3,2,4.7,4200000
4,4,10,31000000
0,2,4,6500000
0,2,3.8,4800000
0,6,9.6,26500000
0,3,8,12500000
0,6,16,30000000
0,6,9.6,27000000
0,3,7.8,12000000
3,3,8.9,75000
0,0,6.7,42000
0,0,4.4,50000
5,4,2,250000
7,6,1,480000
6,6,1.1,120000
3,3,1.2,65000
4,4,1.2,80000
5,5,9.6,75000
6,6,1.1,130000
3,3,1.1,70000
0,0,12.4,85000
3,3,12,50000
0,3,9.3,92000
0,3,9.3,90000
7,6,1,200000
0,2,4.7,96000
2,2,4.9,50000
0,0,2,700000
0,0,3,1500000
8,7,1.2,400000
4,4,6.2,75000
3,3,6.7,65000
0,2,14.2,100000
0,3,8,75000
0,3,8,90000
3,3,7.6,75000
4,4,4,14000000
4,4,4,14500000
2,2,5,3550000
3,3,8,7000000
2,2,5,3800000
7,4,9.3,17500000
0,4,7,15500000
0,0,16,80000000
5,4,3,15000000
2,2,6,35000000
2,2,5.8,5950000
4,3,1,42000
4,3,12,57000
4,3,11,60000
7,5,1.2,56000
2,2,4.4,22000
2,2,3.6,18000
0,0,1,50000
0,0,1,110000
7,6,3.6,1500000
2,2,8,28000
3,4,4,56000
3,3,6,55000
3,3,6,45000
3,3,6,55000
1,1,1.3,24000
6,5,2,250000
6,5,1,62500000
5,4,10,32500000
6,5,1,38000000
5,4,10,37000000
7,6,1,79000000
7,5,1,75000000
4,4,10,21000000
4,4,5,14500000
2,2,6.7,10000000
2,2,2,4000000
5,5,1,38000000
0,1,2,1000000
0,0,2.5,1300000
0,0,2.5,1400000
0,0,3,3000000
1,2,3,2000000
2,2,4.3,16600000
3,3,3,3600000
0,4,1,45000000
0,7,5,13500000
0,4,5,13000000
0,3,5,12000000
0,3,3.5,9500000
0,3,3.5,9000000
0,3,3.5,10500000
0,5,5,17000000
0,5,5,17000000
0,5,5,17500000
6,5,10,32000000
4,4,11,22500000
6,5,5,17000000
0,0,5,5800000
7,6,1,49500000
5,4,10,17500000
7,6,2,157500000
6,5,10,34000000
6,5,10,19000000
6,5,1,51000000
7,5,1,49500000
3,6,7,6800000
0,2,5,4000000
0,3,10,10000000
0,2,3,2200000
0,2,3,3500000
0,0,5,4800000
0,0,7,6000000
4,3,6,10000000
7,5,10,20500000
2,2,5.3,13000000
4,4,6,10000000
1,2,2,2000000
0,0,4,4500000
0,0,7,9500000
0,0,6,8500000
4,4,5,11000000
3,2,5,6000000
6,6,2.2,125000000
5,4,5,6500000
5,5,7,14500000
3,2,5,4200000
5,5,7,15000000
0,6,5,50000
0,0,5,55000
0,0,5,60000
0,0,5,50000
0,0,5,45000
0,0,5,65000
0,0,5,60000
0,0,5,35000
0,0,5,40000
0,0,5,37000
0,0,5,30000
0,0,10,70000
0,0,10,80000
0,0,5,40000
0,0,5,50000
0,0,5,55000
0,0,5,45000
1,1,3.3,35000
4,3,15,45000
2,1,4,42000
2,1,4,43000
5,5,7,45000
3,3,8,40000
0,2,5,22000
0,0,5,25000
0,0,7,25000
0,0,5,35000
0,0,1,110000
0,0,10,80000
0,0,10,35000
0,0,7,27000
0,0,10,75000
0,0,1,130000
0,0,10,40000
0,0,10,80000
0,0,1,75000
0,0,10,65000
0,0,5,20000
0,0,8,35000
0,0,7,50000
0,0,5,35000
0,0,7,25000
0,0,8,45000
0,0,1,45000
0,0,10,40000
0,0,10,60000
0,0,7,50000
0,0,10,35000
0,0,1,55000
0,0,10,70000
0,0,10,40000
0,0,1,150000
0,0,10,135000
0,0,1,55000
0,0,5,35000
0,0,7,25000
0,0,7,40000
0,0,7,40000
0,0,10,55000
0,0,10,50000
2,2,10,25000
3,2,10,38000
3,3,10,40000
2,2,5,24000
3,3,10,26000
6,5,1,46000000
2,2,3.6,4500000
0,6,8,17000000
0,4,16,40000000
0,8,8,17500000
0,3,5.4,13500000
0,2,4.2,5000000
0,2,4,2500000
0,2,4,2500000
0,3,4.7,3000000
0,2,4.8,3800000
6,6,1,105000000
5,5,1,92500000
6,6,1,105000000
6,6,1,110000000
2,2,3.5,5500000
2,2,4.2,5490000
6,6,1,100000000
2,2,4.2,4650000
3,3,16,21500000
2,2,4.2,5960000
0,6,2,280000000
0,8,2,200000000
0,6,2,220000000
0,6,1,125000000
0,5,2.2,140000000
2,2,4.2,6590000
4,4,18.8,55000000
3,3,4.8,42500000
2,2,4.9,3300000
4,3,8.9,27500000
2,2,4.7,7000000
0,0,2,330000000
0,0,2,280000000
2,3,5.6,9000000
2,4,3,7500000
7,6,2,168000000
2,1,3,3500000
6,6,2,250000000
7,8,11.2,38000000
3,3,5.6,9000000
2,2,4.4,6000000
2,2,4.4,6000000
2,2,4.4,6000000
2,2,4.4,6000000
2,2,4.5,14800000
2,2,4.4,6000000
3,3,5.6,9000000
2,2,4.4,6000000
2,2,4.4,6000000
2,2,4.4,6000000
2,2,4.4,12000000
2,2,4.4,6000000
2,2,4.4,6000000
2,2,4.4,6000000
2,2,4.4,6000000
2,2,4.4,6000000
2,2,4.4,6000000
2,2,4.4,6000000
2,2,4.4,6000000
2,2,4.4,6000000
2,2,4.4,6000000
2,2,4.4,6000000
2,2,4.4,6000000
4,4,4,46000000
2,2,4.4,6000000
2,2,4.4,6000000
2,2,4.4,6000000
2,2,4.4,6000000
2,2,4.4,6000000
2,2,4.4,6000000
2,2,4.4,6000000
2,2,4.4,6000000
2,2,4.4,6000000
2,2,4.4,6000000
2,2,4,11000000
2,4,3,7500000
2,2,4.9,2007000
3,3,6.4,16500000
0,0,2,40000
6,6,1.6,500000
0,6,8,30000
0,3,6.6,25000
0,2,4.8,18000
3,3,8.9,50000
4,3,1,160000
3,3,4.8,120000
3,3,5.3,50000
6,4,16,50000
3,3,8,90000
6,5,1,120000
4,3,1,130000
7,5,1.2,270000
4,3,1,120000
4,3,4,110000
2,2,4.2,40000
5,5,1,220000
3,3,1,160000
6,5,9,17000000
2,2,4,4000000
4,6,10,55000000
3,5,10,20000000
4,4,10,20000000
4,5,5,8000000
5,4,4,8700000
5,6,8,37000000
0,0,7.6,20000000
12,9,1.3,145000000
4,4,5,24000000
7,7,1,65000000
7,7,1,65000000
2,2,7.3,5200000
2,2,3.8,10000000
4,4,6,19500000
4,4,6,15500000
5,5,1,250000
3,3,11.9,50000
5,5,4,400000
4,4,1.2,500000
3,3,14.2,70000
3,3,14.2,60000
1,2,4.4,26000
1,2,3,25000
4,4,11.6,65000
1,1,1,35000
5,6,2,300000
2,2,7,38000
5,3,11,60000
1,1,2.7,15000
3,3,1,200000
4,3,2,165000
3,3,13,75000
4,3,1.2,200000
4,3,2,170000
2,2,1,70000
1,1,2.4,24000
3,2,14,58000
3,3,7.1,55000
2,2,5.3,45000
2,2,5.3,26000
3,3,1,110000
3,3,1,90000
2,2,5.3,30000
2,2,5.3,32000
3,3,8,65000
6,5,4,2200000
7,7,1,170000
6,5,1.3,200000
4,4,1,100000
2,2,5.8,65000
2,2,5.8,65000
2,2,5.8,65000
2,2,5.3,35000
2,2,6.2,50000
3,3,8,70000
2,2,8,55000
2,2,8,65000
2,2,6,60000
3,3,6.7,70000
3,3,10.7,70000
2,2,6.2,45000
2,2,5.8,45000
4,4,5,12000000
0,5,5,15000000
0,4,5,13000000
0,5,8,17000000
0,4,7.5,17000000
0,6,1,31000000
0,6,1,28000000
5,5,3,9500000
6,5,1,43000000
6,5,1,44000000
6,5,1,48000000
6,5,1,57500000
6,5,1,47000000
6,5,1,55000000
6,5,1,55000000
4,4,12,19000000
4,4,2,100000000
4,5,5,12500000
0,0,9,13000000
4,3,5,12000000
1,3,2.5,4000000
5,4,5,13500000
4,3,5,9500000
5,5,2,147500000
2,3,4,4450000
5,5,10,21000000
6,5,1,42500000
4,4,5,15000000
6,5,1,45000000
0,0,1,40000000
4,3,5,11500000
4,3,5,11000000
6,5,10,18500000
6,5,10,18000000
6,5,10,17500000
6,5,10,17800000
6,4,8,14000000
4,3,3,6800000
6,5,7,15500000
6,5,7,12000000
5,5,10,9500000
4,4,5,9500000
3,3,11,12000000
5,5,5,10000000
6,5,10,23500000
6,5,10,23500000
6,5,12,24000000
6,5,12,24000000
6,5,14,26000000
6,5,14,26000000
6,5,10,24000000
6,5,10,24000000
10,10,1.3,49500000
10,10,1.3,49500000
4,4,10,20000000
5,5,10,22500000
3,3,10,11800000
3,3,10,15500000
3,3,10,15000000
3,3,10,11500000
2,2,2,7000
3,2,5,23000
0,0,14,35000
3,3,4.9,30000
2,2,5,20000
2,2,4.4,28000
2,2,3.6,20000
5,5,7,45000
1,1,2.7,20000
1,1,0.9,10000
2,2,4,25000
3,3,11,40000
2,2,8,20000
3,3,1,40000
3,3,1,47000
3,3,1,80000
2,2,7,21000
2,2,5,16000
3,3,6.7,35000000
3,3,16,22500000
5,4,11.6,45000000
6,6,1,110000000
4,5,11.6,65000000
6,6,1,100000000
4,4,16,25000000
3,3,7.3,15000000
0,0,5,13000000
4,4,4.8,11000000
2,2,4,7000000
6,6,9.6,25000000
2,2,3,5000000
5,4,10.4,110000000
3,3,3.6,5000000
2,2,3.8,4000000
8,6,1.2,87500000
2,2,3.3,3800000
8,8,2.4,16500000
8,8,2.4,15600000
2,3,4.1,4700000
2,2,4.8,8500000
6,8,12,37500000
3,3,16,40000000
6,6,2,130000000
3,5,6.4,9500000
3,3,3.2,2500000
2,2,2.9,4950000
2,2,3.4,5600000
2,2,4,7500000
6,6,4.8,25000000
6,6,9.6,17500000
3,3,2,2700000
6,6,9.6,23500000
6,6,9.6,23000000
6,6,9.6,25500000
6,6,9.6,25000000
6,6,9.6,22500000
6,6,9.6,24000000
2,2,4.8,9500000
2,2,4.8,9200000
6,6,16,36000000
4,7,4.8,11000000
2,2,4.2,6000000
3,3,6,15400000
3,3,6,15200000
3,3,6,15000000
3,3,6,14900000
3,3,6,14800000
3,3,6,14600000
3,3,6,14300000
3,3,6,14200000
3,3,6,14100000
3,3,6,14000000
6,7,11.6,15000000
0,0,9.6,15000000
0,0,9.6,14900000
0,0,9.6,14800000
0,0,9.6,14600000
2,2,5.3,7200000
4,4,9.6,30000000
0,0,9.6,14400000
0,0,9.6,14200000
0,0,9.6,14000000
0,0,9.6,13500000
0,0,9.6,13200000
0,0,9.6,13000000
4,3,8.9,100000
5,4,9.8,120000
3,3,8.9,85000
6,6,1,200000
3,3,6.7,70000
6,4,10.7,150000
3,3,12,95000
3,3,9.6,40000
10,11,2,1500000
3,3,1,80000
2,2,4.4,25000
2,2,4.4,25000
3,3,8,35000
10,11,4,2500000
6,5,15.6,150000
6,5,15.6,150000
4,3,7.6,65000
3,4,10,33000
5,4,10,175000
2,2,4,40000
3,2,4.8,25000
2,2,4.9,35000
3,3,10.8,50000
3,2,4.8,22000
5,5,1,270000
2,2,3.6,3600000
3,4,3,3900000
2,2,5,4000000
3,2,6,4100000
2,2,4,8000000
6,5,8,27000000
6,5,8,26500000
6,5,8,23500000
2,2,6,2700000
7,7,14.2,64000000
0,0,14.2,60000000
0,0,14.2,60000000
0,0,14.2,62500000
0,0,14.2,65000000
0,0,12.4,47500000
0,0,12.4,40000000
0,0,12.4,45000000
0,0,12.4,55000000
0,0,12.4,50000000
6,6,12.4,47000000
7,7,14.2,65000000
2,2,2,2600000
4,4,3,6500000
10,9,2,300000000
2,2,4,3300000
3,4,3,3700000
7,6,1,150000000
5,4,4.4,16700000
6,6,5,13500000
3,4,3,3500000
5,4,10,27000000
0,4,5,11300000
5,5,10,24000000
10,10,10,25000000
3,3,14.3,80000
3,3,12.9,90000
3,3,14.3,75000
2,2,11.1,65000
3,3,14.3,90000
0,0,9,50000
0,0,1,110000
0,0,1,110000
0,0,9,60000
0,0,9,65000
2,2,8,45000
2,2,6,40000
3,2,6,42000
2,2,4,45000
2,2,4,30000
3,3,1,90000
3,3,1,90000
4,3,1,60000
4,3,1,70000
4,5,13.3,125000
2,2,8.4,42000
3,3,12,65000
4,3,1,50000
2,2,4.4,26000
3,2,10.9,60000
1,1,1,32000
3,3,1,45000
3,3,1,60000
3,3,10,48000
4,4,10,53000
5,5,10,60000
3,3,12,21000
5,5,1,70000
5,5,10,58000
6,5,10,17500000
6,5,10,18800000
6,5,10,19000000
6,5,10,18400000
4,3,5,9000000
6,5,10,18000000
6,5,10,18000000
6,5,10,16500000
6,5,1,36000000
6,5,10,17000000
6,5,1.1,43500000
6,5,1,35000000
4,3,3,5500000
6,5,1,70000000
1,2,5,2000000
3,4,3.5,4400000
5,4,7,23000000
6,5,1,45000000
6,5,1,37000000
6,5,1,42000000
7,5,1,47500000
5,4,10,32500000
5,5,10,40000000
5,4,5,12000000
6,5,1,42500000
7,6,1,40000000
8,7,1,26500000
6,5,1,57500000
6,5,1,40500000
3,3,4,7500000
3,3,10,17500000
2,2,5,5300000
4,4,5,8000000
4,3,5,6500000
4,4,5,8500000
5,5,7.3,14000000
4,9,10,20000000
3,6,9.8,5300000
7,5,10,21000000
4,3,15,65000000
2,2,3,7000000
5,5,1,72500000
2,2,5.8,7200000
3,3,6.4,8500000
4,4,9.8,16500000
4,4,4,35000000
2,2,4.8,26000000
2,2,4.2,7000000
1,2,1.6,2200000
1,2,2,2400000
1,2,2,1900000
1,2,1.6,2000000
1,2,1.2,1550000
4,7,2.4,5500000
3,5,2.4,3500000
3,5,2.4,3500000
3,4,2.4,3500000
1,2,2,1900000
4,7,2.4,5500000
3,4,2.4,3500000
2,2,2.8,2600000
2,2,1.6,2000000
3,6,6,4500000
3,6,6,4500000
4,4,4,11000000
3,3,2.4,3500000
5,6,4.8,7000000
2,2,2.4,2500000
0,0,1.2,80000000
0,0,2,120000000
2,2,2.7,5500000
3,4,2.4,1700000
3,3,6.7,13200000
6,6,2,200000000
3,3,10.7,37000000
2,2,2.8,2600000
0,0,1.2,125000000
4,4,16.7,77500000
0,0,1.2,115000000
2,2,1.6,2000000
3,3,14.6,72500000
3,6,6,4500000
3,6,6,4500000
4,4,4,11000000
3,3,2.4,3500000
5,6,4.8,7000000
5,6,4.8,7000000
2,2,2.4,2500000
0,2,3.1,3800000
0,2,3.8,5000000
0,2,4.4,9500000
0,2,4.4,6500000
0,2,4.4,4600000
0,2,4.2,4600000
2,2,4.2,12500000
2,2,4.2,8500000
3,3,4.7,13000000
2,2,3.8,8500000
2,2,4.2,7000000
2,2,3.3,2700000
2,2,4.9,12500000
3,3,5.6,8500000
2,2,4,7500000
2,2,4,5200000
6,6,1,145000000
2,2,5.8,11000000
2,2,2.9,4500000
2,2,4.9,12500000
3,3,8,12000000
6,6,12,57500000
3,3,8.9,14000000
3,3,8,16000000
3,3,6.7,16500000
3,3,6.7,19000000
2,2,4,12500000
2,2,2.6,5500000
6,6,8.8,45000
3,3,11.4,53000
3,3,11.4,50000
3,3,11.4,55000
3,3,11.4,55000
3,3,11.4,55000
3,3,11.4,60000
2,2,3,20000
3,3,11.4,60000
3,3,11.4,63000
3,3,11.4,60000
0,0,2,450000
3,3,14,130000
0,3,9.6,40000
0,2,8,35000
0,3,16,50000
0,3,9.6,55000
0,3,9.6,50000
0,2,3.3,16000
0,3,9.6,45000
0,2,4,22000
0,2,4,25000
0,3,6,27500
6,5,1,300000
2,1,2.2,30000
3,2,10,33000
1,1,3.5,4564000
2,2,4.9,4200000
4,4,6.7,5500000
6,6,4,11000000
7,6,1,49900000
3,3,14.2,45000000
3,3,1.2,82500000
2,2,4.4,3300000
7,7,14.2,65000000
0,0,14.2,60000000
0,0,14.2,60000000
0,0,14.2,62500000
0,0,14.2,65000000
0,0,12.4,47500000
6,5,1,49900000
3,3,4.9,4600000
8,6,9.3,16000000
6,4,6.7,10500000
3,2,7,55000
3,3,1,75000
3,3,1.2,80000
5,4,1,50000
1,1,12,20000
3,3,11,60000
0,0,10,130000
2,2,5,19000
4,4,1,90000
6,6,2.2,95000
6,5,1,100000
4,3,10.2,85000
2,2,5,26000
4,3,1,46000
3,3,1,42000
0,0,5,32000
0,0,7,25000
0,0,7,28000
0,0,3,22000
4,4,10,68000
1,0,1,7000
3,3,7,25000
2,2,5,18000
2,2,5,19000
2,2,5,20000
2,2,5,15000
2,2,5,16000
2,2,5,17000
2,2,5,18000
2,2,5,20000
2,2,5,18000
3,3,7,55000
3,3,7,45000
3,3,7,48000
4,3,1,60000
9,5,7,46000
5,4,10,26000000
5,4,10,38000000
5,4,10,22500000
1,1,2.7,4700000
0,4,10,21000000
0,4,10,24500000
4,3,5,12000000
6,5,1,40500000
2,2,2.5,6500000
7,6,1,39900000
6,5,1,40000000
7,5,1,37000000
7,5,2,130000000
5,4,7,23000000
7,5,1.1,52500000
6,5,5,16500000
4,3,9.4,31500000
6,5,1,40000000
1,2,3,2000000
6,6,15,35000000
6,5,1.2,55000000
0,0,6.4,7800000
6,5,1,32500000
6,5,1,35000000
6,5,10,24500000
5,0,10,35000000
5,5,5,16500000
5,5,1,40000000
0,0,1,50000000
6,5,1,37000000
6,6,6,17900000
5,4,10,24000000
5,4,10,25000000
6,5,1,39500000
5,4,10,39900000
6,5,10,23000000
6,5,1,38500000
6,5,1,45000000
0,0,3.5,6000000
2,3,10,6000000
5,5,1,40000000
6,5,1,40000000
6,4,5,15000000
1,2,5,4300000
5,4,4,12500000
3,3,10,7500000
5,4,5,11000000
6,5,1.2,35500000
1,1,2.7,2500000
4,4,5,9000000
5,5,7,15000000
5,5,7,14000000
5,5,7,15000000
6,5,10,21000000
4,4,10,21300000
5,5,5,15000000
5,5,1,35000000
5,5,10,25000000
3,6,3,8500000
6,5,7,13500000
0,0,10,25000
0,0,5,16500
0,0,5,13000
0,0,10.5,30000
0,0,7.5,20000
0,0,7.5,20000
0,0,15,30000
0,0,12,25000
0,0,7.5,18000
0,0,10,22000
0,0,10,18000
0,0,6,15000
0,0,3,10000
0,0,3.5,14000
0,0,5,18000
0,0,10,35000
0,0,6,16500
0,0,12,65000000
0,0,12,65000000
3,3,6.7,19000000
7,7,16,98000000
4,6,4.8,18000000
4,6,4.8,17000000
6,7,9.6,32000000
3,3,6.7,16500000
3,3,5.3,6000000
3,3,8,26500000
4,4,12,36500000
6,6,8,55000000
3,3,8,22500000
3,3,8,30000000
4,4,10.7,37500000
7,7,16,98000000
3,3,8,26500000
3,3,8,16000000
3,3,8,16000000
3,3,6.7,16500000
7,7,16,98000000
4,4,10,32000000
4,4,12,36500000
0,0,12,65000000
4,4,6.1,10500000
5,5,8.4,18000000
3,3,8,6700000
3,3,7.6,17000000
3,3,14,48000000
4,4,12,55000000
3,3,6.1,15100000
3,3,6.1,13500000
2,2,4,9000000
2,4,3.2,7500000
2,2,3.2,4500000
2,2,4,8000000
3,3,5,5200000
2,2,4.2,6800000
2,2,4,6200000
7,6,2,240000000
2,3,2.4,3500000
3,3,8,20000000
3,3,8,20100000
3,3,8,20200000
3,3,8,20300000
3,3,8,20400000
3,3,8,13500000
3,3,8,13600000
3,3,8,13700000
3,3,8,13800000
3,3,8,13900000
3,3,6.1,14500000
3,3,6.1,14600000
3,3,6.1,14700000
4,4,14,22500000
3,3,8,21000000
3,3,6,16000000
3,3,8,16000000
3,3,8,20300000
3,3,6.1,14700000
3,3,8,13600000
4,4,14,22000000
2,2,3.6,5000000
3,3,6.1,14800000
3,3,6.1,14900000
2,2,4.2,6200000
2,2,4.2,6300000
2,2,4.2,6400000
2,2,4.2,6500000
2,2,4.2,6600000
3,2,3.6,6800000
2,2,4.2,11000000
4,2,4.8,6500000
3,3,5.8,27000
3,3,6,30000
4,4,8,75000
2,2,2.4,25000
4,4,11.1,100000
2,2,4,50000
2,2,4,50000
4,4,11.1,100000
2,2,2.4,25000
1,1,1,50000
7,6,1,275000
2,3,4.2,50000
6,5,1,300000
0,4,1,199000
2,2,3.3,23000
6,6,2,500000
2,2,4,28000
6,6,1.3,400000
3,3,9.6,60000
2,2,4.2,65000
0,0,4,2500000
3,3,9.6,50000
6,6,12,42500000
6,6,12,60000000
0,0,14.2,40000000
2,2,7,12500000
3,3,3,3800000
0,0,6,42500000
0,0,29,120000000
0,2,5.1,8600000
2,2,5,2600000
0,0,8.5,25000
0,0,4.5,15000
0,0,12,25000
0,0,10,25000
0,4,5,35000
0,0,6,40000
0,0,2.5,15000
0,0,3,12000
0,0,5,35000
0,0,7.5,30000
0,0,7,10000
0,0,2,25000
0,0,1.1,14000
0,0,7.5,16000
0,0,7.5,26000
3,2,5,25000
5,4,10,55000
4,3,5,35000
2,1,3.6,32000
2,2,5,18000
5,5,5,35000
3,2,7,24000
2,2,3.6,31000
2,2,3.6,30000
2,2,3.6,28500
2,2,3.6,27500
2,2,3.6,29000
2,2,3.6,28000
3,2,6,40000
2,2,3.6,27000
2,2,3.6,26500
6,5,10,41000000
5,5,5,8500000
6,5,1,36500000
7,6,10,29500000
4,3,3,7000000
4,3,5,13000000
4,3,5,9800000
6,5,1,37000000
4,3,5,11800000
0,4,10,17000000
0,4,10,18500000
0,3,5,9500000
0,3,5,11000000
0,4,10,23500000
4,3,5,12500000
4,3,5,12000000
4,3,6.4,9000000
6,5,10,36500000
4,3,5,11500000
5,4,1,27500000
5,4,1,38500000
6,5,2,154500000
2,3,3,6000000
8,7,1.8,140000000
6,5,1,43500000
7,5,2,125000000
6,5,1,45000000
7,6,2.5,150000000
5,5,13,32500000
5,4,10,31500000
6,5,1,39500000
7,6,1,50000000
0,3,5,11000000
0,4,10,22000000
0,4,10,17500000
0,4,10,23000000
0,3,5,8500000
0,3,6,9900000
0,3,5,10500000
0,3,5,12500000
6,5,1,62000000
6,5,1,75000000
7,6,1,39000000
7,6,1,79000000
3,3,3,4490000
6,5,1,51000000
3,3,3,4490000
6,5,1,49000000
3,3,3,4490000
8,7,1,49800000
3,2,5,5500000
4,4,5,9500000
5,5,5,12000000
3,3,4,7000000
5,5,7,12500000
5,5,5,9000000
4,4,5,9500000
8,7,10,15000000
2,3,5,5500000
3,3,6.4,10500000
3,3,7.4,12500000
2,2,4.2,4500000
6,6,4.8,18000000
4,4,4.8,17500000
2,2,4.8,5700000
4,4,4.8,11000000
6,6,4.8,19000000
4,4,4.8,19000000
4,4,4.8,18000000
2,2,4.8,6500000
2,2,4.8,6500000
2,2,4.8,6500000
2,2,4.8,4600000
6,6,4.8,18000000
5,5,4.8,18000000
6,6,4.8,17500000
6,6,4.8,18000000
4,4,4.8,15000000
4,4,4.8,18500000
2,2,4.8,5300000
6,6,4.8,18500000
6,6,4.8,12500000
6,6,9.6,35000000
3,3,5.8,15000000
2,2,4.2,7500000
0,2,4.8,4500000
0,2,8,7500000
0,6,1.2,115000000
2,2,3.3,7500000
2,2,4.7,9500000
3,3,5.1,13000000
3,3,7.1,14500000
2,2,4.7,9500000
2,2,4.7,9500000
0,0,4,4900000
2,2,4.7,9500000
2,2,5.1,9500000
0,0,3.1,3600000
0,0,3.1,3500000
0,0,3.1,3450000
0,0,3.1,3400000
0,0,3.1,3350000
0,0,3.1,3300000
2,2,4,6800000
4,3,15,58000000
0,0,3.1,2300000
0,0,1.8,2250000
0,0,1.8,2100000
0,0,1.8,2200000
0,0,1.8,2150000
0,0,1.8,2050000
0,0,1.8,2000000
3,3,7.6,40000000
0,3,5.6,5500000
0,3,6.4,13000000
0,1,1.6,2100000
0,2,3.3,3800000
0,3,5.6,6000000
0,2,3.4,4000000
5,5,1,105000000
4,4,12,65000000
6,6,1,95000000
2,2,4.7,7000000
4,4,14.9,35000000
4,4,11.8,35000000
3,3,8,19300000
3,3,6.2,15000000
0,0,4.8,14000000
0,0,4.8,14500000
0,0,4.8,15500000
0,0,4.8,16000000
0,0,4.8,16500000
0,0,4.8,17500000
0,0,4.8,18000000
0,0,4.8,18500000
3,3,7.8,11500000
0,0,4.8,19000000
0,0,4.8,20500000
2,2,3.3,7600000
3,3,6,6000000
0,3,5.8,10000000
0,2,3.3,2800000
3,3,8,22000000
5,4,1,100000000
3,3,8,25000000
6,6,12,37500000
2,2,2.4,5000000
2,2,4.2,5200000
2,9,4.8,7000000
2,2,3.1,5500000
2,2,3.3,5500000
5,5,14,52500000
2,2,2.6,3600000
2,2,11,35000
2,2,4.8,27000
5,4,1,225000
3,3,10,35000
1,1,1,50000
3,3,10.7,100000
2,2,3.6,20000
3,3,6.2,45000
2,2,3.6,20000
2,2,2.4,22000
4,4,12,110000
2,2,4.4,60000
4,4,1.1,450000
2,2,10,25000
7,7,3,1200000
4,4,1.3,450000
2,2,4,15000
6,6,1.3,190000
3,3,14.2,65000
4,4,1,45000
6,5,1,200000
2,2,4,7500000
6,6,16,65000000
0,0,1.2,130000000
3,3,9.3,18500000
8,6,1.2,77500000
0,0,1.2,85000000
2,2,7,13000000
9,7,2,300000000
3,3,12.4,37500000
3,3,1.2,70000000
6,6,14.2,65000000
2,2,7.1,14500000
6,5,12.4,45000000
6,6,14.2,65000000
2,2,7,15000000
6,6,1.1,70000000
6,6,16,90000000
5,5,16,65000000
6,6,1.1,75000000
6,4,5,10000000
3,3,10.7,18500000
1,3,4.2,4500000
1,1,3.1,5250000
1,1,3.1,5250000
1,1,3.1,5250000
1,1,3.3,5513000
1,1,3.3,5513000
2,2,5.3,8872000
3,3,10.5,17700000
1,1,2.3,2900000
7,7,14.2,25000000
6,6,1,100000
2,2,3.6,25500
2,2,3.6,24500
2,2,3.6,23500
2,2,3.6,22500
2,2,3.6,21500
2,2,3.6,20500
2,2,3.6,19500
3,3,8,40000
2,2,3.6,18500
2,2,3.6,17500
2,2,3.6,26000
2,2,3.6,16500
2,2,3.6,25000
3,2,10,25000
4,3,1,40000
2,2,3.1,45000
6,5,10,60000
2,2,2.4,15000
4,3,11,62000
7,5,1,52500000
5,5,5,12500000
5,5,5,17000000
5,5,5,14000000
6,5,1,48000000
2,3,3,4500000
3,3,4,7000000
3,3,5,7000000
2,2,4,4200000
3,3,3,3750000
3,3,3,6000000
9,8,1,62500000
5,4,8,18500000
6,5,1,46000000
7,6,1,32500000
4,3,7,15500000
6,5,1,47000000
4,3,5,14000000
5,4,10,18500000
4,3,5,22500000
7,5,1,50000000
6,5,1,77700000
7,5,1,69000000
10,9,1,31000000
7,6,1,45000000
6,5,1,30500000
4,4,5,9500000
6,5,1,56500000
4,4,1,22500000
6,5,10,42300000
6,5,1,59800000
6,5,1,51500000
3,3,3,4900000
8,7,1.2,59700000
7,6,1,60000000
6,5,1.6,185000000
4,4,13,32500000
5,4,10,38700000
6,5,1,53300000
0,0,4,7000000
5,4,10,33900000
6,5,1,42700000
5,4,1,32500000
6,5,1,55000000
3,3,3,6200000
5,5,8,18000000
6,5,1,68000000
5,5,1,36000000
6,5,1,66500000
6,5,1,42000000
6,5,1,38500000
0,0,5.2,8000000
0,0,4,7500000
5,5,10,22500000
0,0,4,3500000
5,5,8,16000000
4,3,5,9200000
2,2,6,9700000
6,5,7,15000000
1,2,5,4500000
2,2,5,6200000
3,3,7.6,11700000
5,5,7,12800000
5,4,1,16500000
3,3,10.4,135000
2,2,4,30000
4,4,10,200000
3,3,6.5,30000
3,3,6.5,30000
2,2,14,60000
2,2,14,60000
3,3,8,60000
3,3,8.9,60000
3,3,11.1,130000
0,4,13.1,38000
0,4,13.1,39000
0,4,13.1,40000
0,4,13.1,41000
0,4,13.1,42000
0,4,13.1,43000
6,6,16,110000
2,2,4.2,5800000
0,3,7.8,25000000
0,3,6,11500000
3,3,8,13900000
2,3,5,7500000
0,1,2,2050000
0,3,5.8,5400000
3,2,4.7,7300000
4,3,6.4,9200000
3,3,6.2,8500000
0,2,4.4,8500000
0,3,6.2,6500000
3,2,4.8,8900000
0,0,7.8,19700000
4,3,6.4,11500000
3,2,4.8,6500000
3,3,9.6,46000000
4,4,14.2,75000000
3,4,6.2,16000000
3,3,3.8,20000000
0,0,8,30000000
4,4,10.7,37500000
3,2,4.7,7800000
3,5,1.8,3000000
3,3,8.2,12000000
2,2,2.8,3000000
3,2,4.7,9500000
2,2,2,3200000
3,3,14.2,65000
3,3,1,75000
4,3,1,45000
2,2,7.2,65000
0,0,5,18000
2,2,4,37000
2,2,4.9,60000
3,3,12,65000
4,3,1,80000
4,4,7,100000
8,10,2,350000
4,4,6,90000
2,2,5.8,9700000
3,2,10,7600000
2,2,5,7000000
2,2,5,5800000
4,4,5,8000000
2,2,5,5500000
2,1,4,6800000
4,4,5,6500000
3,3,12.4,40000
1,1,2.2,25000
4,3,12.4,35000
3,3,15,45000
4,3,1,50000
3,2,3.3,25000
2,1,4,28000
3,3,1,48000
6,5,1,66700000
4,3,10,20000000
6,5,1,30000000
7,6,2,140000000
5,4,10,27500000
5,4,5,12000000
5,5,1,56000000
4,3,5,9900000
5,4,10,27000000
5,4,10,25000000
6,5,10,24500000
5,4,6,14500000
5,4,10,25500000
5,4,10,25000000
1,3,3,10000000
4,4,5,11000000
4,4,5,11800000
8,8,1,24500000
5,5,1,34000000
7,6,1,52500000
6,5,1,51000000
4,3,3.5,7800000
4,3,3.5,7800000
5,4,10,41000000
6,5,1,73000000
5,4,10,41500000
5,4,10,35200000
3,3,5,13500000
3,3,5,11000000
5,4,10,37000000
4,4,10,18000000
5,4,10,40000000
6,5,1,36500000
3,3,3,4500000
4,4,9,21500000
5,4,10,35500000
7,6,2,119000000
2,2,5,4800000
2,2,4,4500000
6,5,1,47500000
5,4,10,30500000
5,5,1,35000000
5,4,10,27000000
5,4,10,32800000
5,5,6,9700000
5,4,10,41000000
5,4,10,32000000
3,3,3,3500000
5,5,10,37500000
6,5,1,43000000
7,6,1.1,50000000
7,5,1,53000000
5,4,10,33000000
5,4,10,30700000
4,3,5,21800000
5,4,10,29000000
5,4,10,35500000
5,4,10,32500000
7,5,10,15900000
6,5,10,39000000
6,5,10,20000000
5,4,10,29000000
5,4,10,33000000
8,6,1,52500000
5,4,10,30000000
6,5,1,35000000
5,4,9,24500000
5,4,10,21000000
3,3,5,13500000
1,2,3,7500000
5,5,1,67000000
6,5,1,40000000
2,3,5,6500000
6,5,1,42500000
4,3,2,7200000
4,4,7,23000000
6,5,1,25000000
7,6,2,110000000
7,5,1,33500000
5,4,10,38000000
5,4,10,30500000
5,4,7,24000000
6,5,8,25000000
5,5,10,17500000
3,3,9.6,45000
0,3,16,65000
0,2,8,40000
0,6,16,110000
0,3,6,28000
0,2,4.8,25000
0,2,2.4,18000
3,3,7.1,85000
4,4,5.4,22000
3,3,12,55000
3,3,12,55000
2,2,4.8,30000
2,2,4.8,30000
4,3,14.2,230000
3,3,9.6,50000
0,4,16,70000
0,3,8,40000
3,3,6.8,40000
3,3,7.6,70000
3,3,9.8,70000
3,3,8,55000
3,3,6,80000
3,4,3.2,4000000
3,2,4,16000000
0,0,4.8,14000000
3,3,4.9,4200000
2,3,3.8,4200000
2,4,4.9,4500000
2,4,3.8,4000000
4,4,4.8,45000000
3,3,5.8,9500000
3,3,5.3,8000000
5,5,5,17500000
6,4,5,10500000
7,6,1,45500000
6,4,5,9500000
0,0,4,6300000
6,5,8,16000000
4,3,11,22000000
3,2,8,42000
3,2,8,45000
4,4,8,100000
3,3,10,55000
3,2,5,16000
4,4,12,38000
2,2,10,25000
3,3,1,40000
6,5,8,55000
2,2,4,40000
3,2,4,3500000
1,1,2.5,3100000
2,2,3.9,1313000
2,2,4.9,9900000
6,4,10,16000000
6,5,5,10500000
6,6,1.4,90000000
6,6,5,470000000
5,5,4,350000000
6,6,0.2,300000000
4,4,10,6600000
9,9,1,35000000
0,0,5,6000000
7,6,8,26500000
5,5,12,14500000
7,7,1,160000000
4,3,10.4,16500000
0,5,14,22500000
4,4,5,9000000
2,2,5.7,9200000
2,2,4,5000000
3,2,5,5000000
4,4,10,16500000
5,8,5,14000000
5,6,5,5000000
4,4,5,6800000
5,5,2,45000000
7,7,1.5,120000000
8,8,1.7,35000000
5,5,10,30000000
6,5,7,15000000
5,5,7,14000000
3,3,5,11500000
1,1,2.7,2500000
0,0,5,30000
0,0,3,22000
0,0,10,62000
3,3,5,35000
1,1,2,19000
3,3,12,26000
6,4,5,60000
2,2,10,42000
6,6,1.5,150000
3,3,8,50000
6,6,1.1,200000
6,6,1.5,200000
7,6,13.8,46000
3,4,1,30000
2,2,4.4,26000
1,1,2.7,23000
5,5,10,55000
2,4,1,40000
7,6,1,82500000
3,2,1,32000000
6,5,13,29000000
3,3,3,13000000
3,3,3,6000000
3,3,5,12000000
3,3,3,6500000
4,4,3,6000000
3,3,3,6000000
3,3,3,6000000
6,5,1.2,49000000
3,3,3,6500000
2,2,2,3200000
6,5,1,55000000
4,4,2,5000000
8,7,2,85000000
4,4,11,16000000
7,7,1.2,27500000
6,5,12,25500000
5,4,8,18000000
5,5,12,26000000
6,5,1,55000000
7,6,1,57000000
7,5,1,44000000
5,4,10,38000000
7,6,1,90000000
3,3,10,13000000
3,3,10,13500000
7,5,1,32500000
4,3,7,15000000
3,3,10,21000000
7,5,1,31000000
7,5,1,31500000
7,5,1,31000000
4,3,3,5500000
7,5,1,35500000
3,3,3,6500000
5,3,5,14500000
6,5,1,39900000
6,8,11,27000000
4,3,5,13500000
5,4,10,26500000
3,2,5,7400000
4,3,5,9500000
7,6,1,59900000
0,0,4,6000000
6,5,1,75000000
6,5,1,55000000
6,5,1,70000000
3,6,5,17500000
6,3,5,11700000
4,4,11,16500000
5,4,10,21000000
5,5,10,18500000
6,6,10,17500000
7,6,2,85000000
6,3,8,140000000
4,3,4,9800000
2,2,2,7000000
4,4,8,12600000
0,0,11,27000000
4,3,5,8700000
2,2,4,5500000
1,1,2.4,3350000
0,3,11,12000000
3,2,6,5000000
5,5,8,12000000
6,5,5,11000000
2,2,3,3400000
3,4,5.5,4800000
3,2,6,7000000
2,2,4.4,7100000
1,2,4,2800000
2,2,4.2,6500000
2,2,2.4,1850000
3,3,11.4,33000000
5,5,10,20000000
3,3,8.4,11200000
3,3,9.6,40000
3,3,4.9,65000
3,2,12,75000
3,3,9.8,90000
6,5,1,225000
5,4,10,180000
3,3,16,60000
4,4,13.1,40000
3,3,10,56000
2,2,5.2,8250000
3,3,5,14000000
3,4,3.4,9500000
6,6,1,102500000
6,6,4.8,13000000
3,3,8.9,33500000
2,2,4.2,13000000
2,2,4.4,15000000
3,3,8.9,26000000
3,3,8.9,35000000
2,3,2.4,3000000
3,10,4.8,18000000
3,3,4.9,13500000
7,6,9.6,45000000
3,3,5.6,11000000
2,2,6.4,9600000
7,8,9.6,42500000
3,3,6.1,12000000
3,3,5.6,8500000
3,3,6.8,15000000
8,5,1,10000000
3,3,2,5500000
2,4,4.8,5500000
3,3,5.8,9500000
2,2,4.2,7800000
2,2,4.2,7800000
2,2,4.2,7800000
2,2,4.2,7800000
2,2,4.2,7800000
2,2,4.2,7800000
2,2,4.2,7800000
2,2,4.2,7800000
2,2,4.2,7800000
2,2,4.2,7800000
2,2,4.2,7800000
2,2,4.2,7800000
2,2,4.2,7800000
2,2,4.2,7800000
2,3,3.1,3200000
2,2,4.2,7800000
2,2,4.2,7800000
2,2,4.2,7800000
2,2,4.2,7800000
2,2,4.2,7800000
2,2,4.2,7800000
2,2,4.2,7800000
2,2,4.2,7800000
2,2,4.2,7800000
2,2,4.2,7800000
2,2,4.2,7800000
2,2,4.2,7800000
2,2,4.2,7800000
2,2,4.2,7800000
2,2,4.2,7800000
2,2,4.2,7800000
2,2,3.6,5500000
1,2,4.3,2300000
3,5,5.8,8000000
5,5,12,40000000
5,4,4.8,13000000
5,7,9.9,17500000
3,3,6,12500000
2,2,4.2,9000000
4,4,7.6,75000
2,2,1.1,50000
0,0,1,250000
7,6,1,80000
3,3,10,42000
2,2,7,38000
2,2,7,45000
3,3,12,70000
4,4,7,80000
2,2,5.6,30000
3,3,13,60000
4,4,12,130000
0,0,4.4,14000
3,2,5.8,25000
3,3,12,50000
4,4,1,200000
5,3,1,57000
2,2,6.2,44000
3,3,1,70000
4,3,1,40000
4,3,1,42000
4,3,1,45000
5,4,1,45000
3,3,1.3,90000
7,6,1,90000
4,4,1,90000
5,5,2.2,125000
3,4,6,58000
3,4,6,55000
3,3,6,32000
2,2,5,33000
4,3,1.3,90000
7,6,18,180000
6,5,1.2,200000
0,1,3.1,5850000
4,4,8,29000000
4,5,14,39900000
3,3,5,22000000
4,5,9,29900000
5,5,10,27500000
6,6,10,35000000
6,6,6,25000000
3,3,6,25000000
6,6,10,20000000
1,1,2.7,5198000
4,6,6.5,20000000
6,4,5,11000000
4,3,5,13500000
7,7,7,4500000
2,2,7,40000000
5,4,7,26000000
2,2,5,5500000
5,4,7,25500000
2,2,4,5500000
4,4,5,9500000
8,6,9.3,16000000
2,2,4.4,38000
5,5,10,55000
7,6,14.2,75000
2,2,10,33000
5,5,12,70000
2,1,4,43000
8,8,1,180000
3,2,10,33000
3,3,8,40000
2,2,7,23000
3,2,5,20000
5,4,10,26500000
4,4,10,20000000
5,5,10,22500000
3,3,3,4800000
4,4,5,7000000
3,3,5,10000000
6,5,10,18800000
6,5,10,20000000
6,5,10,19800000
6,5,1,46000000
7,5,1,55000000
7,5,1,58500000
7,5,1,52000000
8,7,2,150000000
6,5,1,46500000
6,5,1,40000000
6,5,5,12500000
3,2,4,3500000
6,5,1,41500000
6,6,1,55000000
4,3,5,17000000
7,5,1,42000000
6,5,1,52000000
7,5,1,45000000
5,4,10,17000000
2,2,2.7,6700000
5,4,5,13500000
2,2,2.6,5600000
1,1,1.6,3400000
1,1,1.8,3900000
6,5,1,48900000
0,0,5,6200000
3,3,1.1,35000000
6,5,1,46500000
5,4,5,12500000
4,4,4,42500000
6,5,1,82500000
6,5,1,70000000
4,3,5,11500000
7,5,2,85000000
7,5,1,50000000
7,5,2,175000000
5,4,10,31000000
4,3,5,14500000
4,3,5,12500000
4,4,5,8500000
0,0,2,115000000
4,3,5,11600000
6,5,2,155000000
2,2,2.5,3500000
7,6,1,37000000
4,3,12,185000
3,3,2,120000
3,2,4.2,36000
3,2,4.7,32000
2,2,2.2,48000
2,2,5.3,55000
2,2,3.8,17500
3,3,6.2,35000
0,0,5.3,110000
3,3,8,38000
0,0,5.1,50000
2,2,3.3,18000
2,4,4.4,22500
3,4,6.2,40000
3,3,1,110000
3,3,5.6,45000
3,3,9.6,60000
3,2,4.8,20000
2,2,4.9,35000
3,3,6.7,50000
4,3,1.2,70000
6,5,15.6,110000000
5,4,1,135000000
4,3,8,9500000
3,5,6.2,9000000
3,5,7.6,10000000
3,5,7.1,9000000
3,3,5,13000000
3,3,5.3,10000000
2,2,4.4,9000000
2,2,4.7,8500000
2,2,4.2,8000000
0,2,4,5700000
0,2,4,7600000
0,2,3.1,4200000
0,3,5.8,8500000
0,3,5.3,8500000
0,2,4,7000000
0,0,8,14000000
0,3,7.1,23000000
0,4,9.8,30000000
0,0,1.2,170000000
0,0,16,35000000
0,4,11,30000000
0,3,8,11000000
0,3,9.6,8500000
0,3,5.1,7500000
0,2,3.6,5000000
0,2,3.6,4500000
0,2,4.7,5500000
0,2,3.3,3500000
0,2,3.3,3500000
0,2,3.3,2700000
0,2,3.3,3200000
3,3,6.7,12000000
7,6,11.5,33500000
2,2,4,7500000
3,3,5,9400000
0,0,8,56000000
2,2,4,7000000
2,2,2.9,3200000
4,3,12,36000000
2,2,4.2,8000000
5,4,4,13500000
0,2,2.4,3000000
0,2,2.4,3000000
0,2,2.4,4000000
0,2,2.4,3800000
0,3,2.8,5000000
0,3,2.8,5000000
0,3,4.8,5500000
0,3,4.8,5800000
0,3,4.8,10000000
0,3,4.8,10000000
0,0,4.8,24500000
0,0,4.8,17000000
0,0,4.8,14000000
0,0,4.8,13000000
0,0,4.8,24000000
0,0,4.8,19000000
0,0,10,42500000
0,0,4.8,15000000
0,0,4.8,7000000
0,0,4.8,7000000
0,3,7.1,12000000
0,5,1.3,115000000
0,2,4.2,8500000
0,2,4.6,7000000
0,3,7.1,9000000
0,3,7.1,11000000
0,0,9.6,5500000
4,5,4.8,7000000
0,3,8,21500000
0,6,9.6,30000000
0,3,8,20500000
4,3,12,40500000
3,3,6.4,17500000
3,3,16,42500000
8,6,12,23000000
6,4,6.7,12000000
2,2,3.1,3500000
2,2,5.3,7500000
5,5,8,18500000
6,5,8,27000000
2,2,9,35000
2,2,7,45000
2,3,10,55000
5,5,1,225000
3,2,10,40000
1,1,5.3,40000
1,1,1.9,23000
1,1,1.3,13000
1,1,2.2,20000
3,3,8,27000
2,2,6,42000
2,2,5,41000
6,6,12,140000
0,2,3.9,25500
3,3,5.6,36000
2,2,4,47000
3,3,1,45000
6,6,1.3,250000
2,2,6.8,26000
1,1,4.8,22000
3,3,9.1,35000
1,1,3.5,17000
2,2,3.1,16000
3,2,10,45000
2,2,12,50000
3,3,1,70000
5,5,8,100000
3,3,12,43000
7,5,7,75000
7,5,7,75000
2,2,6,35000
5,8,6,68000
3,3,1,95000
1,1,2.3,27000
3,3,14,55000
2,2,6,40000
3,3,8,40000
2,2,7,40000
4,4,8,78000
3,3,10,53000
3,3,1,60000
6,5,6,92000
3,3,5,30000
2,2,4,30000
4,3,1,85000
2,2,6,35000
4,4,6,90000
3,2,12,45000
3,3,10,45000
3,3,1,140000
3,2,10,45000
4,4,10,15000000
5,5,10,20000000
0,0,4.4,16500000
7,7,14,45000000
0,3,6.7,5000000
0,5,5,16000000
4,5,5,13000000
4,3,8,8600000
5,4,4.4,13800000
5,5,5,13800000
1,1,2.5,4200000
4,4,4.4,13600000
7,5,8,23000000
0,6,1,60000000
4,4,5,10000000
6,6,6,12000000
6,6,6,12000000
4,4,5,7500000
5,4,10,14000000
6,6,6,12000000
2,2,4,7080000
3,2,10,28000
0,0,5,27000
0,4,7,17500
0,0,2.5,18000
0,0,10,28000
1,2,3,13000
3,3,1,22000
2,2,10,42000
3,2,6,30000
3,2,6,25000
2,2,5.3,43000
3,3,10,30000
2,2,10,27000
5,5,14,80000
2,2,10,22000
3,3,1,45000
3,3,10,45000
3,3,10,45000
5,5,1,90000
3,3,11.1,35000
3,3,11.1,35000
5,5,5,11800000
5,4,10,25000000
3,2,1,28500000
5,3,5,13000000
4,2,2.7,5500000
3,3,10,19000000
6,5,10,23000000
7,5,10,20000000
8,7,1,25000000
5,5,10,15000000
5,4,10,34000000
7,6,1,33000000
3,3,3,3800000
7,6,2,125000000
6,5,1,46000000
3,3,5,11800000
6,5,1,55000000
5,6,11,22000000
1,1,2.4,6408000
4,4,5,20000000
7,5,1,74000000
6,5,1,34000000
4,4,7,22500000
7,5,1,49500000
6,6,10,24000000
1,1,2.3,5200000
6,5,1,38000000
6,5,1,42500000
6,5,1,45000000
3,3,2,4500000
6,5,1,48000000
5,4,10,25000000
3,5,5,11000000
3,3,3,5750000
2,2,3,5750000
4,3,5,13500000
6,10,1,30000000
5,4,10,32000000
6,5,2,200000000
4,3,5,9000000
2,2,3.4,9120000
2,2,4.2,11200000
4,3,5,9000000
1,1,2.6,7044000
5,4,8,14000000
2,2,2,6000000
4,3,7,14000000
3,2,5,8700000
5,3,7,15500000
4,3,5,11000000
7,4,7,15000000
0,0,2,250000000
6,4,5,11500000
2,2,4.2,40000
4,3,10.2,55000
3,3,16,65000
0,0,5,28000
2,2,4.8,28000
0,2,4.8,20000
0,2,4.8,22000
0,2,4.8,22000
0,2,4.8,14000
0,2,4.8,16000
0,3,8,37000
0,4,16,50000
0,3,6.2,27000
3,3,9.6,45000
2,2,4.2,20000
3,0,1.2,115000
2,2,4,15000
2,2,4.4,35000
2,2,4,35000
3,3,4.8,15000000
0,0,1.6,240000000
4,4,12,65000000
3,3,8,17500000
0,6,9.6,31000000
0,4,4.8,20000000
0,4,4.8,17000000
0,3,5.1,8500000
0,3,4.8,14000000
0,4,16,27000000
0,6,9.6,31000000
0,4,4.8,20000000
0,4,4.8,17000000
0,3,5.3,11000000
0,3,8,11500000
0,0,8.7,13000000
0,0,8.7,13000000
5,4,14,55000000
0,0,5.4,7300000
0,0,5.4,7300000
3,3,7.1,15500000
4,4,14,56000000
5,3,10,50000000
5,5,1,72000000
3,3,9.4,9300000
0,3,4.6,7000000
0,3,4.6,7500000
0,2,3.6,4500000
0,3,6.2,5000000
0,3,6.2,5000000
3,2,3.8,6500000
3,2,3.8,6500000
0,2,4.4,5500000
0,2,2.9,2500000
0,2,2.9,2500000
0,2,4.4,5500000
0,2,4.4,5500000
0,2,2.9,2500000
0,2,2.9,2500000
0,2,4.4,5500000
0,2,4.4,5500000
0,2,2.9,2500000
0,2,2.9,2500000
0,2,2.9,2500000
7,6,18,46500000
4,2,5,11000000
3,2,4.4,5800000
5,6,4.3,14000000
4,3,12,32500000
0,0,16,52500000
0,0,4.8,14000000
4,3,8,24000000
6,5,6,16000000
5,3,4,9500000
6,6,8,25000000
2,2,4,6500000
2,3,4.2,6000000
0,0,4.4,7000000
3,3,9.6,35000000
2,2,3.6,4200000
2,2,5.1,10000000
3,3,7.6,25000000
4,3,12,37500000
3,3,6,16500000
2,2,1.6,2400000
3,3,4.4,8000000
3,3,4.8,9900000
0,0,2.9,5800000
2,2,4.7,8500000
3,2,4.9,7500000
2,2,6,10800000
2,2,4.8,8800000
3,3,5.6,7500000
4,3,10,39500000
0,0,9,68000000
5,4,4.8,21000000
0,0,3.6,6500000
4,4,4.8,17000000
6,6,1,112500000
3,3,6,14500000
0,0,9.6,39500000
5,4,10,17000000
6,6,1,32500000
4,4,4.4,16000000
3,3,5,3000000
3,3,5,11000000
3,2,3.3,14000
2,2,6,39000
0,0,4,22000
0,0,4,45000
3,3,1,46000
0,0,7,36000
6,5,7,60000
2,2,2.7,32000
0,0,1,37000
0,0,1,55000
0,0,12,50000
2,3,8,50000
6,6,1,120000
2,2,4,27000
2,2,8,110000
6,5,8,65000
9,9,14,135000
3,3,1.6,110000
3,2,10,35000
2,2,8,28000
3,3,1,45000
3,3,1,75000
2,2,1,25000
2,2,8,22000
4,3,1,80000
4,4,14,42000
1,2,5,25000
4,4,12,62000
4,3,1,45000
4,4,1,75000
3,3,14.2,40000
0,0,1.1,55000000
0,0,1.1,60000000
0,0,1,55000000
0,0,7,20000000
5,4,5,9500000
5,4,5,8500000
3,3,10.7,10500000
8,8,15,26000000
5,4,5,9500000
6,5,1,30000000
5,4,5,8500000
0,0,7,6200000
6,5,10,22000000
4,5,10,20000000
0,0,7.9,12500000
4,4,6,12000000
4,3,10,45000
0,0,10.7,47000
6,5,10,85000
3,4,10,40000
4,5,10,35000
2,2,10,42000
3,3,10,38000
3,3,11,60000
1,2,5,19000
2,2,3.6,43000
2,2,3.6,37000
2,2,1,42000
1,1,2.4,23000
1,2,2.7,3000000
6,4,5,13000000
5,5,5.5,13000000
4,4,6,14500000
6,6,8,16200000
4,5,5,7500000
5,5,1,45000000
4,4,1,41500000
3,3,3,4000000
3,3,5,8600000
5,4,10,22000000
4,4,10,27500000
4,3,6,12200000
6,6,2,217500000
7,5,12,29000000
6,5,9,28000000
5,4,10,31000000
7,5,10,24000000
5,4,11,27500000
3,3,3.2,8000000
5,5,5,14500000
5,5,6,20000000
3,3,5,9500000
3,3,2,5000000
2,2,2.8,2800000
1,1,1.8,2000000
8,7,1,50000000
6,6,10,22500000
3,3,5,10500000
5,5,10,25000000
4,4,10,22000000
4,4,10,22500000
1,1,1.3,3800000
3,4,11,22500000
3,4,1,25000000
3,4,1,24500000
7,6,7,15000000
3,4,1,23000000
2,4,5,9000000
0,2,2.4,30000
3,3,7.2,40000
0,0,8,70000
3,3,16,50000
3,3,1,105000
2,2,5.3,25000
3,3,8,65000
3,3,8,65000
3,3,1,110000
2,2,4.7,50000
5,4,2,200000
3,3,1,65000
7,6,2,350000
4,4,9.8,110000
5,5,1.3,250000
2,0,2.2,24000
2,2,2,15000
3,3,4,20000
3,4,5.4,25000
0,3,5.8,32000
0,0,4.8,22000
0,2,4.8,15000
0,0,2.4,15000
0,3,8,70000
0,0,4.8,23000
0,0,4.8,20000
0,2,1.6,25000
0,0,4.8,20000
0,0,4.8,23000
3,3,4,32000
2,2,4.9,40000
2,0,4.8,20000
2,1,2.2,30000
2,2,4.2,22000
2,2,4,27000
2,2,4.2,40000
4,4,1,150000
0,0,4.7,30000
3,3,7.1,17500000
2,2,4.9,8500000
2,2,4.2,5800000
2,2,4.2,6500000
0,0,5.6,8000000
3,3,6,10000000
2,2,3.8,7000000
2,2,5.6,7000000
3,3,6.2,11500000
3,3,10,12500000
3,2,4.8,13000000
2,2,4.8,6500000
3,3,6.4,14000000
2,2,4.2,5950000
3,3,6.9,12700000
2,0,3.8,3500000
2,2,4.2,6675000
3,3,7.1,12000000
2,2,4.2,5600000
2,2,4,5700000
2,0,4.2,5700000
2,2,3.2,7000000
2,2,4.2,6100000
7,5,1.2,10500000
2,2,3.1,3700000
6,6,10.4,30000000
2,2,4,5000000
2,2,3.1,5500000
1,1,2.4,3000000
3,3,4.3,7500000
3,3,8,11000000
3,3,6,14000000
3,3,9.6,17500000
3,3,8,14000000
3,3,8,14200000
3,3,8,14400000
3,3,8,14600000
3,3,8,14800000
3,3,8,15000000
3,3,8,15200000
3,3,8,15400000
3,3,8,15400000
3,3,8,15000000
3,3,6,15500000
3,3,6,15700000
3,3,6,15900000
3,3,6,15900000
3,3,6,16000000
2,2,4.2,5800000
2,2,4.2,7100000
2,2,4.2,6000000
2,2,4.2,6200000
2,2,4.2,7000000
3,3,10,11000000
3,3,10,11200000
3,3,10,11400000
3,3,10,11600000
3,3,10,11800000
3,3,10,12000000
2,2,4.2,6900000
2,2,4.2,6800000
2,2,4.2,6700000
2,2,4.2,6600000
0,2,4,5000000
0,2,2.7,2200000
0,2,2.7,2500000
0,2,4.4,6500000
0,0,4.4,6500000
2,2,4.2,6500000
2,2,4.2,6400000
2,2,4.2,6300000
3,3,8,22700000
2,2,4.2,6200000
3,3,8,22500000
3,3,8,22000000
3,3,8,21500000
3,3,8,21000000
3,3,8,20500000
3,3,8,20000000
3,3,8,19700000
3,3,8,19500000
3,3,8,19000000
3,3,9.6,14800000
3,3,9.6,14600000
3,3,9.6,14000000
3,3,9.6,13700000
3,3,9.6,13400000
3,3,9.6,13000000
2,2,4.2,7300000
2,2,4.2,7300000
2,2,4.2,7000000
2,2,4.2,6800000
2,2,4.2,6500000
2,2,4.2,6000000
3,3,8,20500000
3,3,8,20000000
3,3,6,16000000
3,3,6,15500000
3,3,6,15000000
2,2,4.2,7600000
2,2,4.2,6000000
2,2,4.2,7200000
3,3,6.1,15400000
3,3,6.1,15300000
3,3,6.1,15200000
6,6,1,32500000
6,5,1.3,95000000
5,5,1,75000000
6,6,1.3,87500000
2,2,5,7000000
1,1,2.7,2550000
7,6,8,21000000
6,6,1.1,75000000
5,5,9.3,45500000
0,0,11,40000000
4,5,8,14500000
5,4,5,18000000
7,6,1,175000000
5,4,10,26500000
6,5,10,14000000
6,5,10,15000000
1,1,2.9,5635000
6,6,14,39900000
4,4,7,13000000
6,5,1,42500000
5,4,10,28000000
5,4,10,28000000
5,4,10,28000000
5,4,10,28000000
5,4,10,28000000
5,4,10,28000000
5,4,10,28000000
5,4,10,28000000
5,4,10,28000000
5,4,10,28000000
5,4,10,28000000
5,4,10,28000000
5,4,10,28000000
5,4,10,28000000
5,4,10,28000000
5,4,10,28000000
5,4,10,28000000
5,4,10,28000000
5,4,10,28000000
5,4,10,28000000
5,6,1,250000
6,5,10,140000
2,2,10,50000
2,3,4,50000
2,2,5,33000
4,3,1.3,80000
1,1,5.3,50000
5,5,1,200000
5,5,1,250000
3,2,8,40000
4,3,10.9,45000
3,1,8,5000
2,2,4.4,27000
2,3,10,55000
2,2,10,50000
4,3,10,90000
3,3,10,28000
4,4,1,60000
4,4,4,7500000
3,3,9,12500000
0,0,12,20000000
0,0,5,10000000
0,5,10,26500000
0,4,3,14000000
0,0,19,76000000
0,5,7,15500000
0,0,5,9000000
0,0,5,9000000
0,3,10,13500000
5,4,7,15000000
7,6,10,15000000
6,7,10,9500000
2,2,5,4700000
3,2,6,5500000
7,7,10,22500000
6,4,5,8500000
2,2,3,3300000
4,4,5,8000000
6,6,5,7500000
6,4,5,8500000
3,3,5,6800000
2,2,5,5000000
7,7,10,22500000
3,3,4,4500000
0,0,5,35000
0,0,5,25000
0,0,5,25000
0,0,5,25000
0,0,5,25000
0,0,5,25000
2,1,4,45000
1,2,3,15000
4,4,1,90000
3,3,10,45000
3,3,1,60000
4,4,1,45000
5,5,11,80000
3,3,12,38000
6,5,12,68000
3,2,7,25000
3,4,1,24000000
3,4,1,25000000
2,4,3,4450000
3,3,10,13600000
3,3,10,14000000
3,3,10,14500000
3,3,10,19500000
4,3,5,12200000
4,3,5,12200000
5,5,10,32500000
3,3,5,11500000
3,3,5,11500000
3,3,5,11500000
3,3,5,11500000
3,3,5,11500000
3,3,5,12500000
3,3,5,11000000
3,3,5,11000000
3,3,5,10600000
3,3,3,8800000
4,4,7,16500000
4,4,5,13000000
4,4,7,14000000
4,4,7,16000000
7,5,10,15500000
7,5,10,16000000
7,5,10,18000000
7,5,10,16000000
7,5,10,17000000
5,5,10,21000000
5,5,1,29000000
5,5,10,25000000
3,3,6.1,15100000
3,3,6.1,15000000
0,4,4.8,7000000
0,4,4.8,7000000
0,0,4.8,7500000
0,2,4.8,6000000
0,2,4.8,5500000
0,4,4.8,8000000
0,3,4.8,10000000
0,2,4.8,5500000
0,3,4.8,6500000
0,3,4.8,6500000
0,0,4.8,7000000
0,0,1.2,110000000
3,3,6.1,14900000
3,3,6.1,14800000
3,3,6.1,14700000
3,3,6.1,14600000
3,3,6.1,14500000
2,2,3.1,4500000
2,2,8,8500000
2,2,1,85000
3,3,4.4,32000
7,5,4,900000
6,7,2,500000
3,3,6.4,55000
3,3,12,45000
2,2,2.9,16000
2,2,1,95000
3,2,11,70000
4,4,11.2,65000
2,2,4.2,32000
4,3,12,55000
3,3,8,20900000
3,3,8,20800000
3,3,8,20700000
3,3,9.3,27000000
3,3,8,20600000
3,3,8,20500000
3,3,8,20400000
3,3,8,20300000
3,3,8,20200000
3,3,8,20100000
3,3,5.6,8000000
3,3,8,20000000
2,2,4.2,6000000
3,3,8,14300000
3,3,8,14200000
2,2,4,6500000
3,3,8,14400000
3,3,6.9,10000000
3,3,8,14100000
3,3,6.9,12500000
3,3,8,13900000
3,3,8,14000000
3,3,8,13800000
3,2,3,5500000
0,2,3,4800000
0,2,3,4800000
0,2,3,5000000
0,4,10,15000000
0,2,5.6,10000000
3,3,8,13700000
3,3,8,13600000
3,3,8,13500000
0,2,4.8,16500000
0,6,7.2,22500000
0,3,4.8,12000000
0,2,4.8,11500000
0,3,9.6,24000000
0,3,9.6,27500000
0,3,9.6,25000000
0,6,9.6,29000000
0,6,9,36500000
0,6,12,37500000
0,4,4.8,14500000
0,6,2.4,10500000
0,4,4.8,16000000
0,4,4.8,14000000
0,4,5.1,12500000
0,2,4.8,13500000
0,4,4.8,16000000
0,2,2.9,4500000
0,2,4.4,6000000
0,4,6.4,15000000
0,6,9.6,35000000
0,6,12,36500000
0,6,16,47000000
0,6,16,50000000
0,6,16,50000000
0,4,1.2,55000000
0,6,1.2,62500000
3,3,8,20000000
3,3,6.1,13500000
3,3,6,14500000
3,3,8,13500000
3,3,8,14000000
3,3,8,15000000
3,3,5,8500000
3,3,8,14500000
3,3,5,9200000
3,3,5,10500000
3,3,8,20000000
3,3,8,21000000
3,3,5,11500000
3,3,8,14000000
3,3,8,13000000
3,3,8,9500000
3,3,8,11500000
3,3,8,9000000
3,3,8,10500000
3,3,14,17000000
3,3,14,16000000
3,3,6,14000000
3,3,10,22400000
3,3,10,22300000
3,3,10,22200000
3,3,6,14100000
3,3,10,21500000
3,3,6,14200000
3,3,6,14300000
3,3,6,14400000
3,3,6,14500000
3,3,6,14600000
3,3,6,14700000
3,3,6,14800000
3,3,6,14900000
3,3,6,15000000
3,3,8,12100000
5,4,10,28000000
5,4,10,28000000
5,4,10,28000000
5,4,10,28000000
5,4,10,28000000
5,4,10,28000000
3,3,5,14000000
3,3,5,14000000
3,3,5,14000000
3,3,5,14000000
3,3,5,14000000
3,3,5,14000000
3,3,5,14000000
3,3,5,14000000
3,3,5,14000000
3,3,5,14000000
3,3,5,14000000
3,3,5,14000000
3,3,5,14000000
0,4,6.7,14500000
0,0,9.3,18500000
0,0,5.6,21000000
0,0,8,31500000
0,0,4.2,2800000
0,0,2,170000000
0,0,1.8,170000000
0,0,1.2,115000000
0,0,5,8000000
0,0,5,5200000
3,3,7.9,35000
0,0,1,100000
4,4,1.1,250000
3,3,1.3,95000
6,5,1,95000
4,4,1,250000
4,3,10.9,50000
2,2,7,43000
3,3,5,55000
2,2,8,45000
3,2,8,37000
0,0,2,600000
0,0,1.3,400000
0,0,2,700000
0,0,1.3,400000
4,3,1,65000
2,2,4,30000
0,0,1.3,500000
0,0,2,700000
0,0,1,350000
0,0,3,4500000
0,0,2.5,3000000
0,4,7,11500000
0,0,2.5,2800000
3,2,5,5500000
3,3,5,10500000
4,5,7,14500000
7,7,1.3,67500000
2,2,3.5,2300000
2,2,3.5,2300000
0,0,13,17000000
0,0,10,13000000
6,7,1,19800000
3,3,10.7,13000000
3,3,10,8000000
2,2,10,7500000
0,5,11,25000000
0,7,16,27000000
0,4,17,26000000
0,5,10,22500000
5,3,11,23500000
3,3,5,5600000
0,1,3.6,7500000
0,1,3.6,7500000
2,2,2.7,18000
0,0,10,50000
2,2,7,27000
5,5,5,12500000
5,5,10,21500000
5,5,5,13000000
5,5,10,22500000
5,5,10,21000000
5,5,10,27500000
5,5,1,35000000
4,3,9,17500000
5,5,1,50000000
4,4,5,12000000
5,4,7.5,17500000
5,4,9,17500000
5,4,7.5,16500000
5,5,12,27500000
3,3,5,12000000
3,3,5,10800000
5,5,5,14500000
3,3,5,12000000
3,3,3,8700000
5,5,1,55000000
8,7,1,42500000
7,5,10,18000000
3,3,1,2600000
0,0,10,18000000
1,1,2.4,5000000
1,1,3.2,6200000
2,2,5.3,9600000
2,2,6.2,11200000
1,1,2.3,4500000
2,2,2.2,2800000
1,1,2.2,3200000
1,1,1.2,1700000
1,1,1.2,1800000
3,3,4,7200000
3,3,5,9000000
4,4,5,7500000
2,2,2,3200000
2,2,4,3100000
1,1,2.3,5800000
2,2,8.5,20600000
4,3,5,20000000
3,3,10,12500000
3,3,10,11500000
4,4,1,33000000
3,3,10,19500000
4,4,10,23000000
2,2,10,30000000
4,4,13,28000000
0,3,3,5500000
0,4,8,15000000
0,4,10,16000000
5,5,1,30000000
7,5,1,38500000
3,3,8,12200000
3,3,8,12300000
3,3,8,12400000
3,3,8,12600000
3,3,8,12700000
3,3,8,12500000
3,3,8,12800000
2,2,4.9,8000000
3,3,10,22000000
3,3,10,21700000
6,6,10,40000000
4,4,4.8,37500000
8,7,9.6,42500000
6,6,9.6,36500000
3,3,4,7000000
3,3,4.8,12000000
6,6,1,95000000
0,2,4.8,16500000
0,6,7.2,22500000
0,3,4.8,12000000
0,2,4.8,11500000
0,3,9.6,24000000
0,3,9.6,27500000
0,3,9.6,25000000
0,6,9.6,29000000
0,6,9,36500000
0,6,12,37500000
0,4,4.8,14500000
0,6,2.4,10500000
0,4,4.8,16000000
0,4,4.8,14000000
0,4,5.1,12500000
0,2,4.8,13500000
0,4,4.8,16000000
0,2,2.9,4500000
0,2,4.4,6000000
0,4,6.4,15000000
0,6,9.6,35000000
0,6,12,36500000
0,6,16,47000000
0,6,16,50000000
0,6,16,50000000
0,4,1.2,55000000
0,6,1.2,62500000
0,2,4.8,8000000
2,2,4,6500000
6,6,1,95000000
5,5,4.8,12000000
6,6,1,95000000
3,3,7.6,10000000
6,6,9.6,32500000
2,3,8,12000000
3,3,10,12000000
2,2,4.9,5000000
3,3,8,9000000
3,3,8,12500000
4,4,14,14500000
8,7,12,75000000
2,2,4,5500000
4,4,3.2,9500000
5,5,13.1,60000000
3,3,7.6,13000000
3,3,8.9,22000000
2,2,5.3,12000000
3,3,8.9,23000000
3,3,8,12500000
3,3,8,13500000
2,2,4.4,13000000
6,6,10,45000000
0,2,4.8,22000
0,2,4.8,25000
0,2,4.8,24000
3,3,8,45000
2,2,4,25000
3,3,8,45000
6,6,8,90000
6,6,8,26000000
2,2,4.2,6000000
3,3,6,8500000
2,2,4.9,5300000
2,2,4.2,5800000
3,3,8,12500000
2,2,5.1,5600000
6,6,7.2,26500000
0,0,1.2,180000000
7,7,16,165000000
6,6,12,40000000
6,6,12,42500000
6,6,7.2,26500000
3,3,8,20000000
3,3,11.4,33000000
4,4,16,120000000
2,2,4.7,5300000
2,2,4.8,9000000
4,4,4.8,14500000
2,2,4.8,7000000
3,3,12,15000000
3,3,11.4,27500000
0,6,2,280000000
0,6,2,220000000
0,8,2,200000000
0,10,1.3,120000000
0,12,1.2,110000000
0,4,12,58000000
3,3,11.4,28000000
3,3,11.4,28500000
2,2,5.6,4800000
3,3,8,9500000
2,2,4.2,3800000
3,3,11.4,29000000
3,3,11.4,29500000
3,3,11.4,30000000
3,3,11.4,31000000
3,3,11.4,32000000
3,3,11.4,33000000
7,6,1,114500000
3,3,7.6,25000000
0,0,9.3,45000000
1,1,19.1,2000000
3,3,5,12500000
5,5,1,105000000
3,3,10,11500000
2,2,2.2,6800000
2,2,4.2,6200000
2,2,4.4,15000000
2,2,2.2,6700000
4,4,14,14500000
2,2,2.2,6400000
3,3,8,13500000
3,3,8,6500000
3,3,8,13500000
3,3,8,10000000
0,6,1,175000000
0,5,1,120000000
0,5,1,125000000
0,6,1,130000000
0,6,1,110000000
0,6,1.2,190000000
0,6,1.2,190000000
0,6,1.2,190000000
0,4,1.8,102500000
3,3,8,20000000
3,3,6.1,14500000
3,3,8,46000000
0,0,6.7,43500000
0,2,2.4,6000000
0,7,9.6,42000000
0,2,2.3,5850000
4,4,12,63500000
2,2,4.2,6200000
3,3,8.2,35000000
3,3,8,7200000
3,3,8,16000000
3,3,8,7200000
3,3,8,16500000
3,3,8,16000000
3,3,8,16500000
3,3,8,16500000
5,4,9.3,17500000
3,4,5,14500000
2,2,3.5,3200000
6,6,14.2,40000000
7,7,1,80000000
0,0,1.9,185000000
9,9,1.4,42500000
10,10,1.2,32500000
4,4,4,50000
4,3,7,25000
0,0,1,300000
2,2,7,20000
0,0,2,850000
0,0,1.3,550000
5,4,5,38000
0,0,1.3,680000
0,0,2,900000
6,6,1,150000
2,2,8,62000
4,3,10.7,120000
3,3,1.2,75000
3,3,1.6,105000
2,2,1.1,50000
2,2,5,25000
3,3,1,45000
5,5,13.3,130000
5,5,13.3,135000
4,3,1,45000
0,0,3,3500000
0,0,7,3500000
3,3,4,4500000
2,1,4.1,9500000
0,5,10,25000000
0,1,3.7,9000000
4,4,1,35000000
6,5,7,14500000
3,3,10.7,15000000
3,3,5,950000
5,5,7,13200000
0,0,3,5500000
0,0,3,2700000
0,0,2,2200000
0,0,4,3000000
0,0,3,2700000
0,0,2.5,2200000
0,0,3,2200000
0,0,4,2500000
0,0,6,4000000
0,0,5,3800000
0,0,5,3800000
1,1,3.8,50000
2,2,6,65000
2,1,3.8,45000
0,2,10,35000
0,5,10,70000
0,4,1,50000
0,7,1.5,50000
0,3,1,55000
0,6,1.3,75000
0,1,3.8,45000
0,2,10,37000
0,0,2.4,32000
0,4,1,140000
0,5,10,65000
0,6,1.2,50000
0,3,1,55000
0,5,10,65000
0,2,10,30000
0,2,10,33000
0,2,10,32000
0,6,10,70000
0,3,1,55000
4,4,1,60000
4,4,7,45000
4,4,7,46000
4,4,7,48000
4,4,7,50000
4,4,7,40000
4,4,7,45000
4,4,7,48000
2,2,5,24000
2,2,5,23500
2,2,5,23000
4,4,7,50000
4,4,7,49000
2,2,5,24500
4,4,7,48000
4,4,7,45000
4,4,7,50000
4,4,7,49000
4,4,7,48000
2,2,5,25000
4,4,7,45000
4,4,7,50000
2,2,5,23000
2,2,5,23500
2,2,5,24000
2,2,5,24500
2,2,5,25000
2,2,5,26000
2,2,3.5,19000
2,2,3.5,19500
2,2,3.5,20000
2,2,3.5,20500
2,2,3.5,21000
2,2,3.5,21500
4,4,1,20000000
4,4,1,19800000
4,4,1,19700000
4,4,1,19500000
4,4,1,19300000
4,4,1,19200000
4,4,1,19000000
4,4,1,18800000
6,5,10,21500000
4,4,1,18000000
4,4,1,18700000
4,4,1,18200000
4,4,1,18300000
4,4,1,18500000
5,5,10,28000000
5,5,10,25000000
5,5,10,25500000
5,5,10,26500000
5,5,10,24000000
5,5,10,24000000
5,5,10,26000000
4,4,3,8500000
4,5,9,17000000
4,4,1,21200000
4,4,1,21000000
4,4,1,20800000
4,4,1,20700000
4,4,1,20500000
4,4,1,20300000
4,4,1,20200000
3,3,8,16000000
3,3,5,10000000
5,5,10,23500000
6,6,1,32500000
3,3,5,10000000
7,5,1,35000000
3,3,4,6800000
2,2,2,5000000
7,5,1,28500000
5,5,8,12500000
5,5,8,13000000
5,5,8,13500000
5,5,1,32500000
5,5,8,15000000
3,3,4,9000000
3,3,5,8500000
3,3,5,8700000
6,6,1,44000000
3,3,5,9500000
3,3,5,10000000
3,3,5,9000000
3,3,8,16000000
3,3,8,7200000
0,4,16.9,95000000
3,3,8,7200000
2,2,5.1,6100000
3,3,8,16500000
3,3,13.3,40000000
3,3,8,16500000
3,3,8,16500000
3,3,8,35000
3,3,8,35000
3,3,11.4,55000
3,3,11.4,50000
3,3,11.4,55000
3,3,11.4,55000
3,3,11.4,55000
3,3,11.4,55000
3,3,11.4,60000
3,3,11.4,60000
3,3,11.4,60000
3,3,11.4,60000
2,2,4.2,20000
3,3,12.7,65000
3,3,8,7200000
3,3,8,7200000
3,3,8,16500000
3,3,8,16500000
3,3,8,16000000
3,3,8,16000000
3,3,4,40000000
3,3,8,16000000
3,3,8,16000000
3,3,8,16500000
3,3,8,16500000
3,3,8,7200000
3,3,8,7200000
3,3,8,16500000
3,3,8,14000000
3,3,8,16500000
3,3,8,7200000
0,6,2,330000000
0,6,2,330000000
3,3,8,16000000
3,3,8,16500000
3,3,8,7200000
3,3,8,16000000
3,3,8,16500000
3,3,8,16500000
3,3,8,16500000
3,3,8,16000000
3,3,8,7200000
3,3,8,7200000
3,3,8,16500000
2,2,4.2,4700000
3,3,6.7,26000000
2,2,3.3,3900000
5,5,1,85000000
2,2,4.4,10000000
2,2,3.1,3500000
2,3,6,13000000
3,3,7.8,13000000
3,3,7.8,12400000
3,3,7.8,12900000
2,2,4.8,11000000
2,2,4.8,11000000
2,2,4.8,10500000
2,2,4.8,10500000
3,3,8,18000000
3,3,7.8,12200000
3,3,8,18000000
0,6,1,160000000
0,0,12,80000000
3,3,6.4,9200000
6,6,8,19500000
6,6,8,19500000
3,3,7.8,12800000
3,3,7.8,12700000
3,3,7.8,12500000
3,3,7.8,12600000
3,3,7.8,12300000
3,3,6.4,9600000
3,3,6.4,9500000
3,3,7.8,12100000
3,3,7.8,12000000
3,3,6.4,10000000
3,3,6.4,9300000
3,3,6.4,9800000
2,2,6,5535000
2,2,5.1,4715000
2,2,5.1,4715000
3,3,7.8,7175000
3,3,7.8,7175000
3,3,7.8,7175000
3,3,9.1,8400000
3,3,9.1,8400000
2,2,6,5500000
2,2,6,5535000
5,5,9.3,13500000
6,6,1,67500000
3,3,1,40000
6,6,1,150000
3,3,1,40000
2,2,6.7,37000
2,2,6.7,33000
2,2,6.7,32000
1,3,6.7,22000
2,3,8,50000
3,3,1.2,80000
3,3,1.6,110000
3,3,10,45000
5,5,1,200000
5,5,13.3,135000
0,0,1.3,400000
0,0,1.3,450000
0,0,1.3,450000
0,0,2,600000
0,0,2,700000
0,0,10,30000000
0,3,5,10000000
0,3,5,9000000
0,3,5,8500000
4,4,7,16000000
4,3,5,10000000
3,3,5,10500000
5,5,7,14500000
0,0,3,2700000
0,0,2,2200000
0,0,4,3000000
0,0,3,2700000
0,0,2.5,2200000
0,0,3,2200000
0,0,4,2500000
0,0,6,4000000
0,0,5,3800000
4,4,7,13500000
5,5,7,14500000
1,1,2,2200000
2,2,3.5,19000
2,2,3.5,19500
2,2,3.5,20000
2,2,3.5,20500
0,0,3,15000
0,0,3,15000
2,2,3.5,21000
0,0,3,15000
2,2,3.5,21500
3,3,8,38000
0,0,3,15000
0,0,3,15000
3,3,8,38500
0,0,3,15000
3,3,8,39000
0,0,3,15000
3,3,8,39500
0,0,3,15000
3,3,8,40000
0,0,3,15000
3,3,8,38000
0,0,3,15000
3,3,8,38500
0,0,3,15000
3,3,8,39000
0,0,3,15000
3,3,8,39500
0,0,3,15000
3,3,8,40000
0,0,3,15000
3,3,8,42000
0,0,3,15000
0,0,3,15000
0,0,3,15000
0,0,3,15000
0,0,3,15000
0,0,3,15000
0,0,3,15000
0,0,3,15000
0,0,3,15000
0,0,3,15000
0,0,3,15000
4,4,1.3,60000
0,0,3,15000
0,0,3,15000
0,0,3,15000
0,0,3,15000
0,0,3,15000
0,0,3,20000
0,0,3,20000
0,0,3,20000
0,0,3,20000
0,0,3,20000
0,0,3,20000
0,0,3,20000
0,0,3,20000
0,0,3,20000
0,0,3,20000
0,0,3,20000
0,0,3,20000
0,0,3,20000
0,0,3,20000
0,0,3,20000
0,0,3,20000
0,0,3,20000
0,0,3,20000
0,0,3,20000
0,0,3,20000
6,5,5,40000
3,4,8,16500000
7,5,1,34500000
0,6,5,11000000
4,5,8,14500000
7,5,1,26500000
4,5,12,22000000
6,4,10,19000000
3,3,3,4800000
2,2,2,4800000
4,5,10,20000000
3,3,3,4800000
2,2,2,3500000
2,2,2,3500000
4,4,3,4700000
3,3,3,4000000
7,6,1.2,66000000
7,5,1,40000000
6,5,1,45000000
6,5,1,72000000
2,2,2,3500000
4,4,3,4700000
3,3,2,3200000
3,3,3,4000000
2,2,2,3700000
3,3,2,3900000
2,2,2,2700000
3,3,1,2600000
2,2,1,2300000
4,5,5,13000000
5,5,6,13500000
3,4,5,12500000
5,5,5,8000000
6,5,1,64000000
4,4,14,37500000
4,4,14,37000000
5,5,1,58500000
5,5,1,58000000
5,5,1,59000000
4,6,15,35000000
4,4,14,37500000
4,4,14,37500000
4,4,14,37000000
4,4,14,36500000
4,6,4,8500000
4,4,14,36000000
4,4,14,35500000
4,4,14,35000000
3,3,5,11500000
5,5,1,56500000
3,3,5,11500000
3,3,5,11800000
3,3,5,11800000
5,5,1,58000000
5,5,1,57000000
5,5,1,55500000
5,5,1,55000000
5,5,1,54500000
5,5,1,54000000
4,4,14,39000000
5,5,1,56000000
4,4,14,38000000
4,4,14,37500000
4,4,14,37500000
4,4,14,37000000
4,4,5,10500000
5,5,10,18800000
4,3,3,8700000
5,5,1,39000000
4,4,14,36000000
5,5,10,21000000
4,4,14,36500000
5,5,10,18800000
4,4,5,12200000
4,4,14,35500000
4,4,14,35000000
4,4,14,35000000
5,5,2,40000000
5,5,1,59500000
2,2,5,11000000
5,5,1,59000000
2,2,2,6200000
2,2,1,5500000
3,3,3,8000000
3,3,2,6500000
3,3,3,8000000
3,3,3,8000000
3,3,3,8000000
3,3,3,8000000
3,3,3,8000000
3,3,3,8000000
3,3,3,8000000
2,2,2,6000000
3,3,3,8000000
4,4,10,18500000
3,3,2,6200000
3,3,2,5500000
3,3,2,6500000
3,3,3,8000000
3,3,3,8000000
3,3,3,8000000
3,3,3,8000000
3,3,3,8000000
3,3,3,8000000
1,2,3,3000000
3,3,3,8000000
3,3,3,8000000
3,3,3,8000000
3,3,3,8000000
3,3,3,8000000
3,3,2,6000000
3,3,3,8000000
5,5,1,58500000
5,5,1,58000000
5,5,1,57500000
5,5,1,57000000
5,5,1,56500000
5,5,1,56000000
5,5,1,55500000
5,5,1,55000000
4,4,10,18000000
6,5,10,24500000
0,4,3.5,8000000
0,3,3,3800000
0,3,4,8000000
0,4,5,9500000
0,2,1.8,4300000
0,5,5,16000000
3,3,6.4,9700000
3,3,6.4,9400000
2,2,3.3,6500000
3,3,6.4,10000000
0,4,12,73000000
0,4,8,60000000
0,4,12,60000000
0,2,4.2,11000000
0,4,8,60000000
0,4,8,60000000
0,4,8,60000000
0,4,8,60000000
0,4,8,60000000
0,4,8,65000000
0,0,4.2,11000000
2,2,3.3,6700000
2,2,3.3,6800000
2,2,3.3,6600000
2,2,3.3,6400000
2,2,3.3,6300000
2,2,3.3,6200000
2,2,3.3,6100000
2,2,3.3,6000000
3,3,6.4,9900000
2,2,3.3,6200000
3,3,5.1,9900000
2,2,4.8,6500000
4,5,4,4500000
2,2,2.4,2700000
2,2,4.8,8000000
8,7,16,37000000
4,4,4.8,12500000
4,4,4.8,16000000
2,2,4.8,8800000
4,4,4.8,15000000
4,4,4.8,15000000
4,4,5.6,15000000
2,2,4.8,9000000
6,6,8,23000000
8,7,8,28500000
6,6,10.6,30000000
4,4,4.8,13500000
3,3,8.2,14000000
4,4,4.8,13500000
3,3,8.2,22500000
6,6,8,21000000
2,2,4.8,8000000
3,3,8,15500000
3,3,8,16000000
4,4,4.8,13500000
4,3,8,75000
2,2,4.2,35000
4,4,12.4,95000
3,3,5.3,55000
3,3,7.6,14000000
3,3,7.6,14000000
3,3,7.6,14000000
6,4,10,15000000
3,3,7,9000000
3,3,15.6,21500000
3,2,5,6700000
5,5,6.5,9000000
5,4,7,11000000
6,5,8,28000000
9,7,1,37500000
6,6,10,22000000
3,5,1,80000
3,5,1,80000
5,4,2,650000
2,2,1.1,50000
3,3,10,26000
3,3,10,27000
3,3,10,29000
6,6,1.3,300000
5,5,1.2,300000
7,7,1,400000
3,3,12,60000
3,3,12,60000
3,3,12,75000
6,6,10,140000
3,3,12,55000
2,2,6,43000
4,4,14.2,65000
2,3,5,30000
2,3,5,35000
3,2,4.2,50000
3,3,12,75000
7,7,1,110000
3,3,1,100000
4,4,13.3,110000
4,4,13.3,85000
4,4,13.3,75000
3,3,10,135000
3,3,14.2,60000
3,3,8,50000
2,2,5,25000
2,2,4,24000
2,2,4,24000
3,3,12,65000
2,2,6.7,40000
3,3,12,75000
1,1,3.8,30500
2,2,6,35000
3,3,12,60000
3,2,7,25000
4,4,5.6,66000
3,3,12,50000
2,2,12,55000
2,2,7,33000
3,3,1,125000
0,3,4,12000000
0,3,3,9000000
0,3,3,7500000
0,2,6,9000000
0,3,2,5000000
5,5,10,21500000
3,3,5,11000000
5,5,10,17000000
0,0,10,8200000
6,7,2,115000000
0,3,5,10000000
4,3,5,12500000
4,4,5,7500000
0,3,5,12500000
3,3,4,7000000
4,4,7,16000000
5,5,5,8500000
2,2,2.5,2500000
0,3,5,35000
2,2,14,45000
3,3,10,40000
2,2,5,20000
3,3,1,30000
3,3,5.3,35000
1,1,3,12000
4,4,1.2,28000000
2,2,3,2800000
6,5,5,15000000
0,5,10,16000000
0,1,1.8,2700000
0,1,1.8,3600000
0,1,1.8,3000000
0,1,1.8,2500000
0,2,3.1,6000000
0,1,2.2,3500000
0,3,5,11200000
0,3,5,9600000
0,3,5,10000000
0,5,10,16500000
0,5,10,14800000
0,5,10,15000000
0,4,8,17000000
0,4,8,16500000
0,5,10,16500000
5,4,6.2,13000000
0,3,5,13000000
0,3,5,13000000
0,3,5,12500000
0,3,5,12500000
0,3,5,12500000
0,8,2,90000000
0,5,1,55000000
0,5,1,70000000
0,5,10,23000000
0,5,10,21000000
0,5,10,21500000
0,3,5,13000000
4,6,6,6500000
6,4,10,36000000
6,5,1,42000000
6,5,1,41000000
6,5,1,58500000
7,5,1,52500000
6,5,1,47500000
4,3,5,11700000
0,5,10,19000000
0,4,8,13500000
0,4,8,12000000
0,0,4,330000000
3,3,7,35000000
0,3,5,9500000
0,5,10,20000000
8,7,2,82500000
6,5,2,105000000
0,3,5,9800000
6,5,10,24000000
4,3,4,32500000
0,5,10,22500000
4,4,12,35000000
6,5,11,24000000
0,5,10,22000000
2,4,3,3900000
6,5,1,51000000
0,3,5,11500000
1,1,2.8,2250000
3,3,16,45000000
4,5,4,6000000
0,0,3,4350000
4,4,10,28000000
4,3,5,12800000
0,0,3,4000000
1,1,1.7,8826000
2,2,2,2350000
0,3,5,10000000
4,4,3,6300000
6,5,1,38000000
3,3,7.1,15000000
1,2,2,2900000
3,3,9.6,15500000
4,4,4.8,22000000
3,3,5.8,17500000
3,3,8.4,9000000
4,4,4,17500000
3,3,9.6,15500000
7,6,5,6800000
3,3,8,12000000
3,3,5.6,12500000
2,2,4.8,7000000
2,2,3.2,5500000
2,2,4.4,10000000
2,2,4.8,7800000
3,3,6.7,14000000
3,3,7.1,15000000
2,2,4.4,12000000
3,3,7.1,17000000
2,2,6.2,11000000
3,3,9.8,16000000
2,2,4.4,11500000
3,3,7.1,15000000
4,3,9.8,55000000
5,4,14.9,46000000
3,3,6,8500000
2,2,3.1,2700000
2,2,3.1,3500000
2,2,3.6,4500000
2,2,5.3,12000000
3,3,4.4,6000000
3,3,4.4,6000000
3,3,4.4,6000000
4,4,4.8,16000000
4,4,4.8,16000000
4,4,4.8,18000000
4,4,4.8,18000000
4,4,4.8,18000000
4,4,4.8,18000000
3,3,4.4,6000000
4,4,4.8,16000000
0,0,8,5650000
3,3,1.6,6200000
5,5,8,23000000
3,4,5.3,5000000
0,2,6.1,7000000
0,0,6,17000000
4,3,8.9,21500000
3,3,10,28000000
3,3,10,24000000
3,3,10,23500000
3,3,10,26500000
3,3,10,28000000
3,3,4.7,5500000
3,3,4.7,5500000
3,3,4.7,5500000
3,3,4.7,5500000
2,2,3.3,3500000
2,2,3.3,3500000
2,2,3.3,3500000
2,2,3.3,3500000
3,3,5.3,6500000
3,3,5.3,6500000
2,2,3.8,4500000
7,5,1,97500000
3,3,6.7,50000
3,3,6.7,50000
3,3,6.7,40000
2,2,4.9,30000
0,5,1,180000
0,6,1,300000
0,3,1.2,120000
0,3,1.2,130000
0,2,1,120000
0,4,2,150000
0,2,12,65000
3,5,8,55000
3,3,9.6,42000
2,2,4.4,80000
3,3,10,45000
3,3,10,50000
3,3,10,60000
3,3,10,60000
3,3,6.4,14000000
2,2,5.1,16500000
3,3,6.4,17000000
6,6,13.4,52500000
5,5,2,170000000
4,4,6.4,22500000
4,4,1.1,97500000
6,6,1,180000000
2,2,5.3,12000000
2,2,4,3500000
3,3,9.6,30500000
0,0,8,25000000
3,3,5,5500000
7,7,2,160000000
3,3,5.1,10500000
7,7,2,140000000
7,7,2,110000000
7,7,2,130000000
7,7,2,140000000
7,7,4,350000000
7,7,4,350000000
3,3,13.3,20000000
4,4,8,32500000
2,2,5,2300000
0,0,5,8000000
4,3,8,7200000
4,4,5,12000000
2,2,5,3600000
7,7,2,35000000
0,2,3.8,3000000
0,2,3.8,4500000
1,1,3.1,5250000
6,6,11,44000000
1,1,3.3,5513000
7,6,1.2,47500000
6,6,11,55000000
1,1,3.1,5250000
4,3,4,16000000
1,1,3.3,5513000
4,3,4,16500000
2,2,3.3,2550000
6,4,8,26500000
1,1,3.1,5250000
6,4,8,26200000
2,2,5.3,8872000
0,5,1,55000000
0,4,10,24000000
0,9,1,55000000
0,6,1,51000000
0,8,12,27000000
0,5,5,16000000
0,3,5,16000000
0,0,7,8500000
0,0,14.2,25000000
3,3,10.5,17700000
7,5,8,31500000
5,5,1.1,57500000
3,3,7.6,10000000
3,2,5,3500000
5,0,4.3,300000000
3,3,9.3,39500000
5,5,8,18000000
5,5,8,17500000
7,7,1.2,43000000
7,7,14.2,29500000
3,3,8,25000
3,3,8,35000
4,4,1,85000
3,3,12,75000
3,3,12,75000
6,6,10,130000
6,6,12,170000
4,4,4,50000
2,2,1.1,200000
6,5,10,85000
0,3,1,45000
0,4,7,50000
6,6,1.1,350000
3,3,10,65000
5,5,12,80000
10,11,5,1500000
3,3,14,80000
5,5,7,85000
3,3,8,45000
2,2,7,40000
0,3,1,80000
0,0,11,65000
6,6,16,150000
0,4,14,80000
4,3,10.9,50000
0,4,14,66000
3,3,1,85000
2,2,5.8,35000
3,3,12.7,80000
2,2,7.8,55000
3,3,1.3,150000
1,1,2.4,90000
3,3,2.5,4800000
6,5,7,15000000
5,5,7,12000000
7,7,11,15000000
6,5,6,9500000
0,0,6,6500000
0,0,4,4500000
0,0,10,16000000
0,0,10,15000000
4,4,10,21300000
3,3,5,8500000
0,0,3,22000
0,0,5,32000
0,0,5,32000
0,0,5,32000
2,2,5,19000
0,0,5,18000
0,0,8,40000
0,0,5,17000
0,0,3.6,11000
0,0,3.6,12000
4,3,10,30000
4,3,10,22000
5,4,10,70000
2,2,10,30000
3,3,1,41000
2,2,2,2400000
5,5,10,32000000
6,5,5,8600000
7,7,1.3,72500000
3,3,10,18000000
4,4,10,40000000
0,4,10,27500000
7,7,1,37000000
3,3,10,17500000
5,4,12,20000000
7,6,2,85000000
2,2,1,55000000
3,3,5,21000000
6,8,1,5000000
5,5,1,80000000
5,5,1,88000000
5,5,2.5,350000000
3,3,10,19000000
5,4,10,42500000
5,4,16,27500000
0,3,5,10800000
1,1,1.9,7385000
5,4,5,10500000
0,4,6,15000000
0,3,3,4250000
0,4,5,6150000
0,3,3,3600000
0,4,5,6150000
0,3,3.5,4150000
0,3,3,3600000
0,4,5,6150000
0,3,3.5,4150000
3,3,4,9500000
0,0,10,12000000
6,4,5,12200000
7,6,1,31000000
0,4,5,13000000
0,5,10,22000000
0,5,10,18500000
0,5,10,19000000
0,3,5,9500000
0,5,1,34000000
0,3,5,11500000
0,3,5,12000000
0,4,7.5,17500000
0,3,1,31000000
7,5,1,45000000
6,5,1,47500000
4,4,7,24000000
6,5,1,41500000
7,5,1,66500000
7,6,1,59000000
6,5,8,15000000
6,5,1,46500000
8,6,1,65000000
0,5,1,50000000
0,4,10,19000000
0,4,7.5,14500000
0,4,12,18500000
0,6,10,19500000
0,4,7.5,13500000
0,3,5,13200000
0,5,10,20000000
0,3,5,13500000
0,5,10,24800000
0,3,4,7500000
0,3,3.5,7200000
0,4,3,7200000
0,4,5,9000000
0,3,3,6500000
0,3,3,7600000
0,2,3,8300000
0,5,7.5,15500000
0,7,10,19000000
0,5,8,17000000
6,5,1,52500000
8,7,1.3,35000000
3,3,10,21000000
0,3,5,14500000
3,3,3,8000000
6,5,1,41000000
2,4,4,5500000
2,2,4,5500000
3,3,9,75000000
8,7,1,50000000
4,4,12,25000000
3,3,12,25000000
6,6,8,50000000
8,7,2,220000000
8,7,2,220000000
7,7,1.2,90000000
7,7,1.2,75000000
7,7,1.2,75000000
6,6,12.4,65000000
6,6,12.4,65000000
4,4,12.4,35000000
4,4,12.4,35000000
8,7,1.2,95000000
5,7,4.8,15700000
3,3,4.8,22500000
2,2,2.2,1800000
0,2,7.1,8700000
0,2,3.3,5000000
6,6,4,20000000
6,6,1,80000000
6,6,2.8,9000000
0,0,4.4,6000000
0,0,2,180000000
3,3,6,9500000
0,6,16,45000000
9,9,5,14500000
0,3,12,36000000
0,3,12,36000000
0,3,6.7,16000000
0,5,14.2,22500000
0,5,12,80000000
0,3,8,11500000
2,2,4,4200000
4,4,1,88000000
0,3,4,4500000
0,3,4,6000000
0,2,4,6500000
0,3,6.2,10000000
0,2,2.4,4000000
0,2,2.4,3000000
0,2,2.4,2800000
0,2,2.4,3500000
0,2,2.4,4000000
0,2,2.2,2200000
2,2,2.2,7000000
8,7,9.6,44000000
3,3,7.8,25000000
5,5,9.6,45000000
3,3,8,15000000
4,4,14.8,35000000
2,2,3.6,7000000
4,4,6.9,17500000
3,3,8,13000000
3,3,11,9500000
3,3,5.3,12000000
6,6,9.6,26500000
5,4,4.8,9500000
4,4,16.7,75000000
6,6,1.2,40000000
0,8,1.6,160000000
3,3,11.4,60000
3,3,11.4,55000
3,3,11.4,58000
0,0,4.8,23000
4,5,1.2,150000
3,3,5.3,60000
3,3,5.3,120000
4,4,7.1,58000
4,4,2,250000
0,0,2,350000
0,3,6.2,40000
0,2,4,30000
0,2,6.2,45000
6,4,8,90000
5,5,19.2,110000
0,3,6.2,45000
2,2,6,60000
3,3,6,22000
9,9,2,700000
3,3,8,50000
5,5,14,160000
2,2,3.1,20000
2,2,6.7,50000
6,6,6,13000000
1,1,4.3,17000000
3,3,9.8,37000000
2,2,7.5,28000000
2,2,4,14000000
0,4,7,24500000
0,4,4,13500000
4,4,12.4,5000000
5,5,1,87000000
5,4,4.4,14500000
2,2,5,22000000
4,4,5,28000000
4,4,6,22000000
3,3,10.2,16500000
0,4,10.9,15000000
0,4,10.9,16000000
0,4,7.1,13500000
0,3,5.4,4000000
2,2,7.6,20000
2,2,3.6,35000
6,6,4,90000
1,1,5.6,37000
2,2,4,35000
6,5,1.1,250000
2,2,9.6,80000
1,1,2.6,90000
2,2,6,35000
3,2,7.8,60000
2,2,8,30000
3,3,1,110000
1,1,2.2,25000
4,3,14.2,40000
4,3,11,60000
2,2,3.1,17000
0,0,2.6,90000
0,0,4.4,110000
0,0,6.4,140000
0,0,7.8,150000
0,0,7.8,150000
0,0,9.3,160000
0,0,9.3,175000
0,0,16.7,250000
0,0,2.6,65000
0,0,4.4,80000
0,0,6.4,95000
0,0,7.8,100000
0,0,7.8,105000
0,0,9.3,110000
0,0,9.3,125000
0,0,16.7,225000
3,2,10,50000
3,4,5,25000
3,3,8,8500000
3,2,5,4500000
3,2,4,4300000
0,6,1,15000000
0,6,10,15000000
0,10,1,23000000
0,6,1,25000000
0,0,1,35000000
0,0,1,23000000
0,0,5,9000000
0,0,5,11000000
0,0,5,9000000
0,0,5,9500000
0,0,8,9000000
0,0,9,12500000
0,0,5,11500000
0,2,5,5000000
0,2,5,6500000
0,0,6,9000000
0,0,5,7000000
0,0,5,8000000
0,0,9,15500000
7,6,10,14000000
2,2,5,45000
4,4,7,40000
4,3,10,26000
0,6,6,22500000
5,4,10,31000000
5,4,5,23000000
3,3,2,6500000
5,4,10,26500000
5,4,10,30000000
6,5,1,80000000
5,4,10,33500000
3,3,10,16500000
3,3,10,13500000
4,3,5,12000000
4,4,5,12500000
6,5,1,42500000
6,5,1,39500000
4,3,8,17000000
5,4,4.4,11800000
6,5,1,40500000
5,4,5,12000000
1,2,5,3900000
6,5,1.2,39500000
8,6,1,45500000
0,3,5,9500000
0,3,5,10000000
5,4,5,8500000
4,4,10,21500000
5,3,5,8500000
5,5,8,18000000
7,6,1,33000000
6,5,1,32000000
7,6,1,52500000
6,5,1,33000000
5,4,10,23000000
6,5,1,47000000
0,3,3,6000000
0,3,3,5500000
2,3,2,4000000
5,4,10,46000000
6,5,1,62500000
5,4,10,34000000
5,5,13,31000000
6,5,1,65000000
0,0,10,26500000
0,0,2,235000000
3,3,6,10700000
2,2,3.2,8500000
3,3,7.2,19500000
2,2,2.8,7000000
2,2,2.4,6500000
4,4,4.8,15500000
4,4,4.8,15000000
4,4,4,12000000
4,4,5.3,18500000
4,4,4.8,16500000
0,3,7.8,11500000
3,3,4.2,7500000
3,3,4.9,8200000
3,3,5.6,12500000
3,2,5,7300000
5,4,15.6,75000000
3,3,5.1,7500000
3,3,9.6,14000000
3,3,6,14500000
3,3,6,14600000
3,3,6,14600000
3,3,6,14700000
3,3,6,14700000
3,3,6,14800000
3,3,6,14800000
3,3,6,14900000
3,3,6,14900000
3,3,6,15000000
3,3,6,15000000
3,3,6,15000000
3,3,6,15100000
3,3,6,15100000
3,3,6,15200000
3,3,6,15200000
3,3,6,15300000
3,3,6,15300000
3,3,6,15400000
3,3,6,15500000
0,5,1,27500000
3,3,8,20000000
3,3,8,20000000
3,3,8,20100000
3,3,8,20200000
3,3,8,20200000
3,3,8,20200000
3,3,8,20300000
3,3,8,20400000
3,3,8,20400000
3,3,8,20500000
3,3,8,20600000
3,3,8,20700000
3,3,8,20800000
3,3,8,20900000
3,3,8,21000000
3,3,8,21100000
3,3,8,21200000
3,3,8,21300000
3,3,8,21400000
3,3,8,21500000
3,3,8,21600000
3,3,8,21700000
3,3,8,21800000
3,3,8,21900000
3,3,8,22000000
3,3,8,22100000
3,3,8,22200000
3,3,8,22300000
3,3,8,22400000
3,3,8,22500000
4,5,8,32500000
3,3,8.4,37500000
3,3,8,13800000
3,3,8,13000000
3,3,8,13000000
3,3,8,13100000
3,3,8,13100000
3,3,11.1,100000
3,3,10.7,120000
5,4,1,170000
2,2,2,28000
2,5,4.4,37000
4,4,5,11000000
4,4,4.4,16000000
6,5,10,17900000
0,0,5,12000000
0,0,4,39000000
5,4,10.8,48000000
7,6,16,65000000
7,6,12.4,47000000
4,4,5.6,26000000
6,6,12.4,44000000
3,3,1.2,64500000
6,6,5,7000000
0,0,0.8,2500000
0,0,6,8000000
6,6,1.3,240000
1,2,3.1,25000
5,6,1.1,250000
3,3,1,60000
4,4,1,50000
9,8,1.3,300000
2,2,7,33000
3,3,12.4,55000
0,0,3.6,16000
0,0,4.9,21000
0,0,3.6,16000
0,0,4.9,22000
0,0,3.6,16000
0,0,6.7,26000
0,0,6.7,30000
0,0,4.9,22000
5,4,5,45000
3,3,1,45000
4,4,2,50000
6,4,1,85000
7,6,1,100000
3,3,1,50000
6,6,14,70000
0,0,1,150000
0,0,1,120000
0,0,1,40000
0,10,2,700000
3,3,1,33000
4,3,10,50000
2,3,1,80000
5,5,1.2,300000
3,2,8,37000
5,4,4,50000
1,2,7,30000
1,2,8,30000
1,2,4,28000
7,6,1,57500000
5,5,1,45000000
6,5,1,50000000
5,4,10,30000000
6,5,1,45000000
5,4,10,35000000
6,5,10,32000000
3,3,5,10300000
2,3,2,4000000
3,3,5,11000000
2,2,4,4400000
5,5,10,11500000
5,4,10,27000000
6,6,7,9300000
4,6,5,15000000
5,4,10,30000000
3,3,5,10500000
6,6,10,60000
0,0,1,135000
3,2,10,38000
4,4,5,36000
0,0,10,72000
0,0,10,72000
4,3,10,25000000
5,5,10,18500000
5,5,1,35000000
6,8,2,100000000
0,3,5,13000000
4,3,5,13000000
4,3,3.5,6200000
6,6,6,16000000
4,5,6,10000000
4,3,5,11000000
3,3,3,6500000
4,4,5,12500000
6,6,1,39000000
6,6,1,40000000
5,5,1,43000000
5,5,1,41000000
5,5,1,39000000
3,3,3,4800000
2,2,3,3800000
2,2,3,3800000
3,3,2,3500000
4,3,5,13500000
3,3,3,4400000
3,3,4,5000000
3,3,4,5000000
3,3,4,4000000
5,4,11,19300000
3,3,3,6000000
3,3,3,6000000
1,1,2,3200000
1,1,2,3200000
1,1,2,3200000
1,1,2,3200000
6,6,10,16000000
2,2,3,3000000
1,1,3,3000000
1,1,3,2200000
7,6,13,25000000
5,5,7,20000000
4,3,3,6000000
3,3,8,13200000
3,3,8,13200000
3,3,8,13300000
3,3,8,13300000
3,3,8,13400000
3,3,8,13400000
3,3,8,13500000
3,3,8,13500000
3,3,8,13600000
3,3,8,13600000
3,3,8,13700000
3,3,8,13800000
3,3,8,13800000
3,3,8,13900000
3,3,8,13900000
3,3,8,14000000
3,3,8,14000000
3,3,8,14100000
3,3,8,14100000
3,3,8,14200000
3,3,8,14200000
3,3,8,14300000
3,3,8,14300000
3,3,8,14400000
3,3,8,14400000
3,3,8,14500000
3,2,5.6,5500000
3,3,6.2,11500000
0,3,8,13800000
0,3,8,14700000
0,3,9.4,11000000
0,2,4.2,6500000
0,2,4.2,6700000
0,2,4.2,6100000
0,4,3.2,7500000
0,3,8,15000000
0,3,8,12500000
3,3,6,8500000
2,2,2,7000000
0,3,8,13500000
0,3,8,13800000
2,2,3.1,5500000
2,2,4,3500000
4,4,9.8,13000000
2,2,4.8,26500000
2,2,4.8,12500000
2,2,5.1,8500000
0,5,2,220000000
0,2,4.2,8500000
0,6,1.2,130000000
0,4,4,36000000
0,5,2,170000000
0,5,2,145000000
0,3,4,31000000
0,2,4.2,10500000
0,2,4,5500000
0,3,9.8,16000000
0,2,4.8,12500000
0,4,4.8,16000000
0,2,4.8,11000000
0,3,16,26000000
0,5,1,160000000
0,5,1,160000000
0,5,1,110000000
0,5,1,150000000
0,5,1,150000000
0,5,1,135000000
0,6,4,330000000
0,3,8,62500000
0,6,2,300000000
0,3,8,65000000
6,11,8,29500000
0,6,16,52500000
2,2,4.7,5500000
2,2,5.8,10800000
0,0,4.2,8000000
3,3,6,9500000
2,4,4.2,4200000
0,0,4.8,15000000
3,3,6,9000000
3,3,7.8,9100000
5,5,4.8,12500000
0,0,9.8,13000000
6,5,2,185000000
0,0,4.4,7000000
2,2,4,4300000
2,2,4.2,6000000
6,6,9.6,50000000
0,0,8.6,38000000
3,3,7,110000000
2,2,4.4,10000000
3,2,5.8,5500000
3,3,1.1,38000
7,6,2,610000
0,3,8.9,75000
7,6,1,300000
3,3,1,120000
2,2,1,43000
0,0,5.6,37000
2,2,5.1,45000
4,4,12.8,55000
8,0,16,80000
2,2,4,25000
2,2,4.2,4500000
2,2,4.7,5500000
2,2,4.4,6000000
2,2,4.4,6000000
2,2,4.4,6000000
2,2,4.4,6000000
2,2,4.4,6000000
2,2,4.4,6000000
2,2,4.4,6000000
2,2,4.4,6000000
2,2,4.4,6000000
3,4,4.8,11000000
2,2,4.4,6000000
2,2,4.4,6000000
2,2,4.4,6000000
2,2,4.4,6000000
2,2,4.4,6000000
2,2,4.4,6000000
2,2,4.4,6000000
2,2,4.4,6000000
2,2,4.4,6000000
2,2,4.4,6000000
3,3,8,25000000
2,2,4.4,6000000
2,2,4.4,6000000
2,2,4.4,6000000
2,2,4.4,6000000
2,2,4.4,6000000
2,2,4.4,6000000
2,2,4.4,6000000
2,2,4.4,6000000
2,2,4.4,6000000
3,3,10,18500000
2,2,4.4,6000000
2,2,4.4,6000000
2,2,5.3,4900000
3,2,4.9,9000000
3,3,6.7,19500000
5,5,7,35000000
2,2,3,2300000
4,4,4,11000000
4,4,4,11500000
2,2,4,8500000
4,4,6,18000000
4,4,6,16500000
3,3,6,15000000
4,4,4,11500000
6,6,14.2,61000000
2,2,3.4,5292000
6,6,14.2,61000000
7,6,5,9600000
8,7,7,16000000
4,4,14.2,19000000
6,6,10.9,18500000
6,5,1,44000000
4,4,7,14000000
6,6,1,27500000
6,6,1,26000000
6,6,1,28500000
6,6,1,29500000
6,6,1,28000000
6,6,1,28000000
5,5,10,19800000
5,5,10,19600000
5,5,10,19800000
8,6,1,44000000
8,6,1,50000000
7,5,10,29500000
7,6,1.3,240000
4,4,1,65000
5,4,1.3,90000
1,3,3.1,15000
4,4,1,175000
1,1,0.4,4000
5,5,1.1,180000
2,2,4,20000
2,2,4,22000
2,2,4,17000
2,2,4,18000
2,2,4,20000
2,2,5,25000
2,2,5,27000
2,2,5,28000
2,2,5,30000
2,2,5,32000
2,2,6,32000
2,2,6,30000
2,2,6,28000
2,2,6,25000
2,2,6,30000
4,4,6,55000
3,3,6,45000
3,3,6,45000
2,2,6,35000
2,2,5,32000
2,2,4,20000
2,2,4,17000
2,2,6,25000
4,4,1.3,90000
5,5,2.4,175000
4,4,1,100000
4,4,1,160000
10,9,1.2,420000
3,3,1,75000
0,0,1,300000
4,5,4,22000
2,2,9.4,60000
4,4,1,300000
0,0,1,40000
0,0,1,30000
0,0,1,50000
0,0,1,70000
0,0,1,35000
0,0,1,125000
0,0,1,35000
0,0,1,70000
0,0,1,35000
0,0,1,47000
0,0,1,35000
3,3,2.9,25000
0,0,1,65000
0,0,1,55000
0,0,1,60000
0,0,1,65000
0,0,1,70000
0,0,5,23000
0,0,5,23000
0,0,1,65000
3,3,1,40000
0,0,1,60000
0,0,1,55000
0,0,1,65000
0,0,1,60000
0,0,1,125000
5,5,1.4,160000
4,4,13.3,120000
3,3,1,60000
2,2,10,28000
2,2,10,30000
2,2,10,32000
2,2,10,34000
2,2,10,35000
2,2,10,36000
2,2,10,38000
2,2,10,39000
2,2,10,40000
2,2,10,26000
2,2,10,25000
2,2,10,27000
2,2,10,29000
2,2,10,32000
2,2,10,35000
5,3,4,50000
3,3,5,9500000
7,6,10,15000000
3,4,3,6800000
0,0,10.9,11000000
6,6,6.7,8500000
1,1,2.7,3750000
3,3,10,6000000
5,4,7,13500000
6,6,12,21500000
6,6,12,23500000
6,6,12,24500000
6,6,12,23500000
6,6,12,22500000
6,6,12,25000000
6,6,12,23000000
6,6,12,27000000
6,6,12,20000000
3,3,4.5,30000
2,3,10,30000
2,2,3.8,20000
2,2,14,40000
5,5,10,73000
3,3,10,37000
3,3,10,45000
3,3,10,53000
5,4,5,11800000
3,3,3,7500000
3,2,11,17000000
4,4,10,24000000
5,5,10,23500000
4,4,10,21000000
4,4,10,20000000
4,4,10,21000000
5,5,10,30000000
5,5,10,22500000
4,4,10,20000000
3,3,10,16500000
4,4,10,17000000
2,3,2,4500000
10,10,1.2,55000000
3,3,4,8200000
3,3,4,8200000
3,3,4,8200000
4,4,5,10500000
4,4,5,10500000
3,3,4,8500000
3,3,5,7600000
3,3,5,7500000
3,3,5,7200000
3,3,5,7300000
3,3,5,7500000
3,3,3,3600000
3,3,3,3500000
3,3,4,6000000
3,3,4.5,6200000
3,3,2,5100000
3,3,3,5500000
3,3,5,9000000
3,3,5,9000000
3,3,5,8500000
3,3,5,8500000
3,3,3,5500000
3,3,3,5500000
3,3,2,5500000
4,4,3,7500000
3,3,3,6500000
3,3,2,5000000
3,3,3,4500000
3,3,3,4500000
3,3,2,3500000
3,3,2,3500000
4,4,5,6500000
3,3,2,3500000
3,3,3,6500000
3,3,6,13000000
3,3,3,6500000
3,3,2,4500000
2,2,2,3700000
3,3,3,5800000
3,3,2.5,5300000
3,3,5,11000000
3,3,5,11000000
3,3,5,11000000
3,3,5,11000000
3,3,5,11000000
3,3,5,11000000
3,3,5,11000000
3,3,5,11500000
3,3,5,11500000
3,3,5,11500000
3,3,5,11000000
3,3,5,11000000
3,3,5,11000000
2,2,5.3,4900000
2,2,6.2,8000000
4,4,4.8,16500000
0,0,4.2,6900000
3,3,8.4,18500000
3,3,6.7,10000000
2,2,2.9,7000000
1,3,3.2,15000000
4,4,9.6,15000000
4,4,9.6,14000000
8,7,5,15000000
6,6,5,16000000
6,6,9.6,15000000
4,4,5,8500000
3,3,7.1,16000000
4,4,5,12000000
4,4,10.9,30000000
3,3,6.7,4000000
3,2,5.3,13000000
2,2,4,5000000
2,2,4.5,11500000
3,3,10.7,45000000
5,5,1,72500000
5,5,1,69000000
2,2,2.2,3200000
3,3,7.1,15500000
0,0,4.7,4000000
3,3,9.6,13000000
4,5,4.8,20000000
2,2,3.3,3500000
2,2,4.9,6500000
3,4,4.8,11000000
6,6,9.6,40000000
3,3,6.6,6000000
2,2,4.4,70000000
3,3,10,22500000
4,4,4,32500000
8,7,9.6,18000000
3,3,6.4,12000000
5,8,12,32500000
2,3,5,8500000
3,2,4.4,12500000
3,3,9.6,40000000
3,3,1,120000
3,3,6.8,40000
0,0,7.8,85000
2,2,4.8,28000
2,2,4.8,27000
4,4,1.2,52000
4,3,8.9,65000
0,0,1.2,140000
0,0,10,30000000
7,5,1,59500000
9,6,1,47000000
1,1,15,46000000
4,4,8,32500000
1,1,10,49000000
3,2,6.6,5000000
3,3,7.1,5800000
2,2,4.9,4200000
4,4,6.7,5500000
2,2,5.3,8500000
2,2,5.3,8500000
3,2,5,4300000
7,6,1,48000000
6,6,1,43000000
6,6,1,45000000
3,3,5,13000000
3,3,5,13500000
3,3,5,14000000
3,3,5,14500000
3,3,5,15000000
3,3,5,15500000
3,3,5,16000000
8,7,2,150000000
5,5,17.8,70000000
3,3,10.2,9500000
4,4,9.6,30000000
8,7,1.3,100000000
4,4,7,30000000
4,4,16,45000000
1,0,2.9,7000000
5,5,7,45000000
5,5,7,45000000
8,7,2,150000000
8,7,2,120000000
6,6,9.3,43500000
5,5,1,75000000
7,5,10,80000
2,2,4,23000
2,2,6.7,58000
3,3,1,90000
1,1,2,14000
2,2,4.4,28000
1,1,2.9,17000
3,3,5,28000
3,3,1,105000
3,3,14.2,75000
3,3,12,55000
5,3,1,45000
3,3,14.2,55000
2,2,6,40000
8,7,1,250000
4,4,1.3,90000
4,4,1.3,150000
4,4,1.3,125000
3,3,1.3,130000
4,4,16,80000
8,7,2,525000
4,4,1,75000
2,2,6,45000
1,0,3.3,50000
1,0,3.3,30000
2,2,7.8,60000
3,3,10.2,120000
3,3,10.2,85000
2,2,6,40000
1,0,3.1,33000
5,5,7,120000
3,3,5,100000
2,2,6,40000
3,3,5,11500000
3,3,5,11500000
0,6,1,46500000
4,4,10,19000000
3,3,5,12500000
5,5,10,21000000
5,5,1,45000000
5,5,1,40000000
5,5,10,16500000
5,4,10,17500000
3,3,4,4500000
4,3,5,10800000
0,0,10,35000000
0,3,2.5,7500000
0,3,2.5,7500000
0,3,3,9000000
0,4,4,11000000
0,5,10,25000000
0,3,3,9000000
0,5,10,30000000
0,5,10,22500000
0,3,4,11000000
0,6,1,50000000
0,0,7,30000000
6,5,1,32000000
6,7,7,17500000
2,2,6,3000000
2,2,3,3000000
5,4,8,15000000
5,4,5,13500000
4,4,8,13500000
3,3,5,11500000
3,3,5,12000000
4,3,5,8500000
3,3,5,12500000
3,3,5,13500000
3,3,5,11500000
5,5,10,23000000
5,4,10,22500000
5,5,1,42500000
3,3,5,13000000
5,5,12,25000000
5,5,1,58000000
5,5,10,27000000
4,4,5,13000000
3,3,5,13000000
5,4,10,17500000
3,3,5,13500000
3,3,5,14000000
3,3,5,14000000
5,5,1,90000000
5,5,10,30000000
6,5,1,32000000
5,5,10,30000000
2,2,3,7500000
5,5,10,30000000
3,3,5,15000000
5,5,10,19500000
5,5,10,21000000
5,5,10,25000000
3,3,5,11000000
7,6,2,155000000
7,6,2,113000000
4,3,5,12000000
4,4,12,26000000
7,7,2,140000000
4,3,5,11500000
5,5,1,65000000
3,3,1,55000000
5,5,2,110000000
5,5,1,70000000
5,5,1,55000000
5,5,2.1,85000000
5,5,1.2,43000000
5,4,10,19000000
4,4,10,25000000
4,4,13,18500000
4,4,13,17200000
3,3,6,13000000
4,4,13,15000000
5,4,10,18500000
3,3,10,20000000
3,3,5,16000000
0,0,5,9000000
3,3,10,14000000
4,4,10,21000000
3,3,10,13000000
3,3,5,15000000
3,3,10,15000000
4,3,5,11200000
4,4,10,19000000
3,3,10,12300000
6,6,5,13500000
2,2,5,7500000
4,4,5,16000000
1,1,5,6200000
4,4,10,16500000
0,0,4,8000000
0,0,5,8500000
3,3,5,10000000
2,2,3.6,5000000
4,3,5,10500000
6,6,1.6,35000000
0,0,4.5,6500000
0,0,4,8000000
0,0,5,8000000
0,0,10,12000000
0,0,10,13000000
0,0,7,8500000
0,0,4,6000000
3,3,5,10500000
1,2,5,10000
4,4,10,60000
4,4,10,71000
4,4,10,65000
3,3,10,46000
5,5,10,65000
4,5,8,14000000
2,2,5,7500000
4,4,5,10000000
1,1,2,3800000
2,3,4,6800000
4,4,10,15000000
3,4,6,12500000
4,4,10,15000000
3,3,3,6000000
3,4,5,9400000
1,1,2,3000000
3,3,2,6500000
5,5,6,11500000
5,5,6,11000000
3,3,2,6500000
4,4,10,15000000
4,4,3,8000000
3,3,4,7600000
3,3,3,5700000
3,3,3,5700000
4,4,5,11200000
3,4,5,9500000
5,5,6,11000000
3,3,3,5800000
3,3,2,6000000
0,5,1,45000000
3,4,6,11000000
3,3,2,5500000
4,5,8,14500000
3,4,6,11500000
3,3,4,10000000
3,3,3,6000000
3,4,4,6500000
5,5,6,11500000
3,3,4,7600000
3,3,4,7600000
3,3,3,4500000
3,3,4,7600000
2,2,3,5500000
2,2,3,6500000
0,3,3,7000000
0,5,9.5,18000000
0,5,15,23500000
0,5,10,18000000
0,3,3,7500000
0,3,3,7000000
0,5,10,18000000
0,5,15,23500000
0,6,5,12000000
2,2,4.8,18000000
3,3,4,8500000
2,2,4.8,12000000
0,0,8,2200000
6,6,4.8,16000000
3,3,10,12300000
3,3,10,12200000
3,3,10,12100000
3,3,5.8,7500000
2,2,4.4,7500000
3,3,10,12000000
3,3,10,11900000
3,3,10,11800000
3,3,10,11700000
3,3,10,11600000
2,4,4.8,3600000
3,3,10,11500000
1,2,2.2,1650000
3,3,6.1,15500000
3,3,6.1,15400000
3,3,6.1,15300000
3,3,6.1,15200000
3,3,6.1,15100000
3,3,6.1,15000000
3,3,6.1,14900000
1,2,1.8,1350000
3,3,6.1,14800000
3,3,6.1,14700000
3,3,6.1,14600000
1,2,1.8,1250000
1,2,1.8,1275000
1,2,2.2,1800000
4,4,4,33000000
8,7,1,110000000
6,6,1,97500000
6,6,1,97500000
6,6,2,210000000
6,6,2,210000000
3,4,14,9600000
4,4,16,41000000
2,2,6.2,16500000
4,4,2.4,3600000
3,3,4.9,15000000
1,2,2.6,2800000
3,2,4.8,25000
4,3,9.6,60000
3,3,8,75000
1,2,2,12000
2,2,4.4,25000
5,4,2,325000
4,4,1,200000
7,6,2,350000
8,7,2,160000000
8,7,1,72500000
5,5,1,65000000
5,5,1.3,90000000
7,7,1,80000000
6,6,1,85000000
8,7,2,115000000
7,7,1.3,110000000
2,2,6,35000
1,1,0.9,15000
3,3,1,90000
6,6,2,275000
3,3,1,125000
3,3,1,125000
2,2,8,37000
1,2,6,25000
4,4,1,60000
0,0,1,55000
0,0,6,40000
0,0,6,130000
0,0,10,50000
4,4,1,120000
0,0,6,40000
0,0,1,75000
0,0,6,32000
0,0,1,225000
0,0,1,65000
0,0,6,40000
0,0,6,40000
0,0,6,50000
0,0,8,45000
0,0,8,45000
0,0,10,50000
0,2,2,4500000
0,3,3,9000000
0,3,3,8500000
0,3,2,5000000
0,2,1.2,3500000
3,3,3,6000000
3,3,3,4500000
3,4,5,9300000
2,2,2,2200000
2,3,3,5850000
3,4,5,9200000
3,3,3,5600000
3,3,3,5700000
2,2,3,3200000
2,3,3,5850000
2,3,3,5850000
2,2,3,4800000
2,3,3,5850000
2,3,3,5850000
2,2,3,6500000
4,5,7,13000000
6,6,1,36000000
2,3,3,5850000
2,3,3,5850000
2,3,3,5850000
2,3,3,5750000
2,3,3,5750000
2,3,3,5850000
2,3,3,5750000
3,4,5,9000000
2,3,3,5750000
2,2,3,6000000
2,3,3,5750000
2,3,3,5750000
2,3,3,5750000
2,3,3,5750000
4,4,4,8500000
2,3,3,5750000
5,6,6,11000000
3,3,4,9000000
3,3,3,6200000
3,3,2,2900000
3,3,10,12000000
2,2,2,3600000
4,4,10,16000000
4,4,3,9000000
4,5,7,12800000
5,5,10,32500000
2,3,3,5850000
4,4,10,16500000
2,3,3,5850000
3,3,3,6500000
2,2,12,12500000
3,3,6,18000000
4,4,6,11800000
3,3,3,9000000
3,3,6,12000000
3,3,6,18000000
3,3,6,12500000
0,0,16,45000000
4,4,9,20000000
4,4,10,22500000
3,3,5,10500000
5,5,1,32500000
3,3,3,9000000
4,4,5,9000000
4,3,5,9500000
3,3,3,9000000
5,5,10,22000000
3,3,2,5500000
3,3,3,9000000
8,7,12,15000000
3,4,5,9700000
5,5,10,21000000
0,0,16,15000000
4,5,7,13400000
3,3,5,11800000
3,3,3,7000000
0,3,10,24500000
0,3,10,24000000
0,3,10,23500000
0,3,10,23000000
0,3,14,31000000
0,3,14,31500000
0,3,14,32000000
0,3,14,32500000
0,3,1,39000000
0,3,1,39500000
0,4,1,38500000
0,4,1,38000000
0,6,2,85000000
0,5,2,90000000
0,5,2,86000000
0,5,2,87500000
4,5,6,12400000
3,3,3,5000000
3,3,5,11500000
3,3,3,5500000
4,4,10,22000000
4,5,7,13500000
4,4,5,12000000
3,3,3,5600000
3,3,5,11500000
3,3,2,5000000
0,4,15,24000000
0,0,3,5500000
0,0,2.5,3500000
3,3,5,11000000
5,4,10,12000000
5,5,7,15000000
5,5,7,15000000
0,0,2.4,3480000
0,0,3.3,5000000
0,0,2.4,3746000
0,0,2.4,3731000
0,0,2.4,3480000
0,0,3.3,5000000
0,0,2.4,3746000
0,0,2.4,3731000
5,5,7,14000000
5,5,7,14500000
0,0,5,20000
4,4,1,46000
2,2,5,15000
2,2,5,15000
2,2,5,14000
2,2,5,19000
5,5,6,9600000
3,3,5,9000000
3,3,2,5700000
3,3,2,5700000
3,3,2,5700000
3,3,2,5700000
4,4,10,21000000
4,3,5,11500000
5,4,10,18000000
4,4,5,10000000
5,5,10,22000000
5,5,1,42500000
4,4,5,10500000
4,4,1,29000000
5,5,10,24000000
5,5,5,10800000
5,5,5,11000000
3,3,5,9500000
3,3,5,10000000
3,3,5,9000000
3,3,5,8300000
5,5,10,26000000
5,5,10,26000000
4,4,8,18500000
3,3,3,5500000
4,4,8,19000000
5,5,10,21000000
5,5,10,21500000
5,5,5,12000000
5,5,5,14500000
0,5,10,15000000
0,4,5,7500000
0,3,3,4000000
0,3,2,4000000
0,4,5,12000000
0,0,3.5,4000000
5,4,10,32500000
0,3,8,18000000
3,3,8,14400000
3,3,8,14300000
3,3,8,14200000
3,3,8,14100000
3,3,8,14000000
3,3,8,13900000
3,3,8,13800000
2,2,4.4,7500000
3,3,5.3,8000000
3,3,6,16000000
2,3,8,13000000
3,3,6,15500000
6,6,4.8,27000000
6,6,4.8,14500000
3,3,6,8500000
3,3,6,8000000
3,3,8,21000000
3,3,8,20900000
6,6,4.8,23000000
3,3,8,20800000
3,3,8,20500000
3,3,6,12000000
3,3,8,19500000
3,3,8,20400000
3,3,8,20300000
3,3,6,9000000
3,3,8,20000000
6,6,4,12000000
3,3,8,20500000
3,3,8,21500000
3,3,6,14000000
3,3,6,14500000
3,3,6,15000000
3,3,8,21000000
3,3,8,14000000
3,3,8,20200000
3,3,8,13500000
3,3,8,20100000
3,3,8,13000000
3,3,8,20000000
3,3,8.9,20000000
3,3,8,15000000
3,3,5.1,15000000
3,3,8,20600000
3,3,8,14000000
3,3,8,14500000
3,3,8,13600000
3,3,8,13500000
3,3,8,13700000
4,4,4.8,15000000
4,4,4.8,18000000
4,4,4.8,15000000
4,4,4.8,19000000
0,2,4.2,7000000
0,2,4.2,7700000
0,3,8.9,17500000
0,4,1.2,122500000
0,3,8,18500000
3,3,5.6,9500000
3,3,6.4,12000000
3,3,6.4,11000000
2,2,3.3,6500000
2,2,3.1,6000000
2,2,4.4,8300000
2,2,4.4,8000000
2,2,3.1,5500000
3,3,5.6,9500000
2,2,4.2,5450000
3,3,10,12200000
3,3,4.2,5850000
3,3,5.6,9500000
3,3,6,12500000
2,2,3.1,6000000
3,3,6.4,12000000
3,3,6,12500000
2,2,4,4500000
2,2,2.9,3000000
2,2,4.3,35000
2,2,5,4800000
2,2,5,4900000
4,4,5,8000000
4,4,5,8100000
4,4,5,8200000
4,4,5,8300000
4,4,5,8400000
4,4,5,8500000
4,4,5,7800000
4,4,5,7900000
5,5,10,10800000
5,5,10,10500000
5,5,10,11000000
2,2,6.7,7600000
2,2,4.2,1431000
0,0,2,14000000
0,0,10,12500000
6,6,1.3,300000
3,3,10,55000
3,3,10,50000
3,3,6,28000
3,3,6,30000
6,6,6,45000
4,4,10,60000
2,2,6,25000
2,2,6,25000
2,2,6,25000
2,2,6,25000
2,2,6,25000
2,2,6,25000
2,2,6,25000
2,2,6,25000
4,4,1,77000
3,3,10,200000
1,1,3.1,50000
2,2,3.8,30000
3,3,5,9000000
5,5,10,23000000
5,5,10,22500000
3,3,5,13000000
5,5,1,37500000
3,3,2,5500000
5,5,1,40000000
7,5,12,25000000
7,5,12,25000000
7,5,12,24500000
0,4,7,19500000
5,5,10,23000000
5,4,10,24000000
4,3,5,10000000
6,5,8,22500000
5,5,10,20000000
5,4,10,24500000
7,5,12,25000000
5,4,10,19000000
2,2,2,6200000
0,5,16,15000000
2,2,2,5500000
2,2,2,6500000
2,2,2,6500000
3,3,3,8000000
0,0,8,20000000
0,0,8,20000000
3,3,3,8000000
0,0,8,20000000
0,0,8,20000000
2,2,2,6000000
0,0,8,20000000
3,3,3,8000000
3,3,3,8000000
3,3,3,8000000
3,3,5,13500000
3,3,3,8000000
2,2,2,3600000
3,3,3,8000000
3,3,3,5500000
3,3,2,4600000
3,3,3,8000000
2,2,1,3500000
3,3,3,8000000
7,5,12,25000000
3,3,5,8500000
3,3,2,4600000
0,3,3.5,5000000
0,2,5,6500000
0,4,6,9000000
0,3,3.8,6500000
0,3,1.8,3000000
0,3,3,6500000
0,3,4,7000000
3,3,5,15500000
3,3,3,5500000
5,5,10,27500000
5,5,10,26500000
5,5,10,25500000
3,3,5,14500000
5,5,10,26000000
3,3,5,14500000
3,3,3,8200000
3,3,3,7900000
3,3,3,6000000
3,3,3,8000000
3,3,2,3500000
3,3,3,7700000
5,4,10,31000000
0,0,14,25200000
5,4,5,15600000
3,3,3,7300000
5,4,5,15600000
1,1,2,4500000
3,3,3,7300000
2,2,5,5600000
4,3,5,10000000
2,2,1,3500000
3,3,3,7500000
2,2,1,2700000
3,3,2,4500000
5,4,10,19500000
4,3,5,14500000
5,4,10,19000000
5,4,10,25000000
3,3,3,7800000
4,3,5,13000000
1,1,2,4000000
2,2,10,14000000
3,3,5,13300000
4,4,4,7000000
4,4,4,7000000
5,5,7,14700000
6,6,1,18500000
0,0,12,14000000
0,0,6,16000000
0,0,6,9000000
0,0,7,12000000
0,0,10,13000000
1,1,3.6,7500000
0,0,6,5000000
6,5,7.3,16200000
5,5,7,14000000
5,5,7,15000000
0,3,5,11000000
0,3,5,10800000
8,7,1,23000000
8,7,2,30000000
0,3,12,32000
0,0,11,35000
3,3,12.4,35000
2,2,5,20000
2,2,5,20000
2,2,5,15500
2,2,5,16000
2,2,5,15000
2,2,5,16500
2,2,5,15500
2,2,5,16000
2,2,5,16500
2,2,5,17000
2,2,5,17500
2,2,5,18000
2,2,5,18500
2,2,5,19000
2,2,5,17000
2,2,5,17500
2,2,5,18000
2,2,5,18500
2,2,5,19000
2,2,5,19500
3,3,5,13800000
5,5,10,25000000
3,3,3,5200000
4,5,8,14400000
3,3,5,14200000
3,3,3,8000000
3,3,3,6200000
5,4,5,15200000
5,5,1,55000000
5,5,10,15000000
3,3,5,12000000
3,4,5,9400000
3,3,5,14000000
4,4,10,19000000
3,3,5,13300000
4,4,10,20000000
3,3,5,13600000
6,6,10,22000000
5,5,1,35000000
3,3,4.9,6500000
2,2,4,5300000
2,2,4,3500000
2,2,4.2,5500000
2,2,4.2,4000000
2,2,4,7500000
2,2,3.1,2700000
3,3,8,22200000
3,3,8,22400000
3,3,8,22000000
3,3,8,21000000
3,3,8,20000000
3,3,8,19800000
3,3,8,20500000
3,3,8,19400000
3,3,8,19600000
3,3,8,19000000
3,3,9.6,15000000
3,3,9.6,14400000
3,3,9.6,14600000
3,3,9.6,14800000
3,3,9.6,14200000
3,3,9.6,13800000
3,3,9.6,13500000
3,3,9.6,14000000
3,3,9.6,13200000
3,3,8,11000000
3,3,9.6,13000000
2,2,3.1,2700000
2,2,4.2,4000000
2,2,4.2,4500000
2,2,4.2,4200000
0,3,4.2,5900000
0,3,4.2,5593000
0,3,4.2,5264000
0,3,5.4,9800000
0,3,5.4,9300000
0,3,5.4,8700000
0,3,6.2,15000000
2,2,4,7500000
2,2,4.2,4000000
0,0,16,40000000
0,0,9.6,25000000
5,6,4.8,13000000
2,2,4.2,4200000
2,2,4.2,5500000
2,2,4,3500000
2,2,4,5300000
0,0,8,26500000
0,0,8,25000000
0,0,9.3,30000000
3,3,4.9,6500000
3,3,8.9,47500000
4,4,11.6,45000000
3,3,5.8,16000000
3,3,6.7,22000000
3,3,8.2,32000000
2,2,5.1,16000000
3,3,7.3,20000000
3,3,7.6,34000000
3,3,8.9,48000000
3,3,8.2,25000000
4,4,12,48000000
3,3,7.5,30000000
2,2,6,22500000
4,4,12,60000000
3,3,7.6,37500000
4,4,11.1,48000000
4,4,11.6,60000000
4,4,11.6,60000000
3,3,8.9,46000000
4,4,11.6,57500000
2,2,4.4,7500000
3,3,5.3,8000000
2,2,4,20000
2,2,2.4,20000
2,2,3.6,19000
3,3,8,32000
2,2,4.2,20000
6,6,16,250000
6,6,4,1500000
8,7,12,250000
8,7,1.6,300000
7,7,12,175000
8,7,3,600000
0,0,1,55000
3,3,8,32000
5,5,4,1000000
3,3,5,27000
5,5,8,27500000
7,6,14,26000000
4,4,4.4,16500000
4,4,1.1,85000000
7,5,14,39000000
6,6,2,125000000
4,4,6,18500000
0,0,1.3,85000000
4,4,1.3,95000000
6,5,1,42500000
7,5,14,39000000
2,2,8,40000
2,2,6.7,38000
4,3,5,70000
4,4,1,40000
2,2,6.4,60000
3,3,14.2,63000
0,0,1,16000
2,2,12,90000
3,3,1,40000
4,3,1,85000
3,3,12,55000
10,8,1,355000
10,11,2.4,1000000
2,2,6.4,50000
2,2,7.1,50000
1,1,2,22000
2,2,5,26000
5,5,1.1,180000
1,1,1.8,21000
4,4,10,16000000
3,3,5,13000000
4,4,5,15500000
3,3,5,13400000
3,3,5,11500000
5,4,10,32500000
3,3,5,14000000
3,4,5,9000000
3,3,5,13700000
3,4,4,6500000
3,3,5,13500000
3,4,6,11500000
3,3,3,6000000
4,4,4,8500000
3,4,5,9500000
5,4,10,37500000
4,4,5,21500000
0,3,6,9900000
0,3,6,9900000
0,3,5,17300000
0,3,5,17000000
4,4,6,23500000
5,4,10,18000000
3,3,5,7500000
3,4,5,9200000
2,2,5,11000000
1,1,3,2200000
5,4,10,18500000
4,3,5,12000000
5,5,1,125000000
5,5,10,21500000
4,4,10,17000000
5,5,10,17000000
4,4,10,16500000
4,4,10,16500000
3,3,5,11000000
3,3,5,11500000
3,3,5,9000000
4,4,10,17500000
4,4,10,18000000
0,7,2.5,6500000
0,5,10,22000000
0,5,10,22000000
4,3,5,11700000
2,3,2,3600000
3,3,5,10500000
2,3,3,4490000
1,2,3,2490000
6,5,1,65000000
5,4,5,15200000
0,2,4,14000000
0,2,5,8500000
0,3,4,7500000
0,4,4,8000000
0,2,4,6000000
6,5,10,24500000
0,5,1,42000000
2,2,6,3500000
1,2,3,2290000
2,4,3,4490000
1,2,3,2290000
1,2,3,2490000
0,0,12,20000000
0,0,12,21000000
0,0,1,25000000
0,0,1,37000000
0,0,1,55000000
4,3,6,12300000
4,4,10,17500000
4,4,10,17500000
4,3,7,19000000
3,3,1,25000000
5,5,1,45000000
5,4,10,26000000
0,1,2.5,4500000
0,1,2.5,4500000
0,4,10,23000000
0,3,5,8000000
0,2,5,9000000
0,3,5,8500000
0,2,5,8000000
0,2,5,8200000
0,2,5,7000000
0,2,5,7000000
0,4,5,9000000
0,1,3,4000000
0,3,2.5,5500000
0,3,2.5,5500000
0,3,2.5,5500000
0,3,2.5,5500000
0,2,2.5,4200000
1,1,3,2250000
6,5,1,35500000
3,3,10,15000000
5,4,10,22500000
0,5,10,22000000
0,5,1,36500000
0,5,1,35000000
0,5,1,37000000
0,4,10,22500000
0,4,10,24000000
0,4,10,25000000
0,4,10,35000000
0,4,10,24500000
4,3,5,12000000
5,3,5,12500000
0,7,1.2,35000000
0,3,5,15000000
0,3,3,6500000
0,5,15,25000000
0,7,1,35000000
0,3,5,13000000
0,4,12,35000000
0,3,1,37000000
4,3,5,14500000
4,3,5,17000000
0,0,5,8500000
3,2,3,7000000
0,0,6,12500000
2,3,2,3500000
0,0,5,3800000
8,6,1,42500000
0,0,16,90000
0,0,7,24000
0,0,6,20000
0,0,6,22000
2,2,5,15000
2,2,5,15000
2,2,5,15500
2,2,5,15500
2,2,5,16000
2,2,5,16000
2,2,5,16500
2,2,5,16500
2,2,5,17000
2,2,5,17000
2,2,5,15000
2,2,5,15000
0,0,3,20000
2,2,5,17500
2,2,5,17500
0,0,3,20000
0,0,3,20000
2,2,5,18000
2,2,5,18000
0,0,3,20000
0,0,3,20000
2,2,5,18500
0,0,3,20000
2,2,5,18500
0,0,3,20000
2,2,5,19000
2,2,5,19000
0,0,3,20000
2,2,5,19500
0,0,3,20000
0,0,3,15000
2,2,5,16000
2,2,5,15000
0,0,3,30000
0,0,3,30000
2,2,5,16500
0,0,3,30000
2,2,5,15500
0,0,3,30000
2,2,5,16000
0,0,3,30000
0,0,3,25000
2,2,5,16500
0,0,3,25000
2,2,5,17000
0,0,3,25000
0,0,3,25000
0,0,3,25000
5,4,10,29500000
0,3,5,12500000
0,4,5,12300000
6,6,4.8,27000000
6,6,4.8,14500000
6,6,4.8,25000000
4,4,4.8,19000000
4,4,4.8,15000000
6,6,4,12000000
4,4,4.8,18000000
4,4,4.8,15000000
2,2,4.2,5600000
2,2,4.2,5600000
0,0,8,75000000
0,0,8,75000000
0,3,6.2,13000000
2,2,4.8,8400000
2,3,4.9,9500000
2,2,4.4,4800000
5,5,10.6,43000000
2,3,8,12000000
2,2,3.2,2800000
2,2,3.2,2800000
3,3,6.4,10500000
2,2,4,6500000
4,4,4.8,18500000
4,4,5.6,14000000
2,2,4,7000000
4,4,5.6,14000000
3,3,6,9500000
4,4,4.8,18500000
3,4,4.8,17000000
2,2,4,3000000
2,2,4,3000000
2,2,4,3000000
2,2,4,3000000
2,2,4,3000000
2,2,4,3000000
2,2,4,3000000
0,0,9.6,38500000
0,0,9.6,38500000
4,4,12,38000000
0,0,9.6,38500000
0,0,9.6,38500000
0,0,9.6,38500000
0,0,9.6,38500000
0,0,9.6,38500000
0,0,9.6,38500000
2,2,4,3000000
1,2,1.8,1300000
3,3,6.8,20000000
0,6,5,16000000
0,4,5,12000000
0,4,5,9500000
0,6,9.6,15000000
0,4,7.2,8500000
0,0,3.2,18000000
0,4,6,18000000
0,4,4.8,10000000
0,4,4.8,11500000
0,4,4.8,8500000
0,4,4.8,9000000
0,4,4.8,8000000
0,4,3.2,5500000
0,4,3.2,6000000
4,3,7.8,22500000
1,2,1.8,1200000
0,0,3.1,4100000
4,4,11.8,34000000
2,2,5.1,7800000
3,3,7.8,11600000
2,2,3.6,5500000
2,2,4.7,12000000
5,5,12,190000
2,2,4,22000
4,3,8,75000
4,4,5.3,20000000
4,4,6.5,9000000
5,5,1.3,105000000
0,0,1.2,110000000
1,1,3.1,5250000
0,0,1.3,105000000
5,5,1.6,50000000
6,5,7,27000000
3,3,3,13500000
0,0,7,27000000
6,5,10,17000000
8,6,2,165000000
0,1,4.4,5600000
0,3,10.2,13500000
0,0,1.8,130000000
2,2,5.3,2900000
8,8,1.3,82500000
8,5,1,44000000
0,3,8,6000000
0,3,8,4500000
0,3,8,7500000
0,3,8,6000000
0,3,8,4500000
0,0,5,12500000
0,0,1,150000000
1,1,3.3,5513000
0,0,1.3,160000000
1,1,3.1,5250000
0,4,5,20000000
2,2,4,10000000
2,2,5.3,8872000
0,0,1.9,180000000
3,3,10.5,17700000
8,7,12,55000000
3,3,10,45000
6,6,16,140000
1,1,3.1,32000
0,3,1.3,80000
0,3,1.3,110000
0,3,17.8,130000
0,4,17.8,110000
0,6,1.3,300000
0,3,19.5,100000
0,4,1.9,190000
0,3,17.8,60000
0,3,17.8,65000
0,3,10,70000
0,2,17.8,70000
0,3,1.3,110000
0,3,1.3,120000
0,2,1,90000
0,3,1.8,140000
0,0,1.8,21000
0,3,14.2,50000
0,3,14.2,52000
0,3,14.2,53000
0,3,14.2,54000
0,3,14.2,55000
0,3,14.2,56000
0,3,14.2,57000
0,3,14.2,58000
0,3,14.2,59000
0,3,14.2,60000
0,3,1,80000
0,3,1,85000
0,3,1,88000
0,3,1,90000
0,3,1,90000
0,3,1,92000
0,3,1,95000
0,3,1,100000
0,0,14.2,50000
0,0,14.2,55000
0,3,14.2,60000
0,3,14.2,62000
0,3,14.2,63000
0,3,14.2,64000
0,3,14.2,65000
0,3,14.2,66000
0,3,14.2,67000
0,3,14.2,68000
0,3,14.2,69000
0,3,14.2,70000
4,4,1,150000
3,2,7,30000
0,0,1.2,250000
1,1,3.1,12000
0,0,1,140000
4,3,10,120000
3,3,10,55000
2,3,5.6,12000
0,3,1.3,140000
0,1,3,100000
0,1,3,90000
0,1,4.5,110000
0,1,4.5,120000
0,1,4.5,130000
0,1,4.5,140000
0,2,9,170000
4,3,5,11800000
5,3,5,13000000
5,3,6,13500000
0,5,10,21000000
0,3,5,11000000
0,5,5,16500000
0,5,5,16500000
0,3,5,12500000
0,4,5,13000000
0,4,8,19500000
0,5,1,45000000
0,5,10,33000000
0,5,10,32500000
0,6,12,34000000
6,5,1,51000000
0,3,5,12000000
0,4,5,12500000
0,4,5,13000000
0,5,5,14000000
0,5,5,15000000
0,3,3,8500000
0,3,3,9000000
5,5,1,47000000
0,5,1.6,120000000
0,2,16,55000000
0,3,2.3,60000000
0,5,1,46000000
0,5,5,12500000
0,4,3.5,11500000
0,4,7.5,19500000
0,5,5,16500000
0,5,7.5,22500000
0,5,12,35000000
3,3,1.9,7300000
7,6,2,130000000
2,3,4,6500000
6,5,10,18800000
3,3,10,21000000
8,7,10,27000000
0,8,3,400000000
5,3,5,12000000
8,7,10,26000000
0,3,10,15500000
0,5,1,60000000
0,7,2,80000000
1,1,1.8,5000000
0,4,7,21000000
0,4,10,20000000
0,0,5,8500000
0,4,6,13000000
0,3,5,10000000
0,4,10,25000000
0,4,7,15000000
0,6,1,30000000
0,4,6,13500000
0,3,5,7500000
4,6,5,9200000
8,7,10,25000000
6,6,1.1,29000000
2,4,5,3500000
1,1,10,15000000
0,0,5,2500000
7,5,10,19500000
0,0,3,2700000
0,0,2,2200000
0,0,4,3000000
0,0,3,2700000
0,0,2,2200000
0,0,3,2200000
0,0,4,2500000
0,0,6,4000000
0,0,5,3800000
4,4,5,6500000
5,5,13,9000000
1,1,2.5,2000000
3,3,10,17500000
4,3,12,50500000
4,3,8,24000000
3,3,6.4,11500000
3,3,7.8,23500000
2,2,4.7,16000000
3,3,8,26500000
0,0,8,26000000
0,0,3,5400000
0,0,3,5400000
0,0,3.2,5400000
0,0,3.2,5400000
0,0,2.6,4000000
0,0,2.6,4000000
0,0,3.4,4200000
0,0,3.4,4200000
0,0,3,5400000
0,0,3.2,5400000
0,0,2.6,4000000
0,0,3.4,4200000
4,4,12.2,19000000
3,3,10,13000000
2,2,4.2,3500000
3,3,10,11500000
0,0,1.9,1200000
0,2,3.2,4500000
0,2,4.8,5500000
0,2,4.8,5200000
0,0,1.8,2500000
0,0,1.8,2400000
0,0,1.8,2200000
0,0,3.2,5000000
0,0,3.2,4500000
0,0,3.2,4000000
3,3,6.1,15000000
3,3,8,21000000
2,2,4.9,7800000
3,3,8,12000000
3,3,6,14700000
3,3,8,20600000
3,3,6,15300000
3,3,6,14800000
2,2,4.2,6000000
3,3,6,14900000
3,3,6,14600000
0,2,4.8,5000000
0,2,4.8,4800000
0,2,4.8,3000000
0,0,2.4,2750000
0,0,2.4,2600000
0,0,2.4,2400000
0,0,4.8,5500000
0,0,4.8,4800000
0,0,1.6,2750000
0,0,1.6,2250000
2,2,4.8,7800000
3,3,6,15200000
3,3,8,15500000
2,2,5,7100000
1,1,6.5,32500000
0,2,4.9,5500000
0,2,4.2,5500000
0,2,10,11000000
0,4,13.1,15000000
0,3,8,5500000
0,3,8,13000000
0,3,5,10000000
0,3,8,13000000
0,3,5,8000000
0,3,6,13000000
0,3,8,18500000
0,3,8,8500000
0,3,8,8500000
0,4,14,13500000
0,4,14,13500000
3,3,10,12700000
3,3,10,12300000
3,3,10,12600000
3,3,10,12200000
3,3,10,12100000
3,3,8,20100000
3,3,10,11700000
3,3,10,12800000
3,3,10,11600000
3,3,10,11800000
10,10,1.2,550000
2,2,4.4,26000
4,4,13.2,175000
7,6,2,500000
0,2,9,175000
0,2,9,180000
0,2,9,185000
0,2,9,190000
0,3,14.2,230000
0,3,14.2,240000
0,3,14.2,250000
0,3,14.2,260000
7,7,14,120000
4,3,8,7000000
4,4,11.4,19200000
0,0,1.3,72000000
5,4,5,8200000
1,1,3.1,5250000
1,1,3.3,5513000
5,4,5,8000000
4,3,4,18000000
0,0,1.6,120000000
3,3,11,12300000
3,3,7.8,7000000
1,1,4.2,3800000
2,2,5.1,4600000
5,6,5,25000000
4,4,10,25000000
2,2,5,3200000
6,5,1,44000000
2,2,2.8,2300000
4,4,6,14000000
7,6,1,52500000
2,2,7,11000000
4,4,7,15800000
2,2,3.3,35000
0,3,1,50000
0,4,2,85000
1,1,4,15000
4,4,14.2,60000
2,2,8,25000
2,2,7,40000
7,5,2,180000
2,2,6,36000
3,3,1,75000
4,4,1,90000
5,5,2,200000
5,5,18,150000
0,0,7,80000
0,0,4.2,2280000
0,0,4.4,1000000
0,0,2.2,500000
0,0,2,225000
0,0,1,200000
7,5,7,44000
3,3,1,55000
5,4,1,17000000
2,2,5,5700000
5,5,1,33000000
1,1,2.7,5000000
5,4,5,9500000
0,0,4,4200000
4,3,5,11000000
2,3,2,3900000
7,5,1,49000000
7,5,1,42500000
7,5,1,45000000
6,5,2,145000000
7,6,1,42500000
4,5,10,23000000
6,5,1,54500000
5,5,5,10500000
0,3,5,12000000
5,4,10,35500000
6,5,1,55000000
0,5,10,25000000
6,4,10,39000000
4,4,2,5000000
0,0,1.2,2200000
5,4,5,13500000
6,5,1,40000000
5,4,10,37500000
5,4,1,31500000
5,5,7,13500000
4,3,5,10500000
4,4,7,18000000
5,3,5,11200000
6,5,1,40000000
0,0,1.8,3500000
6,5,1,40000000
2,2,2,3200000
5,3,5,11900000
1,1,2.2,10100000
0,8,15,24000000
4,4,10,27000000
3,3,1,21500000
8,7,1,24000000
2,2,12,4500000
6,6,12,15000000
4,4,7,12500000
5,4,10,18000000
5,5,1,35000000
0,0,5,9500000
5,9,4.8,16000000
3,3,8,21500000
3,3,10,11400000
3,3,8,13400000
0,2,3.1,6000000
2,2,4.2,6000000
0,0,9.6,12000000
0,0,9.6,12000000
0,0,9.6,12000000
0,0,9.6,12000000
0,0,9.6,12000000
0,0,9.6,12000000
3,3,10,12500000
3,3,10,12400000
3,3,10,12000000
3,3,10,11900000
3,3,10,11200000
3,3,10,10800000
3,3,10,10700000
3,3,10,11100000
3,3,10,11000000
3,3,10,10600000
2,2,4.2,7400000
3,3,10,10900000
3,3,10,11300000
2,2,4.2,7300000
3,3,10,11500000
3,3,10,10500000
2,2,4.2,7200000
2,2,4.2,7100000
5,5,10.9,42000000
2,2,4.2,7000000
2,2,4.2,6700000
2,2,4.2,6000000
2,2,4.2,6500000
2,2,4.2,6800000
2,2,4.2,6600000
2,2,4.2,6900000
2,2,4.2,6100000
2,2,4.2,6300000
2,2,4.2,6200000
3,2,4.9,11500000
3,3,8,13100000
0,0,4.8,16000000
0,2,4.8,6200000
0,3,4.8,6500000
0,3,4.8,6500000
0,3,4.8,7000000
0,3,4.8,7000000
0,0,4.8,13500000
0,0,4.8,7000000
0,0,4.8,14000000
0,0,4.8,14000000
0,0,1.6,2400000
0,0,1.6,2400000
0,0,2.4,3500000
0,0,2.4,3500000
3,3,6.4,8800000
2,3,3.2,11000000
4,4,3,8500000
3,3,6.7,30000000
2,2,4.4,7400000
2,2,4.4,7400000
2,2,3.3,4400000
2,2,4.4,6200000
3,6,3,8000000
1,1,2.4,3000000
3,6,2.4,4000000
0,3,6.4,9500000
0,3,6.4,10500000
0,3,6.4,13500000
0,2,4.4,6500000
0,2,4.4,7600000
0,2,3.3,5500000
0,2,4.4,6500000
0,2,4.4,6500000
0,3,6,8000000
0,3,7.1,10500000
0,2,3.3,5200000
0,2,4.9,7000000
0,2,4.2,6500000
0,2,4.2,6500000
0,2,4.2,4600000
0,3,8,13500000
0,3,8,13500000
0,6,16,50000000
0,4,4.8,23000000
0,3,16,20000000
2,2,2.7,4500000
6,6,3.6,11500000
2,2,4.2,9000000
2,2,3,4800000
2,3,5,12000000
0,0,4.8,5000000
0,0,2.4,4000000
0,2,2.9,4200000
0,0,4.8,14000000
0,0,9.6,27500000
0,0,4.8,14500000
0,0,4.8,5500000
0,0,2.4,4000000
0,0,2.4,4000000
0,0,4.8,14000000
4,3,5,6500000
2,3,5,9400000
0,2,4.2,9000000
2,3,8,6500000
3,3,10,45000
2,2,2,17000
2,2,4.4,25000
2,2,4.4,26000
2,2,2.2,27000
0,3,12.4,190000
3,3,1,230000
4,3,10,45000
10,9,4,1000000
2,2,1,100000
5,5,1.5,90000
3,3,11.4,45000
0,0,3.8,20000
3,2,7,40000
2,2,4.4,25000
4,4,1.2,110000
4,3,11,60000
4,4,7,16000000
6,6,14.2,44500000
1,1,3,5600000
2,2,5,18500000
4,4,9.3,34000000
4,3,8,4300000
6,6,1.5,90000000
4,3,8,5400000
5,5,1.3,120000000
6,6,3.6,550000000
3,3,9.1,11500000
1,1,2.8,3100000
0,0,4.4,17000000
3,3,12.9,20000000
10,11,3.6,220000000
3,3,7.8,32000000
0,0,10,12500000
0,0,10.9,30000000
5,5,10,16500000
3,3,7.8,32000000
0,0,16,70000000
4,3,8,7200000
3,4,1.3,122000
0,3,1,55000
0,3,14.2,65000
0,3,1,90000
0,1,1.9,37000
0,8,1.2,180000
0,3,1.2,85000
0,3,1.2,80000
0,3,12.4,60000
0,3,1.2,100000
0,3,12.4,50000
0,3,14.2,65000
0,6,14.2,120000
0,3,14.2,65000
0,3,14.2,60000
0,2,4.7,60000
2,1,4,45000
3,3,10,28000
2,2,10,32000
3,3,10,30000
4,4,10,70000
3,3,1,42000
1,1,2.4,27000
1,2,5,18000
3,3,1,48000
2,2,5,25000
4,3,5,35000
6,5,7,50000
8,7,2,91000000
4,4,10,22500000
5,5,10,41000000
7,6,1,57500000
5,4,10,30500000
4,4,10,22000000
4,3,5,14500000
0,3,5,17500000
6,5,1,39500000
4,3,5,21500000
10,9,2,805000000
6,5,1,43500000
6,5,1,42500000
7,6,2,90000000
4,4,10,23000000
6,5,1,57500000
5,4,5,8800000
8,7,1,35000000
6,5,1,44000000
6,5,10,27000000
5,3,5,12500000
6,5,1,29000000
0,6,8,15500000
4,4,5,11000000
6,5,1,28500000
3,2,5,4800000
6,5,1,37500000
6,4,10,41000000
4,3,5,15200000
5,4,10,27800000
6,5,1,36000000
6,4,5,11800000
6,5,1,31000000
4,3,5,18800000
5,4,5,10000000
5,4,5,12000000
4,3,5,10200000
0,0,10,22500000
5,4,10,24000000
7,5,1,65000000
2,1,10,3500000
7,6,1,33000000
3,3,5,12500000
6,5,1,47500000
4,3,5,10800000
0,4,7.5,16500000
0,10,10,13000000
0,3,3,7800000
5,3,5,12800000
4,5,7,16500000
6,5,10,21000000
4,3,5,12500000
5,4,10,19000000
7,3,10,14000000
5,3,5,12300000
0,3,3.5,8800000
0,3,5,11500000
0,3,4.5,8500000
0,3,7.5,17000000
0,5,7.5,15500000
0,4,9,16000000
0,6,3,7500000
5,3,5,10800000
6,5,10,35000000
6,5,1,42500000
5,3,5,11500000
4,3,1,25000000
5,3,5,11800000
0,0,2.5,360000000
7,6,10.1,26000000
8,6,1.5,180000000
0,0,5,13500000
5,3,5,12400000
6,6,10,25000000
4,4,1,55000000
5,3,5,11400000
7,6,2,120000000
0,6,1,22500000
0,5,10,15000000
5,5,1,61000000
6,6,8,15000000
5,5,12,3
5,4,7,10000000
2,2,5,5500000
3,3,10,25500000
7,6,11,29000000
6,5,7,14500000
2,2,6.1,7500000
2,2,6.1,7500000
4,6,3.2,8000000
2,2,9.6,7500000
2,2,6.1,7500000
3,3,16,42500000
2,2,9.6,7500000
6,6,14.5,22900000
3,6,4.8,12000000
2,2,4.4,6500000
3,3,4.7,6000000
4,3,12,21000000
3,3,8,13500000
5,5,1,82500000
5,5,3.2,8500000
2,2,2.6,4200000
2,2,2.6,4200000
2,2,4,4500000
2,2,4,4500000
2,2,3.4,5200000
2,2,3.4,5200000
0,0,3.4,3600000
0,0,3.4,3600000
0,0,3.4,2700000
0,0,3.4,2700000
2,3,5,4500000
2,2,4.8,7500000
0,2,4.2,5500000
0,2,3.3,3800000
6,5,1,87500000
1,2,2.6,4200000
2,2,4.8,7850000
0,0,4.8,9500000
8,7,1.5,160000000
7,6,1,165000000
4,4,4.8,16500000
0,2,4.8,4500000
0,4,4.8,7500000
3,3,9.6,33000000
3,3,6,15000000
3,3,6.2,13500000
6,5,4.9,16000000
3,3,7.8,15000000
0,2,4.4,4200000
0,2,3.3,2600000
0,2,4.2,6000000
0,2,3.6,5600000
0,3,2,2050000
0,3,5.8,5400000
2,2,4.4,9500000
0,3,7.8,25000000
0,3,6,11500000
0,2,4,6000000
0,2,4.4,6000000
0,3,8,8000000
0,3,5.8,8000000
0,3,7.1,14000000
0,6,1.2,75000000
0,8,9.6,32500000
0,8,16,48000000
0,0,3.2,4500000
7,6,9.6,40000000
2,2,4,35000
2,2,4,38000
0,8,2,800000
3,3,12.8,40000
3,3,12,95000
5,5,1,220000
3,3,1,115000
7,6,1.3,300000
3,3,1,135000
3,3,7.8,78000
4,4,12,46000
3,3,10,40000
2,2,6,30000
2,2,5.6,70000
2,2,2.4,12000
3,3,3.2,17000
3,3,12,95000
3,3,1,120000
3,3,9.6,50000
2,2,4.2,50000
3,3,10,55000
3,3,9.6,44000
0,5,1,245000
2,3,4.9,25000
7,5,2,450000
3,3,7.1,80000
2,2,4.8,25000
2,2,4.8,25000
0,2,4.7,65000
4,3,10,36000
2,4,5,24000
2,2,10,52000
2,2,4.6,45000
5,5,1,90000
1,1,1.8,18000
2,2,4.4,23000
2,2,4.4,23000
3,3,1,170000
2,2,9.4,55000
6,6,1,400000
3,3,1,40000
4,4,7,100000
3,3,1,80000
3,3,1,45000
2,2,5,22000
3,3,14,38000
8,8,1,600000
0,2,7,40000
0,3,12,55000
0,4,1,65000
0,6,7,75000
3,3,7.1,47000
5,3,10,100000
2,2,8,28000
0,0,1,63000
0,0,1,62000
4,3,1,60000
1,1,1.8,2665000
2,2,5,3550000
2,3,4.5,4800000
8,8,2,230000000
2,2,5,2300000
2,2,5,2900000
8,8,2,147500000
9,9,2,300000000
0,6,1,90000000
0,0,1,41200000
0,2,5.6,9500000
0,3,3.6,5500000
8,7,3,70000000
0,0,8,25000000
2,2,8,6000000
4,4,5,7800000
4,4,5,7500000
4,4,5,7500000
4,4,1,35500000
4,4,1,35000000
4,4,1,35000000
5,5,1,34500000
5,5,1,35500000
5,5,1,36000000
5,5,1,35000000
3,3,15,17000000
3,3,15,16000000
5,5,15,21000000
5,5,15,22000000
2,2,10,11000000
2,2,10,10000000
4,4,15,13000000
4,4,15,12000000
0,5,4,240000000
0,2,5.1,32500000
7,5,1,48000000
0,3,8,7000000
0,3,5,9500000
1,1,5.6,9000000
6,5,10,26500000
3,3,10,13000000
2,2,7.6,12000000
0,0,1,150000
3,5,7,39000
8,7,1,145000
6,5,7,44000
3,3,10,65000
1,2,5,15000
7,5,1,95000
4,3,1,60000
0,2,3,25000
1,1,4.2,4750000
2,3,3.8,4000000
4,3,3,8800000
0,5,1,27500000
0,5,10,18000000
0,3,4.5,9500000
0,6,10,25000000
0,5,10,21000000
0,5,10,22000000
0,7,1,37500000
5,5,2,35000000
3,3,1,36500000
3,4,3,8200000
3,3,4,11500000
6,5,1,50000000
7,5,1,53000000
0,0,2,160000000
6,5,1,45000000
2,2,2.5,4200000
3,3,4,14000000
0,0,8,20000000
0,0,8,20000000
0,0,8,20000000
0,2,6,8500000
0,2,6,7500000
4,3,5,10000000
6,5,1,42500000
5,4,10,23000000
4,3,5,5500000
3,2,2,7000000
6,5,10,17000000
6,5,1,42500000
0,3,3,4000000
0,1,2,2500000
0,3,3,6500000
0,3,6.5,6500000
0,3,6.5,6600000
0,8,4,7500000
0,0,1.1,40000000
0,3,4,14500000
0,4,4,11500000
0,5,5,12500000
0,2,2,5500000
0,4,5,16000000
0,4,5,16000000
0,0,1,28000000
0,0,2,5500000
0,3,2,5000000
2,3,5,10200000
6,5,1,39900000
3,3,5,14500000
0,3,4,7500000
0,3,3,5500000
0,4,6,11500000
0,3,3,6000000
0,4,5,8000000
5,1,5,15500000
2,3,3,4200000
7,6,2,127500000
0,3,5,8200000
0,3,5,8400000
0,5,10,18500000
0,0,5,10500000
0,5,10,21000000
0,3,1,40000000
6,4,1,24800000
7,5,10,21500000
2,2,5,3800000
2,2,5,4000000
3,3,5,6000000
3,4,3.5,10500000
5,4,10,19900000
2,2,10,22500000
6,6,1,55000000
6,4,12,22200000
4,4,3,8200000
6,5,10,16500000
5,5,10,21000000
6,5,1,79000000
4,3,10,18500000
5,5,10,32500000
4,3,5,9600000
3,3,11,16000000
6,5,1,57500000
3,5,3.5,7500000
2,2,3.9,2700000
0,2,10,8000000
0,3,10,9000000
0,6,10,12000000
0,6,10,14500000
0,6,10,14500000
0,6,10,15500000
0,6,1,15000000
0,3,1,12000000
0,5,7,13500000
0,5,10,18500000
0,2,5,5900000
0,5,11,21000000
0,3,5,9600000
0,5,1,25000000
0,1,4.9,6800000
0,5,10,16500000
0,3,8,11500000
0,3,5,9500000
0,3,1.9,55000000
0,5,10,18500000
6,5,8,18000000
4,4,5,11000000
5,5,7,15000000
0,0,1.9,100000000
7,5,10,26500000
4,5,5.2,13500000
0,2,5.3,12000000
4,3,11.2,18500000
0,4,9.8,30000000
4,4,8,18000000
4,4,14,14500000
4,4,13.3,41500000
3,3,6,14000000
6,6,1,105000000
0,6,2,220000000
0,8,2,220000000
0,6,4,310000000
0,4,4,350000000
0,5,2,155000000
0,5,12,100000000
0,5,12,97500000
0,6,1,160000000
0,6,1,145000000
0,5,1,110000000
0,6,1,150000000
0,4,8.9,25000000
0,5,2,155000000
0,6,1,115000000
0,4,12,62500000
0,6,1.3,135000000
0,9,1.3,145000000
0,6,1,92500000
0,6,2,280000000
0,6,4,320000000
0,12,4,320000000
0,5,12,92500000
2,2,3.6,4500000
0,3,4.8,7500000
0,2,4.8,16500000
0,3,4.8,9000000
0,0,4.8,12500000
0,0,4.8,13500000
2,2,3.9,6500000
0,4,12,78000000
0,5,12,98000000
0,4,12,59000000
0,4,12,74000000
0,4,12,62500000
0,5,2,150000000
0,4,12,65000000
0,5,12,95000000
0,6,1.3,135000000
0,4,2,112500000
0,2,4.8,15500000
0,4,4.8,16000000
0,3,5.3,9500000
0,2,4,4500000
0,3,5.9,8500000
0,3,5.9,8000000
0,4,9.6,14500000
0,4,8,16000000
0,3,7.1,9000000
0,2,4,6000000
0,2,3.3,4400000
0,2,3.8,7000000
0,0,4.8,8000000
0,0,4.8,9500000
6,6,1,99000000
0,0,1,90000000
2,3,5.1,16000000
6,5,1,200000
2,2,4.8,20000
2,2,4.8,20000
5,4,1,185000
3,3,7.6,50000
5,4,10.7,130000
1,2,3.2,13000
0,2,4.8,25000
0,2,4.8,25000
0,2,4.8,55000
0,0,4.8,27000
4,4,8,55000
3,0,11.1,250000
2,2,4.4,25000
6,5,1,120000
3,3,2.2,70000
3,3,8,80000
1,1,2.6,100000
3,3,1,45000
2,2,5,40000
2,2,7,40000
2,2,3,50000
0,0,2.4,500000
4,4,5,35000
4,4,5,40000
5,5,3,300000
5,5,1,145000
5,5,1,130000
3,3,14,30000
2,2,10,25000
2,2,10,30000
2,2,13,30000
2,2,8,15000
3,3,7,21500
3,3,1.3,85000
3,3,1.3,90000
4,4,1,180000
6,5,1.3,300000
4,4,1,55000
6,5,2.5,180000000
3,2,6,9000000
9,9,1.6,150000000
4,4,4.9,16000000
3,3,1,40000000
2,2,6,8000000
2,2,2,6000000
5,4,4.4,14500000
2,2,2,4500000
3,3,7,30500000
3,2,7,10500000
6,5,10,70000
0,0,5,55000
0,0,4,26000
0,0,5,22000
0,0,5,32000
0,0,5,17000
0,0,5,14000
0,0,8,19000
0,0,5,35000
0,0,5,18000
0,0,5,17000
0,0,5,18000
0,0,5,17000
0,0,5,18000
0,2,3,8000
0,1,3,8000
0,0,5,35000
0,0,4,10000
0,0,10,22000
0,0,5,15000
2,2,8,26000
4,3,10,60000
2,3,5.3,50000
5,4,10,60000
6,6,10,16500000
4,3,5,20000000
4,4,4,4800000
6,5,8,15000000
3,3,3,8200000
7,7,16,27000000
6,5,12,35000000
4,3,7,20000000
4,3,5,21000000
1,1,2.8,11500000
0,5,1,24500000
0,5,1,31000000
0,5,10,17500000
0,4,10,19500000
0,4,10,22500000
0,3,5,10500000
0,3,5,9800000
0,3,5,14500000
0,4,10,27000000
0,0,5,9000000
0,5,1,45000000
0,5,1,35000000
0,5,1,49500000
0,5,1,55000000
0,4,10,36500000
0,3,5,18500000
7,5,8,16800000
0,3,7,9000000
0,3,5,9500000
8,7,4,330000000
8,7,1,65000000
6,5,1,45000000
6,5,1,37500000
6,5,1,47000000
6,5,1,31000000
6,5,1,46500000
6,5,16,31000000
6,5,5,17500000
7,5,8,17200000
3,3,5,6000000
7,5,8,16600000
0,3,18,25500000
7,5,8,16500000
4,3,6,12300000
4,3,5,14000000
4,4,2.4,6500000
3,3,5,10500000
7,5,8,18000000
3,5,2.1,4000000
2,2,10,17000000
3,3,5,12000000
6,6,5,17500000
3,3,5,14000000
3,3,3,5000000
3,3,2.5,4700000
2,2,2,3800000
3,3,2,3600000
4,4,5,16000000
3,3,11,22500000
9,8,1,50000000
3,2,2.5,7500000
7,5,8,17500000
0,0,4,160000000
6,5,1,46000000
7,5,8,17800000
7,5,8,18500000
7,5,8,18000000
0,0,4,25000000
1,1,2,3800000
6,5,1,100000000
4,3,5,11600000
0,3,5,7500000
3,3,11.6,12000000
4,4,12,12000000
4,4,1,38000000
3,3,10,20500000
3,3,10,21000000
4,4,10,23000000
4,4,1,36000000
4,4,12,26000000
4,4,5,16000000
3,3,5,15500000
3,3,5,15000000
3,3,5,14500000
3,3,5,14000000
5,5,10,22500000
5,5,10,26000000
5,5,10,25000000
5,5,10,24000000
5,5,10,24000000
3,3,5,13000000
5,5,10,23000000
1,2,5,3650000
5,5,10,23000000
5,5,10,24000000
4,4,5,9800000
3,3,5,13000000
3,3,5,14000000
6,6,1,37500000
6,5,8,16800000
6,6,1,38000000
6,5,8,16500000
6,6,1,40000000
6,5,8,15500000
6,6,1,41000000
6,5,8,16500000
7,7,1,41000000
4,5,1,15000000
5,5,7,13500000
4,4,5,7700000
3,2,4,4000000
2,2,4,4200000
6,4,8.5,16000000
4,4,10,19000000
6,5,8,14000000
1,1,2.3,3350000
6,4,7.3,15000000
4,4,10,22000000
5,5,10,22500000
5,5,1,35000000
6,6,10,16000000
4,4,11,16500000
5,5,12,17000000
4,4,7,14000000
4,4,5,11000000
6,5,1,260000
3,3,4.7,38000
6,6,1,225000
6,5,1,230000
3,3,12,60000
2,2,4.8,27000
0,3,1,120000
2,2,4.8,15000
5,5,18.7,145000
0,0,1.2,150000
7,7,1.3,275000
3,3,5.6,5500000
6,6,10,36000000
6,6,9.6,34000000
6,6,9.6,36000000
6,6,4.8,12000000
3,2,4.8,6000000
2,2,3.6,2800000
6,5,1,27000000
0,0,9.6,23500000
0,0,9.6,23500000
5,4,14,17000000
5,5,1,74000000
2,2,2.8,504000
2,2,2.8,502000
2,2,2.8,500000
7,5,8,30000000
5,5,12,67500000
0,0,3,4200000
1,1,2.4,1100000
3,3,9.6,34000000
3,3,4,7500000
2,2,5.1,4500000
3,3,7.3,15000000
1,2,2.4,3800000
5,4,8.8,15000000
9,9,9.6,65000000
2,6,5.4,25000000
3,3,8,9900000
9,9,9.6,65000000
3,3,5,14000000
3,3,5,14000000
0,2,4.4,6000000
4,2,2.4,7500000
2,2,4.3,5100000
5,5,1,75000000
3,3,11.6,32000000
3,3,5,11000000
7,6,4.8,23000000
4,3,8,13000000
4,5,4,4800000
8,6,9.6,27000000
3,3,6.7,11500000
2,2,3,5000000
3,3,4.8,12500000
3,3,9.6,18000000
1,3,3.2,4000000
2,2,10,25000
3,3,1,40000
4,3,1.6,110000
2,2,8,40000
2,3,7,35000
2,2,5,37000
0,0,1,300000
3,3,1,48000
3,3,1,75000
2,2,1,25000
7,6,1.2,350000
10,10,4,720000
8,6,13,100000
3,3,1,190000
3,3,1,200000
4,3,1,55000
3,3,12,55000
0,1,4,15000
6,6,1.2,400000
5,5,1,260000
4,4,4.4,80000
2,2,12,50000
3,3,1,160000
0,0,1,33000
4,3,1.3,85000
3,3,1.3,110000
3,2,7.8,50000
8,8,1.5,550000
2,2,2.9,16000
2,2,2.9,16000
3,5,10,25000
3,3,11.8,275000
4,4,10,40000
4,4,1,40000
4,4,1,45000
2,2,5,8300000
3,3,14,16500000
2,2,8.8,13100000
6,5,10,15000000
6,5,10,14000000
5,5,8,20000000
6,5,6,11500000
6,6,14.2,40000000
4,4,10.9,30000000
4,4,6.7,26500000
2,2,3.8,7000000
5,5,4,19000000
2,2,4.7,6000000
6,6,14,55000000
4,4,10,40000000
6,6,1,75000000
6,6,1.1,90000000
6,6,1.3,130000000
6,6,1.1,80000000
8,7,1,112500000
6,6,1.2,100000000
6,6,1,70000000
6,6,14,55000000
4,4,10,40000000
4,4,8,32500000
4,4,5,21000000
4,4,4,20000000
4,4,4,16500000
4,4,1,55000
4,3,1,65000
5,4,2,90000
1,1,1.6,25000
2,3,13,46000
2,2,4.4,24000
3,3,10,28000
3,2,10,25000
3,3,14.2,38000
3,3,10.9,55000
2,2,4.4,22000
3,3,1,80000
3,3,1,90000
2,2,4,30000
2,2,10,45000
3,3,14,65000
3,3,1.2,85000
3,3,1,85000
3,3,14,60000
2,2,10,45000
3,3,1,100000
6,6,1,280000
3,3,1,60000
3,3,14,45000
2,2,10,38000
3,3,1,70000
3,3,14,55000
2,2,10,45000
2,2,8,38000
2,2,5,32000
2,2,4,25000
6,6,1,160000
6,6,14,120000
4,4,10,100000
4,4,8,75000
4,4,5,65000
4,4,4,50000
3,3,5.8,40000
3,3,5.3,39000
3,3,4.9,38000
3,3,4.9,37000
3,3,4.4,36000
3,3,5,25000
6,5,17,100000
5,5,7.3,45000
3,3,10,30000
1,3,12,18000
0,0,1,97000
0,0,10,60000
0,0,14,40000
0,0,10,32000
0,0,10,35000
0,0,1,45000
4,4,10,55000
5,5,10,60000
5,5,10,65000
3,3,10,47000
3,3,10,35000
3,3,10,38000
3,3,10,40000
3,3,10,45000
4,4,12,60000
4,4,12,40000
6,6,1,37500000
6,5,8,16700000
6,5,8,16800000
6,5,8,16000000
6,5,8,16500000
6,5,8,17500000
0,0,2,9500000
5,4,10,27000000
5,5,1,50000000
3,3,6,12500000
6,5,1,40000000
8,5,2,90000000
10,8,4,140000000
6,5,10,18500000
2,3,3,2650000
4,4,1,26500000
6,4,7,20000000
3,3,10,18500000
5,5,10,22000000
4,5,1,20000000
2,2,5.8,7000000
7,7,1.2,400000
3,3,10.2,50000
0,1,8,70000
4,4,1,120000
3,3,8.2,60000
2,2,4.9,55000
3,3,7.6,75000
2,5,16,100000
3,3,4.8,25000
3,3,12,80000
2,2,7,30000
3,2,4.2,50000
6,6,1,250000
6,6,1,200000
4,4,4,100000
2,2,4.4,35000
2,2,4.9,29000
1,1,2.2,27000
3,3,7.1,13500000
3,3,5,13000000
3,3,5,13000000
3,3,5,13000000
3,3,5,13000000
3,3,5,13000000
3,3,5,13000000
3,3,5,13000000
3,3,5,13000000
2,2,5,8700000
3,3,8,11800000
4,4,4.8,30000000
2,3,4,4500000
2,2,4.8,14500000
3,3,12.4,22500000
2,2,3.2,4500000
2,2,3.2,3400000
3,3,9.6,16000000
5,4,4,16500000
9,8,12,43000000
4,4,4,90000
1,1,2,10000
3,3,7.1,45000
6,7,16,130000
3,3,4.4,35000
2,2,3.3,35000
2,2,3.3,34000
2,2,3.1,33000
2,2,3.1,32000
2,2,3.1,31000
1,1,2.2,30000
1,1,2.2,27000
1,1,2,26000
1,1,2,25000
3,3,5.3,39000
3,3,4.9,38000
3,3,4.9,37000
3,3,4.4,36000
3,3,4.4,35000
2,2,3.3,35000
2,2,3.3,34000
2,2,3.1,33000
2,2,3.1,32000
4,4,10,41000000
5,5,8,37000000
0,0,5.6,12000000
0,0,6.7,14000000
0,0,5.6,11500000
0,0,5.1,12500000
0,0,8,16000000
0,0,5.6,11000000
0,0,5.6,12000000
0,0,5.6,13800000
0,0,9.3,22000000
3,3,5,4600000
4,3,5,13500000
7,7,3,9200000
5,5,6,13500000
3,5,5,7500000
8,7,1,150000
2,2,8,16500
0,0,4,36000
0,0,4,37000
0,0,4,38000
0,0,4,39000
0,0,4,40000
0,0,4,41000
6,6,10,60000
0,0,4,42000
0,0,4,43000
0,0,4,44000
0,0,5,41000
0,0,5,43000
0,0,5,44000
5,5,5,13500000
5,5,5,15000000
5,5,5,13500000
3,3,5,12500000
3,3,5,12500000
3,3,5,11000000
3,3,3.5,9500000
4,4,3,8500000
0,0,10,26000000
5,4,10,28500000
4,4,1,26500000
5,5,10,25500000
5,5,10,26000000
3,3,5,12500000
5,5,12,21000000
3,3,5,7500000
5,4,10,28000000
3,3,1.5,4500000
6,6,5,15500000
6,6,5,11500000
6,6,10,17000000
6,6,10,15000000
6,6,11,24000000
3,4,1,25000000
3,4,1,22000000
5,5,10,20000000
3,4,1,22000000
3,4,1,23300000
3,4,1,23000000
3,4,1,23500000
3,4,1,23600000
3,4,1,24200000
3,4,1,24800000
5,4,10,28000000
3,4,1,24500000
3,4,1,24000000
4,4,1,26500000
5,4,10,28000000
5,5,10,16500000
5,4,10,26500000
4,4,1,26600000
5,5,10,22500000
5,4,10,26500000
5,4,5,7000000
5,4,10,27500000
5,5,1,53000000
3,3,3,7000000
3,3,5,10500000
5,5,7,13000000
0,4,5,12200000
0,3,3,7000000
0,2,10,15000000
0,4,4.5,8200000
0,10,2,120000000
0,4,5,12500000
0,5,13.5,24000000
6,6,10,16500000
5,5,10,17000000
5,5,7,15500000
4,4,1,26600000
5,5,10,14000000
4,4,5,9500000
3,3,5,9500000
3,3,5,8400000
3,3,3,7000000
3,3,5,8500000
3,3,5,8600000
3,3,2.5,6500000
3,3,5,8500000
3,3,10,18000000
5,5,10,20000000
5,5,5,9000000
4,4,1,26600000
7,7,10,23000000
2,3,5,3800000
0,5,1.1,42500000
3,3,5,10500000
6,6,4,250000000
6,6,4,250000000
4,4,1,26800000
6,6,4,250000000
6,6,4,260000000
6,6,3,180000000
4,4,12,14500000
6,6,3,175000000
4,4,12,16500000
4,4,12,17500000
6,6,3,180000000
6,6,3,160000000
5,5,2,130000000
4,4,1,26800000
5,5,2,125000000
3,3,10,13000000
5,5,2,130000000
3,3,10,11500000
5,5,2,125000000
3,3,10,14000000
4,4,1,26800000
5,5,2,105000000
5,5,2,110000000
5,5,2,120000000
0,4,10,25000000
0,4,10,15000000
0,4,10,20000000
0,5,10,25000000
0,5,10,25000000
0,4,5,11000000
0,4,5,12500000
0,4,5,11000000
0,3,3,7200000
0,3,3,8600000
0,3,5,11000000
0,3,3,7200000
0,4,3,10700000
0,3,2.8,6500000
0,3,3,6500000
0,3,2.5,4600000
0,5,1,55000000
0,3,10,23000000
0,3,2.5,4500000
0,3,3,5500000
5,5,1,60000000
1,1,2.2,5000000
5,5,1,60000000
5,5,1,60000000
5,5,1,57500000
5,5,1,55000000
3,3,2.5,6500000
4,4,1,33500000
4,4,1,33500000
4,4,1,33500000
5,5,10,14000000
5,5,10,14500000
4,4,1,34500000
4,4,1,34500000
4,4,1,34500000
0,0,2,65000000
3,3,2.5,6500000
5,5,2,52500000
5,5,2,52500000
3,3,5,10500000
5,5,2,52500000
0,0,10,16000000
5,5,2,53000000
0,4,7,15000000
0,3,3,10000000
5,5,2,53000000
2,2,2,6200000
5,5,2,53000000
5,5,2,53500000
5,5,2,53500000
4,3,2.5,5500000
5,5,2,53500000
6,5,6,13000000
4,3,5,10600000
6,5,6,13500000
3,3,3,7500000
3,3,3,7000000
3,3,3,6800000
3,3,3,5000000
6,5,6,12000000
3,3,4,7500000
4,3,8,15000000
3,3,5,8500000
3,3,3,7500000
3,3,4,7000000
3,3,3,7000000
3,3,3,7400000
3,3,3,6500000
3,3,3,7200000
3,3,3,7800000
3,3,3,7500000
3,3,3,7700000
7,6,8,15000000
3,3,3,7900000
3,3,3,7600000
5,4,10,18200000
3,3,3,7500000
3,3,3,7100000
4,3,2.5,6000000
3,3,3,7000000
3,3,3,6900000
3,3,3,6700000
4,3,2.5,5500000
3,3,3,6600000
5,5,2,100000000
3,3,3,6800000
5,5,2,105000000
5,5,1,48000000
5,5,1,60000000
5,5,1,75000000
3,3,5,14000000
3,3,5,13000000
5,4,12,21800000
3,3,5,10500000
4,4,10,24500000
4,4,10,22000000
4,4,10,21000000
4,4,10,19000000
5,5,1,39000000
0,0,5,5000000
0,0,6,2500000
0,0,10,40000000
0,0,5.5,9000000
0,0,1.4,5000000
0,0,7,16000000
0,0,7,15500000
0,0,7,16500000
0,0,3.5,12500000
0,0,3.5,25000000
0,0,5,10000000
0,0,1,55000000
0,0,4,6500000
4,4,7,20000000
2,2,3.3,6300000
2,3,6.4,9300000
4,4,14,17000000
4,4,4.6,9000000
2,2,3.1,31000
1,1,2.2,30000
1,1,2.2,27000
1,1,2,26000
1,1,2,25000
3,3,1,85000
2,2,10,60000
2,2,10,50000
4,4,6,100000
3,3,12,50000
3,3,14,55000
3,3,1,65000
3,3,14,55000
3,3,14,70000
3,3,14,70000
3,3,14,68000
2,2,6,28000
2,2,6,32000
2,2,6,28000
2,2,5,30000
2,2,5,32000
2,2,5,30000
1,1,2.6,100000
3,3,7.8,165000
3,3,9.3,185000
3,3,10.7,120000
6,6,1,105000
5,4,1,75000
0,3,5,11500000
0,4,5,12500000
5,4,10,27500000
4,4,4,5500000
4,4,6,13500000
4,4,5,12500000
2,2,4,3900000
2,2,3,3400000
2,2,3,3600000
2,2,3,3300000
2,2,3,3500000
0,0,5,9850000
0,0,5,9845000
2,2,5,4500000
0,0,10,50000
0,0,1,13000
0,3,7,32000
0,4,10,50000
0,0,7,50000
0,3,7,35000
0,6,1,50000
0,0,5,45000
0,0,5,46000
0,0,5,47000
0,0,5,48000
0,0,5,50000
0,0,5,42000
0,0,4,36000
3,2,9,18000
1,1,3,28000
1,0,2,24000
7,6,5.5,11500000
5,5,1,38000000
5,5,1,28000000
5,5,1,32000000
5,5,1,31000000
5,5,1,37000000
5,5,1,34000000
5,5,1,28500000
5,5,1,34500000
3,3,5,11500000
0,3,5,11500000
3,3,3,7000000
0,7,8,16000000
5,5,1,35000000
5,5,1,39000000
5,5,1,38000000
3,2,2.5,4500000
0,3,2,5500000
0,3,3.5,7500000
0,3,3.5,7000000
0,5,5,10000000
0,4,4.5,10500000
0,2,10,11500000
0,2,12,14500000
0,3,3,6500000
4,3,5,9000000
4,3,5,11500000
4,4,10,18000000
6,5,1,49000000
6,5,1,50000000
6,5,1,55000000
6,5,1,50000000
6,5,1,48500000
6,5,1,52500000
4,4,1,21200000
3,3,5,9000000
6,5,1,62500000
4,4,1,21000000
3,3,5,10000000
6,5,1,72500000
4,4,1,20800000
3,3,5,10000000
3,3,4,10000000
4,4,1,20700000
4,4,1,20500000
5,5,6,12500000
4,4,1,20300000
5,5,7,15000000
5,5,7,15000000
5,5,6,12500000
5,5,7,13000000
5,5,1,55000000
4,4,5,10000000
5,5,1,57500000
3,3,4,10000000
5,5,1,60000000
5,5,1,65000000
5,5,1,65000000
5,5,8,15000000
5,5,2,115000000
5,5,2,125000000
5,5,8,14000000
5,5,2,120000000
5,5,2,130000000
5,5,2,130000000
4,4,1,20200000
5,5,8,14000000
3,3,4,10000000
3,3,4,9500000
5,5,5,13000000
3,3,4,9500000
3,3,4,9800000
3,3,4,9800000
3,3,4,10500000
3,3,4,10500000
6,5,1,39900000
0,2,2.2,3500000
0,5,5,13000000
0,2,2.5,8000000
0,2,2,2500000
0,3,4,7500000
0,0,3,7500000
3,3,4,10000000
0,4,1,35000000
0,4,1,27500000
0,7,2,70000000
0,5,1,74500000
0,5,7,29500000
3,3,4,10500000
3,3,4,9500000
6,5,1,75000000
6,6,16,25000000
6,6,16,25000000
2,2,1.5,2600000
4,4,1,20000000
4,4,1,19800000
4,4,1,19700000
4,4,1,19500000
4,4,1,19200000
4,4,1,19000000
4,4,1,19300000
0,1,2.1,4500000
4,4,5,6100000
4,4,5,6100000
2,2,2,2200000
4,4,1,18800000
2,2,2,2200000
3,3,2,4000000
3,3,2,4000000
4,4,1,18700000
3,3,2,4000000
4,4,1,18500000
4,4,1,18300000
4,4,1,18200000
3,3,6,12000000
4,4,1,18000000
4,4,9,25000000
5,5,1,55000000
2,2,2,6200000
5,5,10,25000000
5,5,1,42500000
5,5,10,24500000
3,3,3,8000000
3,3,3,8000000
2,2,2,6000000
3,3,3,8000000
3,3,3,8000000
3,3,4,9500000
3,3,3,8000000
3,3,4,9500000
3,3,3,8000000
3,3,5,12000000
3,3,4,9500000
3,3,3,8000000
3,3,3,8000000
2,2,2,5500000
3,3,3,8000000
3,3,3,8000000
5,5,1,47500000
5,5,1,62500000
5,5,1,57500000
5,5,1,47500000
3,3,5,12000000
3,3,5,12500000
3,3,5,12500000
3,3,5,15000000
4,4,10,20000000
4,4,10,22500000
4,4,1,20800000
4,4,1,20700000
4,4,1,20900000
4,4,1,20500000
4,4,1,21000000
6,6,1.2,57500000
6,5,1,51000000
5,4,10,42500000
5,4,10,35000000
5,4,10,37500000
5,4,7,16000000
5,4,10,33000000
6,5,1,51000000
5,4,10,19500000
0,5,1,50000000
5,5,10,19500000
7,5,1,40000000
5,3,5,10500000
7,7,1,35000000
5,3,5,11800000
5,3,5,12800000
0,5,1,56800000
5,3,5,10000000
4,4,7,24000000
4,4,7,24000000
4,3,5,11000000
7,6,1.2,43500000
3,3,2,7500000
2,1,2.6,6800000
5,5,1,47500000
5,5,1,47500000
5,5,1,60000000
5,5,1,60000000
5,5,1,65000000
5,5,1,65000000
5,5,1,65000000
5,5,1,65000000
5,5,10,23000000
0,5,5,16000000
3,3,2,8000000
3,3,5,15000000
3,3,5,13000000
5,5,2,105000000
4,4,10,20000000
5,5,1,57500000
6,6,1,40000000
4,4,10,21000000
4,4,10,22000000
5,5,1,65000000
4,4,10,22500000
5,5,10,24000000
4,4,10,23000000
4,4,10,25000000
4,4,10,30000000
5,5,1,95000
2,2,4.8,7500000
2,2,4.2,7000000
2,2,4.2,6300000
7,2,4.2,5700000
2,2,4.2,5800000
2,2,4.2,7000000
5,5,6,13500000
6,6,14.2,25500000
5,5,8,14000000
5,5,8,14500000
5,5,7,26000000
2,2,4.3,5350000
2,2,4.2,5250000
2,2,4.5,5550000
2,2,4.2,5150000
2,2,3.8,4650000
1,1,2,2450000
1,1,2.2,2750000
3,3,12,30000000
4,4,16,19500000
4,4,6,14000000
6,5,10,15500000
3,3,1,50000
4,4,2,85000
0,0,1,170000
2,2,7,40000
2,2,8,45000
3,3,10,43000
0,0,1.2,95000
1,1,4.8,20000
1,1,4.3,20000
7,7,2,180000
2,2,4,36000
3,3,1,44000
3,3,12,60000
5,5,5,17000000
0,0,11,34000000
0,4,6.7,25000000
0,4,8,23500000
0,4,6.7,18000000
0,4,6.7,25000000
0,3,6.7,21000000
0,5,10.9,28000000
0,2,4,8500000
0,5,10.9,30000000
0,6,14.2,38000000
0,5,10.9,28500000
0,6,10.9,42500000
0,5,8,32500000
0,3,5,9500000
0,4,7,20000000
0,0,5,12500000
4,4,7,18000000
0,3,5,12500000
4,4,7,20000000
2,2,5,4800000
3,3,10,9000000
4,7,3,11000000
1,1,3.3,8000000
6,5,7,15000000
0,3,5,35000
5,3,5,12500000
4,4,5,10800000
7,6,1,46500000
3,3,2,6500000
3,3,3,8000000
4,3,5,12500000
4,3,8,15000000
5,4,10,17500000
4,3,8,16500000
4,3,8,12500000
4,3,8,13000000
4,4,12,18000000
6,5,1,62500000
6,5,1,63500000
6,5,2,95000000
6,5,1,56000000
5,4,10,23000000
5,4,10,19500000
4,3,8,17000000
4,3,5,12500000
5,4,12,22000000
4,3,4,7500000
4,4,7,15000000
4,3,10,14000000
10,4,10,25000000
5,4,10,18500000
5,3,5,11500000
5,4,12,22000000
6,5,14,35000000
5,3,5,11000000
6,7,5.5,8800000
6,5,1,48500000
3,3,2,8000000
4,4,5,8200000
3,3,2,7500000
3,3,2,9000000
10,8,3,400000000
3,3,2,4500000
3,3,3,10000000
3,3,2,8500000
3,3,2,8500000
3,3,2,8000000
3,3,3,9000000
4,4,5,11000000
3,3,3,6500000
6,6,10,20000000
5,5,10,15000000
5,5,5,11500000
5,5,10,24000000
2,2,5,7500000
3,3,5,8500000
3,3,5,8000000
4,4,5,11000000
3,3,3,6500000
3,3,10,25000000
5,5,10,23000000
5,5,10,15000000
2,2,5,12500000
6,6,10,20000000
2,2,5,12500000
2,2,10,14000000
2,2,10,12500000
3,3,1.3,40000000
10,8,3,400000000
3,3,3,6500000
4,5,2.5,7000000
3,3,5,5000000
6,5,5,12000000
6,5,1,53500000
3,3,3,9000000
4,4,3,11500000
4,4,5,15000000
2,2,4.2,6700000
2,2,4.2,6400000
3,3,14,21000000
3,3,8,14500000
3,3,14,1500000
3,3,8,13200000
3,3,8,16000000
3,3,8,13900000
3,3,8,16000000
3,3,5,11500000
3,3,5,12000000
3,3,8,14000000
3,3,8,13500000
4,4,8,35000000
3,3,6.4,15000000
2,2,3.3,6200000
3,2,4.8,25000
5,5,11,200000
5,5,1,200000
2,3,12.8,75000
3,3,16,70000
0,0,12,60000
2,2,4,23000
3,3,16,60000
3,3,4.9,8500000
8,7,9.6,36000000
3,3,10.2,35000000
0,5,1,125000000
0,2,4,9000000
0,0,1,75000000
0,3,6.7,15000000
0,3,8.9,47500000
0,3,8.9,32500000
0,3,8.4,37500000
0,3,8,32500000
0,3,8,32500000
0,4,13.3,130000000
2,3,6.3,9500000
3,3,7.6,12000000
3,3,6.1,8000000
2,2,4.2,4700000
3,3,8,13000000
4,4,12.7,14000000
3,3,8,8000000
4,4,14,14500000
5,5,1,125000000
2,2,4,9000000
6,6,1,75000000
3,3,6.7,15000000
5,5,1,125000000
2,2,4,9000000
6,6,1,75000000
3,3,6.7,15000000
5,5,1,125000000
2,2,4,9000000
6,6,1,75000000
3,3,6.7,15000000
5,5,1,125000000
2,2,4,9000000
6,6,1,75000000
3,3,6.7,15000000
5,5,1,125000000
2,2,4,9000000
6,6,1,75000000
3,3,6.7,15000000
2,2,4.2,6200000
0,0,4.4,14500000
2,2,4.2,6100000
3,3,8,6100000
4,4,14,16000000
0,3,8,37500000
0,4,9.8,37500000
0,3,8,23000000
0,2,4.7,15000000
0,3,7.6,24000000
0,5,8.9,35000000
0,3,8,30000000
0,3,8,30000000
2,2,4.2,6000000
6,6,12,41000000
3,3,8,12000000
3,3,6,15000000
3,3,6,15200000
3,3,6,14100000
5,5,16,21000000
3,3,6,14500000
3,3,6,14800000
3,3,6,14300000
5,5,1,125000000
2,2,4,9000000
6,6,1,75000000
3,3,6.7,15000000
3,3,6,14000000
3,3,6,14700000
3,3,5.6,14000000
5,5,1,125000000
2,2,4,9000000
6,6,1,75000000
3,3,6.7,15000000
2,2,3.3,7500000
2,2,3.3,7000000
2,2,2.9,5500000
3,3,5.3,15000000
0,3,8,30000000
0,4,10.7,40000000
0,4,11.6,62500000
0,3,8.9,35000000
3,3,7.6,25000000
3,3,11.6,35000000
5,5,1,125000000
2,2,4,9000000
6,6,1,75000000
3,3,6.7,15000000
2,2,4.8,8000000
4,4,9.8,27000000
2,2,5.6,12500000
4,4,9.8,32500000
2,2,4.8,8000000
2,2,5.6,12500000
2,2,5.6,12500000
2,2,5.3,11000000
2,2,10.2,10500000
2,2,10.2,10500000
2,2,5.3,11000000
4,4,8,17500000
2,2,4,8500000
2,2,4,8500000
2,2,3.3,5250000
2,2,4.2,5100000
3,3,8,5800000
3,3,6.1,8000000
3,3,9.4,9500000
4,4,14,15000000
3,3,8,19000000
0,4,5,18500000
0,4,6.7,16000000
1,1,3,3520000
4,5,7,13900000
4,4,6,12000000
8,6,10,16000000
6,5,8,16000000
7,6,10,15500000
4,4,6,11000000
5,4,10,20500000
4,4,7,26000000
4,4,7,27000000
4,4,7,31000000
4,4,7,34500000
4,4,7,35000000
4,4,5,21000000
4,4,5,19000000
4,4,5,22000000
4,4,5,23000000
6,6,12,50000000
6,6,12,43000000
6,6,12,51000000
6,6,12,55000000
6,6,1,58000000
6,6,1,60000000
6,6,1,62000000
6,6,1,64500000
6,6,1,54000000
6,6,1,54000000
6,6,1,57500000
3,2,5.6,9500000
2,2,3.6,14000000
4,3,8,7200000
5,5,10,14500000
3,3,1,75000
2,2,10.1,45000
4,4,1,40000
2,3,12,39000
3,3,10,60000
3,3,1,80000
3,3,10,65000
3,3,12,65000
4,4,10,200000
0,4,1.2,120000
3,3,1,75000
3,3,1.3,85000
4,4,1,75000
3,3,1,100000
5,5,8,110000
2,2,8,50000
3,3,1,65000
3,3,1,80000
5,5,10,150000
3,3,1,60000
4,4,4,55000
3,3,12,55000
3,3,12,70000
3,3,10,55000
10,9,10.9,150000
3,3,8,35000
5,5,1,100000
3,3,10,55000
3,3,10,60000
3,2,6.7,8700000
3,3,5.8,8000000
1,1,3.3,7000000
2,2,4,6500000
4,4,6.7,26500000
6,7,10.9,38000000
2,3,5,12000000
4,4,10.9,37500000
3,3,7.3,27000000
2,4,10.9,36000000
5,5,9,14000000
6,5,1,42500000
6,6,14.2,40000000
4,4,14.2,50000000
3,5,9.3,30000000
6,6,1.2,105000000
6,7,10.9,36500000
4,4,8,17000000
4,4,8,17100000
4,4,8,17200000
4,4,8,17300000
4,4,8,17400000
4,4,8,17500000
4,4,8,17600000
4,4,8,17700000
4,4,8,17700000
4,4,8,17700000
0,0,1,67500000
0,0,13,26000000
0,0,10,21500000
0,0,10,21000000
6,5,10,20000000
5,7,10,13500000
0,7,10,13000000
0,7,1,27500000
0,6,1,25000000
0,6,1,26000000
5,5,7,8500000
0,3,5,35000
0,3,5,35000
0,0,18,300000
0,0,1.1,450000
0,0,1,175000
0,0,1,250000
0,0,1,150000
0,0,18,65000
0,0,1,35000
0,0,13,50000
0,0,10,50000
0,0,1,50000
0,0,7,25000
0,0,10,85000
0,0,1,35000
0,0,5,25000
0,0,5,15000
0,0,8,25000
0,0,5,25000
0,0,7,25000
0,0,3,40000
0,0,1,45000
0,0,1,30000
0,0,1,40000
0,0,13,40000
0,0,5,16000
0,0,5,15000
3,3,20,65000
6,6,13,75000
3,3,1,65000
0,1,2.8,35000
0,5,1,115000
3,2,2,4500000
3,3,3,6000000
3,3,3,6600000
3,3,3,7000000
3,3,3,6500000
3,3,3,6000000
3,3,3,6500000
3,3,3,6000000
3,3,5,12500000
3,3,5,12000000
3,3,5,12500000
3,3,5,11000000
3,3,5,13000000
3,3,5,13500000
3,3,5,12500000
3,3,5,12500000
3,3,5,12500000
0,0,100,200000000
3,3,5,12200000
3,3,5,12200000
3,3,5,12000000
6,5,10,15000000
6,5,10,24000000
6,5,12,26000000
6,5,10,24000000
5,4,7,16000000
5,5,1,37500000
5,4,5,12500000
5,5,5,14500000
3,3,4,9300000
3,3,5,11500000
3,3,5,10500000
5,5,10,22500000
3,3,5,11000000
5,5,10,22500000
5,5,1.1,35000000
5,5,1.1,35000000
3,3,10,19000000
2,3,2,3800000
4,3,7,21000000
4,3,6,10500000
2,2,3,2900000
7,5,10,22000000
1,1,2.3,4000000
0,0,1.2,52500000
6,5,17,40500000
6,5,1,44000000
3,3,3,5200000
5,4,10,20000000
4,3,6,12000000
3,3,10,19500000
6,5,1,70000000
7,5,10,19500000
6,5,2,75000000
6,5,11,22500000
6,5,5,17000000
7,5,10,19500000
0,0,7,26500000
3,3,9.6,45000
8,7,16,125000
4,4,8.9,70000
3,3,8,30000
2,2,4.2,20000
3,3,6.9,17000000
3,3,6.9,17000000
3,3,6,8500000
3,3,6,10000000
0,6,2,280000000
0,2,4.4,17500000
0,4,1,85000000
0,3,8,35000000
4,4,4.8,14500000
4,4,4.8,15000000
6,6,16,34500000
3,3,7.1,21000000
3,3,7.1,20500000
3,3,7.1,20000000
2,2,4.2,9500000
6,6,16,51000000
4,6,5.1,6500000
2,2,3.8,5500000
2,2,3.8,6000000
2,2,3.8,5500000
3,3,12,40000000
3,3,5,13000000
0,2,4,7500000
0,3,8,26500000
0,2,3.6,4000000
0,2,4.3,4800000
0,2,5.3,7500000
0,2,5.3,10500000
0,2,4.4,6500000
0,3,6.4,10000000
0,3,5.3,7500000
0,0,5.3,16500000
2,2,4.2,5000000
3,4,3.2,7000000
4,5,4.8,13000000
3,3,3.6,4200000
2,2,2.9,3200000
2,2,2.9,2800000
2,2,5.2,8000000
2,2,4.9,9500000
6,5,10,105000000
0,2,2.9,3500000
0,0,5.3,16500000
3,3,5,13500000
2,2,2.9,3500000
2,2,3.8,3600000
3,3,4.8,15000000
2,2,4.2,6400000
3,3,3.2,9000000
1,2,2,1700000
0,2,3.6,4000000
0,2,4.3,4800000
0,2,5.3,7500000
0,2,5.3,10500000
0,2,4.4,6500000
0,3,6.4,10000000
0,3,5.3,7500000
0,0,5.3,16500000
2,2,2.2,6400000
1,2,2,1300000
2,2,4.8,2900000
2,2,4.8,2500000
2,2,4.8,3000000
2,2,4.8,2900000
2,2,2.2,6700000
2,2,4.8,2700000
2,2,4.8,2600000
2,2,4.8,2500000
2,2,3.2,1900000
2,2,3.2,1800000
2,2,2.2,6800000
2,2,3.2,1700000
2,3,4.2,3500000
5,5,1,105000000
2,3,4.2,3500000
2,3,4.2,3500000
0,0,2.4,2500000
0,0,2.4,2500000
4,4,8,17900000
4,4,8,18000000
6,6,14,27000000
6,6,14,27100000
6,6,14,27200000
6,6,14,27300000
6,6,14,27500000
6,6,14,27500000
6,6,10,25000000
6,6,10,25500000
6,6,10,25500000
7,7,1,45000000
7,7,1,45200000
7,7,1,44800000
7,7,1,44900000
7,7,1,45300000
7,7,1,45400000
7,7,1.2,85000000
4,3,1,45000
4,3,1,42000
3,3,1,110000
3,3,14,45000
3,3,14,45000
4,4,1,70000
3,3,12,65000
4,4,1,70000
4,4,1,70000
2,2,8,35000
4,3,1,45000
3,3,14,45000
3,3,12,50000
8,7,1,65000
0,0,1.6,700000
5,5,8,65000
3,3,12,60000
6,6,14,90000
3,3,14.2,70000
4,3,1.1,47000
3,3,12,55000
3,3,5.8,38000
3,3,12,75000
2,2,4.9,30000
3,3,12,65000
3,3,11,42000
3,3,5.8,35000
6,6,12,140000
3,3,1,100000
4,3,1,54000
6,6,12,140000
3,3,12,50000
2,2,10,26000
3,3,1,88000
1,1,2.7,38000
3,3,12,70000
4,5,5.6,65000
3,3,7.3,55000
2,2,5.8,55000
2,2,5.8,45000
3,3,10,30000
2,2,5.6,37000
2,2,8,55000
7,7,12.4,55000000
4,4,10,25000000
3,3,14.2,45000000
6,6,1,65000000
6,6,1,65000000
6,6,1,65000000
8,7,1.3,150000000
8,7,1.3,150000000
4,4,8,27000000
4,4,8,27000000
4,4,5.6,25000000
4,4,5.6,25000000
5,6,7,36000000
5,6,7,36000000
5,6,7,36000000
7,7,1.8,210000000
7,7,1.8,210000000
7,7,2,300000000
7,7,2,300000000
4,3,7,9500000
4,4,6.7,22500000
3,4,6.7,10500000
2,4,3.6,12000000
3,4,6.7,19000000
0,4,3.6,12500000
0,3,3.6,12500000
8,7,1,100000000
8,7,1,100000000
5,5,1.3,95000000
5,5,1.3,95000000
8,7,2.4,210000000
8,7,2.4,210000000
8,7,1,100000000
8,7,1,100000000
8,7,4,230000000
6,5,1,92500000
8,7,4,230000000
5,5,1,170000000
5,5,1,170000000
5,5,1,150000000
5,5,1,150000000
5,5,1.3,95000000
5,5,1.3,95000000
5,5,1,100000000
8,7,1.8,220000000
8,7,1.3,190000000
8,7,2,300000000
8,7,2,300000000
6,6,1,85000000
6,6,1,85000000
6,5,4,300000000
4,3,3,6900000
5,4,10,20000000
4,4,4,7500000
0,0,5,5500000
0,0,5,10000000
0,0,12,11000000
0,0,5,15000000
4,4,6.5,9000000
5,5,1,31500000
2,3,3,22000
0,0,1,35000
0,0,1,35000
0,0,1,42000
0,0,1,70000
0,5,16,60000
0,6,16,70000
0,3,12.5,45000
0,5,8,40000
0,5,7,35000
0,3,3,20000
0,3,8,22000
0,2,10,35000
0,3,3,14000
0,0,5,33000
0,0,10,30000
0,0,10,30000
0,0,7,20000
0,0,9,30000
0,0,5,20000
0,0,5,17000
0,9,7,150000
7,5,10,22000000
3,3,3,7500000
0,3,5,16000000
0,2,1.5,3000000
0,4,5,9000000
0,4,3.2,4500000
0,9,4,7500000
0,3,4,10500000
0,0,15,22500000
0,4,3,5000000
0,4,2,5000000
0,3,1.8,3300000
0,4,5,9500000
0,3,5.5,11000000
0,4,11,14000000
0,3,4,7000000
0,3,4,7200000
5,4,7,18500000
6,6,2,210000000
5,5,10,24000000
3,3,10,17000000
4,3,5,14000000
1,1,2.9,3350000
5,4,10,24000000
6,6,1.5,170000000
7,6,1,62500000
5,4,10,17500000
7,5,10,21500000
6,5,10,22500000
4,3,5,5500000
6,5,1,37000000
3,2,4,8000000
0,1,2,1900000
0,2,1.5,2800000
0,2,1.5,3000000
0,2,2,1500000
6,6,2,135000000
5,4,10,19000000
4,3,5,10500000
7,5,10,20000000
4,3,5,9500000
3,5,2,5200000
0,4,10,11000000
0,3,5,5000000
0,3,3,5000000
0,2,2,3100000
0,0,18,350000
0,2,3.6,24000
4,3,16,100000
2,2,8,35000
7,2,3.2,20000
3,3,7.2,50000
3,3,9.6,25000
2,2,4.8,15000
2,2,3.2,15000
2,2,4.8,22000
2,2,4.8,27000
2,2,4.8,30000
2,2,4.8,30000
2,2,4.8,27000
2,2,4.8,30000
0,0,1.8,1600000
2,2,4.8,8000000
2,2,4.8,8000000
8,7,4.8,20000000
2,2,4.8,8500000
2,2,4.8,7500000
3,3,5.8,19000000
6,6,4.8,13000000
2,2,4,950000
3,3,4.9,12000000
2,2,2,1500000
2,2,2,1500000
2,3,2.9,2400000
1,2,1.8,1325000
1,2,1.8,1325000
5,6,3.6,13000000
3,3,5,12500000
0,0,3.4,8800000
0,3,5.3,6500000
0,4,16,35000000
0,6,3.2,6500000
0,3,5.3,6000000
0,0,3.4,6400000
0,0,3.8,3000000
0,0,5.1,15000000
0,2,4,6000000
0,3,5.8,8000000
0,3,6,9000000
0,3,6,9000000
0,3,6,9000000
0,2,4.4,7000000
0,2,4.4,7000000
0,2,4.4,7000000
0,3,5.3,9000000
0,3,5.3,9000000
0,2,3.6,5000000
0,2,4.9,8000000
0,2,4.3,7000000
0,3,4.3,7500000
0,2,4,6000000
2,2,3.2,2500000
2,2,3.2,2600000
0,0,3.1,3500000
0,0,4,4600000
0,0,4,5000000
0,0,1.8,1800000
0,0,3.1,3000000
0,0,3.1,3000000
0,0,3.1,3300000
0,0,3.4,8500000
0,0,3.4,8500000
0,0,3.4,8800000
2,2,6.4,16000000
0,0,3.4,10000000
0,0,3.4,8200000
3,3,7.1,11500000
5,5,12.4,47500000
5,4,1,95000000
5,4,10,28000000
6,5,1,42500000
6,5,1,42500000
6,5,1,42500000
6,5,1,42500000
6,5,1,42500000
6,5,1,42500000
6,5,1,42500000
6,5,1,42500000
6,5,1,42500000
6,5,1,42500000
6,5,1,42500000
6,5,1,42500000
6,5,1,42500000
6,5,1,42500000
6,5,1,42500000
6,5,1,42500000
6,5,1,42500000
6,5,1,42500000
4,5,1.3,110000000
4,4,7,29500000
5,4,10,28000000
5,4,10,28000000
5,4,10,28000000
5,4,10,28000000
5,4,10,28000000
5,4,10,28000000
5,4,10,28000000
5,4,10,28000000
5,4,10,28000000
5,4,10,28000000
5,4,10,28000000
5,4,10,28000000
5,4,10,28000000
2,2,7,40000
2,2,4,26000
2,2,4,25000
3,3,1,50000
0,0,5.3,100000
7,6,1,170000
3,3,3.3,36000
4,4,7,75000
5,5,10,90000
4,4,4,65000
2,2,6.4,60000
2,2,6.4,60000
3,3,1,65000
3,3,1,65000
6,6,14.2,180000
6,6,14.2,180000
6,6,14.2,180000
3,3,1,65000
2,2,4,30000
2,2,3.8,45000
2,2,3.8,45000
6,5,8,100000
6,5,8,100000
6,5,8,100000
6,5,8,100000
8,8,1,110000
2,2,8,50000
2,2,8,50000
3,3,1,60000
3,3,1,60000
3,3,1,60000
3,3,1,75000
3,3,1,75000
3,3,1,75000
3,3,14.2,63000
3,3,14.2,63000
3,3,14.2,63000
3,3,12,110000
3,3,12,110000
3,3,12,110000
3,3,14.2,70000
3,3,14.2,70000
1,1,5.6,16000
1,1,5.6,16000
1,1,5.6,16000
3,3,5.3,47000
2,2,4,36000
2,2,4,36000
2,2,4,36000
0,3,6.7,55000
6,6,14.2,130000
0,4,14.2,60000
0,3,14.2,40000
0,1,0.9,25000
0,2,3.6,20000
2,2,4,32000
2,2,4,32000
2,2,4,32000
0,3,1,40000
3,3,8,80000
5,4,10,28000000
5,4,10,28000000
6,6,1.2,82500000
5,4,10,28000000
5,4,10,28000000
5,4,10,28000000
5,4,10,28000000
5,4,10,28000000
5,4,10,28000000
5,4,10,28000000
5,4,10,28000000
5,4,10,28000000
5,4,10,28000000
5,4,10,28000000
3,3,5,14000000
3,3,5,14000000
3,3,5,14000000
3,3,5,14000000
0,0,4,160000000
0,0,4,3400000
0,0,2.5,3500000
0,0,5,5000000
0,0,3,2800000
0,0,3.5,4500000
0,0,4.5,4200000
0,0,3,2000000
1,2,3.5,2500000
4,4,10,22000000
0,7,1.2,100000
0,4,1,100000
0,0,1.7,200000
0,0,5,40000
0,0,5,38000
0,0,7,55000
0,0,7,60000
0,0,10,55000
0,0,10,50000
6,5,12,65000
4,4,5,38000
0,1,1.1,5000
0,1,1.1,5000
0,2,2.4,7000
0,2,2.4,7000
0,3,4,11000
0,3,4,11000
0,3,4.4,14000
0,3,4.4,14000
0,3,2.1,12000
0,6,7,14000000
0,4,5,14000000
0,3,3,6500000
0,3,2,5200000
0,4,5,9000000
0,5,10,37000000
0,5,10,40000000
0,4,2,5500000
6,6,2,210000000
5,4,10,22500000
0,3,3,9000000
0,3,2,5000000
0,4,5,16000000
0,4,5,15000000
0,3,3,8500000
0,5,10,21000000
0,5,10,24000000
0,5,10,28000000
0,5,10,29000000
0,5,10,29500000
0,4,8,17000000
0,4,7.5,16000000
0,5,10,32500000
0,5,10,29000000
0,5,10,20000000
0,4,5,13000000
0,4,7.5,19000000
0,3,3.5,9500000
0,3,3,8500000
0,5,5,17500000
0,4,8,16000000
4,3,2,4000000
6,5,1,80000000
5,4,12,25000000
0,4,7,17500000
0,3,5,17500000
5,4,7,16200000
6,5,15,34000000
3,3,5,10400000
6,5,1,61000000
6,5,1,61000000
6,5,1,61000000
6,5,1,61000000
0,5,1,55000000
2,3,2,4800000
0,4,10,28000000
0,5,10,16000000
0,3,10,20500000
0,3,5,13500000
0,2,8,16000000
0,5,10,25000000
0,6,10,25000000
0,3,5,11500000
0,0,8.5,90000000
0,3,5,8000000
0,5,1,110000000
0,5,1,47000000
0,6,1,80000000
0,4,10,190000000
0,4,10,24500000
4,3,6,12500000
2,2,2,4000000
6,5,1,45000000
5,4,10,23000000
0,5,5,7500000
0,2,10,17000000
0,2,10,16000000
0,5,10,18500000
4,3,3,5000000
7,6,7,15000000
4,3,7,22500000
6,5,1,49000000
0,4,5,20000000
7,5,10,17500000
5,4,5,12000000
6,5,1,59500000
0,3,3.5,9000000
0,3,3.5,9000000
0,3,3.5,9000000
0,5,5,12000000
0,3,5,14500000
0,4,5,12000000
0,5,12,27000000
0,5,7.5,17500000
4,3,8,70000
3,2,4.8,25000
0,2,4,25000
0,3,6,30000
0,2,4.6,18000
3,3,16,75000
2,2,4,28000
3,2,4.8,30000
3,3,10,50000
2,2,4.4,9500000
2,2,2.4,5500000
4,4,16,42500000
3,3,5.6,7500000
2,2,4.2,4500000
3,3,11.9,53000000
3,5,3.2,6500000
4,4,10.2,28000000
3,3,6.7,25000000
2,2,2.9,3800000
9,9,16,60000000
4,4,8,13500000
3,3,6.2,14000000
7,6,16,42500000
0,0,8.9,35000000
0,0,8.6,32500000
0,0,5.3,22000000
0,0,5.3,20000000
2,2,4.2,12500000
4,4,9.6,37500000
1,1,1.6,3800000
4,4,4.8,13200000
3,3,6,7500000
3,3,5,14000000
3,3,5,14000000
3,3,5,14000000
3,3,5,14000000
3,3,5,14000000
3,3,5,14000000
5,7,4,400000000
3,3,5,14000000
3,3,5,14000000
3,3,5,14000000
5,4,6,28500000
7,8,8,15000000
0,7,4,9200000
0,0,7.1,15200000
2,2,5.9,15500000
0,2,9.3,12000000
0,10,1,35000000
0,2,9.3,12000000
0,5,18.5,23000000
2,2,4,40000
2,2,4,48000
6,6,13,150000
0,0,12,69000
3,3,1,130000
0,0,12,68000
3,3,1,80000
2,2,5,40000
0,0,10,65000
1,1,3.1,22000
2,2,8,30000
2,2,8,30000
4,4,1,55000
8,7,2,300000
0,0,1,170000
3,3,14,45000
6,6,8,55000
4,4,1,55000
3,3,14,40000
7,8,1.3,200000
3,3,12,70000
2,2,8,28000
2,2,8,29000
3,3,12,68000
2,2,8,30000
2,2,8,30000
3,3,14,40000
3,3,14,40000
6,6,14,80000
6,6,12,120000
4,4,10,70000
3,3,12,70000
3,3,12,60000
3,3,12,70000
3,3,12,68000
0,2,4,15000
3,3,14,80000
3,3,12,55000
4,3,12,62000
4,4,6,70000
3,3,12,60000
3,3,12,70000
3,3,10,135000
5,5,1,250000
3,3,12,65000
3,3,1,85000
3,3,12,65000
3,3,12,70000
6,6,2.2,350000
3,3,10,55000
3,3,10,50000
3,2,5,35000
5,5,7,9300000
0,0,10.9,20100000
0,2,4,5500000
0,5,4,8500000
2,3,4,10000000
0,0,2,3600000
2,2,4,13500000
0,6,9.3,23000000
0,6,9.3,23000000
3,2,5,6000000
0,10,1,25000000
0,5,10,13500000
0,4,10,14500000
0,3,10,8500000
0,6,10,13000000
0,4,5,8000000
0,3,5,5500000
0,3,10,9000000
0,2,10,9000000
4,3,5,11000000
0,6,10,12000000
0,3,10,8200000
3,3,5,10500000
2,2,5,3600000
2,2,4,4000000
2,2,3,1800000
5,4,5,30000
0,3,4,11000
1,1,2.6,30000
1,1,2.1,25000
2,2,4,35000
2,2,3.1,45000
0,4,1,35000
0,0,3,12000
0,2,10,24000
0,2,10,24600
0,2,10,25000
0,1,10,22000
0,5,10,45000
2,2,4.4,65000
0,0,1,25000
0,0,15,50000
0,0,7,25000
0,0,7.5,25000
0,0,7,55000
0,0,5.5,40000
0,0,10,23000
0,0,5,22000
0,0,14,55000
0,0,10,40000
2,2,6,65000
2,1,3.6,30000
2,1,3.6,45000
0,5,1,27500000
0,6,1,27000000
0,3,3,5300000
3,3,3,7000000
0,2,10,15000000
4,5,8,12000000
3,3,6,10500000
4,4,10,23500000
6,5,10,17500000
4,3,3,5900000
4,4,1,65000000
0,0,1,3000000
5,4,1,32500000
0,3,5,8500000
0,0,2,3600000
4,3,5,9500000
7,7,7,18000000
0,0,2,5500000
0,3,5,9500000
3,3,5,15500000
5,5,10,27500000
5,5,10,27000000
5,5,10,26500000
5,5,10,25500000
3,3,5,14500000
3,3,5,14500000
3,3,3,7900000
3,3,3,7600000
3,3,3,8200000
3,3,3,7500000
3,3,3,8000000
3,3,3,7300000
3,3,3,7500000
3,3,3,7800000
3,3,5,13500000
3,3,5,13800000
5,5,10,25000000
3,3,5,14000000
3,3,5,13200000
0,6,16,15000000
0,4,4,5000000
0,3,1,30000000
0,4,4,14000000
0,3,3,8600000
0,6,1,45000000
0,4,10,15000000
0,8,1,40000000
3,3,5,13300000
0,1,2.2,3800000
0,1,2.9,3350000
0,2,4.2,4750000
0,1,2.2,4250000
0,1,2.2,4000000
4,4,10,28500000
4,4,10,29000000
6,5,1,55000000
4,4,10,31500000
3,3,5,13400000
3,3,5,14000000
3,3,5,13700000
3,3,5,13500000
3,3,3,6000000
0,6,1,40000000
0,6,1,45000000
0,2,10,17000000
0,7,2,80000000
0,5,10,18000000
0,5,10,19500000
0,3,3,11500000
0,3,3,9000000
0,4,5,11000000
0,3,3,7000000
0,4,5,13000000
3,3,5,8500000
4,3,5,12600000
5,5,10,19000000
5,5,1,35000000
0,6,1,38500000
3,3,5,10000000
0,5,1,56000000
0,5,1,55000000
0,5,1,60000000
0,5,1,37000000
0,7,1,60000000
0,3,5,15000000
2,3,3,4600000
0,3,9,10000000
0,3,5,12500000
0,3,5,13000000
0,6,2,42500000
3,3,10.6,4000000
4,3,5,11500000
3,3,5,13000000
2,2,4.2,35000
4,4,8.9,90000
5,4,4,95000
5,5,1,300000
2,2,3.8,25000
9,7,1.6,250000
2,2,4,35000
1,1,1.6,15000
3,3,9.6,47000
3,3,1,130000
4,4,2,250000
3,3,6.7,42000
2,2,6.2,45000
6,5,1,250000
3,2,5,12500000
2,2,3.4,6600000
2,2,4.8,5500000
2,2,2.6,4500000
3,3,8.4,25000000
0,0,2.6,5500000
0,0,2.6,2900000
3,2,5.3,13000000
4,3,5,13000000
0,2,2.7,4200000
0,2,3.6,5000000
0,3,5.3,7500000
0,2,4.9,6000000
7,5,4.8,12000000
2,2,4.2,9000000
3,3,5.6,8000000
2,2,2.9,2800000
2,2,2.9,2700000
2,2,3.1,2800000
2,2,3.1,3800000
4,4,16,40000000
5,5,3.2,11500000
4,4,4.8,14500000
4,4,4.8,19000000
4,4,4.8,13500000
4,4,4.8,19000000
4,4,4.8,17500000
6,6,4.8,22000000
5,5,16,97500000
4,5,9,13500000
4,4,4.8,12500000
4,4,4.8,15000000
3,3,5.3,6500000
6,6,4.8,16500000
4,4,4.8,17500000
10,9,16,65000000
0,3,5.8,6000000
3,3,5.8,7500000
0,3,5.8,7000000
0,3,5.3,6500000
0,3,4.3,7500000
0,2,4,5500000
5,5,12,65000000
0,0,4.4,17000000
2,2,1,85000000
6,6,1.1,75000000
3,3,1.3,80000000
0,0,2,125000000
6,6,2,115000000
7,6,1,38000000
1,1,3.1,5250000
1,1,3.3,5513000
0,0,3,3200000
0,1,2.7,5517000
0,0,1.8,3536000
0,0,4.9,9900000
0,1,2.7,5517000
0,0,1.8,3536000
0,0,4.9,9900000
0,1,2.7,5517000
0,0,1.8,3536000
0,0,4.9,9900000
0,1,2.7,5517000
0,0,1.8,3536000
0,0,4.9,9900000
6,5,1,42000000
1,1,3.1,5250000
7,5,8,13500000
2,2,5.3,8872000
3,3,10.5,17700000
5,5,1.6,115000000
4,4,11.4,19200000
1,1,3.1,5250000
2,2,5,30000
3,3,14,62000
3,2,5,35000
3,2,10,35000
3,3,14,50000
1,2,6,30000
1,1,1,30000
2,2,10,42000
4,3,1,45000
3,3,14,45000
3,3,1,85000
1,1,1,25000
5,4,1,75000
6,6,14,150000
2,2,1,70000
4,3,1,38000
4,3,5,30000
4,3,5,30000
4,3,5,30000
3,3,3,3500000
6,5,10,22000000
0,2,3,3800000
0,2,4,4300000
0,2,5,5500000
0,2,5,5500000
0,4,6.5,7000000
0,2,6,4500000
0,2,5,3200000
0,2,5,5500000
0,2,3,3800000
6,5,1,46000000
0,8,5,15000000
0,0,5,8500000
0,0,50,35000000
0,0,4,9000000
0,0,4,9000000
0,4,2,4500000
0,4,1.5,5000000
0,0,5,4800000
0,0,3.5,3200000
5,4,5,10800000
2,2,3.8,2700000
4,4,7,15000000
1,2,5,4200000
6,5,10,25500000
1,1,3.3,35000
0,0,7,35000
0,2,5.5,35000
0,2,5.5,35000
1,1,2.7,28000
3,3,10,32000
3,3,10,25000
0,0,3,20000
0,0,3,20000
0,0,3,20000
0,0,3,20000
0,0,3,20000
0,0,3,20000
0,0,3,20000
0,0,3,20000
0,0,3,20000
0,0,3,20000
6,5,10,25000
6,6,10,25000
0,0,4,14000
0,0,4,15000
0,0,4,15000
0,0,5,16000
0,0,5,17000
0,0,6,21000
0,0,6,22000
0,0,6,25000
0,0,4,15500
0,0,5,16500
6,6,10,25000
6,4,7,42000
6,5,7,45000
0,3,6,6500000
0,5,1,35000000
0,5,1,37500000
0,0,1.5,2600000
0,3,2.5,6500000
6,5,1,40000000
4,10,6,11500000
5,5,10,26000000
6,5,1,48500000
4,3,3,5500000
2,2,2,3000000
7,5,10,21500000
7,5,10,20000000
7,5,10,21500000
3,2,2,3300000
5,4,5,9000000
6,5,1,55000000
7,5,10,21500000
6,5,10,21500000
6,5,1,35500000
5,4,10,15500000
5,4,11,22000000
5,4,10,15500000
1,2,1.7,2100000
4,3,5,9500000
6,5,1,41000000
5,4,10,29500000
3,3,10,13000000
4,3,5,11000000
5,3,5,13000000
5,3,6,11600000
6,5,25,54000000
10,10,2.2,140000000
4,3,3,7700000
5,3,5,13000000
4,3,5,10500000
4,3,11,13500000
3,3,4,6500000
6,5,1,49500000
5,3,5,12000000
4,3,5,8200000
5,3,5,12000000
6,5,1,33000000
2,2,5,4000000
5,4,10,16000000
4,3,10,17500000
5,5,10,25000000
6,5,12,23500000
6,5,1.1,42500000
5,4,12,23000000
6,5,10,18000000
3,3,5,10000000
3,3,5,9500000
5,4,1,34500000
1,3,5,6000000
1,1,2.9,3350000
2,2,4.4,6500000
8,7,8,35000000
6,6,4.8,17000000
6,6,4.8,16000000
2,2,3.7,5700000
0,4,8,21000000
0,2,5.1,8000000
0,4,9.3,80000000
0,4,9.3,80000000
0,6,8,22500000
0,6,6,17000000
0,9,4.8,15000000
0,6,9.6,30000000
0,6,6,17000000
1,1,1.8,2300000
3,3,12,15000000
3,3,9.6,15500000
3,3,9.6,15000000
3,3,8,19500000
3,3,9.6,15500000
3,3,9.6,15500000
3,3,9.6,15000000
3,3,8,12500000
3,3,8,13500000
3,3,12,15000000
3,3,12,16000000
6,6,9.6,35000000
6,6,9.6,33000000
2,2,4.7,7900000
2,2,4.7,9000000
2,2,5.3,9000000
3,3,9.3,14500000
3,3,8.4,15000000
5,5,8,30000000
2,2,3.1,4500000
0,0,3.3,4750000
3,3,6.2,12500000
3,3,6.2,12500000
0,0,3.3,3000000
2,2,4.7,7200000
3,3,6.2,12500000
2,2,2.9,2400000
3,3,6.2,12500000
3,3,6.2,12500000
3,3,6.2,12500000
2,2,4.9,9000000
2,2,4.9,9000000
2,2,4.9,9000000
2,2,4.9,9000000
4,4,5,7500000
2,2,4.9,9000000
2,2,4.9,9000000
2,3,4.8,12000000
0,4,10.7,50000000
0,4,1.3,39000000
4,3,1,400000
5,5,1,140000
3,3,1,100000
6,6,1,325000
6,6,12,120000
5,5,1,225000
0,0,12,350000
3,2,4.3,28000
0,2,4.3,25000
0,3,4.3,30000
0,2,4,22000
4,4,10,170000
7,8,16,300000
2,2,1,100000
3,3,8,85000
2,2,2.9,18000
3,2,4.8,25000
0,3,8.9,35000000
0,4,10.7,45000000
0,4,11.6,44000000
0,4,10.7,57500000
0,3,8.9,46000000
0,3,9.3,37500000
0,3,9.3,42500000
0,3,9.3,30000000
0,4,10.7,14000000
0,4,9.8,40000000
0,3,9.3,50000000
0,3,7.6,27500000
0,3,9.3,36500000
0,4,11.1,47500000
0,3,8.9,30000000
0,3,8.9,39000000
0,2,5.8,19000000
0,2,7.6,27500000
1,1,3.3,5513000
5,5,10,30000000
7,6,1,49500000
4,4,8,13500000
7,6,2.1,200000000
0,0,4,7500000
0,0,3,4500000
0,0,3.2,4500000
0,0,10,45000000
0,0,10,55000000
10,8,5.4,750000000
7,6,2.4,250000000
6,5,8,26500000
7,6,4,550000000
6,5,1,45000000
6,6,1,32500000
7,6,1,47000000
0,0,1,60000000
6,6,1,39000000
8,7,8,19000000
4,4,1.7,130000000
1,1,1,20000
2,2,8,40000
2,2,8,40000
1,1,1,80000
8,8,10,140000
6,5,1,110000
0,0,1.9,38000
5,4,1,90000
2,2,5.3,60000
5,5,4,245000
2,2,8,35000
6,6,1,280000
2,2,2.9,15000
10,9,1,250000
3,2,5,20000
4,3,1.1,70000
5,4,7,18000000
4,3,5,11800000
5,4,7,18000000
3,3,2,5200000
5,4,7,16000000
2,4,3,5200000
0,4,5,7000000
0,4,5,7000000
0,2,5,4600000
0,2,3,3000000
0,3,5,7000000
0,4,9,12000000
0,2,5,4000000
0,3,10,8000000
0,6,10,13500000
0,11,1,22500000
0,6,1,25000000
0,2,4,4000000
0,4,5,6500000
0,2,5,4000000
5,4,10,17500000
0,4,5,5500000
0,2,5,4500000
0,2,5,4200000
0,2,5,4000000
0,5,10,11000000
0,6,10,14000000
0,0,5,4500000
0,0,4,8500000
0,0,4,7500000
0,0,3.8,7500000
0,0,5,12500000
6,6,1,46500000
5,5,2,105000000
0,0,2,10000000
0,0,2,15000000
6,5,1,45000000
6,5,1.2,45000000
4,3,5,11000000
6,6,1.3,20000000
6,5,10,23500000
6,5,10,24000000
6,5,12,24000000
6,5,14,29000000
6,5,1,46000000
2,2,5,20000
2,2,5,18000
4,3,5,35000
0,2,10,20000
0,4,1,30000
0,2,10,25000
0,0,5.3,20000
0,3,1,25000
0,4,1,30000
6,5,10,60000
2,2,10,30000
4,3,14,60000
0,0,6,25000
3,3,8.5,33000
3,3,12,22000
5,5,6,13000000
4,4,10,20000000
2,2,4.2,600000
6,5,11,25000000
5,4,1,26000000
4,4,10,39000000
3,3,3,4500000
2,3,5,8000000
5,5,7,15000000
4,4,10,21500000
5,4,14,40000000
4,4,10,35000000
5,5,10,19000000
4,4,5,11000000
3,3,6.2,13900000
5,4,9,15000000
4,3,2.8,5500000
4,3,3,5500000
4,5,5,22500000
3,3,5,4200000
5,5,6,13000000
5,5,8,15500000
5,5,6,12500000
5,5,10,22500000
5,5,10,22000000
5,5,10,20000000
5,5,10,18000000
2,2,10,14500000
5,5,14,27000000
2,2,1,25000000
6,6,1,30000000
6,6,1,32000000
6,6,1,34000000
5,5,10,21000000
4,4,10,18500000
6,6,10,21000000
3,3,5,11000000
4,4,10,17500000
4,4,10,17000000
5,3,5,11500000
5,3,5,13000000
0,3,5,8000000
0,3,10,12200000
0,3,12,179000000
3,3,12,18000000
4,4,1,27500000
3,3,5,12200000
4,4,7,14900000
3,3,12,18000000
4,7,8,15000000
4,4,10,22500000
4,4,1,47500000
4,4,5,17500000
6,5,10,16000000
5,4,5,15000000
0,4,5,15500000
3,4,1,20000000
3,4,1,20000000
3,4,1,24000000
3,4,1,23800000
3,4,1,24200000
3,3,4,7500000
0,4,3.2,6300000
0,5,10,23500000
0,5,10,20000000
5,5,10,25000000
2,3,2.5,5500000
5,4,10,21000000
0,3,3,6800000
3,3,2,5000000
3,3,2.5,5500000
3,3,2,5000000
3,3,2,5000000
3,3,2,4500000
3,3,2,7000000
4,3,5,12000000
0,2,8,23500000
3,3,8.4,15000000
3,3,9.3,14500000
2,2,5.3,9500000
2,2,4.7,9000000
2,2,4.7,8500000
6,6,9.6,35000000
6,6,9.6,33000000
3,3,12,16000000
3,3,8,13500000
3,3,8,12500000
3,3,9.6,15500000
3,3,9.6,15500000
4,4,4,45000000
3,3,9.6,15500000
3,3,9.6,16000000
3,3,6.4,15000000
0,3,6.2,19500000
0,4,10.7,45000000
0,3,7.6,23500000
0,5,18,90000000
0,5,1,90000000
0,4,10.2,52500000
0,3,6.2,25000000
3,0,5,14000000
0,0,4.2,7700000
0,0,4.2,7800000
0,0,4.2,7900000
3,2,3.3,7500000
4,6,4,16000000
3,4,4,16000000
2,5,4,9500000
1,2,1.6,2420000
0,0,3.8,3000000
0,3,3.1,3500000
0,3,3.1,3300000
0,3,3.1,3000000
0,3,3.1,3000000
0,3,1.8,1800000
0,4,4,5000000
0,4,4,4600000
0,3,3.3,3800000
0,3,3.3,3600000
0,0,3.4,8500000
0,0,3.4,8800000
0,0,5.1,15000000
0,0,3.4,6400000
0,0,5.1,10000000
0,0,3.4,8200000
0,0,3.4,8500000
0,0,3.4,8800000
0,0,3.4,8700000
0,0,3.4,9000000
3,3,6,15000000
2,2,4.8,7500000
2,2,3,4500000
7,6,12,44000000
3,3,5,14000000
3,3,8,9900000
2,2,4.8,8100000
3,3,9.6,28000000
5,4,8,28000000
6,5,2,155000000
0,0,8.8,32000000
6,6,4.8,17000000
0,1,3.6,5000000
4,4,4,95000
0,0,4.4,35000
0,1,1.8,30000
0,3,5,50000
2,2,4.2,30000
3,3,5,55000
3,3,5.6,35000
2,2,2.4,17000
3,3,7,45000
2,2,4,40000
6,5,1,230000
5,5,1,285000
2,2,4,25000
7,5,1,260000
2,2,4,6800000
3,3,8,19000000
2,2,4,5000000
5,4,12,13500000
2,2,2.6,2700000
4,4,4.8,16500000
3,3,10.2,30000000
2,2,3.2,4400000
3,3,2.4,12000000
7,6,1,160000000
3,3,8,7500000
3,6,5,9300000
3,3,6,8800000
3,3,8,23000000
2,3,2,7500000
2,2,3.6,1150000
3,2,10,13400000
2,2,3.3,3700000
0,3,4.8,7400000
2,2,5,2400000
5,4,12,27500000
6,6,1,130000000
7,6,1,46000000
4,4,5,12000000
6,5,1,57500000
5,4,6,14000000
1,1,13.2,1500000
6,5,7,15000000
5,4,6,13000000
2,3,4,4000000
3,2,5,7500000
1,0,2.9,7000000
8,7,5,330000000
5,5,9,45000000
8,7,2,150000000
8,7,2,120000000
0,0,8,20000000
0,5,6,9800000
4,3,1,85000
2,2,5.6,30000
2,2,5.6,28000
4,4,1,240000
4,4,1.2,40000
2,2,5,25000
2,2,9.3,250000
3,3,10,32000
0,0,2,400000
0,0,2,400000
2,2,5,13000
3,3,14.2,65000
6,7,2,210000
2,2,6,32000
2,2,6,30000
2,2,5,32000
2,2,6,28000
2,2,6,33000
2,2,6,32000
2,2,5,32000
2,2,5,35000
2,2,6,35000
2,2,5,30000
2,2,6,32000
2,2,5,32000
2,2,5,32000
2,2,5,32000
2,2,5,30000
2,2,6,32000
2,2,6,28000
2,2,5,30000
2,2,6,32000
2,2,6,32000
2,2,5,32000
2,2,5,30000
2,2,5,30000
2,2,5,32000
2,2,5,32000
2,2,5,32000
2,2,6,33000
2,2,5,30000
2,2,6,28000
2,2,5,32000
1,0,3.1,33000
5,5,9,120000
4,4,5,80000
3,3,5,100000
7,7,6,12500000
2,4,5,6250000
4,3,5,5600000
0,0,1.6,70000000
0,0,10,20000000
0,0,7,13500000
0,0,5,7500000
0,0,4,6000000
0,0,4,8000000
0,0,5,9000000
0,0,2.5,6000000
0,0,2.5,6000000
0,0,2.5,6000000
4,4,5,11500000
3,3,10,7000000
4,4,5,7500000
2,2,5,3800000
0,0,10,26000000
3,3,6,4500000
0,0,10,24000000
6,5,7,13500000
4,3,5,10800000
4,3,5,11500000
2,4,2,4500000
7,10,6,8500000
0,0,6,13500000
2,2,5,4500000
2,2,6,5000000
3,3,8,7500000
4,4,10,13500000
5,5,10,12500000
5,5,5,9500000
2,2,3,3400000
2,2,3,3500000
2,2,3,3500000
2,2,5,4300000
2,2,3,3400000
4,4,4,5500000
3,3,7,7500000
3,3,7,7500000
2,2,3,4000000
3,6,7.3,8000000
3,3,7,7500000
2,6,5,30000
0,0,10,27000
6,5,10,70000
3,3,5,9000
4,4,10,30000
4,3,10,23000
6,5,8,55000
0,0,10,30000
2,3,6,28000
2,1,3.6,55000
2,1,3.6,30000
2,2,1,45000
3,3,3,7900000
3,3,3,7800000
3,3,3,8000000
3,3,3,8000000
5,3,5,11500000
3,3,3,7500000
3,3,3,7900000
3,3,3,7700000
3,3,3,8000000
5,3,5,11800000
3,3,3,7800000
5,3,5,12400000
3,4,1,24200000
3,4,1,22200000
3,4,1,22200000
3,4,1,23200000
3,4,1,23900000
3,4,1,23000000
3,4,1,24000000
3,4,1,23300000
3,4,1,24500000
3,4,1,25000000
5,3,5,12800000
2,3,5,6500000
1,2,7,7000000
3,4,7,9000000
1,2,3.5,2800000
4,3,8,17000000
5,4,10,23500000
4,4,8,17000000
4,3,10,17500000
5,5,1,34500000
5,5,1,35000000
5,5,1,36000000
5,4,10,23500000
4,4,10,34000000
4,4,10,35000000
4,4,10,34000000
5,5,1,43000000
5,5,1,56500000
5,5,1,55000000
3,3,8,12000000
5,5,1,59000000
5,5,1,62500000
5,4,10,18000000
5,5,1,45000000
5,5,1,54000000
5,5,1,60000000
3,3,5,9500000
3,3,4,9500000
3,3,4,9500000
3,3,4,11500000
5,5,8,14000000
5,5,8,14000000
5,5,8,15000000
3,3,4,10000000
5,5,6,13000000
5,5,8,15500000
5,5,4,10000000
5,5,8,15500000
3,3,4,10000000
3,3,4,9500000
3,3,4,10500000
3,3,4,9500000
3,3,4,9500000
3,3,4,10000000
3,3,4,10000000
3,3,4,10500000
4,4,1,32500000
4,4,1,21200000
5,5,10,20000000
4,4,1,21000000
4,4,1,20800000
5,5,10,22000000
4,4,1,20700000
0,5,1,45000000
0,5,1,50000000
0,5,1,45000000
0,5,1,62500000
0,5,1,52500000
0,5,1,55000000
0,5,1,57500000
0,5,1,47500000
0,5,1,45000000
0,5,1,50000000
0,5,5,18000000
0,5,5,21000000
0,5,5,19000000
2,2,3.2,5000000
2,2,4.2,6300000
3,3,5,13000000
3,3,5,13000000
3,3,5,13000000
3,3,5,13000000
3,3,5,13000000
3,3,5,13000000
3,3,5,13000000
3,3,5,13000000
3,3,5.3,10000000
3,3,5.3,10000000
2,2,4.4,9000000
2,2,4.4,9000000
2,2,4.7,8500000
2,2,4.7,8500000
2,2,4.2,8000000
2,2,4.2,8000000
2,2,4.4,4800000
2,2,2.7,4200000
2,3,3.2,6800000
10,10,1,40000000
3,4,4,8000000
3,6,8,15000000
3,3,4.9,7500000
0,0,3.1,6000000
0,0,1.8,4500000
0,0,6.1,17000000
0,0,9.6,17500000
0,0,4.4,9000000
0,0,4.4,9000000
0,0,9.3,30000000
0,0,2.7,6000000
0,0,4.7,9000000
0,4,14,15000000
0,0,4.4,6944000
0,0,6,9478000
0,0,4.9,8030000
3,3,8,16000000
3,3,5.3,42000
2,9,4.8,20000
4,4,12,50000
4,3,1,125000
2,3,5,40000
2,3,5,55000
3,3,12,65000
5,4,10,250000
2,2,7.2,30000
4,6,4.8,32000
5,5,10,200000
3,3,12,62000
3,3,12,62000
2,2,12,65000
4,3,1,155000
2,2,5.3,27000
3,3,9.6,52000
3,3,1,100000
4,3,11.4,50000
3,2,1,45000
4,3,14.2,220000
3,3,4.9,40000
0,0,4.4,37000
0,0,4.7,37000
0,0,4.7,37000
0,2,5.3,8000000
0,2,3.1,7000000
5,4,4,15000000
0,7,14.2,48000000
1,0,3.8,35000
3,3,12.4,70000
2,2,12.4,60000
3,3,7.3,80000
2,2,7.8,65000
2,2,7.8,50000
2,2,7.8,60000
3,3,7.8,75000
4,4,10,120000
3,3,7.3,60000
1,0,2.4,18000
2,2,7.8,50000
3,3,7.8,75000
2,2,7.8,45000
2,2,7.8,60000
3,3,7.8,85000
2,2,7.3,45000
3,3,8,50000
2,2,8,60000
2,2,8,60000
3,3,11.8,50000
0,7,1,150000
4,4,1,75000
0,5,5,20000000
0,5,1,52500000
0,5,1,55000000
0,5,1,57500000
0,5,1,49500000
0,5,1,50000000
0,5,1,62500000
4,4,1,20500000
4,4,1,20300000
4,3,10,16500000
3,3,4,9500000
3,3,5,11000000
4,3,8,13500000
4,4,4,9500000
4,4,4,8000000
4,4,3,9000000
3,3,3.5,7000000
5,5,1,37500000
1,1,2.5,4200000
3,3,2,2500000
6,6,10,15000000
6,6,10,15000000
5,5,1,45000000
3,3,3,6000000
3,3,3,5000000
5,5,1,40000000
4,3,8,13500000
4,4,4,6000000
5,5,1,42500000
3,3,3,5000000
2,2,5,6500000
4,4,6,9000000
0,5,10,22000000
3,3,3,6500000
3,3,3,6500000
3,3,1,3000000
3,3,4,7000000
5,5,1,42500000
4,4,7,16000000
5,5,10,22500000
5,5,10,24000000
4,4,1,20200000
4,4,1,20000000
5,5,10,20000000
5,5,10,23500000
4,4,1,19700000
5,5,10,22500000
4,4,10,22500000
4,4,1,19800000
4,4,1,19500000
5,5,1,47500000
5,5,1,40000000
5,5,1,40000000
4,4,1,19000000
5,5,10,17000000
4,4,1,18800000
5,5,10,23500000
4,4,1,18700000
4,4,1,18500000
4,4,1,19200000
7,6,14,34000000
5,5,10,23500000
4,4,1,18200000
5,5,10,23000000
4,4,1,18000000
5,5,1,45000000
5,5,1,45000000
4,3,8,17500000
4,4,1,18300000
4,4,1,19300000
5,4,10,19500000
5,5,10,21500000
4,3,6,12500000
5,4,6,16500000
0,0,10,13500000
0,0,10,15500000
0,0,10,25500000
0,0,10,24000000
0,0,10,35000000
0,0,5.3,12200000
0,0,5,11000000
0,0,5,13000000
0,0,6.5,17000000
0,0,1.2,59000000
0,3,7,14000000
0,3,8,17500000
0,4,8,17500000
0,4,10,16500000
0,4,10,25000000
0,5,10,24000000
0,5,12,26000000
0,5,10,23500000
0,5,1,55000000
0,3,5,12500000
0,5,10,24000000
0,4,8,17000000
0,4,8,18000000
0,5,10,16500000
0,5,10,21500000
0,3,5,12500000
0,3,5,12000000
0,5,12,25500000
3,3,10,13000000
4,4,10,23000000
4,4,12,16000000
4,4,10,23500000
4,4,2,5500000
4,5,2,6000000
0,5,1.1,45000000
0,5,10,16000000
0,0,3,4000000
0,0,5,9500000
0,0,5.2,8000000
0,0,4,7500000
0,0,9,12500000
0,0,5,7535000
0,0,2.8,1190000
0,0,4.5,5025000
0,0,10,9530000
0,0,5,7050000
0,6,13,26000000
4,4,10,17500000
0,4,4,4000000
0,2,5,4000000
0,2,10,7500000
0,2,5,4000000
0,2,2.2,1500000
0,4,10,15000000
6,6,10,18500000
7,7,9,16000000
5,5,7,14500000
0,4,5,5600000
0,2,5,4700000
0,6,11,14000000
0,2,6,5800000
0,5,10,9000000
0,2,5,4900000
0,3,10,9000000
0,4,4.2,6500000
0,3,7,6800000
0,2,2.5,2500000
0,2,2.5,2500000
0,0,3.2,3500000
0,0,10,62000
0,0,3,22000
0,0,5,32000
0,0,7,25000
0,0,7,28000
4,3,1,50000
2,2,5.3,50000
0,0,1,28000
0,0,10,42000
3,2,5,8500000
4,5,2,5800000
0,10,2,95000000
0,10,2,105000000
3,3,10,13500000
3,3,10,12000000
0,4,8,18500000
0,5,10,23500000
0,5,10,23000000
0,3,8,12000000
0,5,1,52500000
0,3,11,17500000
0,4,8,17500000
0,4,8,17500000
0,5,10,24000000
0,5,10,24500000
3,3,10,21500000
3,3,10,21000000
3,3,10,20000000
6,6,5,12500000
3,3,5,12500000
6,6,3,8000000
5,4,7,16000000
4,3,3,6500000
5,5,1,37500000
5,5,1,42500000
5,5,18,37000000
5,5,18,38000000
3,3,3,7000000
5,5,1,39000000
5,5,1,39000000
3,3,5,11500000
3,3,5,11000000
3,3,5,10800000
4,4,10,23500000
4,4,10,23000000
4,4,10,22500000
4,4,10,17500000
5,5,1,42500000
4,4,10,21000000
5,5,1,41500000
3,3,3,6500000
3,4,2,3500000
3,3,2,5500000
2,2,5,4000000
8,6,2,220000000
2,3,2,5000000
5,4,11,19000000
4,4,10,17000000
4,4,10,10000000
4,4,10,10000000
4,4,10,10000000
3,3,5,6500000
4,4,10,10000000
4,4,10,10000000
3,3,5,6500000
4,4,10,17000000
5,4,10,37500000
5,5,1,55000000
4,3,3.5,11500000
5,5,1,35000000
4,4,10,10000000
5,5,1.6,65000000
5,5,1,45000000
5,5,1,55000000
6,5,1,38500000
5,5,1,35000000
4,3,5,12000000
3,3,5,11900000
3,3,5,13000000
5,4,10,25500000
0,0,7.1,17500000
0,0,12,50000000
0,0,16,90000000
0,0,4,7000000
0,0,4.2,8500000
0,0,4.2,11000000
0,0,7.1,18500000
0,0,9.6,34000000
0,0,9.6,29000000
0,0,9.3,16000000
0,0,9.3,21000000
0,0,7.1,14500000
2,2,4.2,5500000
2,2,4.4,5500000
8,7,8,24000000
2,2,4.8,11700000
3,3,6.7,10800000
3,3,4.9,7500000
0,3,8,14300000
0,3,6.1,14500000
0,3,8,21500000
0,2,4.2,5600000
4,2,4.8,12000000
0,4,14,15000000
0,3,8,19800000
0,2,4.9,8030000
0,2,2.2,3500000
0,2,3.3,5000000
0,5,5.6,18000000
3,3,10.7,18500000
0,0,3.1,6500000
0,0,4.9,6500000
0,0,8,42500000
0,0,9.3,29000000
0,0,4,250000000
0,0,1.2,70000000
3,3,10.7,19000000
3,3,10.7,19500000
3,3,10.4,18500000
3,3,5.3,10000000
6,6,4.8,23000000
1,2,3.1,2600000
2,2,4,5500000
2,2,3.1,4200000
2,2,2.8,3500000
2,2,4.2,5500000
3,3,9.6,30000
3,3,10.4,53000
3,3,10.7,53000
3,3,9.8,53000
3,3,10.4,50000
3,3,10.7,55000
3,3,8.4,48000
3,3,7.1,70000
3,3,10.4,52000
3,3,16,55000
3,3,10.7,53000
3,3,8.4,50000
3,3,11.4,50000
3,3,11.4,55000
3,3,1,130000
2,2,4,30000
6,6,1.1,115000000
0,7,5,65000000
4,4,5,24000000
6,6,4,16000000
4,4,6,17500000
6,6,4,22500000
6,5,10,30000000
4,4,1,40000
8,7,1.2,400000
3,3,1,250000
2,2,1,100000
4,4,1,300000
2,2,1,80000
3,3,1,300000
2,2,1,120000
4,4,1,300000
2,2,1,75000
4,3,1,95000
5,5,1,350000
3,3,1,120000
3,3,1,250000
2,2,1,75000
3,3,1,300000
3,3,1,100000
5,5,1,280000
4,4,1,280000
2,2,1,130000
4,4,1,300000
5,5,1,300000
2,2,1,120000
4,4,1,300000
2,2,1,80000
2,2,1,80000
5,4,4,65000
2,2,6,40000
2,2,5,32000
2,2,4,25000
5,5,2,220000
4,3,1,50000
3,3,3,1100000
6,5,1,41000000
6,5,7.5,26000000
3,3,5,11000000
6,5,1,30500000
3,3,3,6500000
2,2,2.5,2500000
2,2,2.5,3700000
6,5,10,30000000
6,5,7.5,24000000
0,0,4,5500000
0,0,2.5,3000000
0,0,3,4500000
0,0,3,4500000
6,6,10,14000000
5,5,7,11000000
5,5,7,14500000
5,5,10,17000000
5,5,5,8500000
4,4,5,8500000
4,4,5,8500000
4,4,5,11000000
4,4,5,17500000
0,2,4,6500000
0,2,5,4700000
0,2,3,3200000
0,0,4,7200000
0,8,9,24000000
0,6,14,10900000
6,5,7,13500000
4,4,5,9000000
3,3,10,25000000
3,3,6,6800000
2,2,4.2,7080000
2,2,4,9700000
1,1,2.9,2400000
4,3,5,9500000
0,0,5,30000
0,0,3,22000
0,0,2.5,18000
0,4,7,17500
0,0,5,27000
5,5,7,50000
3,3,10,30000
0,5,7,50000
0,2,7,28000
5,4,10,27500000
4,4,5,11500000
5,5,5,16000000
6,5,5.5,16500000
5,4,7,21000000
3,3,5,12000000
8,7,1,35000000
5,5,5,13000000
4,4,5,12500000
1,1,3.5,6200000
7,6,1,44500000
5,4,10,26000000
6,5,2,95000000
4,4,10,20800000
4,4,10,21000000
4,4,1,32000000
4,4,10,22500000
4,4,10,22000000
2,2,3,4000000
2,2,3,5000000
2,2,3,4200000
5,5,10,22500000
5,5,10,22500000
5,5,10,22500000
5,5,10,22000000
5,5,10,22800000
6,5,1,32500000
5,5,10,22800000
5,5,8,15000000
5,5,8,15500000
5,5,8,16500000
6,5,10,34000000
5,5,8,14500000
5,5,8,13500000
3,3,12.5,17500000
5,5,8,13500000
5,5,8,13000000
5,5,12,22500000
5,5,6,12500000
5,5,6,12200000
2,2,5,10500000
4,4,8,18000000
3,3,4,9800000
3,3,4,10000000
3,3,4,9500000
3,3,4,9200000
5,5,10,25000000
3,3,4,9000000
3,3,4,10000000
5,5,10,26500000
0,3,6.2,5500000
0,3,6.2,5500000
0,2,4.8,10000000
0,2,4.8,10000000
0,6,9.6,27000000
0,6,9.6,27100000
0,6,9.6,27200000
0,6,9.6,27000000
0,6,9.6,27200000
2,2,4.2,5200000
0,0,8,40000000
0,0,8,40000000
0,0,12,51000000
0,0,10,21000000
0,0,10,21000000
0,0,9.6,52500000
0,0,16,80000000
0,0,1.1,80000000
0,0,16.6,50000000
0,0,3,150000000
0,0,8,27500000
0,0,12,52500000
0,0,1.2,62000000
0,0,8,30000000
0,0,9.3,55000000
0,0,8,23500000
0,0,9.3,18000000
3,2,4.8,7500000
8,7,5.6,27500000
3,3,5.6,6500000
1,1,2.2,2500000
3,2,3.2,9000000
3,2,4.8,7500000
8,7,5.6,27500000
3,2,3.2,9000000
0,0,6.9,9700000
0,0,13.3,18000000
0,0,13.8,17500000
2,2,4.2,6600000
0,0,6.9,9700000
0,0,14.2,20000000
2,2,3.2,5500000
2,3,3.2,3200000
2,2,4.8,16200000
2,2,4.8,17500000
1,1,2,2500000
2,2,4.8,15800000
1,2,1.8,2200000
3,3,8,22500000
4,4,4.8,18000000
3,3,5,18000000
1,2,1.8,2200000
1,1,2,2500000
2,3,3.2,3200000
2,2,3.2,5500000
6,6,9.6,28000000
6,6,9.6,27000000
6,5,9.6,35000000
6,6,9.6,26500000
6,6,9.6,25500000
6,6,9.6,26000000
2,2,4,15000000
2,2,4.2,11000000
3,3,7.3,23500000
3,3,7.3,16500000
2,2,4.2,9000000
2,2,4.2,9500000
6,6,16,38000000
4,4,4.8,13000000
6,6,9.6,25000000
2,2,4.8,10000000
2,2,4.8,9500000
3,3,8,24000000
3,3,8,23000000
0,0,4.8,20000000
0,0,4.8,29000000
0,0,4.8,19000000
0,0,4.8,27000000
0,0,2.8,3500000
0,0,9.6,16500000
0,0,2.8,3700000
0,0,4.8,19500000
0,0,4.8,27500000
0,0,2.9,3700000
0,0,2.9,3500000
0,0,4.8,8500000
0,0,1,117500000
3,3,8,28500000
2,2,3.4,5200000
2,2,3.4,5200000
0,0,2.6,5200000
0,0,2.6,5200000
0,0,3.4,3900000
0,0,3.4,3900000
3,2,3.4,6800000
3,2,3.4,6800000
3,2,5,7100000
3,2,5,7100000
2,2,2.5,2700000
2,2,2.5,2700000
2,2,2.6,1700000
2,2,2,6500000
2,2,2.6,1700000
2,2,2.6,1700000
2,2,2.6,1700000
4,4,9.8,23500000
2,2,2.6,1700000
2,2,2.6,1700000
2,2,2,5300000
2,2,2,6500000
2,2,2,6700000
2,2,2,5900000
2,2,5.3,13500000
2,2,5.3,13700000
2,2,2.6,5500000
3,3,5.1,15000000
2,2,2.6,5500000
1,2,2.4,2000000
1,2,2.4,2000000
1,2,2.4,2000000
1,2,2.4,2000000
1,2,2.4,2000000
1,2,2.4,2000000
1,2,2.4,2000000
1,2,2.4,2000000
1,2,2.4,2000000
1,2,2.4,2000000
1,1,1.6,1600000
1,1,1.6,1600000
1,1,1.6,1600000
1,1,1.6,1600000
1,1,1.6,1600000
1,1,1.6,1600000
1,1,1.6,1600000
1,1,1.6,1600000
1,1,1.6,1600000
1,1,1.6,1600000
2,2,3.3,2800000
3,3,7.1,3800000
4,4,8,4000000
3,3,8,12500000
3,3,8,17500000
3,3,8,14000000
2,2,3.1,3500000
2,2,3.4,4500000
6,6,4.8,25000000
2,2,3.4,4500000
2,2,3.4,4500000
2,2,3.4,5200000
4,4,4.8,27000000
2,2,3.4,5200000
4,4,4.8,16000000
4,4,4.8,20000000
6,6,4.8,14500000
5,5,4.8,15000000
3,3,16,10000000
6,6,4.8,22500000
4,4,4.8,16000000
2,2,4.2,6000000
6,6,9.6,27000000
6,6,10,24000000
8,7,12,42500000
3,3,6.4,13500000
2,2,3.8,7000000
2,2,4.2,4300000
3,3,6,11500000
4,4,5.1,7000000
4,4,12,14000000
3,3,7.6,8800000
3,3,10.7,13000000
8,7,4,700000
2,2,1,85000
2,2,2,40000
2,2,4.2,50000
5,5,1,38500000
2,2,3,6000000
6,5,10,16000000
6,5,10,29500000
5,5,14.2,40000000
3,3,14.2,68000
0,0,1,350000
3,2,10,45000
0,0,2,600000
0,3,1,65000
3,3,12,75000
0,0,1.3,450000
0,0,2,850000
4,3,1,60000
3,4,7,70000
0,0,2,750000
3,3,12,60000
3,3,12,50000
3,3,1,55000
0,0,1.3,650000
4,4,1,85000
2,3,10,50000
3,3,12,75000
0,0,1.3,550000
0,0,1.3,650000
0,0,2,850000
1,1,5.6,16000
4,3,1,45000
3,3,12,75000
6,6,10,130000
2,4,9.3,34000
2,2,8,26000
2,2,9.3,25000
2,2,10,27000
3,3,1,45000
3,3,9.3,30000
4,4,9.3,55000
2,2,5,18000
3,3,12,50000
3,3,4,8000000
4,4,3.5,10500000
3,3,4,8500000
3,3,4,8500000
3,3,4,6800000
3,3,4.2,11000000
3,3,3.5,8800000
4,3,4,7500000
5,5,8,15000000
6,6,6,12500000
5,5,6,12000000
4,4,4,9500000
4,4,4.5,11000000
3,3,4,8000000
3,3,3,6700000
3,3,4,8500000
4,8,6,7500000
3,3,5,11800000
6,5,10,21000000
6,5,1,34000000
5,4,10,25000000
5,5,8,14400000
5,5,8,14500000
5,5,8,12800000
3,3,5,12500000
5,5,10,22500000
4,3,5,14800000
7,6,5,14000000
5,4,10,25000000
4,3,9,22000000
3,3,5,12500000
0,0,1,35000000
2,2,3.5,9000000
4,4,3,9500000
4,3,7,20700000
0,0,6,2600000
3,3,10,8000000
5,5,8,14500000
6,5,1,46000000
6,5,11,23900000
2,6,11,17500000
0,6,11,20000000
2,2,4.5,3800000
3,2,4.5,3800000
2,2,3.5,3000000
2,2,3.2,3200000
5,4,1,95000
5,5,7,45000
2,2,10,35000
3,3,8,40000
3,2,5,23000
2,2,10,35000
2,2,10,32000
5,5,10,70000
2,2,10,28000
0,0,5,25000
0,0,5,24000
0,0,5,23000
0,0,7,28000
0,0,7,29000
0,0,7,30000
0,0,7,25000
0,0,7,26000
0,0,7,27000
0,0,5,34000
0,0,5,35000
0,0,5,36000
0,0,14,22000
0,3,14,32000
0,0,4,26000
4,3,5,17000000
4,3,5,16500000
4,3,5,17200000
1,1,3,4500000
4,4,4,7000000
3,3,2,4250000
3,3,3,5500000
4,4,5,9000000
2,2,2,4000000
3,3,3,5500000
4,4,5,8500000
1,1,3,4500000
4,4,4,7000000
5,5,10,22500000
6,5,1,25000000
6,5,7.5,19500000
4,3,5,16900000
6,5,1,29000000
3,3,3,5500000
3,3,2,4250000
4,4,5,9000000
4,3,5,12000000
5,5,10,27500000
5,5,10,26000000
7,6,14,33500000
3,3,3,7600000
0,0,4.8,12500000
2,2,4.9,7500000
3,2,4,5200000
3,2,4.2,5500000
6,6,4.8,20000000
2,2,3.2,4000000
2,2,3.2,3800000
0,0,8,32500000
2,2,4,7200000
4,4,1.1,81000000
2,2,3.1,4000000
2,2,2.8,5500000
3,3,8,14500000
2,2,2.4,4800000
2,2,2.4,4800000
2,2,2.4,4800000
2,2,2.4,4800000
2,2,2.4,5000000
2,2,2.4,5000000
2,2,2.4,5000000
2,2,2.4,5000000
2,2,2.4,5000000
2,2,2.8,5200000
2,2,2.8,5200000
2,2,2.8,5200000
2,2,2.8,5200000
4,3,9.6,19000000
2,2,2.8,5400000
2,2,2.8,5400000
2,2,2.8,5400000
2,2,2.8,5500000
2,2,2.8,5500000
0,2,4.2,6000000
0,3,7.6,25000000
0,2,4.4,8000000
0,2,4.2,6800000
0,0,8,19500000
0,3,7.8,25000000
2,2,2.8,5500000
2,2,2.8,5500000
3,3,4.8,7000000
0,0,9.6,23000000
0,2,3.3,4200000
0,2,4.2,7800000
0,2,8.4,15600000
0,2,3.3,5800000
0,2,3.3,5600000
0,2,3.3,5600000
0,2,3.3,5600000
0,2,3.3,5500000
0,0,4.8,13000000
0,0,4,7800000
4,4,16,80000000
2,2,4,6000000
2,2,4.2,9200000
3,3,6.7,14000000
3,2,4,10000000
3,2,4,10000000
3,2,4,10000000
3,2,4,10000000
3,2,4,10000000
3,3,8,9500000
3,3,8,9500000
3,3,5,13500000
3,3,5,13500000
3,3,5,13500000
3,3,8,9500000
3,3,5,13500000
0,2,3.8,5000000
3,3,5,13500000
3,3,8.6,14500000
2,2,4,11000000
2,2,4,11000000
3,3,5.3,13000000
2,2,5.1,8500000
3,3,5.1,14000000
2,2,3.6,7500000
3,3,8,13500000
3,3,8,13500000
3,3,9.6,11500000
2,2,6,7500000
3,3,6,8000000
3,3,6,8000000
9,6,9.6,45000000
3,3,9.6,11500000
6,6,9.6,45000000
4,4,3.2,10500000
4,4,4.8,10500000
2,2,4.8,9500000
2,2,4.8,9000000
2,2,4.8,10000000
0,0,4.8,5000000
0,0,9.6,38500000
0,0,9.6,50000000
0,0,9.6,52500000
0,0,16,45000000
0,0,1.2,80000000
0,0,12,38000000
5,5,9.5,65000000
0,0,5.1,7000000
0,0,10,35000000
0,4,14,15200000
0,4,14,16500000
0,0,4.2,5000000
0,0,5,9000000
0,2,3.2,4700000
0,4,3.2,7000000
0,4,3.2,7000000
3,3,8,6600000
3,3,8,14100000
3,3,8,20000000
0,2,3.8,16000
2,2,4.2,45000
0,0,4.8,42000
5,6,1,210000
4,4,9.3,75000
3,3,7.1,65000
2,2,4,40000
2,2,4,40000
0,0,7.3,85000
6,6,10,250000
4,4,13.2,70000
0,0,1,2500000
0,3,14.2,5000000
7,6,1,45000000
3,2,5.5,4500000
2,2,3.6,6052000
4,5,6,25000000
4,4,13,27500000
2,2,7,4000000
2,2,4,6500000
2,2,3.1,5000000
0,3,9.3,12500000
0,3,12,16000000
0,6,2,130000000
0,12,2,110000000
0,6,1.1,75000000
0,6,1.3,85000000
0,6,2,140000000
4,4,13.3,130000
4,4,6.7,43000
2,2,7,43000
6,6,12,150000
4,4,8.9,50000
3,3,13.3,100000
2,2,5.6,35000
0,0,1,300000
3,3,12,68000
2,2,8,40000
0,0,1.3,450000
0,0,1.3,700000
1,1,2.2,25000
4,4,8,80000
3,3,12,70000
5,5,1,300000
4,5,10,70000
1,1,2.7,35000
2,2,4.4,65000
3,3,14.2,65000
2,2,12,58000
2,2,4,23000
2,2,4,25000
0,0,1.3,500000
5,4,1,250000
4,4,7,50000
3,3,12,55000
0,0,1,350000
3,3,12,40000
3,3,12,65000
1,2,6.7,25000
0,0,2,900000
3,3,12,70000
3,3,12,60000
1,2,4.4,25000
3,3,12,65000
5,5,4,60000
0,0,1,380000
3,3,6.7,36000
3,3,12,40000
3,3,3,8200000
5,5,10,25500000
3,3,3,8000000
3,3,5,14500000
3,3,5,14500000
5,5,10,26500000
3,3,3,8000000
3,3,3,7300000
5,5,10,25000000
3,3,3,7500000
3,3,5,13800000
3,3,3,7800000
3,3,5,13200000
3,3,5,13400000
3,3,5,14200000
3,3,5,13500000
3,3,3,7300000
3,3,5,13300000
3,3,5,14000000
3,3,5,13500000
3,3,5,13700000
3,2,1,3000000
2,2,3,4000000
4,3,5,15800000
3,3,10,22500000
7,6,1.2,85000000
3,3,5,11500000
4,3,2.5,5500000
3,2,10,12500000
4,3,5,21000000
4,3,2.5,5500000
5,4,5,11500000
3,3,2,4250000
3,3,3,5200000
2,3,3,4500000
3,4,3,4800000
4,4,5,10500000
4,4,5,10700000
3,3,3,9000000
2,2,4,8000000
3,3,4,13000000
6,6,11,30000000
0,3,5,12000000
0,4,5,11000000
0,4,7,15000000
0,0,5,9500000
0,0,7,17500000
2,2,2.5,1500000
0,0,5,6000000
0,0,8,12000000
0,0,6,12500000
0,0,3.5,3300000
0,0,4.5,3600000
0,0,4,4500000
0,0,3,3200000
4,4,10,2000000
3,1,5,4900000
0,0,5,10000
6,5,10,70000
3,4,4,6500000
4,6,8,15000000
4,4,4,7000000
2,2,3,2600000
4,3,7,10400000
5,5,1,35000000
3,3,2,5500000
2,2,2,5000000
2,3,2.7,6000000
2,2,2,4000000
3,4,3,7000000
4,3,3.5,8500000
2,3,1.8,4500000
3,6,5,9500000
2,4,2.5,5500000
6,5,1,32500000
5,4,2,6700000
4,3,4,4800000
5,4,1,25000000
3,2,2,5500000
3,3,8,14000000
2,2,2,4525000
4,3,3,6500000
3,3,5,11000000
3,3,9,16500000
0,0,1,3000000
0,0,1,2700000
3,3,8,13000000
3,3,6.1,14500000
2,2,4.2,6500000
2,2,4.2,6800000
3,3,8,6600000
3,3,8,14100000
3,3,8,20000000
3,3,8,13000000
3,3,6.1,14500000
2,2,4.2,6500000
2,2,4.2,6800000
2,2,4.2,5000000
3,3,8,6600000
3,3,8,14100000
3,3,8,20000000
3,3,8,13000000
3,3,6.1,14500000
2,2,4.2,6500000
2,2,4.2,6800000
3,3,4.4,11000000
3,3,5.2,11500000
3,3,5.2,12000000
3,3,10.3,23500000
6,6,4.8,18000000
3,3,8.9,17500000
6,6,9.6,37000000
6,6,2,85000000
2,2,4,15500000
2,2,4,8500000
5,5,1.2,90000000
2,2,3.8,5200000
6,6,8,40000000
3,3,5,12000000
6,6,10.2,37500000
3,3,16,38000000
5,5,16,70000000
8,7,11.6,42500000
6,6,10.2,45000000
6,6,10.2,40000000
6,6,16,70000000
7,7,17.3,50000000
3,3,16,51000000
0,0,2,102500000
6,6,1.2,65000000
6,6,16.6,61000000
6,6,9.3,44200000
6,6,15,50000000
5,5,9.6,18000000
3,3,4.4,9500000
6,6,16,55000000
2,2,3.6,7500000
0,3,6.6,11000000
0,3,6.7,11500000
0,3,10.2,11000000
0,2,3.1,3200000
0,4,4.8,15500000
0,3,5.7,6800000
0,0,5.7,6500000
0,0,5.7,6200000
0,0,4.8,21000000
0,2,3.1,3200000
6,6,16,80000000
6,6,12,52500000
0,0,6,16300000
0,3,9.6,23500000
0,3,9.6,27500000
0,6,9.6,29000000
0,3,16,49000000
0,0,19.4,61500000
0,0,9.6,16000000
0,0,6,12500000
0,2,2.4,3300000
2,2,2,2400000
3,3,6.4,55000
2,2,12,85000
1,2,1.6,15000
0,2,4.8,25000
0,4,8,80000
0,2,8,70000
0,3,9.6,45000
0,3,9.6,43000
0,2,4.8,26000
0,4,1.2,400000
0,5,9.6,120000
3,3,8,47000
2,1,3.4,5813000
0,5,9.3,13000000
0,5,14.2,22500000
9,9,1,86000000
5,4,5,21000000
6,6,2.1,175000000
3,3,1,150000
3,3,12,65000
2,2,1,30000
3,3,1,75000
0,0,2,720000
3,3,12,70000
2,2,5.6,32000
3,3,12,55000
8,7,1,250000
1,1,0.8,30000
3,3,6.7,35000
3,3,1,110000
2,2,10,50000
3,3,10,75000
0,0,1.3,480000
3,3,10,75000
1,3,6.7,21000
3,3,12,60000
3,3,12,50000
0,0,12,200000
3,3,10,55000
7,6,1,400000
2,2,8,45000
1,1,5,32000
2,2,8,46000
5,4,1,50000
3,3,12,65000
8,7,10,85000
3,3,1,90000
3,3,12,75000
1,3,4.4,21000
4,3,1,42000
2,2,8,40000
2,2,10,550000
2,2,5,350000
0,0,1.9,65000
4,3,1,50000
3,3,12,55000
6,6,12,140000
6,6,12,140000
3,3,12,48000
3,3,10,35000
3,3,12,65000
3,3,10,60000
3,3,7.8,150000
3,3,14.2,65000
3,3,14.2,65000
3,3,10,65000
3,3,10,60000
0,0,3,40000
3,3,1,70000
3,3,9.3,180000
3,3,1,90000
3,3,10,55000
3,3,12,50000
3,4,10,48000
3,3,1,90000
3,3,10.7,120000
3,3,12,60000
2,1,5,25000
4,4,12,65000
3,3,12,55000
3,3,12,65000
3,3,1,90000
6,6,10,115000
1,1,2,1800000
4,4,12,18500000
0,0,1,2500000
5,4,10,20000000
3,3,5,11000000
3,3,5,11000000
7,5,10,15900000
3,3,5,11000000
4,3,5,11500000
5,4,10,41000000
6,5,1,57500000
5,4,10,23000000
5,4,10,22500000
6,5,10,23000000
7,5,1,44000000
5,4,5,9500000
4,3,5,12500000
3,3,5,11000000
3,3,5,11000000
4,3,5,15000000
3,3,5,11000000
3,3,5,11000000
3,3,5,11000000
3,3,5,11000000
4,3,6,14500000
3,3,5,11500000
3,3,5,11500000
3,3,5,11500000
3,3,5,11500000
3,3,5,11500000
8,7,1,32800000
3,3,5,11500000
3,3,5,11500000
3,3,5,11500000
3,3,5,11500000
3,4,7,13000000
3,3,5,11500000
5,4,9,22000000
3,3,5,11000000
2,2,3.6,4500000
0,2,5,4500000
0,0,5,6000000
0,3,8,9000000
0,4,5,6200000
0,2,5,4500000
0,4,10,14900000
0,2,7.5,6500000
0,2,4,4100000
6,5,10,26500000
6,5,10,26000000
4,3,5,10500000
4,3,5,10300000
4,3,5,9800000
6,5,7,15500000
4,4,5,9500000
0,3,5,35000
0,3,5,33000
0,3,12,32000
0,3,5,40000
0,4,5,40000
3,3,5,33000
2,2,10,35000
0,0,6,15000
3,3,1,60000
4,3,1,60000
3,3,5,11000000
4,4,3,3400000
3,3,5,11000000
3,3,5,11000000
3,3,5,11000000
5,4,10,19000000
3,3,5,11500000
6,5,10,22000000
3,3,5,11500000
3,3,5,11500000
3,3,5,11500000
3,3,5,11500000
0,4,10,22000000
0,4,10,22000000
0,4,10,19000000
0,2,14,40000000
0,6,1,37000000
0,5,10,35000000
4,4,4.8,16500000
2,2,3.2,4300000
3,3,8,13500000
4,4,5,17000000
2,2,2.4,3500000
6,6,9.6,19900000
4,3,12,21000000
6,6,8,37000000
2,2,3.4,4000000
2,2,4,8500000
2,2,3.3,6300000
2,2,5.6,12500000
3,3,5.6,18500000
6,6,1.2,85000000
3,3,7.6,17000000
0,6,1,105000000
0,6,1,105600000
0,6,1,115000000
0,6,2,240000000
0,6,1,113500000
0,6,1,115500000
0,6,12,75500000
0,5,12,73000000
0,5,1,97500000
0,6,1.3,140000000
0,6,12,75000000
0,6,1,105000000
0,6,1,115000000
0,6,2,240000000
0,6,2,190000000
0,6,1.3,140000000
0,5,1,97500000
0,5,1,85000000
0,6,12,75500000
0,5,12,74000000
3,3,6.7,8500000
4,3,10.7,35000000
3,3,10,10500000
2,2,4.2,5800000
2,3,4,4300000
4,4,12.9,14000000
0,2,4.4,8000000
0,2,4.2,9000000
0,2,8,12000000
0,2,4.2,12500000
0,3,9.3,22000000
4,4,13.2,39500000
4,4,13.2,41500000
3,3,8,13500000
3,3,8,11000000
3,3,6.1,14000000
3,3,8,10000000
3,3,8,6500000
3,3,6.1,8500000
3,3,9.4,9800000
2,2,4.2,6600000
2,2,4.2,6500000
2,2,4.2,6400000
2,2,4.2,6300000
2,2,4.2,8100000
2,2,4.2,8050000
2,2,4.2,8000000
3,3,8,5700000
3,3,8,5600000
3,3,10,12900000
3,3,10,12800000
3,3,8,5650000
4,4,13.3,17400000
3,3,10,12800000
4,4,13.3,17400000
4,4,13.3,17300000
4,4,4,35000000
2,2,4.2,8000000
7,7,2,210000000
6,6,1.3,180000000
2,2,4.2,8500000
2,2,2.2,6800000
8,7,2,240000000
2,2,4.2,8700000
2,2,5.6,25000
3,3,1,160000
2,3,5.3,32000
3,3,1.2,135000
4,4,4,120000
4,4,4,100000
2,2,2,38000
2,2,2,40000
4,4,14,85000
2,2,2,38000
3,3,6.2,35000
4,4,14,90000
2,2,4.2,33000
6,6,1,49000000
6,6,1,43500000
6,6,1,55000000
2,2,5.5,7500000
0,0,5,11000000
0,0,8,24500000
2,2,5.5,7500000
0,0,10.9,45000000
0,0,14.2,47500000
0,5,10,12500000
0,2,10,11000000
0,5,10,14500000
0,0,7,9500000
0,0,5,10500000
0,0,5,9200000
0,6,10.9,16500000
5,4,4.4,16000000
6,5,8,25500000
0,4,6.7,17000000
6,5,10,14000000
3,2,5.6,4800000
6,5,10,15000000
6,5,1,45000000
0,0,4.4,8500000
6,5,10,14500000
8,7,1,57000000
6,5,5,10800000
3,3,12,75000
3,3,12,60000
3,3,12,75000
3,3,1,65000
5,5,8,60000
3,3,12,50000
6,5,1,130000
4,4,10,70000
6,5,1.1,300000
4,4,16.7,250000
2,2,1,50000
3,3,12,75000
1,1,3.2,22500
3,2,10,25000
4,3,12,65000
3,3,10,30000
0,2,10,27000
0,5,10,65000
0,0,10,50000
0,0,10,55000
0,0,10,58000
0,0,10,26000
0,0,10,29000
0,0,10,27000
0,0,10,28000
0,3,10,27000
0,2,10,28000
0,3,1,40000
0,3,1,45000
0,3,14.2,35000
7,6,1.1,300000
3,3,12,65000
0,7,9.3,160000
6,6,10,140000
6,5,10,70000
3,3,10,30000
2,2,7,28000
4,4,7,31000
1,3,8,35000
2,2,8,49000
2,2,7,40000
3,3,5,9500000
0,3,5,10200000
6,6,1,60000000
0,4,5,12500000
0,4,5,13500000
0,1,2.5,4000000
0,3,5,9800000
0,4,5,9500000
0,4,5,9000000
0,2,5,8000000
4,4,5,8500000
4,3,5,12700000
5,4,5,8000000
4,3,5,12400000
6,5,10,17000000
3,3,5,11500000
4,3,5,13000000
4,3,5,10500000
4,3,5,13000000
6,5,10,19000000
5,4,10,23000000
0,5,5,18000000
0,5,1,61000000
7,6,14,19800000
5,5,1,25000000
8,7,2,41500000
5,5,1,45000000
5,5,1,50000000
5,5,1,80000000
5,5,1,65000000
5,5,2,90000000
5,5,2,60000000
5,5,2,60000000
5,5,1,40000000
5,5,1,40000000
0,3,5,11000000
0,3,7,12500000
0,3,6,12000000
0,3,8,12500000
0,4,10,15000000
0,4,12,20000000
0,5,14,21000000
0,3,8,15500000
0,4,10,18000000
0,4,12,22000000
5,4,10,23000000
0,5,10,19000000
7,6,2,91000000
4,4,10,21000000
0,4,17,38500000
0,5,1,41500000
0,3,10,21500000
0,3,10,23000000
0,5,10,19500000
4,3,6,9500000
6,5,1,75900000
6,5,18,35000000
4,2,2,4700000
4,3,4,8000000
2,2,3,4500000
4,4,5,11200000
4,5,5,11000000
3,2,10,13500000
0,4,10,32500000
0,3,5,10000000
0,3,3,6000000
0,6,7.2,16000000
4,3,5,10500000
5,4,8,13500000
0,0,32,10000000
3,4,3,8000000
0,0,6,13500000
0,0,5,8500000
0,4,8,11000000
0,6,7.6,15000000
0,0,4,3800000
1,1,3,8200000
7,6,1,47000000
5,5,10,28000000
0,2,3.5,2300000
4,3,5,8500000
4,5,7,13000000
6,5,10,25000000
0,2,6,18000
0,0,1.3,100000
3,3,1,50000
2,2,6,45000
4,3,5,35000
0,3,11,40000
0,0,11,45000
0,0,11,35000
0,0,11,35000
5,4,7,45000
5,5,10,60000
4,3,5,9500000
6,6,2,180000000
7,6,1.3,180000000
6,6,1,120000000
4,4,4,33000000
4,4,4,43500000
4,4,4,42500000
0,3,6,7000000
0,3,6,7000000
2,3,6.7,7000000
0,3,3.2,10500000
0,3,6,9000000
3,6,5.1,3800000
0,3,8,14500000
0,3,8,14600000
0,0,8,40000000
6,5,1,115000000
2,2,4.8,13000000
2,3,4,4200000
3,3,6.7,8500000
1,2,2.8,2600000
0,2,3.1,5000000
0,4,13,75000000
0,0,9.6,31000000
0,0,4.8,22500000
0,0,5.3,24000000
0,0,9.6,32000000
0,0,9.6,31000000
0,0,8,32000000
0,0,8,14500000
0,0,16,49000000
0,0,16,50000000
0,0,9.6,28000000
0,0,16,55000000
0,0,9.6,32500000
0,0,2.9,2300000
0,0,5.6,6000000
0,0,6,10000000
0,0,9.6,19500000
0,0,4.8,14000000
0,0,4.8,16000000
0,0,4.8,9000000
0,0,4.8,15000000
0,0,8,18000000
0,0,4.8,10000000
0,0,4.8,13500000
0,0,6,8500000
0,0,6.4,8000000
4,4,3.2,8100000
2,3,4.6,6800000
3,2,5.6,7600000
3,3,6.1,14500000
3,3,6.1,14500000
3,3,6.1,14500000
3,3,6.1,14500000
3,3,6.1,14500000
3,3,6.1,14500000
3,3,6.1,14500000
6,6,4.8,25000000
0,0,5.8,8000000
0,0,6.2,7500000
0,0,6.2,3800000
4,4,8.7,32500000
2,2,4.4,5800000
2,2,4,5500000
3,3,7.1,11000000
4,4,8.9,13000000
4,4,8,25500000
4,4,6,13500000
5,5,12,62500000
3,3,5.8,35000
5,5,1,105000
5,5,1,108000
3,3,8,50000
3,3,10,47000
3,3,11.4,50000
3,3,11.4,45000
3,3,11.4,55000
3,3,11.4,48000
0,3,0.4,35000
4,4,10.7,95000
0,3,6.2,31000
0,3,6.2,36000
0,1,2.4,16000
0,4,10,57000
0,2,2.4,34000
0,3,8,60000
0,3,9.6,45000
0,1,2,14000
2,2,4,20000
3,3,9.6,45000
3,3,16,55000
1,2,16,30000
0,0,5.2,25000
2,2,4.8,30000
2,3,4,18000
0,0,8,30000
0,0,3.2,16000
0,0,4.8,25000
0,0,4.8,25000
0,0,9.6,45000
0,0,9.6,42000
0,0,9.6,50000
0,0,7.1,50000
4,3,7.3,85000
3,3,12,27000000
2,2,3.2,2000000
3,3,12,76000
0,0,1,77500000
0,0,64.1,230000000
4,4,6,8000000
3,3,6.3,12500000
0,0,1,90000000
0,0,1.3,115000000
0,0,4,300000000
4,4,4,17000000
6,5,1,47500000
0,0,2.4,125000000
4,3,1,50000
1,2,6.7,25000
2,2,7,40000
2,2,1,130000
6,4,7,80000
4,3,1,40000
1,3,6.7,21000
4,3,1,45000
0,0,1,37000
2,2,8,50000
3,3,12.7,70000
7,6,1,125000
4,3,1,65000
6,5,1,110000
2,2,4.4,26000
2,2,6.7,35000
3,3,5,15500000
3,3,5,10500000
5,4,10,36000000
0,0,18,7500000
0,3,10,18500000
0,4,10,17000000
0,4,10,15500000
4,3,5,5800000
6,5,8,22500000
5,4,5,12800000
0,2,2,4000000
4,4,1,20700000
7,5,1,55000000
4,4,1,20800000
4,4,1,20900000
4,4,1,20500000
0,3,5,11500000
0,3,8,17500000
0,3,8,15500000
0,4,12,20500000
0,4,10,22500000
0,3,8,12500000
0,4,10,16000000
0,5,14,27500000
0,6,1,57500000
4,4,1,21000000
3,3,3,7000000
3,3,3,7100000
3,3,3,6960000
3,3,3,6950000
5,4,14,19000000
3,3,3,6860000
3,3,3,6870000
3,3,3,6850000
3,3,3,6800000
3,3,3,6790000
3,3,3,6780000
3,3,3,6770000
3,3,3,6750000
3,3,3,6680000
3,3,3,6620000
3,3,3,6650000
4,3,5,11000000
3,3,3,6690000
3,3,3,6570000
5,4,10,18000000
3,3,3,6560000
3,3,3,6550000
3,3,3,6500000
10,8,2,80000000
0,4,6,10000000
0,6,5,9500000
0,4,5.8,10500000
0,4,10,22000000
0,5,5,12500000
0,4,5,11500000
0,5,6,16000000
0,3,4,8500000
0,3,3,6500000
0,5,3.2,4500000
0,3,2.5,5000000
0,3,2,5500000
0,4,4.2,8500000
0,3,3.2,9000000
0,4,5,12500000
0,5,10,16000000
0,5,10,16000000
0,3,3.2,8000000
4,4,5,13000000
4,4,5,12500000
5,4,10,25500000
0,3,4,10000000
0,3,2.5,2600000
0,2,1.8,2200000
0,4,5,12000000
0,3,3,6500000
0,2,2.5,2800000
0,3,3,6000000
0,3,4,10000000
6,5,10,18000000
6,5,10,23000000
6,5,1,42500000
0,0,1.3,49500000
4,3,12,11100000
0,0,1.9,2420000
0,1,3.7,4846000
0,1,3.1,4047000
0,1,2.7,3578000
0,1,2.3,2970000
0,1,2.1,2744000
0,1,1.9,2420000
0,1,2.3,2970000
0,1,3.7,4846000
0,1,2.7,3578000
0,1,3.4,4447000
0,3,5.8,7521000
0,2,4.6,6027000
0,2,4.5,5825000
0,2,4.1,5327000
0,2,4.2,5454000
3,3,8,20000000
3,3,5.3,14000000
2,2,4,11200000
3,3,8,20000000
3,3,8,20000000
3,3,8,20000000
3,3,8,20000000
3,3,8,20000000
3,3,8,20000000
2,2,4.1,6800000
4,3,5.1,11000000
0,0,8,10500000
3,3,7.1,14500000
3,3,7.1,14500000
3,3,7.1,14500000
3,3,7.1,14500000
3,3,7.1,14500000
3,3,7.1,14500000
3,3,7.1,14500000
3,3,7.1,14500000
3,3,7.1,14500000
4,4,4.8,22500000
3,3,7.1,14500000
2,2,4.7,9500000
2,2,4.7,9500000
2,2,4.7,9500000
2,2,4.7,9500000
2,2,4.7,9500000
2,2,4.7,9500000
3,3,7.1,14500000
2,2,4.7,9500000
2,2,4.7,9500000
2,2,4.7,9500000
2,2,4.7,9500000
2,2,4.7,9500000
2,2,4.7,9500000
2,2,4.7,9500000
2,2,4.7,9500000
2,2,3.8,6000000
2,2,4.7,9500000
2,2,4.7,9500000
2,2,4.7,9500000
2,2,4.7,9500000
2,2,4.1,7200000
2,2,4.7,9500000
2,2,4.7,9500000
8,7,16,55000000
2,2,4.2,7000000
4,4,4.8,18500000
4,4,4.6,16500000
3,3,5.3,8500000
4,4,4.8,19500000
4,4,4.8,17000000
2,2,4,5200000
3,3,8,14100000
7,7,8,47000000
2,2,5.6,8500000
2,2,3.2,6500000
0,0,16.7,75000000
0,0,14.5,65000000
0,0,1,115000000
0,0,5.1,13500000
0,0,1,97000000
0,0,1,97000000
1,2,2.4,4000000
3,5,7.8,11000000
2,2,4.2,7000000
3,3,5.4,8000000
3,3,6.8,9500000
5,5,1,115000000
3,3,6.8,10000000
2,2,4.7,9500000
2,2,4.7,9500000
2,2,4.7,9500000
2,2,4.7,9500000
2,2,4.7,9500000
3,3,16,65000
3,3,16,50000
3,3,9.6,45000
3,3,8.4,50000
0,0,1.1,165000
0,0,1.2,350000
0,0,16.7,200000
0,0,14.5,180000
0,0,16.7,250000
0,0,14.5,225000
0,0,1,170000
0,0,2,700000
0,0,1.2,350000
6,6,1,100000
7,5,10,110000
0,0,1.1,23000
6,5,10,70000
3,3,2.2,55000
2,2,6,40000
1,2,5,20000
5,4,8,48000
4,3,6,10500000
0,4,10,20000000
0,3,5,11500000
0,3,8,13500000
0,3,8,17000000
0,5,1,45000000
0,4,9,15500000
0,3,8,14500000
0,4,12,21000000
0,6,14,27500000
0,3,4.5,6500000
0,3,9,17000000
0,4,12,23000000
0,3,7,12500000
0,3,4.5,8000000
4,3,5,12000000
6,6,5,10500000
6,5,1,40000000
7,6,2,165000000
0,5,4,300000000
3,3,10.7,18500000
2,2,4.7,9500000
2,2,3.6,4000000
2,2,4.7,9500000
2,2,4.7,9500000
2,2,5.1,9500000
2,2,5.1,9500000
2,2,5.1,9500000
2,2,5.1,9500000
2,2,5.1,9500000
2,2,4.2,9500000
2,2,5.1,9500000
2,2,4.2,9500000
2,2,4.2,9500000
2,2,4.2,9500000
2,2,4.2,9500000
2,2,4.2,9500000
2,2,4.2,9500000
1,2,3.2,15000000
0,0,3.2,5000000
2,2,4.2,9500000
2,2,4.2,9500000
2,2,4.2,9500000
2,2,4.2,9500000
2,2,4.2,9500000
2,2,4.2,9500000
2,2,4.2,9500000
2,2,4.2,9500000
2,2,4.2,9500000
2,2,4.2,9500000
2,2,4.2,9500000
2,2,4.2,9500000
2,2,4.2,9500000
2,2,4.2,9500000
2,2,4.2,9500000
2,2,4.2,9500000
2,2,4.2,9500000
2,2,4.2,9500000
2,2,4.2,9500000
2,2,4.2,9500000
2,2,4.2,9500000
2,2,4.2,9500000
2,2,4.2,9500000
3,3,7.1,14500000
3,3,7.1,14500000
3,3,7.1,14500000
3,3,7.1,14500000
0,6,1.2,62500000
3,3,7.1,14500000
3,3,7.1,14500000
3,3,7.1,14500000
3,3,7.1,14500000
3,3,7.1,14500000
3,3,7.1,14500000
3,3,7.1,14500000
3,3,7.1,14500000
3,3,7.1,14500000
3,3,7.1,14500000
3,3,7.1,14500000
3,3,7.1,14500000
3,3,7.1,14500000
3,3,7.1,14500000
2,2,5.1,9500000
2,2,5.1,9500000
2,2,5.1,9500000
2,2,5.1,9500000
2,2,5.1,9500000
2,2,5.1,9500000
2,2,5.1,9500000
2,2,5.1,9500000
2,2,5.1,9500000
2,2,5.1,9500000
2,2,5.1,9500000
2,2,5.1,9500000
2,2,5.1,9500000
2,2,5.1,9500000
2,2,5.1,9500000
4,4,8.9,29000000
2,2,5.1,9500000
2,2,5.1,9500000
2,2,5.1,9500000
2,2,5.1,9500000
2,2,5.1,9500000
2,2,5.1,9500000
2,2,5.1,9500000
2,2,5.1,9500000
2,2,5.1,9500000
2,2,5.1,9500000
2,2,5.1,9500000
2,2,5.1,9500000
2,2,5.1,9500000
2,2,5.1,9500000
2,2,5.1,9500000
2,2,5.1,9500000
2,2,5.1,9500000
7,6,1,35000000
5,5,1.5,58000000
3,3,1,100000
3,3,6.2,40000
3,3,15,70000
2,2,10,49000
6,5,12,22500000
2,3,10,5500000
6,6,1,55000000
0,0,2,150000000
4,4,6,11500000
6,4,8,14000000
6,6,12,22500000
4,4,7,16500000
0,0,8,26000000
2,2,3.6,7500000
0,4,6,21000000
7,7,14.2,65000000
3,3,14.2,45000000
7,7,1.2,85000000
6,6,1.2,82500000
4,4,5,15000000
6,5,7,15500000
7,5,12,23500000
1,1,5.6,8500000
6,6,1,200000
2,2,14,35000
2,2,10,50000
6,6,10,145000
2,3,10,55000
2,2,10,25000
1,4,6,24000
0,0,14,130000
2,2,7,20000
0,0,10,60000
2,2,1,160000
3,3,14.2,65000
3,3,12,65000
3,3,14.2,70000
1,1,2.2,45000
3,3,14,55000
0,2,1.3,150000
9,9,2,200000
1,1,2,25000
5,5,5,35000
4,4,1,180000
3,4,5,32000
2,2,3.3,32000
1,1,2,35000
4,4,1,770000
6,5,6,50000
3,3,10,60000
1,1,1.6,20000
3,3,12,75000
6,5,11,27500000
6,6,1.1,160000
2,2,8,50000
2,2,5,25000
3,3,10,13000000
0,4,10,25000000
0,6,1,40000000
0,5,1,42500000
2,1,5,8000000
0,0,1,36000000
0,5,2,92500000
0,5,2,92500000
0,4,1.2,42500000
0,3,1,52500000
0,7,1.2,92500000
4,4,5,6000000
0,3,6.8,16000000
6,5,1,56000000
0,4,5.5,20000000
0,4,10,17000000
0,4,8,28000000
0,4,8.5,28000000
0,4,5,22500000
0,5,6,11500000
0,3,12,17500000
0,4,10,17000000
0,3,3,4500000
0,4,3.8,6500000
0,4,4.8,6000000
0,5,5,7500000
0,5,5,7600000
0,5,5,7550000
0,6,1,37500000
0,2,5,22500000
0,3,5,22000000
0,5,8.5,15000000
0,5,10,9500000
3,3,13,33000000
4,3,5,8000000
5,4,10,34000000
0,2,10,14000000
0,4,10,21000000
6,5,10,22500000
7,5,1,52000000
6,5,10,19000000
5,4,10,21000000
5,4,10,32500000
6,5,1,50000000
4,3,5,9000000
0,3,6,14500000
4,4,5,8500000
0,7,1.3,90000000
5,5,5,11500000
3,3,4,8000000
4,4,5,12000000
6,6,12,19500000
3,3,5,9800000
0,0,1.1,35000000
0,3,3,5800000
3,4,6,7000000
4,3,5,17900000
6,5,17,42500000
4,4,10,21500000
5,4,12,25500000
0,3,4,7300000
0,4,10,13500000
3,3,10,20000000
6,5,5,12500000
6,5,1,45000000
1,1,3,1800000
6,5,1,45000000
4,3,1,27500000
4,4,10,22500000
5,4,1,29500000
6,5,1,38000000
6,5,1,54000000
4,4,3,6200000
5,5,10,23000000
5,5,10,26000000
5,5,10,22500000
5,5,12,21000000
6,6,12,23000000
2,2,6,6400000
2,2,5,5300000
6,5,16,45000000
7,6,10,20000000
6,5,10,20000000
5,5,7,14500000
2,2,4.7,9500000
2,2,3.2,15000
0,0,1.2,120000
2,2,4.7,9500000
2,2,5.1,9500000
2,2,5.1,9500000
2,2,5.1,9500000
2,2,5.1,9500000
2,2,5.1,9500000
2,2,5.1,9500000
6,5,1.2,75000000
2,2,5.1,9500000
2,2,5.1,9500000
2,2,5.1,9500000
0,0,4.8,12500000
0,0,4.8,11500000
0,0,3.8,5000000
0,0,4.2,5800000
2,2,5.1,9500000
2,2,5.1,9500000
2,2,5.1,9500000
2,2,5.1,9500000
2,2,5.1,9500000
2,2,5.1,9500000
2,2,5.1,9500000
2,2,5.1,9500000
2,2,4.7,9500000
6,6,6.4,33000000
6,6,2,160000000
0,4,8,8500000
0,3,4.4,6500000
0,2,4.2,5500000
3,3,9.4,9200000
3,3,6.4,15000000
3,3,6,11400000
0,3,8,14500000
0,6,10.2,32500000
2,2,3.1,4400000
3,3,6,8200000
0,5,12,95000000
0,5,1,87500000
0,5,1,110000000
0,6,1,90000000
4,4,4.8,20000000
2,2,3.7,4000000
2,2,4,4000000
7,6,2,220000000
0,0,6,52000000
0,4,4,37500000
0,3,4,10000000
2,2,3.8,6500000
0,2,2.2,4500000
0,4,4,32500000
0,2,4.2,5500000
0,2,4.8,13000000
0,2,4.8,6000000
4,3,5.4,6500000
3,3,11.2,13000000
2,4,3.6,7000000
3,3,7.1,15000000
0,7,16,52500000
4,4,4.8,22500000
3,3,9.6,15000000
3,3,9.6,15000000
2,2,2.9,3500000
2,2,3.6,4500000
3,3,4.7,6500000
3,2,3.6,4800000
2,4,4,11500000
6,6,12,70000000
4,4,14,18500000
3,3,5.1,6300000
4,3,10.7,21500000
4,3,2.2,65000
6,4,1.3,190000
2,2,4.8,32000
2,2,5.1,30000
3,3,6,40000
3,3,8,60000
4,3,8,35000
8,8,1.2,120000
2,2,2,25000
0,0,4.2,20000
3,3,1.2,85000
3,3,4.9,60000
4,4,6.7,32500000
8,8,14.2,57000000
7,6,14,26000000
6,6,14,18000000
2,2,4,7000000
4,3,8,7100000
1,1,4.3,5808000
2,2,6.1,8984000
6,5,8,25000000
5,5,20,80000000
3,3,7.6,12000000
6,6,12,47000000
1,1,2,1800000
2,2,3,3600000
4,4,7,29000000
2,2,5.3,9500000
3,3,10.7,16000000
0,0,5,50000000
0,0,5,51000000
0,0,4,36500000
1,1,1,15000000
3,3,1,65000
3,3,16,80000
2,2,3.6,16000
4,4,1,95000
2,2,10,45000
2,2,4.9,18000
3,3,12,70000
0,0,7.5,35000
0,0,4,20000
0,0,2.5,12000
0,0,3,8000
0,0,8,28000
0,0,8,20000
0,0,4,12000
0,0,4.5,15000
0,0,2.5,8000
0,0,5,14000
0,0,5,15000
0,0,3,15000
0,0,7,20000
0,0,3,7000
0,0,2.5,5000
0,0,4,14000
0,0,3,15000
0,0,8,50000
0,0,2.5,13000
0,0,8,70000
0,0,2.5,10000
0,0,5,10000
0,0,3,17000
0,0,3,15000
0,0,4,10000
0,0,2.5,10000
0,0,4,22000
0,0,4,22000
0,0,8,21000
0,0,5,20000
0,0,5,16000
0,0,2.5,15000
0,0,3,17000
0,0,4,12000
0,0,3,18000
0,0,3,11000
0,0,5,10000
0,0,2.5,7000
0,0,10,45000
0,0,5,15000
0,0,7,16000
0,0,2.5,14000
0,0,2.5,8000
0,0,2.5,10000
0,0,5,9000
0,0,2.5,11000
0,0,2.5,8000
0,0,7,30000
0,0,5,8000
0,0,5,35000
3,3,6,30000
7,6,1,145000
5,4,3,10500000
1,1,2.8,3300000
6,5,10,21500000
6,5,11,25000000
5,4,10,16000000
5,4,3.5,8500000
6,5,5,16000000
4,3,5,13000000
4,5,7,15000000
5,4,10,30000000
3,3,3.5,5500000
4,4,6,13000000
4,3,5,11500000
3,3,10,14500000
2,2,3,4200000
3,3,10,18000000
6,5,8,19500000
4,4,10,23500000
3,3,5,10500000
3,3,3,8000000
5,5,10,23000000
5,5,10,23500000
1,1,2.9,400000
3,3,3,1100000
2,2,10,12000000
5,5,5,10000000
3,3,3,7500000
5,5,10,22800000
6,6,10,17500000
3,3,5,13500000
5,5,10,25000000
3,3,5,9500000
0,0,2.5,2100000
4,3,5,11000000
5,5,1,55000000
5,5,10,33000000
5,5,5,16500000
5,5,5,16500000
5,4,5,14500000
5,3,5,12500000
5,5,5,14500000
5,3,5,11600000
5,5,5,14500000
5,4,6,14500000
3,3,3.5,8700000
3,3,3.5,8800000
5,5,10,25000000
5,5,10,25000000
4,4,10,19000000
3,3,5,9500000
3,3,5,10500000
3,3,5,13500000
4,4,9,22500000
3,3,5,12000000
3,3,1,23500000
3,3,1,22000000
5,5,5,14500000
3,3,5,9800000
3,3,5,10800000
3,3,5,12000000
3,3,5,12000000
3,3,5,10600000
5,5,5,12500000
0,6,1,20000000
0,0,5,20000000
5,5,7,18500000
0,0,7,15000000
2,2,4.6,6500000
6,5,10,22000000
4,3,5,10500000
6,5,10,25500000
6,5,1,55000000
5,5,8,9000000
2,4,3,5700000
5,5,7,13500000
2,2,3,3550000
6,5,6,13000000
5,4,5,10000000
3,3,8,11000000
0,1,3.6,5000000
3,3,8,9600000
3,3,8,17500000
4,4,4.7,7500000
0,0,8,23000000
0,3,10.2,18000000
0,0,9.6,19000000
0,0,8,27000000
2,2,4.7,4700000
3,3,6,16000000
7,6,10.1,20000000
10,10,5.4,35000000
2,2,4.8,6500000
2,2,4.4,7200000
5,4,14,51000000
3,3,7.6,16000000
2,2,4.8,15000000
3,3,5.8,9000000
1,2,2,1600000
3,3,5.3,6000000
6,6,1,109000000
4,4,12.2,39400000
3,6,3.2,8600000
1,2,1.8,2250000
5,4,3.6,11000000
3,2,5.3,11500000
6,10,4.8,15900000
2,2,4.4,12500000
6,6,4.8,14000000
3,3,9.8,11900000
4,6,5,22500000
2,2,5.8,10000000
3,2,4.5,13000000
6,6,15.2,65000000
3,3,8,9600000
3,3,8,12600000
3,3,4.8,20000000
5,5,8,22500000
3,3,4.8,18000000
3,3,6.2,9200000
3,3,16,19000000
2,2,2.8,2700000
2,2,3.6,2200000
5,4,10,60000000
1,2,3.3,5800000
4,4,8.4,25000000
3,3,6.4,4500000
2,2,4.8,8200000
6,5,14,190000000
5,5,14,155000000
7,6,14,120000000
6,5,15.6,100000000
2,2,4.8,7000000
2,2,4,2950000
2,2,4.8,7000000
3,3,8,11500000
1,2,2.2,1800000
3,3,5,13000000
3,3,5,13000000
3,3,5,13000000
3,3,5,13000000
3,3,5,13000000
3,3,5,13000000
3,3,5,13000000
2,2,4.4,55000
0,5,1,280000
7,6,2,600000
3,3,8,110000
3,3,8,115000
3,3,4.9,45000
3,3,4.9,62000
5,5,1.3,300000
4,4,2,170000
4,4,1,125000
6,6,1,280000
2,3,2.4,13000
2,2,4.8,22000
6,4,4.8,52000
1,2,2,11000
4,3,12,110000
3,2,4.7,35000
0,0,2.9,28000
0,0,4,27000
3,3,2,170000
0,0,4.7,28000
3,3,6.7,60000
3,3,9.6,45000
3,3,8,35000
3,2,10,50000
2,2,1,50000
3,3,12,55000
3,3,10,45000
3,3,1,90000
3,3,10,50000
9,9,10,300000
3,3,1,110000
4,4,1,78000
2,2,1,100000
2,2,6.2,50000
6,5,2,250000
0,4,7.8,200000
3,3,14,55000
2,3,13.3,100000
3,2,14,70000
3,3,14,70000
2,2,14,55000
7,6,14,100000
2,2,10,50000
0,0,5.3,45000
3,3,1,110000
3,3,1,75000
2,2,2,10500000
5,4,8,11800000
4,4,8,9900000
2,2,3.1,5273000
9,7,14,50000000
3,4,5,21500000
3,4,8,26500000
4,3,9,32500000
4,5,12,40000000
3,3,5,20000000
0,0,10,31000000
3,3,9,32500000
3,5,5,16800000
3,3,6,20500000
3,3,5,14000000
3,3,5,39000
4,4,7,70000
2,1,5,14000
2,2,4.6,45000
0,0,3,20000
1,2,3,20000
1,2,3,20000
1,2,3,15000
1,2,3,15000
1,2,3,15000
1,2,3,15000
1,2,3,15000
1,2,3,15000
1,2,3,15000
3,2,10,25000
3,3,5,11000000
3,3,5,11000000
3,3,5,11500000
5,5,5,13000000
5,5,5,13000000
3,3,5,12500000
3,3,5,11500000
3,3,7,14000000
3,3,5,11500000
3,3,7,14500000
3,3,7,16000000
3,3,5,12500000
4,4,7,16500000
4,4,9,17500000
4,4,7,17000000
4,4,7,16500000
5,5,10,21000000
5,5,1,35000000
5,5,10,22000000
5,5,10,21500000
7,6,10,25000000
5,5,10,21000000
5,5,12,27000000
0,0,10,21000000
5,5,1,50000000
5,5,1,32500000
5,5,1,32500000
5,5,1,29000000
5,5,1,65000000
5,5,1,65000000
5,5,1,63500000
6,6,1,70000000
5,5,1,80000000
4,4,3,8000000
3,3,3,8500000
5,5,3.5,9600000
5,5,10,21000000
2,2,4.5,10000000
3,3,3,8500000
6,6,1,65000000
7,5,5,18500000
5,5,10,32500000
4,4,7.5,18500000
5,5,11,34000000
4,4,10,35000000
5,5,1,65000000
2,2,10,15500000
4,4,5,9500000
6,6,8,25000000
8,7,10,29000000
6,6,10,22500000
3,3,5,10500000
5,5,10,25000000
4,4,10,22000000
4,4,10,22500000
2,3,2.5,4000000
2,3,2,5000000
3,3,2,5000000
10,7,10,80000000
3,3,3,8000000
3,3,3.5,8000000
3,3,3.5,8000000
4,4,3.5,9000000
3,3,3,8500000
5,5,5,16000000
4,4,5,9500000
4,4,5,13500000
3,3,2.5,5500000
4,4,2.5,6500000
4,4,2.8,7500000
4,6,5,15000000
4,4,2.5,6200000
3,3,2.5,6000000
3,3,3.5,7800000
3,3,3.5,7800000
3,3,2,4500000
3,3,2.2,5000000
3,3,2.5,6000000
3,3,2,6000000
2,2,2,4500000
2,2,2,4500000
5,5,4.8,9500000
3,3,3,7500000
3,3,3,5500000
3,3,3,5500000
5,5,5,12000000
5,5,10,18500000
4,4,5,12000000
3,3,3,6000000
3,3,2,5000000
3,3,2,5000000
4,4,5,10500000
4,4,4,7000000
4,4,5,10000000
3,3,2,3500000
3,3,2,3500000
3,3,2,3500000
3,3,3,4500000
3,3,3,6500000
3,3,4,9700000
4,4,5,11000000
4,4,5,12000000
4,4,6,13000000
5,5,10,26000000
5,5,10,28000000
5,5,10,29000000
5,5,10,22000000
5,5,5,16000000
5,5,5,15000000
5,5,5,14500000
5,5,5,15500000
3,3,3,9500000
5,5,10,27000000
3,3,3,9000000
3,3,2,7500000
5,5,10,21000000
5,5,10,21500000
3,3,3,9000000
3,3,2,4800000
5,5,10,25000000
4,4,5,11000000
3,3,2,5500000
3,3,3,6900000
3,3,3,7000000
3,3,3,6900000
4,4,3,5800000
2,2,1,3400000
2,2,1,3600000
2,2,1,3400000
2,2,1,3500000
7,6,10,16000000
3,3,3,3000000
3,4,4,5000000
5,4,11,22000000
4,3,5,5500000
4,4,10,19000000
4,4,4,9500000
4,4,5,12000000
4,4,3.5,7000000
2,2,5,6500000
4,3,5,5500000
4,4,10,22000000
4,3,5,5500000
4,3,5,5500000
4,3,5,5500000
4,4,15,10000000
4,4,5,12000000
4,3,5,5500000
4,4,10,22000000
4,4,5,12000000
4,4,15,10000000
4,4,12,20000000
4,4,3,7000000
4,4,5,12000000
2,2,5,6500000
3,3,3,4000000
5,4,10,20000000
5,4,10,26000000
3,3,5,5500000
3,3,5,8500000
6,5,1,22500000
6,5,1,36000000
5,4,10,25000000
5,5,1,37500000
5,4,10,24000000
5,5,1,34500000
3,3,5,11000000
4,3,5,11000000
3,3,5,11000000
4,4,6,9200000
3,3,10,22500000
3,3,8,10000000
4,3,5,11500000
3,3,2,3500000
4,3,5,11500000
4,3,5,12000000
3,3,3,4200000
4,3,5,11500000
5,5,1,37000000
4,3,5,12500000
2,1,2,3500000
6,5,10.9,10500000
4,4,6,13500000
6,5,15,45000000
1,1,2.4,3480000
2,2,3.3,5000000
1,1,2.4,3746000
1,1,2.4,3731000
1,1,2.4,3480000
0,0,5,12000000
0,0,5,9000000
0,0,5,9500000
0,0,3.5,3500000
0,0,7,8500000
2,2,3.3,5000000
1,1,2.4,3746000
1,1,2.4,3480000
3,3,5,13000000
1,2,2,700000
1,2,3.3,5800000
3,3,7.1,15000000
3,3,7.8,25000000
3,2,5.3,12700000
0,0,3,6500000
2,2,5,5800000
3,3,6,14000000
3,3,6,14000000
3,3,8,19500000
2,2,4.2,6100000
2,2,4.2,5600000
4,2,5.1,6500000
3,3,10,14000000
3,3,6,15000000
3,3,8,14500000
0,2,4,9500000
0,3,8,19000000
0,5,12,75000000
0,2,4,9000000
2,2,3.2,3200000
3,3,10.7,18500000
0,2,4,8500000
0,4,12,70000000
0,3,8,18500000
2,2,4.2,33000
3,3,12,90000
3,3,12,90000
3,3,14,90000
3,3,1,110000
3,3,1,110000
5,4,1,100000
3,3,8,65000
4,3,8,45000
3,3,8.9,85000
3,3,1.3,120000
2,4,7,22000000
3,4,6,15000000
3,4,6,15000000
3,3,1,55000
5,5,10.9,65000
1,2,3,20000
1,2,3,20000
1,2,3,20000
1,2,3,20000
1,2,3,20000
1,2,3,20000
2,3,3,20000
0,0,3,20000
0,0,3,20000
1,2,3,20000
0,0,3,15000
0,0,8,35000
0,0,6,30000
0,0,7,55000
0,0,7,25000
0,0,12,20000
0,0,14,22000
0,0,3,15000
0,0,3,15000
0,0,3,15000
0,0,5,20000
0,0,5,22000
0,0,5,24000
0,0,5,26000
0,0,5,28000
0,0,5,23000
0,0,3,15000
0,0,5,30000
0,0,5,32000
0,0,5,34000
0,0,5,31000
0,0,4,15000
0,0,4,16000
0,0,3,15000
0,0,4,18000
0,0,4,20000
0,0,4,22000
0,0,4,15000
0,0,4,17000
0,0,3,15000
0,0,4,19000
0,0,4,20000
0,0,4,21000
0,0,3,15000
5,4,6,47000
0,0,3,15000
0,0,3,15000
0,0,3,15000
0,0,3,15000
0,0,3,15000
0,0,3,15000
0,0,3,15000
0,0,3,15000
0,5,10,60000
0,0,3,15000
6,6,10,27000000
3,3,5,8500000
2,2,3,1700000
2,2,3,1850000
4,3,5,11000000
2,2,3,1850000
2,2,3,1950000
2,2,3,2050000
2,2,3,2050000
5,5,1,60000000
2,2,3,2100000
5,5,1,60000000
4,3,5,11500000
3,3,5,15000000
2,2,3,2200000
2,2,3,1950000
5,5,1,56000000
2,2,3,1850000
4,4,6,8200000
2,2,3,1650000
5,5,1,55000000
2,2,3,1450000
2,2,3,1750000
2,2,3,1625000
2,2,3,1545000
4,3,5,10800000
2,2,3,1600000
2,2,3,1540000
2,2,3,1525000
3,3,3,4000000
2,2,3,1550000
2,2,3,1500000
3,3,2,6500000
3,3,2,7500000
3,3,2,7500000
4,3,5,12500000
3,3,3,9000000
3,3,5,11000000
3,3,3,9500000
3,3,4,5000000
4,4,5,16500000
4,4,5,16000000
5,5,10,27000000
5,5,10,28000000
5,5,10,35000000
5,5,10,28000000
7,7,10,29000000
5,5,10,20000000
0,0,9,16200000
3,3,2,3500000
4,4,5,7200000
3,3,3,3600000
5,5,8,14500000
6,6,8,16500000
5,5,8,15000000
3,3,8,14000000
3,3,4,9000000
4,3,6,9000000
3,3,4,9000000
5,5,8,14000000
5,5,8,15000000
4,3,6,9500000
5,5,8,16500000
3,3,4,7000000
5,5,8,15500000
3,3,4,9500000
3,3,4,9000000
3,3,4,10200000
3,3,4,10000000
3,3,4,10500000
3,3,4,10000000
4,3,5,8550000
3,3,4,9800000
3,3,4,9500000
3,3,4,10500000
3,3,4,10000000
4,3,5,8150000
4,3,5,8300000
4,4,4,6000000
4,3,5,8200000
4,3,6,9300000
3,3,5,11500000
3,3,6,9500000
3,3,6,9500000
5,5,10,27500000
5,5,10,27500000
5,5,1,50000000
5,5,2,90000000
5,5,2,90000000
5,5,1,50000000
4,4,3,5000000
5,5,10,16000000
5,5,10,13500000
1,2,5,2000000
2,2,5,3800000
2,2,4,6500000
2,2,5,4000000
3,3,5,6200000
4,3,6,9500000
3,3,8,18000000
3,3,5,11000000
3,3,5,11500000
3,3,5,12500000
3,3,5,12500000
4,3,6,10500000
3,3,3,4200000
4,3,6,10000000
4,4,10,15000000
4,4,5,12000000
4,4,10,15000000
4,4,5,12000000
3,3,5,10500000
3,3,4,5000000
3,3,3,4800000
3,3,2,3250000
4,3,6,10000000
4,3,5,11000000
4,3,5,8500000
4,3,5,12000000
5,4,10,22000000
2,2,3,6000000
3,3,2,3500000
1,1,1.6,2700000
2,2,2.7,2800000
1,1,1.8,2400000
1,0,1.4,1850000
1,1,1.4,3100000
2,2,2.7,2800000
2,2,3.1,3000000
5,5,10,32000000
1,1,1.9,4000000
5,5,5,15500000
6,5,1,49000000
5,5,10,32500000
5,5,10,26500000
2,2,3.3,5000000
5,5,5,16500000
5,5,9,22000000
5,5,10,22500000
5,5,10,22000000
5,5,6,13500000
5,3,5,12000000
5,3,5,12000000
5,3,5,11800000
4,3,5,18500000
5,3,5,12700000
5,4,12,125000
5,3,16,75000
2,2,4.2,38000
2,2,4.2,22000
3,3,1.2,85000
6,6,4.8,9000000
3,3,6,12500000
2,2,5.6,12500000
3,3,6,12500000
2,2,2.4,2500000
4,4,9.8,32500000
2,2,2.4,2500000
2,2,5.6,12500000
2,2,2.4,2500000
2,2,5.6,12500000
2,2,5.6,12500000
3,2,4.9,6000000
2,2,5.3,11000000
2,2,3.6,4500000
2,2,10.2,10500000
2,2,10.2,10500000
2,2,4.9,5000000
2,2,5.3,11000000
2,2,4.2,5000000
4,4,8,17500000
2,2,4,8500000
2,2,4,8500000
3,3,6.9,17000000
3,3,6.9,17000000
0,2,4,10500000
0,3,7.8,16500000
0,2,3.3,4800000
0,2,5.3,7000000
4,4,12.4,32500000
0,2,4,4900000
0,4,11.1,30000000
0,3,7.8,9500000
3,3,6,10000000
3,3,6,8500000
3,3,7.1,21000000
3,3,7.1,20500000
0,0,5.6,18000000
3,3,7.1,20000000
3,3,4.4,7500000
2,2,4.4,11000000
2,2,4.9,11500000
2,2,4.4,11500000
3,3,7.3,16000000
3,3,7.1,20000000
3,3,7.4,22500000
3,3,6,17500000
0,0,1,85000000
0,0,1,145000000
0,0,4.8,55000000
0,0,6,60000000
0,0,8,17000000
0,0,7.1,22500000
0,0,12,55000000
0,0,8.6,26000000
0,0,2,280000000
0,0,1.3,200000000
0,0,2,160000000
6,6,1.2,87500000
2,2,12.2,17000000
4,3,4,16000000
2,2,7.1,11000000
6,6,7,28000000
6,6,10,32500000
0,0,5,13000000
0,0,6,15000000
0,0,6,21500000
0,0,8,28500000
6,5,7,25500000
4,4,5,24000000
0,0,16,28000000
2,2,7.1,60000
2,2,5,30000
1,2,5,22000
2,3,6,55000
2,2,8,45000
2,4,4,50000
2,2,4,22000
2,2,6,30000
2,2,6,35000
2,2,6,35000
2,2,6,28000
2,2,6,35000
2,2,7.1,70000
1,2,7.6,35000
0,0,4,4500000
0,0,3.5,4500000
0,0,5,11500000
0,0,7,9500000
0,0,4.5,4500000
0,0,5,5500000
0,0,4,5500000
0,0,5,4500000
0,0,6,8500000
1,2,3,2300000
0,0,7,7500000
0,0,4.2,6000000
0,0,6.5,11000000
0,0,2.5,2200000
0,0,2.5,4500000
2,2,5,4600000
2,2,5,3700000
3,3,10,18000000
3,3,3,7000000
6,6,10,19500000
2,2,5,3700000
0,0,3,15000
0,0,3,15000
1,1,2.4,19000
0,0,3,15000
0,0,3,15000
0,0,3,15000
0,0,1,50000
0,0,3,15000
2,2,3.3,29000
0,0,3,15000
0,0,3,15000
0,0,3,15000
0,0,3,15000
0,0,3,15000
0,0,3,15000
0,0,3,15000
0,0,5,60000
0,0,5,18000
0,0,4,20000
0,0,8,30000
0,0,10,35000
0,0,10,35000
5,5,10,60000
4,4,1,20600000
4,4,1,20400000
4,4,1,20300000
4,4,1,20200000
4,4,1,20900000
4,4,1,20800000
4,4,1,20700000
4,3,6,9000000
4,4,1,20500000
4,3,6,10500000
4,3,5,8300000
3,3,3,6000000
4,3,5,9500000
3,3,3.5,6000000
4,3,5,8700000
4,4,1,21500000
4,3,5,8300000
4,4,1,21000000
3,3,3,7000000
3,3,2,3500000
3,3,5,14000000
5,5,16,15000000
6,6,5,7500000
5,5,10,18000000
5,5,1,33000000
4,4,5,12500000
3,3,3,7600000
6,6,12,26500000
4,4,5,13500000
6,6,5,13500000
5,5,1,60000000
5,5,1,55000000
5,5,10,27500000
3,3,10,11500000
3,3,10,13500000
3,3,10,14000000
5,5,8,25000000
3,3,10,14500000
3,3,5,11500000
6,5,1,49000000
3,3,5,11500000
3,3,10,12000000
3,3,3,10500000
5,5,10,15000000
3,3,5,11500000
3,3,5,15500000
2,2,10,14000000
5,5,8,23500000
6,6,5,7500000
3,3,10,12000000
3,3,5,5300000
5,5,10,27500000
3,3,10,13500000
5,5,10,26500000
3,3,3,3600000
3,3,10,14500000
6,6,5,7500000
3,3,3,3600000
3,3,5,11000000
5,5,10,26000000
3,3,5,5300000
5,5,7,25000000
5,5,10,25500000
2,2,5.3,9600000
3,3,5,14500000
3,3,5,14500000
5,5,10,32500000
3,3,5,11500000
3,3,3,7500000
3,3,3,7600000
1,1,3.2,6200000
3,3,3,8200000
3,3,3,8000000
3,3,5,11500000
3,3,3,7300000
5,5,10,35000000
2,2,6.2,11200000
3,3,3,7300000
7,5,1,42500000
3,3,5,10500000
3,3,3,7500000
3,3,3,7800000
5,5,1,50000000
3,3,5,13200000
3,3,5,13800000
3,3,5,12000000
5,5,10,25000000
3,3,5,14200000
3,3,5,13300000
3,3,5,13800000
3,3,5,11500000
3,3,5,13400000
3,3,5,14000000
3,3,5,13700000
3,3,4,7500000
3,3,5,13500000
3,3,5,11500000
5,5,5,8000000
5,5,5,8000000
3,3,5,11500000
3,3,5,11000000
6,5,1,46000000
4,3,4,7800000
5,3,5,13000000
3,3,5,10500000
2,2,5,2300000
5,3,5,12000000
4,3,4,7500000
0,0,1.2,65000
2,2,5.6,50000
2,2,3.3,20000
0,0,4.4,55000
0,0,7.1,70000
0,0,2,350000
0,0,1.3,450000
0,0,1,225000
0,0,1,350000
0,0,2,800000
0,0,4.8,45000000
3,3,16,21000000
3,3,8.4,14000000
3,3,8.4,14000000
3,3,8.4,15000000
3,3,8.4,15000000
4,4,4.8,27000000
4,4,13.8,18500000
4,4,13.8,18500000
4,4,13.8,18500000
4,4,13.8,18500000
4,4,13.8,18500000
4,4,13.8,19000000
4,4,13.8,18500000
4,4,13.8,18500000
4,4,13.8,18500000
3,3,8.4,15000000
3,3,8.4,15000000
3,3,8.4,15000000
4,4,13.8,19500000
4,4,13.8,19500000
4,4,13.8,19500000
4,4,13.8,19500000
4,4,13.8,19500000
4,4,13.8,19500000
3,3,8.4,13000000
3,3,8.4,13000000
3,3,8.4,13000000
3,3,8.4,13000000
3,3,8.4,13000000
3,3,8.4,14000000
3,3,8.4,14000000
3,3,8.4,14000000
3,3,8.4,14000000
3,3,8.4,14000000
3,3,8.4,15000000
3,3,8.4,15000000
2,2,4,12000000
4,4,13.8,18500000
4,4,13.8,18500000
4,4,13.8,18500000
4,4,13.8,18500000
4,4,13.8,18500000
4,4,13.8,19000000
4,4,13.8,18500000
4,4,13.8,18500000
4,4,13.8,18500000
3,3,8.4,15000000
3,3,8.4,15000000
3,3,8.4,15000000
4,4,13.8,19500000
4,4,13.8,19500000
4,4,13.8,19500000
4,4,13.8,19500000
4,4,13.8,19500000
2,2,6.8,7500000
6,5,7,23000000
6,5,10,42500000
3,3,6,60000
3,3,10,25000
4,4,1,95000
3,3,8.5,8500000
3,3,8,8500000
4,4,8,13500000
3,3,5,8000000
0,6,10,15000000
0,3,10,10000000
0,0,5,6000000
0,0,4,5500000
0,0,7,8500000
0,0,4,7000000
0,0,7,12000000
0,0,4,4000000
0,0,3,3500000
0,0,5,8000000
2,2,4,2700000
4,4,6,7000000
2,2,2,3200000
4,4,8,13500000
1,2,3,2700000
4,4,5,11000000
3,2,10,32500
1,1,1.6,8000
1,1,1.6,9000
1,1,1.8,10000
1,1,1.8,11000
1,1,1.8,12000
1,1,1.8,13000
1,1,1.8,14000
1,1,2,15000
1,1,2,16000
2,2,2.2,17000
3,3,5,11500000
2,2,5,2200000
3,3,5,11500000
0,3,8,13500000
6,5,1,43000000
2,2,5,2350000
2,2,5,2200000
5,3,5,11000000
3,3,3,6000000
6,5,10,14500000
3,3,5,11500000
3,3,3,6000000
4,4,5,9500000
4,4,5,9500000
6,5,1,21000000
2,3,5,6700000
3,3,4,7500000
2,3,5,7000000
6,5,2,175000000
2,2,2,6200000
2,3,5,6200000
3,3,3,8000000
2,2,2,5500000
2,2,2,6500000
3,3,3,8000000
3,3,3,8000000
3,3,3,8000000
3,3,5,11500000
2,3,5,6500000
6,6,2,140000000
3,3,5,12000000
1,2,5,3700000
3,3,5,12000000
5,4,10,25000000
1,2,5,3900000
5,5,1,35000000
5,5,5,16000000
5,5,12,24000000
3,3,5,11000000
5,5,12,35000000
3,3,6,9500000
5,5,12,24000000
7,6,1,33000000
5,4,10,26500000
5,5,12,22000000
6,5,10,24000000
4,4,5,12000000
6,5,10,23000000
5,5,10,19000000
5,4,5,13500000
5,5,10,18000000
5,5,1,42500000
5,5,5,11000000
3,3,5,11000000
5,5,1,42500000
5,5,8,15000000
6,5,1,43000000
6,5,10,21000000
0,3,8,19000000
0,3,3,9500000
0,3,5,13500000
5,4,10,24000000
5,4,10,24500000
0,0,3,4800000
6,5,1,47500000
0,3,8,145000000
6,5,1,65000000
2,2,4,13000000
6,5,10,23000000
0,3,9,14000000
3,3,5,12500000
3,3,5,12000000
6,5,10,23500000
3,3,5,12700000
5,4,5,27000000
3,3,5,12500000
3,3,5,13000000
3,2,5,5000000
2,2,3.8,3800000
3,3,5,11500000
0,3,8,14000000
3,3,5,12500000
6,5,10,21000000
3,3,5,9500000
3,3,5,10000000
3,3,5,10500000
3,3,5,13500000
5,4,14,32500000
4,4,5,12500000
3,3,5,12800000
3,3,3,4800000
3,3,3,5500000
3,3,3,5500000
0,5,10,12800000
0,5,10,14000000
0,5,10,15000000
3,3,3,6500000
3,3,5,8500000
3,3,4.5,8000000
2,2,3,12000
3,3,3,8000000
3,3,3,5500000
3,3,3,8000000
2,2,2,6000000
3,3,3,8000000
3,3,2,3600000
2,2,3,12000
3,3,5,16000000
3,3,3,5500000
3,3,5,12000000
5,5,1,50000000
1,1,1,35000000
1,1,1,35000000
3,3,3,6500000
3,3,3,5500000
4,4,4,9500000
3,3,3,8000000
3,3,3,8000000
7,6,1,47500000
3,3,3,8000000
3,3,3,5500000
0,5,1.1,17500000
5,5,1,45000000
4,4,13.8,19500000
3,3,8.4,13000000
3,3,8.4,13000000
3,3,8.4,13000000
3,3,8.4,13000000
3,3,8.4,13000000
3,3,8.4,14000000
3,3,8.4,14000000
3,3,8.4,14000000
3,3,8.4,14000000
3,3,8.4,14000000
3,3,8.4,15000000
3,3,8.4,15000000
0,2,2.2,5800000
0,2,2,4500000
0,2,2.2,6800000
3,3,14,14500000
3,3,8,12500000
4,4,13.8,18500000
4,4,13.8,18500000
4,4,13.8,18500000
4,4,13.8,18500000
4,4,13.8,18500000
4,4,13.8,19000000
4,4,13.8,18500000
7,5,4,2500000
4,3,13.3,135000
4,4,13.8,18500000
4,4,13.8,18500000
3,3,8.4,15000000
3,3,8.4,15000000
3,3,8.4,15000000
4,4,13.8,19500000
4,4,13.8,19500000
4,4,13.8,19500000
4,4,13.8,19500000
4,4,13.8,19500000
4,4,13.8,19500000
3,3,8.4,13000000
3,3,8.4,13000000
3,3,8.9,17500000
2,3,4.8,16500000
6,6,9.6,32500000
3,3,8,13000000
3,3,8,13000000
0,6,1,80000000
5,5,1,110000000
0,0,1.2,61000000
0,0,18,42500000
0,0,16,52500000
0,0,16,50000000
0,0,2,107500000
0,0,16,36000000
0,0,1.2,65000000
0,0,16,58000000
0,0,8,24000000
0,0,18.8,43500000
0,0,1.1,55000000
0,4,2.4,12000000
0,6,12,40000000
0,3,9,16000000
0,6,9.6,41500000
7,6,2,260000000
0,0,4.8,7700000
0,0,6.4,9500000
0,0,6.4,9600000
0,0,6.4,9700000
0,0,6.4,9800000
0,2,4.4,9500000
0,0,6.4,9900000
3,3,8,14000000
0,0,6.4,10000000
0,4,1.2,36000000
3,3,6,14700000
0,0,16,55000000
0,0,2,110000000
0,0,16,45000000
0,0,1,50000000
0,0,4,9000000
0,0,4,9000000
0,0,5.8,13500000
0,0,4,8500000
0,0,16,45000000
6,6,10,37500000
2,2,3.8,2500000
2,2,3.8,2800000
2,2,3.8,3000000
5,5,10,27500000
1,1,1,3200000
2,2,2.9,9600000
6,5,8,14500000
3,3,10,26000
3,3,10,25000
2,2,3.1,24000
2,2,3.8,19000
2,2,3.8,18000
2,2,3.8,20000
2,2,5.3,25000
1,1,12,45000
8,7,4,600000
0,6,14.2,62500000
0,7,12.4,55000000
0,9,14.2,65000000
0,6,14.2,65000000
0,6,14.2,57500000
0,6,14.2,52500000
0,6,12.4,45000000
0,6,14.2,55000000
0,6,14.2,65000000
0,6,14.2,56000000
0,3,14.2,40000000
0,6,12.4,55000000
0,6,12.4,40000000
0,6,12.4,55000000
0,6,14.2,60000000
0,9,12.4,48000000
0,10,14.2,62500000
0,9,12.4,60000000
0,10,14.2,75000000
0,9,14.2,62500000
4,4,10,50000000
5,5,1,40000000
0,3,8,7000000
0,6,1,33000000
8,7,2,80000000
2,3,5,6000000
3,3,5,6200000
4,4,6,11000000
2,3,5,6000000
4,4,5,8200000
3,3,5,6600000
2,2,6,6800000
3,3,5,9000000
6,6,10,15500000
4,4,5,9000000
0,0,5.2,6500000
2,2,4,3500000
2,3,36,180000000
1,1,2.9,2400000
1,2,5,5200000
0,0,5.2,6500000
6,5,10,13500000
4,4,10,17000000
1,2,5,2300000
1,2,5,4500000
7,6,10,13000000
4,4,1,36500000
1,2,5,4400000
2,3,4,12000000
5,5,10,18000000
5,4,10,9000000
4,3,10,8000000
5,5,10,18000000
5,4,10,12000000
0,0,7,16000000
5,4,6,9500000
0,0,5,10000000
0,0,4,9000000
2,2,4,4000000
2,2,5,5000000
8,6,1,46000000
2,1,2.7,3500000
1,2,5,3400000
5,4,10,20000000
1,2,5,3400000
2,2,10,28000
2,2,10,32000
2,2,14,35000
2,2,10,30000
2,2,5.2,28000
5,5,14,85000
0,0,3,20000
0,0,3,20000
0,0,3,20000
0,0,3,20000
0,0,3,20000
0,0,3,15000
0,0,3,15000
0,0,3,15000
0,0,3,15000
0,0,3,15000
0,0,3,15000
0,0,3,15000
0,0,3,15000
0,0,3,15000
0,0,3,15000
0,0,3,15000
0,0,3,15000
0,0,3,15000
0,0,3,20000
0,0,3,20000
4,3,5,15000000
3,3,3.5,12000000
5,5,1,50000000
3,3,3.5,12000000
3,3,3,9500000
5,5,10,18500000
3,3,4,9000000
3,3,6,13500000
4,3,5,12000000
5,5,10,16500000
5,5,6,13500000
3,3,3,7500000
3,3,8,15000000
3,3,2,6500000
3,3,4,7500000
3,3,5,9000000
3,3,2.5,7000000
6,5,5,15500000
4,3,5,11800000
4,3,9,16500000
4,3,10,16500000
6,5,1,32500000
7,6,1,30000000
4,3,5,10500000
6,5,1,35000000
5,4,10,21000000
4,3,5,11000000
6,5,5,16000000
6,5,10,17500000
4,3,5,11500000
5,4,5,11500000
6,5,7,15000000
4,3,9,17000000
6,5,10,17000000
0,5,1.1,40000000
0,5,8,15500000
0,5,10,21500000
0,5,8,19000000
0,5,10,20000000
0,3,1,25000000
0,5,3.5,9000000
0,5,5,12500000
0,6,1,40000000
6,5,2,80000000
5,3,5,11000000
2,2,3,2200000
7,7,1,25000000
4,4,10,14000000
6,6,1,19500000
6,6,1,18500000
4,4,5,8500000
8,7,1,23000000
2,2,3.3,4200000
2,2,3.3,4000000
0,0,2.2,1550000
2,2,4,3000000
2,2,4.2,6000000
2,2,4.2,6100000
2,2,4.2,6200000
2,2,4.2,6300000
2,2,4.2,6400000
2,2,4.2,6500000
2,2,4.2,6600000
2,2,4.2,6700000
2,2,4.2,6800000
0,4,4.8,100000
5,5,1,285000
4,4,1,200000
4,3,4,120000
2,2,4.2,6900000
2,2,4.2,7000000
2,2,4.2,7100000
2,2,4.2,7200000
2,2,4.2,7300000
2,2,4.2,7400000
2,2,4.2,7500000
2,2,4.2,7800000
2,2,4.2,7900000
2,2,4,7000000
2,2,4.2,8000000
3,3,10,13500000
3,3,10,13600000
3,3,10,13700000
3,3,10,13800000
3,3,10,13900000
3,3,10,14000000
3,3,10,14000000
3,3,10,14100000
3,3,10,14200000
3,3,10,14300000
0,3,6.2,6800000
3,3,10,14400000
3,3,10,14500000
3,3,10,14600000
3,3,10,14700000
3,3,10,14800000
3,3,10,14900000
3,3,10,15000000
0,3,6.2,6800000
3,3,10,15000000
0,0,5.3,8000000
0,0,16,45000000
0,0,16,42500000
0,0,8,33000000
0,0,8,35000000
0,0,4,35000000
0,0,4.4,5500000
0,0,4.4,7500000
3,3,10,15000000
3,3,10,15000000
3,3,10,15200000
3,3,10,15400000
3,3,10,15500000
3,3,8,22500000
6,7,4.8,7500000
2,3,2.4,3500000
1,2,9.6,7500000
5,5,17.1,65000000
0,6,9.6,27000000
0,6,9.6,26000000
0,5,1.2,60000000
0,6,4.8,20000000
0,6,1.2,62000000
0,5,1.2,70000000
0,6,4,16000000
0,4,4,15000000
0,0,3.2,9000000
4,4,4.8,15000000
2,2,4.8,12000000
2,2,4.8,16000000
0,0,8,13000000
0,0,4.8,8000000
0,0,4.8,16000000
3,3,8,23000000
3,3,10,15300000
3,3,8,22600000
3,3,8,22700000
3,3,8,22800000
3,3,8,22900000
0,4,7.8,17500000
0,2,4.4,9500000
0,2,4.2,8500000
0,4,8,60000000
0,4,12,60000000
0,2,4.2,11000000
0,2,4,10500000
0,2,4,10300000
0,2,4,9500000
2,2,5.3,19000000
3,3,7.3,25000000
4,4,9.8,33000000
5,5,1,71500000
3,3,8,22900000
0,4,8,60000000
0,4,12,60000000
0,2,4.2,11000000
0,2,4,10500000
0,2,4,10300000
0,2,4,9500000
4,4,14,56000000
3,3,10,10300000
3,3,10,10500000
4,4,4.8,13200000
4,4,4.8,13500000
4,4,4.8,14000000
0,6,12,57000000
4,4,4.8,14500000
4,4,4.8,15500000
4,4,4.8,15000000
4,4,4.8,15800000
4,4,4.8,16000000
4,4,4.8,16500000
4,4,4.8,17500000
4,4,4.8,17000000
4,4,4.8,18200000
4,4,4.8,18000000
4,4,4.8,18500000
4,4,4.8,19000000
4,4,4.8,20000000
4,4,4.8,21000000
4,4,4.8,19200000
4,4,4.8,19500000
4,4,13.2,39000000
3,3,11.4,29000000
4,4,5,35000
2,2,5,18000
7,6,2,400000
4,4,10,280000
1,1,2.7,25500
0,6,12.4,130000
0,6,16,160000
0,3,14.2,55000
0,2,12.4,40000
0,3,14.2,75000
0,3,14.2,50000
0,2,14.2,55000
0,3,1,125000
0,3,1,85000
0,3,12,40000
0,3,10,65000
0,3,10,40000
0,3,12,65000
0,3,12,80000
0,3,12.4,50000
0,3,14.2,60000
0,3,14.2,75000
0,3,14.2,60000
0,3,14.2,65000
0,3,1.2,85000
0,3,1.2,100000
0,3,12.4,60000
0,3,14.2,60000
0,3,14.2,75000
0,3,12,55000
0,3,12,70000
0,2,14.2,50000
0,3,1.2,85000
0,3,1.2,100000
0,3,1.2,75000
0,3,1.2,110000
0,0,14.2,50000
0,3,14.2,55000
0,3,1,100000
0,3,1,75000
0,3,12.4,55000
0,3,14.2,70000
0,3,12.4,50000
4,9,1,120000
7,6,1.2,300000
6,5,1.1,250000
1,1,1.8,21000
0,0,2,750000
3,3,1.3,250000
2,2,2.7,26000
0,0,1.3,550000
6,5,1,225000
6,5,1.2,300000
6,5,2.1,220000
0,0,1,300000
9,9,14.2,55000000
0,0,14.2,47500000
0,6,12.4,42500000
8,7,2,30000000
4,3,5,10500000
0,5,7,13500000
0,5,10,18500000
0,2,5,5900000
0,5,11,21000000
0,3,5,9600000
0,5,1,25000000
0,1,4.9,6800000
0,5,10,16500000
0,3,8,11500000
0,3,5,9500000
0,5,1.9,55000000
0,5,10,18500000
0,0,3,20000
0,0,3,20000
0,0,3,20000
0,0,3,20000
0,0,3,20000
0,0,3,20000
0,0,3,20000
0,0,3,20000
0,0,3,15000
0,0,3,15000
0,0,3,15000
0,0,3,15000
0,0,3,15000
0,0,3,15000
0,0,3,15000
0,0,3,15000
0,0,3,15000
0,0,3,15000
0,0,3,15000
0,0,3,15000
2,2,5,38000
0,0,3,15000
0,0,3,15000
0,0,3,15000
0,0,3,15000
0,0,3,15000
0,0,3,15000
0,0,3,15000
0,0,3,15000
0,0,3,15000
0,0,3,15000
0,0,3,15000
0,0,3,15000
0,0,3,15000
0,0,3,15000
0,0,3,15000
0,0,3,15000
0,0,3,15000
0,0,3,15000
4,4,1,45000
4,4,1,65000
3,3,10,35000
4,4,10,65000
3,3,10,35000
4,3,11.1,18000000
6,5,1,55000000
8,7,6,360000000
6,6,8.5,550000000
6,6,3,450000000
6,6,3,450000000
6,6,4,200000000
6,6,4,200000000
8,7,3,180000000
8,7,3,180000000
5,5,3,200000000
5,5,3,200000000
8,7,1.5,80000000
8,7,1.5,80000000
6,6,1.2,90000000
6,5,1.2,90000000
6,5,1.2,110000000
6,5,1,75000000
6,5,1,70000000
4,4,7,21500000
2,2,3,2200000
2,2,3,2200000
2,2,3,2200000
2,2,3,2200000
2,2,3,2200000
2,2,3,2400000
2,2,3,2400000
2,2,3,2400000
6,0,1,37500000
5,6,1,37500000
4,5,10,14500000
3,6,10,35000000
5,5,8,13500000
2,2,3,2400000
5,5,12,17500000
3,3,10,17000000
3,6,1,35000000
2,2,3,2400000
6,5,1,40000000
2,2,3,2400000
2,2,3,2400000
2,2,3,2400000
2,2,3,2400000
2,2,3,2400000
2,2,3,2400000
2,2,3,2400000
2,2,3,2400000
2,2,3,2400000
2,2,3,2400000
2,2,3,2400000
5,5,17.1,110000
5,5,1,110000
3,2,14,100000
4,4,9.6,35000
3,3,11.4,55000
0,2,4.4,12000000
0,5,12,67500000
0,6,10.7,23000000
0,2,4.4,12000000
3,3,10,24000000
6,7,9,32500000
0,5,5.6,4500000
0,6,9.6,24000000
3,3,8,6800000
3,3,8,7000000
5,5,1,69000000
2,2,4.2,5200000
2,2,4.2,5300000
4,4,12,35000000
3,3,8,30000000
4,4,16,45000000
4,4,12,35000000
3,3,10,32500000
3,3,6,20000000
3,3,6,18000000
0,0,8,60000000
8,7,8,85000000
8,7,12,85000000
3,3,10,30000000
3,3,8,13500000
3,3,8,13200000
3,3,8,20000000
3,3,8,20000000
3,3,8,20000000
3,3,8,20000000
4,3,8,25000000
3,3,8,20000000
3,3,8,20000000
3,3,8,20000000
3,3,8,20000000
3,3,8,20000000
3,3,8,10500000
3,3,8,10000000
3,3,8,20000000
3,3,8,20000000
3,3,8,20000000
3,3,8,20000000
3,3,8,20000000
3,3,8,20000000
3,3,8,20000000
3,3,8,20000000
3,3,8,20000000
0,6,1,140000000
4,4,14,51000000
3,3,8,19000000
4,4,10.6,50000000
5,5,1,105000000
6,6,1.1,95000000
6,6,1.1,75000000
3,3,6.7,15000000
2,2,2.2,6800000
2,2,2.2,6700000
2,2,2.2,6400000
3,3,5,25000
3,3,8,35000
2,2,4.2,18000
4,3,1.1,200000
4,4,2,250000
3,3,1,55000
3,3,1,65000
2,2,3.6,18500
4,4,1,45000
2,2,3.6,17500
2,2,3.6,16500
2,2,3.6,15500
2,2,3.6,30000
2,2,3.6,29000
2,2,3.6,28000
2,2,3.6,27000
2,2,3.6,26000
2,2,3.6,25000
2,2,3.6,24000
2,2,3.6,23000
4,4,7,45000
4,4,7,46000
4,4,7,47000
4,4,7,48000
4,4,7,49000
4,4,7,50000
2,2,3.6,22000
4,4,7,45000
4,4,7,46000
4,4,7,48000
4,4,7,50000
4,4,7,45000
4,4,7,48000
4,4,7,49000
4,4,7,49500
3,3,1,45000
4,4,7,50000
3,3,1,48000
4,4,7,45000
2,2,12,35000
4,4,7,46000
2,2,1,30000
4,4,7,47000
5,5,5,50000
4,4,7,48000
2,2,10,26000
4,4,7,50000
1,2,5,23000
1,2,5,23500
1,2,5,24000
1,2,5,24500
2,2,3.6,21000
1,2,5,25000
1,2,5,25000
4,4,8,75000
1,2,5,23500
1,2,5,24000
1,2,5,24500
1,2,5,25000
3,3,8,38000
3,3,8,38500
3,3,8,39000
3,3,8,39500
3,3,8,40000
2,2,3.6,20000
3,3,8,38000
3,3,8,38500
3,3,8,39000
3,3,8,39500
3,3,8,40000
1,2,3.5,19000
1,2,3.5,19500
1,2,3.5,20000
2,2,3.6,19000
1,2,3.5,20500
1,2,3.5,21000
1,2,3.5,19000
1,2,3.5,19500
1,2,3.5,20000
2,2,3,25000
1,2,3.5,20500
1,2,3.5,21000
2,2,3.6,18000
2,2,3.6,17000
2,2,3.6,16000
2,2,3.6,15000
4,4,7,45000
4,4,7,48000
4,4,7,50000
4,4,7,45000
4,4,7,48000
4,4,7,50000
4,4,7,45000
5,5,1,41500000
4,4,7,22500000
5,5,1,44000000
3,3,5,11500000
3,3,5,12000000
4,4,7,22500000
3,3,5,13000000
4,4,1,45000000
3,3,5,10000000
5,5,1,47000000
5,5,1,41000000
5,5,1,42500000
5,5,1,44000000
3,3,5,11500000
7,5,1,62000000
7,5,1,59000000
0,5,2,74000000
6,5,1,47000000
0,3,5,10500000
0,3,5,11000000
0,6,10,22000000
0,3,5,9000000
0,4,5,11000000
7,5,1,44000000
0,3,5,14500000
0,3,3,6600000
0,3,5,10500000
0,5,1,42500000
2,2,2,4800000
8,7,1,65000000
7,5,1,65000000
7,5,1,55000000
3,5,5,5500000
3,3,8,60000
5,5,1,115000
2,4,6.2,30000
3,3,10,55000
3,3,11.4,48000
4,4,10.7,110000
4,4,10.7,120000
3,3,6.2,45000
3,3,8,55000
3,3,1.1,65000
4,4,1.1,70000
4,4,14,80000
8,7,2,250000
2,2,4.8,35000
3,5,3.2,7000000
0,4,7.1,13500000
0,2,4.2,6200000
0,4,14,18000000
0,3,8,6500000
0,3,8,13000000
0,3,8,20000000
0,2,4.2,6200000
0,4,14,18000000
0,3,8,6500000
0,3,8,13000000
0,3,8,20000000
5,5,1,66000000
3,3,8,20900000
3,3,8,20800000
3,3,8,20700000
3,3,8,20600000
3,3,8,20500000
6,6,4.8,14000000
3,3,8,20400000
3,3,8,20300000
3,3,8,20200000
3,3,8,20100000
3,3,8,20000000
2,2,4.2,7100000
2,2,4.2,7000000
2,2,4.2,6900000
2,2,4.2,6800000
2,2,4.2,6700000
2,2,4.2,6600000
2,2,4.2,6500000
3,5,4,20000000
2,2,4.2,6400000
2,2,4.2,6300000
2,2,4.2,6200000
2,2,2.7,3000000
3,3,6.1,15400000
3,3,6.1,15300000
3,3,6.1,15200000
3,3,14,13500000
3,3,6.1,15100000
3,3,14,17500000
2,2,4.2,5000000
2,2,4.2,6500000
3,3,8,13500000
3,3,8,16000000
3,3,6.1,15000000
3,3,8,6500000
3,3,8,7500000
3,3,8,13500000
3,3,6.1,14900000
3,3,8,15500000
3,3,8,10000000
3,3,8,12000000
3,3,8,18500000
3,3,8,21000000
3,3,6,13500000
3,3,6,15000000
3,3,6.1,14800000
3,3,6.1,14700000
0,0,6,14500000
3,3,6.1,14600000
3,3,5.1,11000000
3,3,6.1,14500000
5,4,5,16000000
0,4,4,25000000
0,4,4,30000000
0,4,4,29000000
3,3,6.2,16000000
3,3,8,12000000
0,0,8,19500000
0,0,6,14500000
0,0,8,17500000
0,0,8,9500000
0,0,8,13500000
0,0,8,13000000
0,0,5,12000000
0,0,5,11000000
0,2,4.2,6500000
0,2,4.2,6000000
0,3,8,12600000
0,3,8,12500000
0,3,8,6500000
0,3,5,6000000
3,3,5.8,9000000
2,2,2.7,3500000
4,4,3.2,12500000
3,3,10,10500000
3,3,10,11000000
2,2,4.2,6850000
2,2,4.2,6750000
2,2,4.2,6650000
2,2,4.2,6550000
2,2,4.2,7500000
2,2,4.2,7400000
2,2,4.2,7000000
2,2,4.2,6900000
3,3,14,13500000
3,3,8,16000000
3,3,8,7500000
3,3,8,6500000
3,3,8,13500000
3,3,14,17500000
3,3,8,10000000
3,3,8,12000000
2,2,4.2,6700000
3,3,8,13500000
3,3,8,15500000
2,2,4.2,6800000
2,2,4.2,6600000
3,3,6,13500000
3,3,6,15000000
0,6,14.2,57500000
3,2,5,7300000
7,7,8,37000000
2,2,2.4,2500000
4,4,4,19500000
2,2,2.9,2800000
4,4,5,26000000
2,2,2,2200000
6,6,7,37000000
3,3,4,8600000
3,3,11.6,26000000
6,4,6.7,11000000
0,3,12.4,65000
0,3,14.2,70000
0,0,6.8,25000
5,5,1,160000
3,3,10,45000
3,3,18.8,170000
4,4,11.8,50000
4,5,4,22000
10,11,2,380000
0,3,14.2,65000
0,3,14.2,70000
0,3,12.4,55000
0,1,1.9,22000
0,3,14.2,60000
0,3,14.2,65000
0,3,1,55000
0,3,14.2,65000
0,3,1,90000
0,1,1.9,37000
0,8,1.2,180000
0,3,1.2,85000
0,3,1.2,80000
0,3,12.4,60000
0,3,1.2,100000
0,3,12.4,50000
0,3,14.2,65000
0,6,14.2,170000
0,3,14.2,65000
0,3,14.2,60000
0,2,4.7,60000
0,2,4.7,65000
3,3,1.3,135000
3,3,4.4,35000
3,3,1.3,134000
3,3,1.3,133000
3,3,1.3,132000
3,3,1.3,131000
3,3,1.3,130000
3,3,1.3,129000
3,3,1.3,128000
3,3,1.3,127000
3,3,11.6,75000
3,3,1.3,126000
5,5,1,130000
3,3,1.3,125000
0,0,1,39000000
0,0,1,39000000
0,0,10,16000000
0,3,5,9000000
0,0,5,8500000
0,0,5,8500000
0,0,10,12800000
0,3,5,8500000
0,0,5,8500000
0,4,6,13500000
0,0,10,15000000
6,6,10,19000000
5,4,7,13500000
6,6,1,23500000
6,6,1,23000000
2,2,2,3500000
5,3,2,6000000
2,2,2,2600000
4,4,7,48000
4,4,7,50000
4,4,7,45000
4,4,7,48000
4,4,7,50000
1,2,3.5,19000
1,2,3.5,19500
1,2,3.5,20000
1,2,3.5,21000
1,2,3.5,22000
1,2,3.5,22500
1,2,3.5,19000
1,2,3.5,19500
1,2,3.5,20000
1,2,3.5,20500
1,2,3.5,21000
3,3,8,38000
3,3,8,39000
3,3,8,40000
3,3,8,42000
3,3,8,38000
3,3,8,40000
3,3,8,42000
2,2,8,30000
2,2,8,32000
2,3,4,12500
3,3,12,25000
4,4,14,80000
2,2,10,37000
3,3,10,35000
2,2,10,27000
3,3,10,35000
3,3,10,38000
3,3,10,50000
3,3,10,55000
2,2,5,20000
2,2,10,50000
2,2,10,30000
3,3,10,35000
2,2,10,27000
2,2,10,30000
5,4,10,70000
3,2,10,35000
7,5,1,67500000
4,3,10,15800000
0,4,5,13000000
0,4,5,13500000
0,3,5,11000000
0,2,2,3000000
0,3,4,9000000
0,5,5,18500000
0,3,3,5000000
0,3,5,12500000
0,3,3,7000000
5,4,10,24000000
4,4,10,30500000
7,5,1,55000000
6,5,1,49000000
6,5,1,47500000
4,4,10,32500000
6,5,1,40000000
7,5,1,58000000
6,5,1,40000000
6,5,1,48500000
5,4,10,24000000
7,6,1,62500000
0,5,5,19000000
0,5,1,52500000
0,3,4.5,9200000
0,3,5,12500000
0,4,5,13500000
0,3,4,8500000
0,4,10,18500000
0,6,5,16000000
0,3,10,22000000
5,5,1,40000000
3,4,3,6800000
5,5,5,12800000
7,6,1,52500000
0,6,1,42500000
0,5,10,22500000
0,6,10,24000000
0,5,10,23000000
0,5,12,24000000
0,5,10,23000000
0,6,1,35000000
0,5,1,31500000
0,6,1,40000000
0,5,12,26000000
0,6,1,40000000
0,5,1,37500000
0,6,1,42500000
0,5,10,23000000
0,6,10,21000000
0,5,10,21500000
0,6,10,21000000
0,5,10,19000000
0,5,10,23000000
0,6,1,35000000
4,3,5,13500000
3,4,3,7000000
3,3,5,14500000
0,5,10,21500000
5,3,5,14500000
5,5,1,55000000
0,5,10,31500000
0,5,2,120000000
0,4,10,32500000
0,3,10,16000000
0,4,6,8500000
5,5,1,52500000
5,4,1,26000000
5,4,10,20000000
7,6,1,84500000
3,3,5,16500000
5,5,1,49000000
5,4,9,22500000
0,4,12,25000000
0,4,5,7000000
0,2,2.2,2000000
0,1,3,2000000
0,2,2.2,3500000
0,6,1,65000000
0,5,5,12000000
0,3,4.2,10500000
0,4,5,9500000
0,5,5,10500000
4,3,15,19500000
0,4,10,25000000
0,3,5,20000000
0,5,1,55000000
0,5,2,350000000
4,3,3,5500000
4,3,6,18000000
9,8,10,22500000
6,5,1,39000000
5,5,10,18000000
6,5,1,47500000
3,3,5,8800000
5,5,10,13500000
5,5,10,14000000
7,5,10,26000000
3,3,5,8000000
3,3,5,8800000
4,3,5.5,10500000
6,5,5,9000000
6,6,2.1,120000000
3,3,6,14500000
3,3,5,20000000
2,2,4.2,7100000
2,2,4.2,7200000
4,4,4,46000000
2,2,4.2,7300000
3,3,8,18500000
2,2,4.2,6400000
3,3,8,21000000
2,2,4.2,6500000
2,2,4.2,6300000
2,2,4.2,5000000
2,2,4.4,6000000
2,2,4.2,6500000
2,2,4.2,6200000
2,2,4.2,6100000
2,2,4.2,6000000
4,6,7.2,19500000
0,6,9.6,37000000
0,6,9.6,30000000
0,6,16,75000000
0,6,16,65000000
0,6,16,45000000
0,6,1,85000000
2,2,8,25000
3,3,6.9,35000
3,3,6,25000
2,2,1,43000
2,2,4.8,30000
2,2,1,45000
4,4,8,70000
0,0,16,55000000
0,0,16,60000000
0,0,16,37500000
0,0,8,25000000
0,0,5.8,18000000
0,0,16,50000000
0,0,16,65000000
0,0,1.2,90000000
0,0,1.2,80000000
0,0,8,28000000
0,0,8,20000000
0,0,16,49000000
0,0,16,75000000
0,0,16,55000000
0,0,16,41000000
0,0,16,32500000
0,0,16,46000000
3,3,8,27000000
0,0,4.4,1380000
0,0,4.8,16500000
0,0,4.8,16500000
0,0,8,80000000
2,2,4.8,15000000
2,2,4.8,15000000
2,2,8.9,36000000
2,2,4.8,17000000
0,0,5,6500000
0,0,4.4,16000000
0,0,4.4,16000000
0,0,8,25000000
0,0,10.9,32000000
0,0,10.9,32000000
0,0,14.2,40000000
0,0,1,45000000
2,2,5.1,9600000
6,4,8,26500000
5,4,6,13500000
5,4,5,9700000
5,4,5,10700000
5,4,8,10500000
7,8,12,23000000
5,4,7.5,13000000
6,5,10,17500000
5,4,7,13000000
5,6,8,13000000
0,9,12,25000000
1,1,2.8,735000
2,2,9.7,9500000
0,0,8,15000000
0,0,8,16000000
0,0,8,17000000
0,0,8,17500000
0,0,1,30000000
0,0,7,11000000
0,0,7,13000000
3,3,1.3,124000
2,2,8.9,60000
3,2,10.9,42000
3,3,8,55000
2,2,1.3,90000
3,2,4.4,24000
0,0,5,80000
3,3,14.2,85000
3,3,1.3,123000
6,5,1.1,300000
10,11,2,600000
3,3,1.3,122000
3,3,1.3,121000
3,3,12,65000
3,3,1.3,120000
3,3,1.3,119000
3,3,12,60000
3,3,1.3,118000
3,3,1.3,117000
3,3,1.3,116000
3,3,1.3,115000
3,3,1.3,114000
3,3,1.3,113000
3,3,1.3,112000
3,3,1.3,111000
3,3,1.3,110000
3,3,1.3,109000
3,3,1.3,108000
3,3,1.3,106000
3,3,1.3,107000
3,3,1.3,105000
3,3,1.3,104000
3,3,1.3,103000
3,3,12,30000
2,2,1.2,50000
3,3,1.3,102000
4,3,1,40000
3,3,1.3,100000
3,3,1,30000
3,3,12,70000
3,3,12,70000
3,3,12,70000
3,3,12,70000
3,3,12,65000
3,3,12,53000
5,5,1,250000
5,5,1,250000
5,5,1,250000
5,5,1,250000
5,5,1,250000
3,3,12,60000
3,3,12,70000
6,5,12,75000
6,5,1,100000
2,2,5.5,34500
5,5,1,250000
3,3,1,40000
5,5,1,250000
5,5,1,250000
5,5,1,250000
5,5,1,250000
5,5,1,250000
5,5,1,250000
0,0,1,45000
6,5,1.1,550000
3,3,5,8700000
0,0,5,8500000
0,0,5,9000000
0,0,10,13500000
0,0,10,14000000
0,0,10,14500000
0,0,10,15000000
0,0,10,15500000
0,0,10,12800000
0,0,10,14000000
0,0,10,14500000
0,0,10,15000000
0,0,10,15500000
0,0,10,14000000
0,0,10,14500000
0,0,10,15000000
0,0,10,15500000
0,0,10,13000000
0,0,10,13500000
2,2,5,6000000
2,2,4,5000000
6,6,10,23000000
0,0,2,6000000
0,0,5,8000000
0,0,5,9000000
0,0,5,8000000
4,4,14,14000000
4,4,6,7000000
2,2,3.5,4000000
3,3,9,10000000
2,2,4.5,4500000
0,0,5,35000
0,0,10,60000
3,3,10,32000
0,0,15,35000
0,0,15,38000
0,0,15,100000
0,0,1,97000
0,0,1,95000
9,9,1,150000
2,2,10,30000
3,3,12,38000
4,4,11,25000000
0,5,10,16500000
0,5,7,11000000
0,5,14,19000000
0,6,10,14500000
0,4,5,11000000
0,3,3.5,7500000
0,5,10,15500000
0,2,3,7500000
6,5,1,46800000
5,4,5,11700000
0,5,10,16000000
0,3,2,5500000
0,3,2,5500000
0,3,2,5500000
0,5,12,27000000
0,4,6,17000000
0,3,2,6500000
0,2,1.5,5000000
0,2,1.5,3500000
0,5,10,20000000
0,1,5,2095000
0,0,10,3995000
6,5,1,39000000
4,3,3,8800000
3,3,4,9000000
2,2,4.8,17000000
2,2,4.8,10000000
2,2,4.8,10000000
3,3,5,11500000
0,2,5.3,12000000
0,2,4,11000000
0,2,4,11000000
0,2,5.1,8500000
0,3,5.3,13000000
0,3,5.6,14000000
0,2,3.6,7500000
0,2,3.6,8000000
0,0,1.2,42500000
0,0,9.6,42500000
0,0,12,35000000
0,0,1.2,42500000
0,0,16,55000000
0,0,8,32500000
0,0,12,55000000
0,0,10,22500000
0,0,17,72500000
0,0,9.6,45000000
2,3,6.2,7300000
2,2,4.7,12000000
0,0,4,10000000
0,0,4.8,14500000
0,0,6,9900000
0,0,3,4000000
0,0,4.8,13000000
2,4,6,4200000
2,2,4.5,10000000
0,0,6.9,9700000
0,0,13.3,18000000
0,0,13.8,17500000
2,2,4.2,6600000
0,0,13.3,18000000
0,0,6.9,9700000
0,4,14.2,20000000
4,4,4.8,17200000
2,3,3.6,4300000
0,0,17,70000000
2,2,5.8,25000
2,3,6.4,25000
2,2,4.2,20000
4,4,1,160000
0,2,1,85000
3,3,7.1,11500000
0,2,4,15000000
0,2,4.2,11000000
0,3,7.3,23500000
0,2,4.2,9000000
0,2,4.2,9500000
0,0,4.3,6000000
0,0,8,27500000
0,0,8,13500000
0,0,8,13500000
0,0,8,42500000
0,0,12,22500000
0,0,8,13500000
0,0,1.2,65000000
0,0,4.3,6000000
0,0,8,30000000
0,0,8,27500000
0,6,14,65000000
0,0,5,25000000
0,0,3.2,9000000
0,0,4.8,17000000
0,0,4.8,16000000
0,0,3.2,7500000
0,0,4.2,6000000
0,0,8.4,13500000
0,0,8.4,13500000
0,0,8.4,13500000
0,0,12,18500000
0,0,4.4,6000000
0,0,4.4,6500000
0,0,3.6,5500000
0,0,4,6000000
0,0,3.6,4200000
0,0,4.4,6500000
0,0,4.4,6500000
0,0,4.4,5200000
5,4,5,42500000
9,10,12,42500000
0,2,4.2,4300000
0,4,5.1,7000000
0,0,4.8,12500000
5,5,6,45000000
2,2,4.2,6000000
2,2,4.2,6050000
2,2,4.2,6100000
2,2,4.2,6150000
2,2,4.2,6200000
2,2,4.2,6250000
2,2,4.2,6300000
2,2,4.2,6350000
2,2,4.2,6400000
2,2,4.2,6450000
2,2,4.2,6500000
2,2,4.2,6550000
2,2,4.2,6600000
2,2,4.2,6650000
2,2,4.2,6700000
2,2,4.2,6750000
2,2,4.2,6800000
2,2,4.2,6850000
2,2,4.2,6900000
2,2,4.2,6950000
2,2,4.2,7000000
2,2,4.2,7050000
2,2,4.2,7100000
2,2,4.2,7150000
2,2,4.2,7200000
2,2,4.2,7250000
2,2,4.2,7300000
2,2,4.2,7350000
2,2,4.2,7400000
2,2,4.2,7500000
3,3,10,10500000
3,3,10,10600000
3,3,10,10700000
3,3,10,10800000
3,3,10,10900000
3,3,10,11000000
3,3,10,11100000
3,3,10,11200000
3,3,10,11300000
3,3,10,11400000
3,3,10,11500000
3,3,10,11600000
3,3,10,11700000
3,3,10,11800000
3,3,10,11900000
3,3,10,12000000
3,3,10,12100000
3,3,10,12200000
3,3,10,12300000
3,3,10,12400000
3,3,10,12500000
3,3,10,12600000
3,3,10,12700000
3,3,10,12800000
3,3,10,12900000
3,3,10,13000000
3,3,10,13100000
3,3,10,13200000
3,3,10,13300000
3,3,10,13500000
4,3,7.6,24000000
0,7,1.5,120000000
0,5,1.3,115000000
0,5,2,155000000
0,7,2,220000000
0,6,2,250000000
0,6,2,260000000
0,6,2,300000000
0,6,2,220000000
0,10,2,210000000
0,6,12,95000000
0,5,6,47500000
0,6,1,112300000
0,6,1,100000000
0,7,2,220000000
0,9,1.3,160000000
0,9,2.2,280000000
0,9,2,130000000
0,6,1.8,140000000
0,6,2,250000000
0,6,2,280000000
0,8,2,200000000
0,6,2,220000000
0,6,1,125000000
5,4,14.4,92500000
3,3,8,20000000
3,3,8,20000000
3,3,8,20100000
3,3,8,20200000
3,3,8,20200000
3,3,8,20200000
3,3,8,20300000
3,3,8,20400000
3,3,8,20400000
3,3,8,20500000
3,3,8,20600000
3,3,8,20700000
3,3,8,20800000
3,3,8,20900000
3,3,8,21000000
3,3,8,21100000
6,6,12,63000000
0,0,6,16500000
0,0,2.5,300000
6,6,10,52500000
6,6,12,55000000
7,7,12,60000000
3,3,5,12500000
6,6,10,55000000
7,7,1,110000000
6,6,12,60000000
6,5,1,55000000
6,6,10,55000000
6,6,10,50000000
7,6,12,57500000
0,0,8,22500000
0,0,4.4,15000000
0,0,10.9,30000000
3,3,12.7,20000000
5,5,1,250000
5,5,1,250000
5,5,1,250000
5,5,1,250000
6,6,10,85000
6,5,1,250000
5,5,7,65000
3,3,8.9,51000
3,5,1,110000
3,3,12,70000
3,3,12,50000
3,3,12,70000
3,3,12,70000
3,3,10,60000
3,3,10,65000
3,3,12,65000
3,3,12,75000
3,3,12,65000
3,3,10,55000
3,3,10,55000
3,3,10,60000
3,2,12,48000
6,5,1.3,110000
3,3,1,90000
1,1,2,13000
3,3,12,75000
3,3,12,70000
3,3,12,50000
3,3,12,75000
3,3,12,65000
4,3,12,55000
5,7,13,50000000
3,3,4.5,5200000
2,2,5,4500000
5,4,10,20000000
0,5,7,14000000
5,5,10,24000000
0,5,10,20000000
0,5,15,23000000
2,2,7,18000
2,2,7,20000
3,3,10,22000
2,2,4,15000
2,2,10,25000
2,2,5,15000
5,4,7,50000
4,4,7,45000
4,4,7,48000
4,4,7,50000
4,4,7,50000
4,4,7,45000
4,4,7,48000
4,4,7,45000
4,4,7,48000
4,4,7,50000
4,4,7,45000
4,4,7,48000
4,4,7,50000
4,4,7,44000
4,4,7,44000
4,4,7,44000
4,4,7,44000
2,2,5,23000
2,2,5,24500
2,2,5,25000
2,2,5,25500
2,2,5,26000
2,2,5,23000
2,2,5,23500
2,2,5,24000
2,2,5,25500
2,2,5,26000
2,2,5,26500
2,2,5,26500
3,3,8,38000
3,3,8,39000
3,3,8,40000
3,3,8,42000
3,3,8,38000
3,3,8,38500
3,3,8,39000
3,3,8,39500
3,3,8,40000
3,3,8,39500
3,3,8,42500
2,2,3.5,19000
2,2,3.5,19500
2,2,3.5,20000
2,2,3.5,20500
2,2,3.5,21000
2,2,3.5,19000
2,2,3.5,19500
2,2,3.5,20000
2,2,3.5,20500
2,2,3.5,21000
2,2,3.5,21500
0,3,2,5500000
0,3,2,5500000
0,4,3,7200000
0,4,3,9000000
0,6,6,6700000
0,4,2,4800000
0,4,2,4800000
0,3,3,6000000
0,3,2,4500000
0,3,2,5000000
0,3,3,9000000
0,2,1.5,3500000
0,3,2.5,7500000
0,4,3,7500000
0,3,2.5,6500000
0,3,2,5500000
0,2,1.5,3500000
0,6,6,15000000
2,2,2,2950000
5,4,10,27500000
6,5,1,47500000
6,5,12,42500000
8,7,12,34000000
3,3,5,9000000
5,4,10,39000000
0,3,3,7500000
6,4,10,23500000
4,5,10,15000000
6,5,1,54500000
0,2,2,2700000
0,3,2,3200000
0,4,2.5,4000000
5,4,7,22500000
9,6,2,80000000
3,3,3,6500000
7,5,1,45000000
5,4,3,10500000
6,5,2,145000000
6,4,10,27500000
6,5,2,197000000
5,5,1,32000000
0,3,5,12000000
0,2,9,5500000
6,5,1,42500000
5,5,1,35000000
0,5,1,56000000
7,5,1,38000000
7,5,1,45000000
3,4,1,25000000
7,5,1,46000000
0,5,5,10200000
6,5,5,15000000
3,3,11,13500000
4,3,3,7700000
0,5,10,15500000
0,5,10,15500000
0,5,5,9000000
0,3,3,6500000
0,2,2,6700000
0,2,1,3000000
0,2,2,3300000
5,5,1,27500000
3,3,8,21200000
3,3,8,21300000
3,3,8,21400000
3,3,8,21500000
3,3,8,21600000
3,3,8,21700000
3,3,8,21800000
3,3,8,21900000
3,3,8,22000000
3,3,8,22100000
3,3,8,22200000
3,3,8,22300000
3,3,8,22400000
3,3,8,22500000
2,2,5.3,9500000
4,3,8,22000000
3,3,5.9,7700000
0,4,12,75000000
0,4,12,85000000
3,3,6.2,18000000
3,3,8,13000000
3,3,8,13000000
3,3,8,13100000
3,3,8,13100000
3,3,8,13200000
3,3,8,13200000
3,3,8,13300000
3,3,8,13300000
3,3,8,13400000
3,3,8,13400000
3,3,8,13500000
3,3,8,13500000
3,3,8,13600000
3,3,8,13600000
3,3,8,13700000
3,3,8,13800000
3,3,8,13800000
3,3,8,13900000
3,3,8,13900000
3,3,8,14000000
3,3,8,14000000
3,3,8,14100000
3,3,8,14100000
3,3,8,14200000
3,3,8,14200000
3,3,8,14300000
3,3,8,14300000
3,3,8,14400000
3,3,8,14400000
3,3,8,14500000
3,3,8,13000000
3,3,8,13000000
3,3,8,13100000
3,3,8,13100000
3,3,8,13200000
3,3,8,13200000
3,3,8,13300000
3,3,8,13300000
3,3,8,13400000
3,3,8,13400000
3,3,8,13500000
3,3,7.1,50000
0,0,9.6,40000
0,0,4.8,40000
0,0,4.8,30000
3,2,4.2,35000
4,3,1,75000
4,4,10.2,60000
3,3,8,115000
0,5,2,260000
0,5,2,350000
3,3,7.6,75000
0,3,1,85000
0,3,4,90000
3,3,8,13500000
3,3,8,13600000
3,3,8,13600000
3,3,8,13700000
3,3,8,13800000
3,3,8,13800000
3,3,8,13900000
3,3,8,13900000
3,3,8,14000000
3,3,8,14000000
3,3,8,14100000
3,3,8,14100000
3,3,8,14200000
3,3,8,14200000
3,3,8,14300000
3,3,8,14300000
3,3,8,14400000
3,3,8,14400000
3,3,8,14500000
2,2,4.4,13000000
0,4,12,32500000
0,2,5.3,17500000
0,3,7.1,18000000
0,0,5.4,14000000
3,3,5.3,10500000
3,3,7.6,20000000
3,3,5.3,12000000
3,3,8,21500000
3,3,5,11500000
4,4,12,80000000
0,3,3.2,10500000
0,3,6,9000000
2,4,4,11500000
0,2,5.9,8000000
0,2,4.8,7000000
2,2,2.9,3200000
3,3,6.7,11000000
8,5,4.8,20000000
4,3,8,19500000
0,5,4.4,4000000
2,2,4.7,4800000
2,2,4,12000000
2,2,3.3,3300000
7,5,7,13500000
5,5,7,19500000
1,1,3.1,5250000
4,4,5,23000000
1,1,3.3,5513000
2,2,5.3,8872000
4,4,5,9000000
4,4,5,16000000
3,3,10.5,17700000
4,4,11.4,19200000
5,5,7,30000000
5,10,2,130000000
1,1,3.1,5250000
1,1,3.3,5513000
10,11,50,360000000
2,2,5,2700000
7,6,1,45000000
3,3,9.3,13000000
4,3,12,55000
3,3,12,60000
4,3,12,60000
7,6,12,130000
4,3,12,62000
4,3,12,70000
4,3,12,62000
4,3,12,52000
4,4,1,320000
4,3,12,57000
3,4,1,80000
2,2,12,50000
4,4,1.2,90000
4,3,12,55000
7,6,12.4,130000
3,3,10,65000
6,6,8,50000
6,6,8,55000
6,6,8,55000
6,6,4,27000
6,6,4,27000
3,3,7.1,20000
3,3,5.3,18000
2,2,3.8,16000
2,2,4,16000
2,2,4,16000
3,3,9.1,35000
3,3,10,55000
3,3,7,65000
4,4,12,55000
0,3,1.2,85000
0,6,14.2,120000
0,4,1.2,90000
0,3,12.4,70000
0,2,14.2,45000
0,3,1.2,80000
0,5,14.2,100000
0,3,12.4,50000
0,3,12.4,62000
0,3,14.2,75000
0,3,14.2,60000
0,3,14.2,65000
0,3,14.2,70000
0,5,14.2,110000
0,6,1.2,180000
0,3,14.2,60000
0,2,14.2,50000
0,3,14.2,55000
0,3,14.2,65000
0,3,12.4,55000
0,6,14.2,130000
0,3,1.2,85000
0,6,12.4,125000
0,3,12.4,65000
0,3,1.2,100000
0,2,12.4,50000
0,3,14.2,70000
0,3,14.2,50000
0,6,14.2,130000
0,3,12.4,55000
4,3,11,60000
6,5,1.1,400000
0,3,11,60000
9,8,2,600000
6,5,2,300000
6,5,1,450000
0,0,1,90000
6,5,1.3,200000
10,11,4,700000
9,8,1,600000
4,3,1,40000
7,6,4,600000
2,2,1,60000
10,10,2,450000
6,5,1,260000
6,5,2,300000
6,5,2,450000
7,6,1,250000
0,0,1,45000000
0,0,10,9530000
0,0,5,7535000
0,0,9,12500000
0,0,4.5,5025000
0,0,5,7050000
4,3,5,9500000
4,6,10,10000000
6,5,10,25000000
5,5,10,25000000
4,4,5,8500000
7,7,10,19000000
8,7,10,18000000
6,6,7,14000000
4,4,8,8000000
4,4,5,9500000
5,5,5,12000000
3,3,4,7000000
5,5,7,12500000
5,5,5,9000000
4,4,5,9500000
8,7,10,15000000
5,5,5,9000000
8,6,1,46000000
4,4,5,8000000
0,0,10,62000
0,0,3,30000
0,0,3,22000
1,1,3.6,45000
2,2,6,23000
3,3,10,35000
2,2,8,23000
2,2,7,20000
4,4,4,30000
2,2,5,25000
0,0,7,45000
0,0,7,45000
0,0,7,45000
0,0,7,45000
0,0,5,35000
3,3,10,35000
3,3,10,35000
4,4,1,75000
3,3,14,35000
2,2,5,20000
3,3,10,35000
2,2,7,22000
3,3,8,25000
5,5,10,50000
2,2,5,20000
2,2,8,25000
5,4,6,48000
0,0,3.5,18000
0,0,3.5,18500
0,0,3.5,19000
0,0,3.5,19500
0,0,3.5,20000
0,0,3.5,18000
0,0,3.5,19000
0,0,3.5,20000
0,0,3.5,21000
0,0,7,45000
0,0,7,46000
0,0,7,47000
0,0,7,48000
0,0,7,49000
0,0,7,50000
0,0,7,45000
0,0,7,46000
0,0,7,48000
0,0,7,50000
0,0,7,45000
0,0,7,46000
0,0,7,47000
0,0,7,48000
0,0,7,49000
0,0,7,50000
0,0,7,45000
0,0,7,46000
0,0,7,48000
0,0,7,50000
0,0,5,23000
0,0,5,24000
0,0,5,25000
0,0,5,26000
0,0,5,23000
0,0,5,24000
0,0,5,25000
0,0,5,26000
0,0,5,26500
0,0,5,27000
0,0,8,38000
0,0,8,38000
0,0,8,39000
0,0,8,40000
0,0,8,42000
0,0,8,45000
0,0,8,38000
0,0,8,39000
0,0,8,40000
0,0,8,45000
3,3,1,60000
5,5,1,45000000
5,5,1,30000000
8,6,1,35000000
5,5,10,22000000
5,5,10,17000000
5,5,1,34000000
4,4,8,17000000
5,5,1,33000000
4,4,5,15000000
0,3,5,12000000
0,3,10,18500000
0,3,5,10500000
0,3,5,15000000
0,4,10,20000000
0,4,5,12000000
0,0,3.5,7500000
0,3,3.5,8500000
0,3,3.5,9000000
0,3,5,12000000
0,3,5,12500000
3,3,5,11000000
0,0,1,35000000
4,4,10,15500000
3,3,8,14500000
3,3,5,11500000
3,3,5,12000000
3,3,5,10000000
8,6,1,35000000
1,1,5,3500000
7,5,1,45000000
1,1,2.2,4500000
1,1,2.2,4000000
1,1,2.2,3500000
3,3,5,10500000
10,9,1,65000000
0,0,4,2500000
0,2,7,11000000
0,4,5,10000000
0,3,3,6500000
0,5,7,11800000
0,6,11,13500000
0,2,4,6000000
0,4,4,5200000
0,4,5,8500000
0,4,5,11500000
0,4,5,10500000
0,4,5.5,11500000
0,3,4,6000000
0,2,4,6500000
0,3,3,7000000
0,3,4,8500000
0,2,2.5,9500000
0,3,2,12000000
0,3,2,12500000
6,5,1,54500000
4,4,1,105000000
4,4,4.8,45000
0,3,8,60000
0,3,9.6,45000
0,1,2,14000
3,3,7,90000
2,2,4.8,35000
3,2,4.8,25000
4,4,10,50000000
6,5,1,55000000
0,0,1,130000000
4,3,10.4,7500000
7,6,1.3,90000000
6,5,1,38500000
9,6,2,120000000
2,0,4,3200000
4,3,11,19500000
5,5,1.2,105000000
0,0,5,2500000
6,6,2.1,180000000
5,5,1,95000000
5,5,1,100000000
4,4,1.3,95000000
0,0,16,70000000
5,5,1.3,110000000
0,0,17.8,75000000
0,0,1,85000000
0,0,1.3,100000000
0,0,1.8,105000000
0,0,4,250000000
6,5,2.5,280000
6,5,1,300000
10,10,2.4,500000
4,4,1,85000
1,1,2,45000
10,9,2,1000000
5,5,1.1,275000
6,6,1,150000
3,3,12,50000
3,3,1,85000
2,1,6,36000
3,3,1.3,100000
7,7,1,110000
4,4,12,70000
5,5,1,150000
4,4,10,55000
3,3,1,85000
2,2,6,43000
0,4,7,130000
6,6,10,110000
4,3,11.8,390000
6,5,1,60000000
7,6,1,35000000
3,3,10,14500000
6,5,1.2,59900000
6,5,1,45000000
0,3,10,12500000
6,5,1.2,49000000
7,6,10,23000000
5,5,10,17500000
3,3,5,10500000
6,5,1,35000000
0,0,3.5,9000000
1,4,6,7500000
8,7,12.4,28000000
10,7,12.4,28000000
8,6,12.4,22500000
4,4,7,12000000
6,5,7,26000000
1,0,14,65000000
5,5,4.1,7500000
2,4,2.5,4000000
0,0,5,27000
0,0,7,17500
0,0,2.5,18000
0,0,3,22000
0,0,5,32000
0,0,7,25000
0,0,7,28000
1,2,3,10000
4,3,12.4,38000
4,3,12.4,40000
4,3,11,36000
5,5,12,75000
0,0,3,4800000
3,2,10,13500000
6,5,5,11500000
6,5,5,15000000
8,7,10,27000000
2,5,5,11000000
6,5,1,50000000
6,5,10,19500000
3,3,3,4200000
6,5,10,22000000
6,5,10,22000000
4,3,7,21500000
5,4,3,5000000
4,5,10,34000000
1,1,2.6,4500000
1,2,3.5,6000000
1,1,2.5,4400000
1,1,2.8,4900000
1,1,2.6,4500000
5,3,5,11500000
5,4,6,14500000
4,3,5,11500000
5,3,5,11000000
5,3,5,11200000
5,3,5,10500000
5,3,5,11300000
4,3,5,12000000
6,6,8,25000000
7,0,10,30000000
5,4,10,26500000
6,5,1,55000000
0,0,1,55000000
5,5,10,9500000
0,0,4.2,4600000
0,0,4.2,4600000
2,4,4.2,4500000
0,0,4.8,9000000
0,0,3.8,4600000
0,0,3.8,5200000
0,0,6.7,8900000
0,0,4.2,8200000
0,0,4.4,5000000
2,3,4.7,4800000
0,0,3.8,5100000
0,0,4.2,9500000
0,0,6.4,8000000
2,4,3.8,8200000
0,0,6.4,9500000
0,0,4.2,11500000
0,0,5.6,12500000
0,0,5.6,12500000
0,0,6.4,15000000
0,0,3.8,4800000
0,0,6,8500000
0,0,6,7800000
0,0,4.2,5800000
0,0,4.7,17500000
0,0,11.1,19500000
0,0,4.8,14000000
0,0,6.4,16500000
0,0,9.6,10000000
0,0,6.4,17500000
0,0,5.6,14500000
4,4,11.1,35000000
3,3,8,30000000
0,0,3.3,3500000
2,4,4.2,6000000
0,0,4.7,4000000
1,1,2.4,1500000
2,2,3.6,8000000
2,2,4.8,7700000
0,2,4.8,5500000
0,4,4.8,15000000
0,4,4.8,10000000
0,3,12.3,50000000
0,5,1,85000000
0,0,10.6,21000000
4,3,10.7,43000000
2,2,4.4,6000000
2,2,4.4,6000000
2,2,4.4,6000000
2,2,4.4,6000000
2,2,4.4,6000000
2,2,4.4,6000000
2,2,4.4,6000000
2,2,4,7000000
2,2,4.4,6000000
2,2,4.4,6000000
2,2,4.4,6000000
2,2,4.4,6000000
2,2,4.4,6000000
2,2,4.4,6000000
2,2,4.4,6000000
2,2,4.4,6000000
2,2,4.4,6000000
2,2,4.4,6000000
2,2,4.4,6000000
4,4,4.8,10000000
2,2,4.4,6000000
2,2,4.4,6000000
2,2,4.4,6000000
2,2,4.4,6000000
2,2,4.4,6000000
2,2,4.4,6000000
2,2,4.4,6000000
2,2,4.4,6000000
2,2,4.4,6000000
2,2,4.4,6000000
2,2,4.4,6000000
2,2,4.4,6000000
3,3,8.7,12500000
1,1,2,3200000
3,3,6.2,14000000
2,2,4.8,8000000
3,3,7.3,19500000
6,6,16,115000000
2,2,5.6,13700000
0,0,9.3,42000
0,0,9.3,32000
0,0,16,48000
0,0,4,37000
0,0,4.7,26000
0,0,16,42000
0,0,10.2,42000
0,0,10.2,45000
0,0,16,60000
0,0,10.2,55000
0,0,3.8,25000
0,0,3.3,25000
0,0,7.3,45000
0,0,16,45000
0,0,9.3,45000
0,0,10.2,45000
0,0,9.6,55000
0,0,16,45000
0,0,16,35000
0,0,16,45000
0,0,8,35000
0,0,9.6,35000
0,0,9.6,24000
0,0,6.7,46000
0,0,1,50000
0,0,4.8,35000
0,0,9.6,32000
0,0,10.2,40000
0,0,1.2,85000
0,0,16,52000
0,0,3.8,24000
0,0,6,29000
0,0,4.8,22000
0,0,6.4,25000
0,0,9.6,35000
0,0,9.6,36000
4,4,12,200000
5,4,12,175000
3,3,16,55000
5,5,1.3,300000
2,2,4.8,27000
3,3,6.7,35000
2,2,4.8,27000
3,0,1.2,135000
5,5,18,225000
3,3,8.4,20000000
3,3,1.2,80000000
3,3,7.3,20000000
3,3,4.9,13000000
3,3,8,12500000
3,3,8,13500000
3,3,8,10000000
3,3,6.2,14000000
3,3,4.8,10000000
0,0,5,12700000
5,4,14,54000000
5,5,1,68000000
0,0,4.8,4500000
3,3,6.4,13500000
6,5,1.2,125000000
3,3,8.4,14000000
2,2,4.8,9500000
5,4,12,65000000
2,3,2.8,2500000
3,3,9.6,18000000
4,3,5,13000000
3,2,5,4500000
6,6,10,25000000
2,2,6.7,8500000
2,2,6,15000000
7,6,8,26000000
12,9,1,112500000
8,8,12,28500000
4,4,6.6,18000000
0,0,2,135000000
0,0,2,150000000
0,0,1,90000000
0,0,1,75000000
0,0,1.1,95000000
0,0,1.8,105000000
0,0,1.2,110000000
0,0,3.6,300000000
0,0,4,250000000
0,0,1.3,95000000
0,0,1.3,110000000
0,0,2,150000000
0,0,1.9,190000000
0,0,2.4,200000000
0,0,6,21000000
0,0,5,27000000
0,0,5,19000000
0,0,6,21000000
0,5,8,27000000
0,0,6,18000000
0,0,1,75000000
0,0,1.2,95000000
0,0,2,120000000
0,0,1.1,90000000
0,0,1,75000000
0,0,2,120000000
4,4,6,19000000
8,7,6,20000000
6,6,5,23000000
4,4,5,16500000
4,4,4,11500000
6,6,7,28000000
5,5,6,17000000
0,0,1,100000
0,0,1,120000
0,0,6.2,55000
0,0,4,45000
0,0,3.6,50000
3,3,1,80000
3,3,1,100000
3,3,1,95000
3,3,1,85000
3,3,1,85000
3,3,1,75000
3,3,1,80000
6,6,1,220000
3,3,1,150000
1,1,1.8,18000
3,3,1,70000
6,10,1,120000
4,4,8,130000
4,4,8,130000
2,2,3.1,14000
7,6,10,110000
2,3,14.2,60000
4,3,17.8,150000
2,2,4.4,27000
3,2,4.4,28000
4,3,10.9,40000
6,4,8,80000
2,2,5.3,40000
4,3,14.2,60000
4,4,1,270000
10,9,2,1200000
6,5,1,270000
3,3,1,200000
0,0,17.8,200000
0,0,17.8,120000
2,2,2.9,5500000
4,4,5,12000000
7,7,10,12000000
5,5,10,21000000
4,4,5,6500000
4,4,5,8000000
2,2,4,5500000
4,4,4,8500000
3,2,6,7500000
4,4,4,11000000
2,2,5,5500000
4,4,9,11000000
3,3,10,10000000
8,7,17,24000000
6,6,13,20000000
4,4,6,12500000
5,5,11,22500000
3,3,11,12000000
3,3,6,7500000
4,4,5,7000000
1,1,5.8,7000
5,5,1,180000
6,6,1,150000
4,3,10,48000
5,5,7,45000
3,2,5,18000
2,3,5,24000
3,3,10,26000
5,5,1,120000
6,6,12,55000
2,2,3.5,21000
2,2,7,25000
4,4,5,40000
5,5,12,75000
5,5,10,12500000
3,3,5,9800000
3,3,5,9500000
3,3,5,9400000
5,5,8,16500000
5,5,10,16000000
3,3,5,12500000
4,4,7,16000000
3,3,5,12500000
3,3,5,13500000
3,3,5,14000000
3,3,5,13500000
3,3,5,12500000
3,3,5,12500000
3,3,5,12500000
3,3,5,14000000
3,3,5,14000000
3,3,5,12200000
3,3,5,12500000
3,3,5,12000000
3,3,5,12000000
4,4,10,13000000
3,3,5,6500000
4,4,10,13000000
4,4,10,9500000
2,2,6,4500000
1,1,3,2200000
3,3,3,3000000
1,1,3,3000000
3,3,3,4700000
3,3,3,5000000
3,3,3,6000000
3,3,3,4000000
3,3,3,5000000
5,5,5,6000000
3,3,2.5,4500000
3,3,2.5,4500000
0,4,10,24000000
6,5,1,65000000
0,11,2.1,125000000
6,5,1,53500000
6,5,10,36500000
0,4,4,8500000
0,4,4,8500000
0,4,4,8500000
0,3,3,6500000
0,3,3,7500000
4,3,5.5,7000000
6,5,1,41500000
0,0,2.8,6500000
8,6,12,65000000
6,5,1,102500000
5,4,1,85000000
5,4,4.8,40000000
2,2,2.9,6000000
5,4,14,14500000
7,6,1,108000000
6,5,1,90000000
3,3,8.7,15000000
3,3,8.9,15000000
6,5,12,73000000
2,2,4.9,8000000
4,4,12,71500000
2,2,3.3,4500000
4,4,10.9,15500000
7,6,2,200000000
2,1,5.2,31000000
6,5,1,110000000
4,4,4,30000000
5,4,12,75000000
1,1,8,6400000
6,6,4.8,15000000
3,3,4.8,8000000
8,8,8,45000000
0,0,16,37000000
0,0,4.8,14500000
0,4,5.6,13500000
0,6,16,38000000
0,6,16,35000000
3,3,6.4,10200000
3,3,9.6,12100000
2,2,4.8,8600000
3,3,6.4,11100000
2,2,4.8,7600000
3,3,9.6,15000000
3,3,9.6,14500000
3,3,9.6,14000000
3,3,9.6,13500000
3,3,9.6,13000000
3,3,9.6,12500000
3,3,9.6,12000000
3,3,6.4,12000000
3,3,6.4,11800000
3,3,6.4,11500000
3,3,6.4,11200000
3,3,6.4,11000000
3,3,6.4,10800000
3,3,6.4,10500000
3,3,6.4,10000000
2,2,4.8,8500000
2,2,4.8,8200000
2,2,4,40000
2,2,4.8,40000
4,3,8,80000
4,3,1,125000
1,3,5.2,30000
7,6,1,290000
6,5,1,250000
6,5,1,325000
0,0,2,475000
2,2,5.6,25000
2,2,5.6,27000
5,4,11.6,125000
2,2,4.2,40000
4,3,1,150000
2,2,4.8,8000000
2,2,4.8,7900000
2,2,4.8,7700000
2,2,2.9,6000000
3,3,5.8,12000000
3,3,6.7,11000000
3,3,5.8,12000000
3,3,6.7,11000000
3,3,6.7,11000000
2,2,4.9,5800000
2,2,4.9,5800000
2,2,4.9,6800000
2,2,4,12000000
0,0,6.2,7600000
0,3,6.2,16000000
2,2,4,10000000
8,7,2.1,300000000
8,7,3.2,300000000
7,6,1,150000000
7,6,3.2,210000000
0,0,3.6,3800000
0,0,4.9,5200000
0,0,4.9,5200000
0,0,4.9,5000000
0,0,4.2,5500000
0,0,3.6,3600000
0,0,4.9,5200000
0,0,3.6,4000000
0,0,4.9,5500000
0,0,3.6,4000000
0,0,3.6,3600000
0,0,6.7,6500000
0,0,6.7,6500000
0,0,7.3,6000000
0,0,5.1,3500000
0,0,3.6,4100000
0,0,3.6,4000000
0,0,5.9,5300000
0,0,4.9,5200000
0,0,12,12500000
0,0,3.6,4200000
0,0,3.6,4000000
0,0,3.6,3700000
0,0,3.6,4000000
0,0,3.6,4100000
5,9,5,6500000
0,0,6.7,7300000
0,0,6.7,6800000
0,0,7.3,8000000
0,0,7.3,6000000
0,0,7.3,5800000
1,1,2.7,2700000
0,0,3.6,3500000
0,0,4.9,5300000
10,8,1,45000000
0,0,7.3,5800000
0,0,8,7200000
5,4,14,40000
6,4,8,80000
3,2,8,38000
3,2,8,39000
0,0,3.6,16000
0,0,3.6,16000
0,0,4.9,21000
0,0,4.9,22000
0,0,3.6,16000
2,2,4.4,25000
0,0,6.7,26000
0,0,6.7,30000
4,4,2,450000
4,3,4.4,50000
7,6,21.3,380000
4,5,14.2,130000
8,7,1.6,350000
9,8,1,450000
6,6,1,250000
5,5,1,180000
5,6,1,180000
5,6,1,180000
7,6,1.3,450000
3,3,6,20000
3,2,6,25000
0,0,16,200000
0,0,1,120000
4,4,1,120000
2,2,1,150000
0,0,1.3,100000
3,2,5,16000
0,0,1.3,100000
3,3,14,55000
0,0,1,120000
9,8,1,320000
5,5,8,60000
0,0,1.3,150000
8,7,1,300000
0,0,1,35000
0,0,1,30000
3,3,10,135000
3,3,17.8,150000
0,0,1,150000
0,0,1.3,80000
3,3,12,70000
4,4,17.8,110000
3,3,12,60000
2,2,17.8,100000
3,3,12,65000
3,3,17.8,150000
0,0,7,3300000
0,0,5,12000000
4,7,5,9000000
5,5,1,33000000
6,6,1,28000000
10,9,1,70000000
0,5,1.1,41500000
1,1,3.8,6700000
2,2,5,14000
3,3,10,35000
2,2,10,30000
4,3,5,18500000
10,10,2,90000000
0,3,5,9000000
0,3,5,8500000
6,5,1,60000000
6,5,1,52000000
6,5,1,41000000
6,5,1,49900000
5,4,10,37000000
5,4,10,22500000
4,3,5,14500000
6,6,12,210000000
4,3,5,14500000
7,6,1,49900000
4,3,5,15500000
4,4,10,26000000
6,5,1,43000000
6,5,10,18500000
6,5,1,55000000
6,5,1,45000000
0,0,10,26500000
6,5,1,48500000
4,4,8,27500000
3,3,6.2,20000000
2,2,4.4,11000000
2,2,4.4,12500000
3,3,6.2,16500000
3,3,6.2,11000000
2,2,4.4,8500000
3,3,7.6,12500000
3,3,7.6,9500000
3,3,5.6,11500000
2,2,3.3,7000000
4,4,9.1,17000000
3,3,4.9,12000000
4,4,8.9,17000000
4,4,8.9,17500000
2,2,4.8,12800000
6,6,8.6,27000000
3,3,5.8,19000000
8,7,8.6,32000000
3,3,9.3,14000000
3,3,8,13500000
6,6,2,120000000
6,6,3,140000000
4,4,4.8,18000000
2,2,4.7,8500000
3,3,5.8,10000000
7,7,1,85000000
4,4,4.8,23000000
4,4,4.8,19000000
2,2,4.4,7500000
2,2,2.9,5500000
2,2,2.9,5500000
4,4,4.8,18000000
2,2,4.2,12500000
6,6,4.8,17000000
2,2,4.2,10500000
3,3,7.6,22000000
3,3,6.2,16000000
4,4,4.8,16500000
5,5,1,105000000
4,4,4.8,18500000
2,2,2.2,6800000
2,2,2.2,6700000
2,2,2.2,6400000
2,2,4.8,15500000
4,4,4.8,23500000
3,3,8,12000000
3,3,8,12000000
3,3,8,12000000
4,4,4.8,19000000
3,6,2.5,7000000
2,2,4.4,9500000
2,2,2.4,5500000
2,4,2,5000000
3,3,12.4,51000000
2,2,4.2,8000000
2,2,5.3,11000000
4,4,4,33000000
3,3,4.9,10000000
3,3,4.9,10000000
3,3,4.9,10000000
2,2,4,11500000
2,2,2,7000000
2,2,2.2,4800000
2,2,4.4,11500000
2,2,4.4,9000000
1,2,3.2,4200000
4,4,4,35000000
4,4,4,35000000
2,2,4.4,13000000
3,3,8,15500000
3,3,8,15500000
6,6,8,21000000
4,4,4.8,13500000
4,4,4.8,13500000
6,6,10.6,30000000
6,6,8,23000000
4,4,5.8,15000000
2,2,4.8,9000000
2,2,4.4,9000000
4,4,4.8,15000000
4,4,4.8,15000000
4,4,4.8,15000000
4,4,4.8,12500000
4,4,4.8,13500000
2,2,4.8,8800000
3,3,8,16500000
8,7,16,37500000
2,2,4.8,8500000
2,2,4.8,8000000
6,6,8,19500000
3,3,8,18000000
2,2,4.8,11000000
6,6,9.6,24000000
3,3,9.8,38000000
8,7,16,40000000
6,6,9.6,27000000
3,3,9.8,38000000
6,6,9.6,25000000
2,2,4.8,10500000
6,6,9.6,27000000
6,6,9.6,27000000
3,3,4.4,8200000
3,3,4.9,9000000
2,2,3.2,4700000
4,4,3.2,7000000
2,2,4.4,7000000
0,2,8,75000
0,3,1.3,140000
3,3,5.6,48000
3,3,5.6,50000
2,2,4,35000
2,2,4,35000
7,7,7.6,150000
2,2,4.2,35000
2,2,4.2,35000
2,2,4.2,35000
2,2,4.2,35000
2,2,2.7,22000
0,0,5.3,52000
4,0,6,14000000
4,4,7,13500000
7,6,2,220000
4,4,1.2,300000
4,4,4,400000
3,3,10,70000
4,3,1,285000
4,4,17.8,200000
10,9,1,440000
3,3,1.5,300000
10,8,2,650000
6,5,1,350000
4,4,1,200000
4,3,16,250000
2,2,8,50000
6,5,1,380000
3,3,8,35000
10,9,2.1,580000
3,3,1.6,220000
4,3,1,78000
7,6,1.3,365000
6,5,2,300000
9,8,4,1250000
3,2,12,60000
10,9,2,600000
3,3,1,160000
2,2,3.3,32500
7,6,1.6,300000
0,0,14.2,85000
10,9,1.3,555000
5,5,1.3,150000
1,1,2.2,25000
0,0,14.2,40000
7,6,1.3,300000
8,7,1,445000
3,3,10,60000
4,4,10,40000000
4,3,7,21000000
6,5,1,43500000
4,3,5,11600000
4,4,3,4380000
4,3,5,11600000
6,5,1,67500000
4,4,10,15000000
1,2,3.5,2700000
1,2,3.5,2500000
4,4,7,6000000
4,4,10,25000000
1,2,3.5,4500000
1,2,2.4,3500000
4,4,4,6000000
2,2,5.3,9500000
4,4,7,45000
3,3,11.7,26000
6,4,7,60000
5,4,10,24000000
4,4,3,4380000
3,3,5,14800000
6,5,1,45000000
6,5,1,42500000
6,5,1,59000000
6,5,1,45000000
3,3,5,10500000
4,4,5,10200000
4,3,5,9600000
6,5,1,88000000
6,5,1,43000000
5,5,10,18500000
6,5,10,22500000
6,5,1,43000000
5,5,1,300000
6,5,1,48500000
4,3,6,14600000
4,4,1,58000000
6,5,1,49000000
5,4,10,20000000
6,5,1,39000000
6,5,1,49900000
6,5,1,47500000
6,5,1,48000000
2,2,4.4,7000000
3,3,4.9,9000000
3,3,4,3400000
3,3,8,14500000
2,2,4,7500000
3,3,6,15500000
2,2,4.2,6500000
3,3,8,15200000
3,3,8,15200000
3,3,8,15200000
2,2,4.2,6500000
2,2,4.2,6800000
3,3,8,14000000
3,3,8,14200000
3,3,8,14400000
2,2,4.8,9000000
3,3,8,14600000
3,3,8,14800000
2,2,4.8,9000000
3,3,8,15000000
3,3,8,15200000
3,3,8,15400000
3,3,8,15500000
3,3,8,14100000
3,3,8,14300000
3,3,8,14500000
3,3,8,14700000
3,3,8,14900000
3,3,8,15000000
3,3,8,15200000
4,3,7.1,6500000
3,3,8,15400000
4,3,7.1,6500000
3,3,6,15500000
3,3,6,15700000
2,2,4.8,8000000
3,3,6,15900000
3,3,6,15500000
3,3,6,15700000
2,2,4.8,8000000
3,3,6,15900000
2,2,4.2,5800000
2,2,4.2,6000000
2,2,4.2,6200000
2,2,4.2,5850000
2,2,4.2,6050000
2,2,4.2,6250000
3,3,10,11000000
3,3,10,11200000
3,3,10,11400000
3,3,10,11600000
3,3,10,11800000
3,3,10,12000000
3,3,10,11000000
3,3,10,11500000
3,3,10,11400000
3,3,10,11600000
3,3,10,11800000
3,3,10,12000000
3,3,10,11000000
3,3,10,11300000
3,3,10,11500000
3,3,10,11700000
3,3,10,11900000
3,3,10,12100000
2,2,4.2,3800000
3,3,8,9500000
2,2,5.6,4800000
3,3,8.4,13000000
6,6,1.3,140000000
3,3,8.4,14000000
4,4,6,38000000
3,3,8,6000000
3,3,8,6100000
3,3,8,6300000
3,3,8,6400000
3,3,8,6500000
3,3,8,6250000
3,3,8,6350000
3,3,8,6450000
3,3,8,13500000
3,3,8,13600000
3,3,8,13700000
3,3,8,13800000
3,3,8,13900000
3,3,8,14000000
3,3,8,14200000
3,3,8,14400000
3,3,8,14500000
3,3,8,14600000
3,3,8,14300000
3,3,8,14900000
3,3,8,14100000
3,3,8,15000000
4,4,13.8,18500000
0,3,8,27500000
0,6,8,42500000
0,6,12,52500000
0,6,16,65000000
0,3,16,52500000
0,3,1.2,72500000
0,6,1.2,67500000
0,4,2,120000000
0,6,1,100000000
0,3,1.2,64000000
0,6,1,71500000
0,8,1,75000000
0,6,1,85000000
0,5,1.5,70000000
0,5,2,65000000
0,6,2,117500000
0,6,2,97500000
0,6,2,153000000
0,6,3,160000000
3,3,8.4,15000000
0,0,1,145000
6,5,1,270000
7,6,1.2,170000
5,5,1,500000
3,3,1,125000
4,4,1,150000
2,2,5.6,25000
7,6,1,50000000
5,5,4.4,14700000
6,6,1,35000000
6,6,1,35000000
6,6,1,33000000
7,6,9.3,38500000
5,5,1.2,24000000
1,1,2.2,2750000
2,2,4.3,5350000
0,0,8,7200000
4,4,4,14500000
0,0,8,7000000
0,0,8,7000000
0,0,8,7100000
0,0,8,7100000
0,0,8,7300000
0,0,8,7300000
0,0,8,7400000
0,0,8,7400000
6,6,1,90000000
0,0,8,7500000
0,0,8,7500000
0,0,8,7600000
3,3,5,16000000
0,0,8,7600000
0,0,8,7700000
0,0,8,7700000
0,0,8,7800000
0,0,8,7800000
0,0,8,7900000
0,0,8,7900000
0,0,8,5600000
0,0,8,5600000
0,0,8,5700000
0,0,8,5700000
0,0,8,5800000
0,0,8,5800000
0,0,8,5900000
0,0,8,5900000
0,0,8,6000000
0,0,8,6000000
0,0,5,3500000
4,3,12,65000
6,5,8,60000
3,3,7,40000
4,3,1.3,140000
10,9,1.3,300000
6,6,10,105000
3,3,1,150000
4,4,13.3,100000
3,3,7,40000
2,2,4,28000
4,4,3.6,170000
4,4,1,110000
2,2,4,25000
7,7,12,120000
6,5,4,650000
7,7,12,110000
7,6,2,350000
5,5,12,93000
2,2,4,23000
2,2,4,23000
2,2,4,23000
4,4,1,85000
4,3,1,60000
10,9,2.1,1150000
4,4,1.3,300000
5,5,10,90000
5,5,10,90000
5,5,10,85000
2,2,12,40000
4,4,2.4,250000
3,3,1.6,85000
5,5,7,80000
5,5,7,78000
10,11,4,700000
4,4,4,48000
4,4,4,48000
3,3,1,70000
4,4,4,45000
4,4,1,150000
6,7,1,130000
3,3,6,80000
6,7,1,120000
3,3,1,75000
6,7,12,110000
10,9,3.6,700000
2,2,12,25000
1,1,6,26000
3,3,8,55000
1,1,12,55000
1,1,12,55000
2,2,1.8,22000
6,7,12,100000
2,2,1.8,22000
2,2,1.8,45000
1,1,0.7,20000
2,2,5,35000
2,2,5,35000
2,2,5,38000
2,2,2.7,25000
1,2,6,25000
1,2,6,28000
2,2,5,35000
2,2,5,36000
2,2,5,37000
2,2,5,38000
6,6,10,90000
4,4,2,350000
6,6,10,85000
6,6,1,350000
3,2,6,15000
3,2,1,17000
4,4,7,80000
3,3,10,45000
10,10,4,1800000
4,4,7,75000
2,2,1.2,55000
4,4,4,50000
2,2,11.1,75000
3,3,14.2,50000
2,2,14.2,55000
4,4,1.2,155000
3,3,14.2,65000
3,3,12,53000
6,5,1,40000000
1,2,2,2300000
6,4,7,16000000
7,5,18,25000000
4,4,12,21000000
5,5,10,20000000
5,7,6,7500000
4,4,10,15000000
0,0,10,13500000
6,6,12,15000000
2,3,4,3000000
6,6,10,11500000
1,2,3.5,2800000
1,1,5,20000
6,5,1,61000000
6,5,1,46000000
6,5,1,35000000
0,0,14.4,62000000
6,5,1,36000000
3,3,3,2290000
6,5,1,42000000
6,5,1,37000000
3,3,10,26500000
2,2,3,2290000
1,1,5,4500000
6,5,1,49000000
4,3,5,17500000
6,5,1,33000000
4,3,7,24000000
6,5,1,49000000
7,5,1,55000000
7,6,1,57500000
4,4,13.8,19000000
6,6,3.2,7000000
4,4,5,8200000
4,4,13.8,19500000
0,0,8,10000000
3,3,8.4,14000000
3,3,8.4,13000000
0,0,4,5800000
0,0,5.8,14000000
4,4,13.8,19500000
3,3,8.4,14000000
4,4,13.8,19000000
7,6,1,145000000
0,6,1,80000000
0,6,1.6,100000000
0,6,1.7,100000000
0,7,2,117500000
0,6,2.3,205000000
0,4,3,160000000
0,4,3,200000000
0,11,3.4,180000000
0,10,3.5,250000000
0,9,4.6,260000000
3,3,8.4,13000000
4,4,13.8,18500000
3,3,8.4,15000000
4,4,13.8,19000000
3,3,5,8000000
4,4,13.8,19500000
3,3,8.4,13000000
3,3,8.4,14000000
2,2,4.2,4800000
2,3,4.4,9500000
5,5,14,90000000
4,4,13.8,19500000
3,3,8.4,15000000
4,4,3.2,12600000
5,4,8.9,19200000
2,2,3.3,6000000
0,5,1.7,105000000
0,6,18,85000000
0,6,16,77500000
0,6,1.3,67500000
0,3,9.3,26500000
6,6,8,17500000
4,4,13.8,18500000
3,3,5,8500000
4,4,13.8,18500000
4,4,13.8,19000000
3,3,8.4,15000000
4,4,8.4,25000000
3,3,9.4,9000000
0,3,8,30000
2,2,2.4,10000
2,2,3.2,12000
2,2,1.3,75000
3,3,8,75000
0,0,16,185000
0,3,1,100000
0,3,14,90000
0,0,1,200000
4,4,12,170000
0,0,2,495000
0,0,5,3500000
0,0,5,3300000
5,4,4,14500000
0,0,5,3300000
0,0,5,3400000
0,0,5,3400000
0,0,5,3600000
0,0,5,3600000
0,0,5,3700000
0,0,5,3700000
0,0,5,3700000
0,0,5,3700000
0,0,5,3800000
0,0,5,3800000
0,0,5,3900000
2,2,3.6,3700000
0,0,5,3900000
0,0,5,3900000
0,0,5,4000000
12,10,1,75000000
0,0,5,4000000
6,6,12,50000000
6,6,12,50000000
6,6,12,50000000
6,6,12,45000000
5,5,10,40000000
6,6,10,37500000
5,5,10,30000000
4,4,6,25000000
4,4,6,30000000
4,4,6,21000000
4,4,5,21000000
4,4,6,27500000
0,0,5,4100000
4,4,10,45000000
6,6,1,90000000
6,6,1.6,85000000
0,0,5,4100000
6,5,6.7,32500000
0,0,5,2700000
0,0,5,2700000
0,0,5,2800000
0,0,5,2800000
0,0,5,2900000
8,7,4,260000000
8,7,4,260000000
8,7,4.4,350000000
0,0,5,2900000
0,0,5,3000000
0,0,5,3000000
0,0,5,3100000
4,4,1.3,90000
3,3,12,55000
6,6,14.2,90000
3,3,14.2,80000
9,8,1.3,600000
4,3,10,45000
2,2,3.8,17000
4,4,1,45000
3,3,12,60000
3,3,1,75000
3,3,1,75000
3,3,1,80000
3,3,1,80000
3,3,1,80000
3,3,1,80000
3,3,12,65000
3,3,4.2,35000
3,3,5.6,65000
3,3,5.6,65000
3,3,5.6,65000
4,4,7,75000
4,4,7,75000
6,6,12,130000
6,6,12,130000
6,6,12,130000
6,6,1,150000
6,6,1,150000
6,6,1,150000
6,6,1,150000
6,6,1,160000
6,6,1,160000
6,6,1,160000
3,3,12,62000
6,6,1,160000
6,6,1,200000
6,6,1,200000
6,6,1,200000
6,6,1,200000
6,6,1,200000
6,6,1,200000
6,6,1,200000
6,6,1,200000
6,6,1,200000
6,6,1,200000
6,6,1,200000
6,6,1,200000
3,4,1.3,130000
3,3,12,63000
6,6,12,150000
3,3,12,70000
3,3,12,75000
4,4,1.3,90000
4,3,5,10800000
7,6,1.1,47000000
6,5,10,25000000
10,10,1.6,30000000
2,2,4.7,5000000
3,3,5,10000000
3,3,5,10000000
3,3,7,14000000
4,5,10,21000000
1,2,5,2300000
0,0,5,17000
0,0,5,18000
0,0,5,19000
0,0,5,20000
0,0,5,21000
0,0,5,22000
0,0,5,23000
0,0,5,24000
0,0,5,25000
0,0,5,21000
0,0,5,22000
0,0,5,23000
0,0,5,24000
0,0,5,25000
0,0,5,26000
0,0,5,27000
0,0,5,28000
0,0,5,29000
0,0,5,30000
0,0,5,16000
0,0,5,17000
0,0,5,18000
0,0,5,19000
0,0,5,20000
0,0,5,21000
0,0,5,22000
0,0,5,23000
0,0,5,24000
0,0,5,25000
0,0,5,16000
0,0,5,17000
0,0,5,18000
0,0,5,19000
0,0,5,20000
1,1,25,20000
0,0,5,21000
0,0,5,22000
0,0,5,23000
0,0,5,24000
0,0,5,25000
6,5,10,18500000
6,5,1,44000000
6,5,10,19000000
6,5,1,34000000
6,5,1,42500000
4,3,5,12500000
6,5,1,43000000
6,5,1,43000000
1,1,2.3,2000000
4,3,5,12000000
6,5,1,53000000
6,5,10,23500000
3,3,8.4,13000000
3,3,7.3,29000000
6,6,9.6,18400000
6,6,9.6,18400000
6,6,9.6,18400000
6,6,9.6,18400000
5,5,9.6,18400000
5,5,9.6,18400000
5,5,9.6,18400000
3,3,8.4,13000000
5,5,9.6,18400000
4,4,4.8,12000000
4,4,4.8,12000000
4,4,4.8,12000000
4,4,4.8,12000000
4,4,4.8,11500000
4,4,4.8,11500000
4,4,4.8,11500000
4,4,4.8,11500000
6,6,4.8,16000000
2,2,2.7,6000000
8,7,2,85000000
6,6,4.8,19000000
3,3,5.3,3800000
2,2,4.4,6500000
2,2,4.4,6000000
3,3,6.2,7000000
5,5,14,90000000
5,5,14,54000000
4,4,13.8,18500000
3,3,6.7,13000000
3,3,8.4,14000000
5,5,14,110000000
2,2,6.4,11000000
2,2,6.4,11000000
3,3,8.4,15000000
4,4,13.8,19000000
3,3,8.4,15000000
3,3,8,19000000
8,8,18,67500000
4,4,13.8,19500000
3,3,16.9,25000000
3,3,5,6500000
0,2,3.6,5000000
0,1,2.2,4000000
0,3,5,12500000
0,2,3.6,5000000
3,3,4.7,6500000
0,3,4.4,12500000
0,3,16.9,25000000
4,4,13.8,19000000
4,3,8.4,19000000
4,4,13.8,18500000
3,3,8.4,14000000
2,2,6.4,11000000
2,2,6.4,11000000
2,2,4.8,8500000
2,2,4.8,8500000
2,2,4.8,8500000
2,2,4.8,8500000
3,3,8.4,15000000
3,3,8.4,13000000
4,4,13.8,19500000
3,3,7.1,9000000
3,3,8.4,14000000
4,4,13.8,18500000
0,6,12,57000000
4,4,13.8,19000000
4,4,13.8,19500000
2,4,4,5500000
0,0,1,290000
2,2,4.2,18000
2,2,4.4,8000000
1,1,2.5,3892000
4,4,5,12500000
5,5,7,30000000
4,4,7,15000000
2,2,4.9,5500000
2,2,4.9,5500000
4,3,8,7200000
4,4,5,15000000
3,3,12,65000
3,3,12,60000
3,3,12,70000
3,2,12,40000
4,3,1,60000
7,6,1,280000
3,3,1,90000
9,9,2,600000
4,3,13.3,45000
3,3,1,120000
3,3,13.3,42000
2,0,1,90000
0,0,13.3,43000
7,6,1,500000
6,6,12,140000
6,5,3.6,450000
6,5,2,300000
3,3,10,65000
2,2,3.6,34000
5,5,1.1,250000
8,7,1.2,500000
3,3,10.4,25000
6,6,1,250000
1,1,1.3,12000
5,5,2,250000
3,3,1,90000
6,6,2,300000
4,4,1,250000
4,4,6,55000
0,3,9.8,270000
2,2,4.4,45000
3,3,6,45000
2,2,5.1,30000
0,0,2,250000
2,2,3.6,17000
6,6,1.6,320000
3,2,4,17000
3,3,2,120000
2,4,5,13000000
5,5,10,19000000
0,0,5,800000
6,5,1,44000000
4,3,3,7800000
4,3,5,11500000
2,2,10,5600000
0,0,5,4300000
2,3,2.2,3950000
1,1,2.3,4000000
5,4,10,17500000
5,4,9,21000000
10,8,1,35000000
6,4,10,19000000
4,3,5,17000000
1,1,1.4,3400000
6,5,1,55000000
0,0,1.9,200000
6,5,1,40000000
3,3,3,6500000
0,0,5,8000000
6,5,8,16500000
8,7,1,37000000
0,0,7,17500000
2,2,6.7,11000000
1,2,4,2600000
0,0,5,30000
0,4,8,45000
0,3,4,20000
0,2,10,35000
0,3,3,14000
2,2,7,21000
4,3,7,23000
3,3,11.7,26000
4,3,7,24000
5,4,10,40000000
6,5,1,47000000
5,3,6,9500000
1,1,3,6200000
1,1,2.6,1569000
6,5,1,45000000
3,4,3,4200000
6,5,1,40900000
6,5,1,40000000
4,3,5,12500000
6,5,1,39900000
3,3,8.4,15000000
4,3,10,2900000
3,3,7.1,9000000
4,4,13.8,19000000
6,5,2,155000000
3,3,8.4,13000000
4,4,13.8,18500000
4,3,5,2300000
4,4,13.8,19500000
2,2,5,2500000
3,3,10,3500000
4,4,11.6,65000000
4,4,11.6,65000000
3,3,8.9,37500000
2,2,5.3,20000000
3,3,5,2800000
4,3,10.7,16500000
3,3,8.4,13000000
3,3,8.4,14000000
2,4,4.7,8500000
3,3,8.4,13000000
3,3,8.4,15000000
4,4,13.8,18500000
4,4,13.8,19500000
2,3,9.6,18000000
4,4,13.8,18500000
3,3,8.4,14000000
3,3,8.4,15000000
4,4,13.8,19000000
4,4,13.8,19500000
3,3,8.4,13000000
4,4,13.8,18500000
3,3,8.4,14000000
2,2,4.8,8500000
2,2,3.2,5500000
4,4,4.8,10000000
4,4,4.4,12000000
2,2,4.2,3800000
4,4,13.8,19000000
4,4,5.6,15000000
8,7,6.4,18000000
4,4,4.8,16000000
1,1,5.6,3000000
3,3,8.4,15000000
0,0,6,14500000
4,4,13.8,19500000
3,3,8.4,13000000
6,5,1,92500000
2,2,4.8,8720000
3,3,8.4,14000000
3,3,8.4,15000000
2,2,4.8,8500000
8,6,12,57000000
4,4,13.8,19500000
8,7,1.2,125000000
4,4,13.8,18500000
4,4,13.8,19000000
3,3,8.4,13000000
3,3,8.4,14000000
3,3,8.4,15000000
6,6,9.6,50000000
4,4,13.8,18500000
0,0,3.3,2400000
0,0,2.9,3000000
0,0,1.6,1900000
0,0,3.8,5000000
0,0,3.8,4000000
0,0,3.2,9000000
0,0,3.2,8500000
0,0,3.2,9100000
0,0,3.2,8600000
0,0,3.8,4100000
0,0,4.8,14200000
4,4,13.8,18500000
3,3,8.4,13000000
2,2,4,8500000
4,4,13.8,19000000
4,4,13.8,19500000
2,3,4,2500000
4,4,7.7,18000000
0,0,2,1700000
3,3,8.4,15000000
1,1,2,10000
2,2,4.8,25000
3,3,8,22000
3,3,5.3,22000
3,3,5.3,55000
2,2,4.2,20000
4,4,10.7,100000
5,5,10,175000
3,3,12,65000
3,3,7.1,60000
4,3,11.1,85000
1,1,2,11000
9,6,1,45000000
0,0,14,55000000
3,10,14,35000000
4,4,7,32000000
5,5,1,90000000
7,7,1.3,130000000
5,5,1,85000000
5,5,3.2,170000000
6,6,1,90000000
5,5,1,60000000
8,7,12.4,57000000
5,4,4,15000000
3,3,9.3,38000000
5,4,4,16500000
3,3,9.1,6800000
2,2,3.6,17000
3,3,1,65000
3,3,12,50000
4,4,10,70000
2,2,6.7,90000
4,4,1.2,300000
2,2,1,50000
3,3,12,75000
4,3,12,65000
1,1,3.5,18000
2,2,14.2,85000
2,2,14.2,70000
6,4,7,35000
6,6,2.4,1000000
3,3,1,160000
3,3,1,170000
2,2,10,22000
5,5,1,270000
4,4,1,265000
3,3,1.3,200000
3,4,17.8,160000
3,3,1,180000
4,4,1,250000
1,1,2.2,25000
2,2,6.7,30000
1,1,2.7,13000
2,2,3.6,16000
6,6,1,125000
4,3,1,28000
4,4,1,200000
7,6,2.5,280000
6,6,1,110000
6,5,1,58000000
5,4,10,34000000
4,4,7,14000000
6,5,1,35000000
5,4,13,35000000
6,5,1,75000000
4,3,5,10000000
6,5,1,47500000
6,5,1,58000000
3,3,5,13500000
6,5,1,65000000
7,5,1,34000000
0,0,10,27500000
4,4,8,17000000
0,0,10,23000000
6,6,10,24500000
0,0,10,23500000
5,3,5,15500000
6,5,1,70000000
1,1,2,4000000
2,2,6.4,5800000
2,2,2.7,2800000
2,2,3.1,2800000
1,1,1.7,2500000
1,1,1.4,2250000
2,2,2.2,3200000
1,1,1.7,2700000
1,1,1.7,2200000
1,1,1.7,2500000
1,1,1.8,3200000
2,2,4.9,5000000
2,2,6.4,5500000
6,5,1,37000000
5,3,5,18500000
1,1,2.4,6408000
1,1,1.7,2800000
1,1,1.6,2300000
1,1,1.6,2700000
1,1,2,3200000
1,1,1.6,3000000
5,4,7,22500000
4,3,5,18000000
1,1,2.6,7044000
3,3,5,8000000
5,5,1,36000000
0,4,10,26500000
4,4,4,7500000
0,2,3.8,2300000
0,0,2.5,2500000
6,6,10,11500000
6,5,10,26500000
3,4,10,8200000
4,4,5,8500000
6,6,1,18500000
2,4,5,7000000
2,2,4,7080000
3,2,5,4400000
0,0,5,35000
0,0,5,33000
0,0,7,45000
0,0,7,42000
0,0,10,58000
0,0,10,60000
0,0,5,34000
0,0,5,36000
0,0,7,45000
0,0,7,42000
0,0,10,58000
0,0,10,60000
0,0,5,35000
0,0,5,33000
0,0,7,45000
0,0,7,42000
0,0,5,25000
0,0,7,35000
0,0,5,25000
0,0,7,36000
0,0,5,30000
0,0,8,22000
0,0,5,55000
0,0,5,60000
0,0,5,50000
0,0,5,45000
0,0,5,65000
0,0,5,60000
0,0,5,35000
0,0,5,40000
0,0,5,37000
0,0,5,30000
0,0,10,70000
0,0,10,80000
0,0,5,40000
0,0,5,50000
0,0,5,55000
0,0,5,45000
4,3,7,24000
3,3,5,28000
3,2,7,24000
4,3,7,23000
1,1,3.3,35000
6,5,10,60000
3,2,7,25000
1,1,3.3,35000
7,5,10,60000
4,3,10,33000
3,2,10,35000
2,1,4.4,45000
3,2,12,34000
2,2,6,75000
6,5,1,90000
5,4,5,9000000
3,3,5,9800000
7,6,1,85000000
2,3,5,6300000
2,2,4.7,7500000
3,3,9.8,30000000
3,3,8.4,13000000
4,4,13.8,18500000
9,9,5.4,18000000
4,4,13.8,19000000
4,4,13.8,18500000
0,6,8,26000000
0,2,2.9,4000000
0,2,4,5200000
0,3,5.6,6500000
10,11,9.6,18000000
3,3,6.1,15000000
4,4,13.8,19500000
4,4,13.8,19000000
3,3,8,21000000
3,3,8.4,13000000
3,3,6.4,10000000
4,4,13.8,19500000
4,4,13.8,19000000
4,4,13.8,19500000
3,3,8.4,14000000
3,3,5.8,21000000
3,3,8.4,14000000
0,4,4.8,14000000
0,6,9.6,25000000
0,6,9.6,23000000
0,3,5.6,13000000
0,6,9.6,27000000
0,3,9.6,21000000
3,3,8.4,14000000
8,6,9.6,38000000
3,3,7.1,15000000
3,3,7.1,9500000
6,6,9.6,36000000
3,3,6.7,11000000
4,4,13.8,19500000
4,4,13.8,19000000
3,3,7.1,26000000
0,6,8,25000000
0,6,9.6,30000000
0,9,8,34000000
0,8,9.6,40000000
0,8,9.6,38500000
0,3,8,16500000
0,6,8,23000000
0,8,16,41000000
0,4,4.8,16000000
0,6,8,23000000
0,2,3.8,6000000
0,3,5.6,6300000
0,3,6,8000000
0,2,4,4000000
0,3,6.4,9000000
0,4,8.1,12000000
4,3,8,10000000
0,0,16.9,60000000
0,0,19.4,65000000
0,0,18.5,46000000
0,0,1.6,60000000
0,0,1.6,60000000
0,3,6.4,7500000
0,2,4.7,8500000
0,2,4.2,7000000
0,2,3.1,4500000
0,2,4.9,4500000
2,3,3.3,4500000
0,0,4.8,13000000
2,4,4.7,8500000
2,2,4.8,8800000
3,4,4,2600000
0,0,16.9,60000000
0,0,19.4,65000000
0,0,18.5,46000000
0,0,18.5,40000000
0,0,1.6,60000000
0,3,6.4,7500000
0,2,4.7,8500000
0,2,4.2,7000000
0,2,3.1,4500000
0,2,4.9,4500000
3,3,8,9500000
5,4,4,44000000
0,4,8,27500000
4,3,9.8,70000
3,2,8,40000
3,3,12,45000
5,5,1,350000
3,3,12,65000
3,4,12,32000
3,3,6.4,30000
2,2,4.8,25000
4,4,8,38000
3,3,16,45000
2,2,5,3700000
5,4,4,17000000
4,4,7,28500000
5,5,14.2,47500000
4,4,3.6,13000000
2,2,4.9,9000000
4,4,5.6,19000000
2,2,6.2,15500000
2,2,6.2,15500000
5,5,9.3,36500000
4,4,9.3,24000000
4,4,3.6,13000000
4,4,9.3,24000000
4,4,7,28500000
2,2,5,3600000
7,7,1.7,160000000
7,7,1.7,160000000
7,7,1.7,160000000
2,2,4.9,5500000
5,5,7,26500000
8,7,12,60000000
2,3,4.9,7000000
2,3,4.9,7000000
2,3,4.9,7000000
2,3,4.9,7000000
7,7,12,45000000
3,3,6.7,21000000
3,3,6.7,21500000
5,4,4.4,16000000
4,4,8,18500000
6,6,8,19000000
6,6,13,28000000
3,3,12.2,25000000
6,6,13,26500000
2,2,5.7,7700000
2,2,4.8,8200000
0,4,5,24000000
3,3,8.6,14000000
3,3,1,75000
6,6,1,100000
7,0,10,120000
10,11,2.5,1000000
6,6,1,90000
4,4,2.2,280000
8,7,2.4,1800000
3,3,1,55000
7,6,1.1,500000
5,5,14.2,135000
3,3,1,58000
4,4,5.6,55000
9,8,1.3,700000
4,3,1,85000
10,10,1.3,1000000
3,3,1,65000
10,10,1.3,1000000
4,4,5.6,58000
5,5,14.2,130000
3,3,1,41000
7,7,1,175000
7,7,1,175000
9,8,2,700000
2,3,4.9,28000
2,3,4.9,28000
2,3,4.9,28000
7,7,1,175000
2,2,1,44000
1,3,4,22000
2,2,12,38000
4,4,1,46000
2,2,4,24000
2,2,4,27000
4,4,4,52000
2,2,4,26000
2,2,4,26000
4,4,4,53000
2,2,4,24000
2,2,4,27000
2,2,4,27000
2,2,4,27000
4,4,4,50000
2,2,4,26000
2,2,4,26000
4,4,4,53000
4,4,4,52000
5,5,7,80000
2,2,7,37000
3,3,7,35000
3,3,7,36000
3,3,7,37000
5,5,7,77000
2,2,7,37000
5,5,7,75000
3,3,7,35000
3,3,7,37000
0,2,5,80000
2,2,10,60000
2,2,10,78000
2,2,10,36000
3,3,12,20000
2,2,10,33000
0,3,14,65000
3,3,10,50000
2,2,5,27000
5,5,8,19000000
3,3,5,13300000
6,5,1,60000000
2,3,5,5400000
7,5,1,58000000
7,6,1,85000000
5,5,10,22000000
4,3,7,17200000
7,5,1,68000000
2,2,3,4300000
6,5,1,48500000
3,3,3,5200000
6,5,1,55000000
7,5,1,55000000
8,7,1.1,42000000
4,4,6,13000000
6,5,5,17500000
6,5,1,60000000
7,5,10,21400000
5,4,10,34000000
6,5,10,17500000
0,0,1,40000000
2,3,3,4100000
7,6,1.1,45000000
0,4,10,28500000
6,5,10,21000000
4,3,5,18000000
9,10,6,8000000
0,3,5,13000000
7,5,10,22000000
6,5,1,45000000
5,4,10,29000000
5,4,1,14000000
4,4,5,13000000
4,5,10,15500000
3,3,5,8200000
8,5,10,21200000
5,5,1,52500000
8,5,10,21500000
7,5,10,25000000
8,5,10,21000000
7,6,1,44000000
1,1,1.8,5000000
6,5,1,50000000
3,3,5,5000000
0,0,10,17500000
0,0,10,16500000
0,0,1,22500000
0,0,3,8000000
0,0,3,11000000
0,0,7.5,20000000
0,0,10,20000000
0,0,4,7500000
0,0,10,15000000
0,0,1,25000000
4,3,7,13000000
4,4,5.4,11500000
4,4,10,19800000
6,6,1.2,50000000
3,3,5,8800000
3,3,5,9200000
2,2,3,2900000
6,6,15,17000000
0,0,10,30000
0,0,10,25000
0,0,10,22000
0,0,10,20000
0,0,4,15000
0,0,4,15000
0,0,10,20000
0,0,5,17000
0,0,6.5,50000
0,0,11,85000
0,0,5,35000
0,0,2.5,23000
0,0,5,25000
0,0,5,25000
0,0,5,20000
0,0,7,50000
0,0,5,33000
0,0,1.2,150000
0,0,7,55000
0,0,5,35000
0,0,5,35000
0,0,15,125000
0,0,10,100000
0,0,7,70000
0,0,5,40000
0,0,1,90000
0,0,6,30000
0,0,7,24000
0,0,5,25000
0,0,16,90000
0,0,7,80000
0,0,2,225000
0,0,1,200000
2,2,6.6,11100000
3,3,6.9,20000000
0,0,8,26000000
0,2,4.7,5500000
6,8,4.8,14000000
3,3,9.6,22500000
0,0,2.7,2600000
5,5,6,45000000
0,0,4.8,15000000
1,2,2.2,2350000
0,0,4.8,15500000
0,0,9.6,11000000
0,6,9.3,47500000
0,4,9.3,45000000
0,8,16,70000000
0,6,10,45000000
0,2,2.9,4000000
3,3,4.9,5700000
5,4,10,47500000
2,2,2.2,6500000
4,4,8.9,27000000
0,0,16.7,69000000
0,4,8.9,35000000
0,2,3.3,5500000
0,2,3.3,5000000
0,2,2.7,4500000
0,2,1.8,3500000
0,3,6.2,14000000
0,3,6.7,22500000
0,4,8.9,30000000
0,2,3.8,15000000
3,3,6.2,8500000
0,0,9.3,30000000
0,3,9.6,15000000
0,2,3.2,3500000
4,3,4,35000000
4,3,4,38000000
4,3,4,28000000
3,3,8.9,21500000
3,3,5.3,13500000
2,2,4.4,11500000
0,0,8,26000000
2,2,4.4,8500000
0,0,4.8,3000000
3,3,6,14000000
6,6,1.1,90000000
2,2,3.6,4600000
3,3,4.8,16000000
2,2,5.3,5550000
3,3,10.7,75000
4,3,1.2,130000
3,3,8.9,75000
3,3,5.8,45000
6,6,2,500000
2,2,4.8,28000
3,3,14.2,190000
4,4,4.8,60000
2,2,4.4,30000
8,8,2,800000
3,3,11.6,190000
1,1,4.4,5600000
4,4,16,20000000
1,1,2.8,5000000
3,5,8,17500000
2,2,3.4,5000000
3,2,12.2,18500000
2,2,2.9,4000000
6,6,2.1,300000000
6,5,1.2,120000000
6,6,2.1,250000000
7,6,1,39000000
8,8,1,95000000
0,0,1,88000000
0,0,9.6,78500000
7,6,1,52500000
3,3,11,19200000
7,7,12,47500000
1,1,1.3,65000
2,2,8,38000
2,2,8,40000
2,2,3.1,40000
2,2,6.5,200000
6,6,1,125000
1,1,2.4,23000
3,3,1,50000
3,3,14.2,65000
3,3,14.2,60000
3,3,14.2,60000
3,3,14.2,60000
3,3,1,80000
3,3,14.2,65000
2,2,5,16000
6,6,1,120000
6,6,1,100000
0,0,10,27000
0,0,11,35000
2,2,4.4,40000
3,2,10,35000
3,2,10,28000
1,1,5,11000
3,3,1,50000
8,5,10,22000000
4,3,85,11500000
4,3,10,20000000
6,5,1,49000000
0,4,5,9500000
5,4,10,20500000
0,5,2.1,55000000
6,5,1,47500000
6,5,1,50000000
5,4,10,19900000
0,3,5,10000000
2,2,2,3150000
4,4,10,27000000
0,0,1,45000000
6,5,8,16500000
6,5,1,46500000
0,5,5,17000000
8,5,10,24000000
0,5,10,31000000
5,5,1,32500000
6,9,1.1,80000000
5,5,1,50000000
5,5,1,28000000
3,3,6,12000000
6,5,30,190000000
5,4,10,26500000
0,3,5,15000000
8,5,10,23500000
8,5,10,21600000
5,4,10,26900000
0,6,8,24000000
4,3,8,160000000
5,4,10,29900000
6,6,1,51500000
5,4,10,30500000
3,3,5,13200000
0,3,5,11500000
0,3,5,11500000
0,2,2.6,5600000
3,2,10,10500000
7,5,10,21000000
0,5,15,41000000
7,5,10,21200000
4,3,5,11300000
6,5,10,20000000
4,3,5,11400000
6,5,10,17500000
4,3,5,11500000
7,5,11,22500000
6,5,1,42500000
7,5,10,21700000
6,5,1,77500000
0,4,13.2,19000000
7,5,10,17500000
7,6,1,35000000
7,5,1,37500000
4,3,5,9500000
5,5,1,45000000
5,5,1,30000000
5,5,10,22000000
5,5,10,17000000
4,4,8,17000000
4,4,10,15500000
9,7,2,150000000
3,3,8,14500000
3,3,5,11500000
3,3,5,12000000
0,0,5,6000000
3,3,5,11000000
0,0,3.5,12500000
0,0,3.5,25000000
0,0,5,10000000
0,0,5,5000000
0,0,10,40000000
0,0,5.5,9000000
0,0,1.4,5000000
0,0,7,16000000
0,0,7,15500000
0,0,7,16500000
0,0,6,2500000
6,5,10,28500000
3,3,5,8000000
4,4,5,6500000
6,5,14,26900000
6,5,1,38000000
4,3,10,23000000
2,2,4,6500000
6,10,5,7500000
9,8,1.2,19500000
0,0,16,56000000
4,4,8.9,37500000
4,3,8,35000000
3,3,8,26000000
3,3,6.3,12000000
2,2,4,6500000
3,3,7.3,13000000
2,2,4.2,13000000
3,3,7.4,17000000
2,2,4.7,6500000
3,3,7.4,13000000
3,3,5.6,6500000
3,3,6,8500000
3,3,5.6,6000000
3,3,3.6,5000000
4,3,10,12200000
3,3,6.4,12000000
3,2,4.2,5500000
8,8,1,65000000
4,3,8,13000000
4,4,14,15000000
4,4,10.6,46000000
2,2,4.4,4500000
3,3,8,12000000
3,3,4.8,5500000
9,8,4.8,24000000
2,2,4.4,9000000
6,6,4.8,24000000
2,2,3.3,5500000
2,2,3.8,9000000
3,3,6.9,10000000
2,2,4.6,6000000
6,9,3.2,10500000
3,3,4.8,8000000
2,2,4.4,7500000
3,3,7.3,13500000
3,3,4.7,6500000
2,2,3.8,4000000
2,2,6,8500000
6,6,9.6,31500000
3,3,6.2,13000000
2,2,4.2,6000000
2,2,4.7,17500000
2,2,4,7500000
2,2,4,9000000
2,2,3.8,9000000
2,2,3.1,5500000
2,2,9.8,42500000
3,2,6.7,99000
2,2,4.2,20000
3,3,8.9,70000
5,4,2,160000
2,2,3.6,18000
2,2,4.8,28000
4,4,1.3,190000
3,3,1,55000
3,3,1,65000
3,3,1,45000
2,3,4.9,20000
3,3,6.7,25000
2,2,10,70000
3,3,1.2,110000000
5,5,3.8,550000000
0,0,7,16500000
0,0,9.3,18500000
5,5,6.6,14000000
0,0,4,17500000
0,0,4,15500000
0,0,10,48500000
0,0,18,50000000
0,0,4,17500000
0,0,4,15500000
0,0,10,48500000
0,0,18,46000000
0,0,8,33500000
0,5,1.1,85000000
0,5,2.4,135000000
0,0,3.6,200000000
0,4,1.3,120000000
0,6,1.4,87500000
0,7,2,120000000
0,5,1,62500000
1,1,2.7,4892000
0,5,1.6,115000000
0,4,1,64000000
4,4,10,78000
3,3,11,60000
2,2,10,33000
2,2,5,30000
2,2,10,40000
3,3,0.9,12000
6,6,10,58000
0,0,1,13000
0,3,7,32000
0,4,10,50000
0,0,7,50000
0,3,7,35000
0,0,10,50000
5,4,7,46000
3,3,6,35000
2,2,8,30000
5,5,10,45000
3,3,7,20000
2,2,3.3,30000
2,2,5,20000
3,3,5,10000000
4,3,5,13500000
1,1,2.2,4500000
1,1,2.2,4000000
1,1,2.2,3500000
4,5,11,16500000
3,3,5,10500000
4,3,5,12000000
7,6,10,25000000
0,0,3,4000000
6,5,1,125000
4,4,3,4500000
5,5,10,18500000
2,2,6.2,11800000
4,4,1,30000000
4,4,8,14500000
3,3,8,12500000
3,3,5,9500000
2,2,3,2700000
6,4,8,17500000
8,6,1,50000000
6,4,8,17500000
7,5,10,21500000
7,5,10,21500000
7,5,10,17500000
4,3,5,10800000
4,3,5,12500000
7,5,10,17000000
6,5,10,17500000
6,5,10,16500000
7,5,10,18000000
7,5,10,17500000
7,5,10,17500000
7,5,10,17000000
6,5,1,36000000
7,5,11,22500000
5,4,10,22000000
7,5,10,18000000
5,4,10,22000000
7,5,10,19500000
0,8,2,95000000
7,5,10,19500000
6,4,11,25600000
5,4,11,23000000
8,6,12,27000000
8,6,12,26000000
8,6,12,25000000
0,9,1.1,37000000
7,5,10,17500000
3,3,5,16500000
6,5,2,160000000
6,5,1,38000000
3,3,2,5000000
5,4,10,32500000
3,3,3,7000000
3,3,5,21000000
6,5,1,36000000
6,5,1,36000000
4,3,2.5,4500000
6,6,10,24500000
6,5,10,17000000
6,5,10,20000000
5,5,7,12000000
2,2,5,5900000
6,5,10,19500000
3,3,5,8500000
3,3,4,7000000
5,4,7,13500000
2,2,5,5500000
4,4,6,9500000
7,5,1.6,67500000
2,2,3,4000000
6,6,10,19500000
2,2,5,6500000
4,4,5.6,7800000
4,3,5,9800000
5,4,5,9000000
3,5,2.3,12300000
7,6,8,17500000
3,3,6.7,14500000
4,4,7.3,12000000
0,0,9.6,19000000
4,4,10.6,45000000
4,4,12,12500000
3,3,9.6,18500000
3,3,7.3,13000000
10,10,16,32500000
2,2,3.1,3500000
2,2,4.2,7800000
7,7,16,52500000
3,3,5,13000000
3,3,5,13000000
3,3,5,13000000
3,3,5,13000000
3,3,5,13000000
3,3,5,13000000
3,3,5,13000000
3,3,5,13000000
3,3,10,14500000
3,3,5.3,10000000
3,3,5.3,10000000
2,2,4.4,9000000
2,2,4.7,8500000
2,2,4.4,9000000
2,2,4.2,8000000
2,2,4.7,8500000
2,2,4.2,8000000
2,2,8,16000000
3,3,4.4,6000000
3,3,4.7,800000
5,4,4.8,13500000
10,10,16,80000000
2,2,4.9,7500000
7,6,4,9200000
2,2,3.2,4500000
4,8,3.4,8200000
3,3,7.3,70000
6,5,1,220000
2,3,3.8,15000
5,3,10,100000
8,8,2,500000
6,6,2,490000
3,3,11.8,45000
0,0,6,40000
0,0,1,80000
0,0,8,45000
0,0,10,42000
0,0,10,42000
5,5,2,500000
6,6,2,600000
8,6,14.2,130000
2,2,3.8,50000
3,3,7.1,40000
1,1,2.7,14000
4,3,1,45000
2,2,8,40000
2,0,5,5500000
0,0,4,9000000
5,4,4,15000000
5,5,7,25000000
6,6,8,45000000
5,3,4,15800000
8,7,12,44000000
5,5,1,60000000
6,5,8,24000000
6,5,10,31000000
7,5,7,25800000
2,4,4.2,6000000
4,3,8,4100000
4,3,4.4,15000000
4,3,8,6500000
3,3,5,70000
4,4,8,80000
0,2,3,16000
1,1,4,11000
2,2,8,30000
9,9,1,150000
2,2,4,16000
1,1,2.9,400000
0,2,4.2,600000
4,3,5,8500000
0,0,2,115000000
0,0,2,120000000
0,0,1,56000000
0,10,2,90000000
4,3,3,4600000
7,7,2,80000000
4,3,5,11500000
6,5,1,36000000
4,3,3.5,4800000
6,5,10,18000000
7,6,1,50000000
6,5,10,17500000
6,5,10,18000000
6,5,10,20000000
6,5,10,21500000
6,5,11,20000000
5,5,10,20000000
4,3,8,12000000
6,5,10,17000000
6,5,10,21000000
6,5,10,22500000
6,5,10,23500000
6,5,10,19500000
6,5,10,20000000
6,5,10,17000000
6,5,1,43500000
6,5,1,45000000
4,3,5,11500000
4,3,5,11200000
4,3,5,10200000
6,5,1,39000000
2,2,3,3250000
4,3,10,22500000
6,5,1,41000000
6,5,1,41200000
4,3,16,55000000
4,3,5,10200000
7,5,10,18500000
4,3,5,10500000
4,3,5,10900000
6,5,10,22000000
4,3,5,10800000
5,5,10,22000000
5,5,8,17000000
6,5,1,43500000
6,5,11,22000000
6,5,10,21000000
3,3,5,6500000
4,3,5,11000000
4,3,5,10000000
6,5,10,20000000
5,5,8,14200000
7,5,10,17000000
6,6,1,38000000
0,6,12,24000000
4,3,5,13500000
6,5,10,22500000
5,4,7,15000000
6,5,10,17500000
7,5,10,17500000
6,5,11,23500000
7,5,10,16500000
6,5,10,20000000
5,5,10,16000000
6,5,10,22500000
5,4,6,13000000
5,5,10,25000000
5,5,1,40000000
4,4,7,11500000
4,4,5,9000000
4,3,5,11000000
4,5,7,14500000
5,4,14,28500000
5,6,7,9800000
6,5,7.3,15000000
7,6,10,24000000
3,3,5.4,5000000
0,10,7,11000000
0,2,4.2,5000000
0,3,5.6,7000000
0,0,11.2,55000000
0,0,2.9,85000000
0,2,4,5000000
0,3,5.3,7000000
0,3,5.8,7000000
0,0,1.4,4000000
0,2,4.2,5000000
3,3,8.2,21000000
5,5,14,111500000
5,5,14,110000000
6,6,14,108000000
5,5,17.8,95000000
5,5,17.8,85000000
3,3,8,5600000
3,6,3.5,7200000
0,3,4.8,22500000
0,3,5.8,7500000
0,3,6.4,7000000
0,3,6,7000000
0,3,6.4,7500000
0,3,6.4,7000000
0,2,4.2,4600000
0,2,4.7,4200000
0,2,4.7,8500000
0,2,4.7,3500000
0,2,3.1,2800000
0,4,4.8,12500000
0,4,4.8,11500000
0,2,3.8,5000000
0,3,4.2,5800000
0,2,4.2,3600000
0,2,4.2,4500000
0,2,3.3,3800000
0,2,4.2,4800000
0,2,4.4,4200000
0,1,1.6,1800000
0,2,2.9,3200000
0,6,9.6,31000000
0,4,4.8,22500000
0,4,5.3,24000000
0,6,9.6,32000000
0,6,9.6,31000000
0,5,8,32000000
0,4,8,24500000
0,7,16,49000000
0,6,16,50000000
0,6,9.6,28000000
0,8,16,55000000
0,6,9.6,32500000
0,2,2.9,2300000
0,3,5.6,6000000
0,3,6,10000000
2,2,4,5200000
0,4,16,45000000
0,6,12,42500000
0,3,9.6,34000000
0,3,9.6,22500000
0,6,9.6,28500000
0,2,3.3,6000000
0,2,3.3,6000000
0,2,3.3,6000000
0,2,3.3,7000000
0,3,6.4,8500000
0,3,6.4,8500000
0,3,6.4,9000000
0,3,6.4,9000000
0,3,7.8,11000000
0,3,7.8,11000000
0,3,7.8,11500000
0,5,9.6,19500000
0,5,4.8,14000000
0,5,4.8,16000000
0,3,4.8,9000000
0,6,4.8,15000000
0,5,8,18000000
0,2,4.8,10000000
0,4,4.8,13500000
0,3,6,8500000
0,4,6.4,8000000
3,3,5,7200000
3,3,8,21000000
3,3,4,5500000
5,4,8,30000000
0,2,4,6500000
0,2,4,7500000
0,3,6,11500000
0,2,4.9,12000000
0,2,4,4500000
0,2,3.1,3500000
0,3,8,8500000
0,3,9.8,11500000
0,3,5.6,7500000
0,3,5.6,7800000
0,1,1.8,2100000
0,3,8,14000000
0,3,8,9500000
0,3,8,8000000
0,2,4.2,4000000
0,3,6,5500000
0,1,2.2,2300000
0,2,4.8,9000000
0,2,3.1,2600000
0,2,4,7800000
0,3,6,9500000
0,3,6,9500000
0,3,4.8,21500000
0,3,5.8,8000000
0,0,6.2,7500000
0,0,6.2,7500000
0,3,6.2,3800000
3,3,8,13000000
9,6,12,59000000
6,5,6,23500000
2,2,4.2,5600000
3,3,8,9500000
3,3,8,9500000
3,2,4,12500000
2,2,5.6,7500000
3,3,12,8500000
9,8,16,57000000
0,3,6.2,5500000
0,3,6.2,5500000
0,2,4.8,10000000
0,2,4.8,10000000
0,6,9.6,27000000
0,6,9.6,27100000
0,6,9.6,27200000
0,6,9.6,27000000
0,6,9.6,27200000
0,6,16,45000000
0,6,12,35000000
0,8,16,55500000
0,6,12,42500000
0,6,16,50000000
0,4,1,42500000
0,6,9.6,32500000
0,2,4.7,6500000
0,2,4.2,4500000
0,3,6.7,12500000
3,2,5.8,12500000
3,3,6.4,29000
0,3,7.1,50000
5,5,1,340000
6,6,14,150000
4,3,10.1,110000
3,3,4,25000
10,11,16,200000
2,2,5,15000
2,2,6.7,35000
2,2,6.7,23000
6,5,1.1,3500000
3,2,6,40000
1,1,1.8,7000
2,2,3.3,40000
3,3,6.7,38000
3,2,8,50000
1,2,5.6,25000
3,3,12,55000
3,4,14.2,60000
4,4,7,35000
2,2,8,48000
4,6,7.1,175000
6,4,8,85000
2,2,9.4,80000
4,4,5,80000
7,7,10,50000
2,2,8.7,75000
1,1,1.3,19000
7,7,10,80000
5,4,7,23500000
2,2,4.7,7000000
1,1,2.4,1925000
4,4,6.7,26500000
2,2,5,7500000
3,3,6.4,10000000
1,1,2.7,5100000
5,7,9,13000000
4,4,8,18500000
6,5,8,25500000
7,7,12,26500000
3,3,8,7500000
7,7,14,58000000
5,4,4.4,14800000
4,4,7,38000
0,0,5,30000
0,0,5,35000
0,0,4,18000
0,0,6.5,28000
0,0,5,28000
0,0,5,40000
0,0,10,50000
0,0,10,48000
0,0,10,65000
0,0,2.5,15000
0,0,5,10000
0,0,5,10000
0,0,2.5,18000
0,0,5,27000
0,4,7,17500
3,3,10,25000
3,3,10,30000
3,3,10,35000
4,4,5,40000
4,4,1,55000
6,5,12,70000
5,5,10,75000
1,1,4,11000
1,1,1.1,9000
3,2,10,23000
3,3,5,26000
5,5,10,45000
2,2,4.9,62000
8,6,11,70000
3,2,10,29000
3,2,5,18000
7,5,10,14500000
7,5,1,45000000
5,5,1,43500000
1,1,3,6500000
5,4,5,14000000
5,5,1,42500000
6,5,2,110000000
3,3,3,5500000
0,0,10,23000000
6,6,10,18000000
0,0,3.5,5500000
6,6,7,15000000
6,5,1,45000000
6,5,2,150000000
4,3,5,14500000
6,5,1,41500000
7,5,10,17000000
5,5,1,44000000
3,4,10,27500000
7,5,11,18500000
5,5,10,18500000
5,3,5,13000000
5,5,10,18000000
6,5,1,35000000
6,5,2,145000000
4,3,1,45000000
6,5,1,52500000
7,5,11,22000000
4,3,5,10700000
1,1,2.9,3350000
4,3,5,12500000
3,3,3,6700000
7,5,11,24500000
4,4,5,9200000
2,2,4.2,600000
7,5,11,24000000
5,5,1,33000000
6,5,1,44000000
3,3,3,6700000
1,1,2.9,400000
7,5,12,28500000
7,6,1,77500000
7,6,1,105000000
3,3,3,4300000
3,4,5,9800000
7,5,11,22000000
2,1,3,2400000
4,3,5,11500000
6,5,10,21000000
4,3,5,11000000
6,5,10,18500000
5,4,5,7200000
6,5,1,78900000
1,1,1.8,3952000
7,5,10,22000000
3,3,5,13500000
4,3,5,13000000
2,2,4,6000000
2,2,5,4850000
3,3,3,5700000
4,3,5,14000000
7,5,10,19000000
1,1,2.2,2189000
2,2,1.5,3800000
0,0,7,15000000
0,0,6.5,25000000
0,5,7,15000000
0,0,10,20000000
7,6,10,19500000
7,5,18,25000000
7,6,1,58000000
3,3,10,9200000
6,5,10,26000000
5,5,7,13500000
5,5,7,12800000
2,2,3.5,5500000
3,3,7.6,10000000
3,3,9.3,17500000
3,3,8,13500000
0,0,16.7,69000000
3,3,8,13000000
2,2,3.8,5500000
2,2,4.2,5200000
3,3,8,13000000
4,4,6.1,20000000
4,4,4.8,14200000
2,2,4.8,7200000
3,3,8,16000000
3,3,7.1,33200000
2,2,4,5200000
0,2,3.8,4800000
0,6,9.6,26500000
0,3,8,12500000
0,6,9.6,27000000
0,3,7.8,12000000
2,2,4.8,7000000
2,2,4.4,13500000
2,2,4,4400000
0,4,4.8,7000000
0,4,4.8,7000000
0,0,4.8,7500000
0,2,4.8,6000000
0,2,4.8,5500000
0,4,4.8,8000000
0,3,4.8,10000000
0,2,4.8,5500000
0,2,4.8,6500000
0,2,4.8,6500000
0,0,4.8,7000000
0,0,1.2,110000000
7,6,1.3,150000000
6,6,4,16000000
0,3,9.6,26500000
0,3,5.8,5200000
0,2,4,3800000
0,2,2.9,2800000
0,3,4.8,7200000
0,2,2.4,4000000
0,0,4.8,6500000
0,3,4.8,8000000
0,3,4.8,8000000
0,3,4.8,8000000
0,0,4.8,22000000
0,2,2.4,4000000
3,2,3,5500000
3,2,3,5500000
0,2,3,4800000
0,2,3,4800000
0,2,3,5000000
0,4,10,15000000
0,2,5.6,10000000
0,6,16,45000000
5,5,4.8,17000000
3,3,10,22500000
7,5,10,75000000
3,3,8.4,9000000
0,1,2,2300000
0,3,6,10000000
0,3,6,10000000
4,4,1,69500000
7,5,10,75000000
0,3,5.8,5500000
3,3,5.8,14000000
2,2,4.8,8500000
4,4,4.8,12500000
4,0,3.3,7700000
3,3,4.8,8000000
3,3,7.3,14000000
3,3,5.8,13000000
6,6,4.8,16000000
0,2,2.4,3000000
0,2,2.4,3000000
0,2,2.4,4000000
0,0,2.4,3800000
0,3,2.8,5000000
0,3,2.8,5000000
0,0,4.8,5500000
0,0,4.8,5800000
0,0,4.8,10000000
0,0,4.8,10000000
0,6,4.8,24500000
0,4,4.8,17000000
0,0,4.8,14000000
0,0,4.8,13000000
0,6,4.8,24000000
9,9,4.8,19000000
0,0,10,42500000
0,0,4.8,15000000
0,3,4.8,7000000
0,3,4.8,7000000
0,2,4.2,8500000
0,2,4.2,8500000
3,3,6.9,17500000
3,3,4,6500000
0,2,2.7,3000000
0,2,2.7,3000000
5,5,1,330000
3,3,6.7,40000
3,3,6.7,65000
3,3,9.6,52000
2,2,8.6,25000
2,2,4.2,45000
3,3,8,75000
0,2,4.2,20000
0,0,4.8,50000
0,2,4.8,22000
0,2,4.8,25000
0,2,4.8,24000
0,6,16,100000
3,3,10,60000
2,3,3.2,14000
0,3,12,50000
0,2,4.2,22000
0,2,4.7,18000
0,2,4.7,20000
0,2,4.8,28000
0,2,2.7,13000
0,2,2.7,14000
0,2,2.7,9000
7,5,10,80000
0,0,4,26000
2,2,3.6,17000
4,4,1,45000
6,5,1.3,400000
10,10,1.3,600000
9,8,1,600000
3,3,10,50000
9,8,1.3,320000
2,3,16,66000
4,4,4,50000
6,5,1.3,350000
3,3,10,50000
9,8,1.6,1000000
4,4,2.4,250000
9,8,4.5,500000
4,4,1.3,280000
3,3,17.8,130000
2,2,4,25000
6,5,2,320000
3,5,5.6,60000
2,2,5,27000
10,9,2,500000
4,4,4.4,47000
2,2,2.4,150000
7,5,4,700000
9,8,1.6,1000000
4,4,2.4,250000
3,3,1.2,125000
3,3,1.3,200000
4,4,2.1,500000
9,8,1.3,1100000
5,5,1,260000
5,5,1,260000
2,2,4,35000
5,4,4.4,16000000
5,4,4.4,15000000
7,6,1.3,87500000
5,4,4.4,16500000
6,5,8,25000000
9,7,5.4,750000000
10,11,1,45000000
6,4,5.6,25000000
1,1,2.9,4965000
4,4,7,15000000
2,2,7.8,11000000
1,1,2.9,4972000
6,4,5.6,25000000
6,4,5.6,25000000
7,6,21.3,260000000
10,8,3.6,300000000
6,5,10,17000000
6,5,1.9,230000000
6,5,1.7,140000000
0,0,4,42500000
0,0,7,55000
0,0,5,45000
0,0,5,50000
0,0,5,42000
0,0,5,48000
0,0,10,80000
0,0,10,85000
0,0,10,90000
0,0,10,83000
3,3,1,100000
5,5,8,50000
5,5,14,78000
3,3,10,32000
5,0,7,52000
5,4,10,27000000
3,2,3,2900000
2,2,2,2200000
7,5,13,34000000
3,3,3,4800000
6,5,1,46000000
1,1,2.2,3800000
6,5,12,29000000
2,2,4,4500000
7,5,10,18000000
4,3,7,16500000
7,6,1,130000000
4,3,5,16500000
6,5,10,22000000
6,5,1,40000000
6,5,10,18000000
5,4,10,26000000
0,0,2.9,3350000
0,0,4.2,600000
7,5,10,18000000
4,3,7,15000000
3,3,3,6500000
7,5,10,18500000
5,4,10,17500000
5,4,10,27000000
6,5,10,21600000
4,3,5,15000000
4,3,5,13500000
7,5,10,21000000
5,4,10,21000000
4,4,5,8900000
7,5,10,18000000
5,4,10,23000000
7,6,10,16000000
3,4,3,7000000
5,4,5,10500000
5,4,5,11000000
4,3,7,21000000
5,4,10,23000000
2,2,2,3200000
0,0,5,6700000
6,5,10,26000000
1,2,5,3800000
5,3,3.5,6500000
6,5,10,20000000
0,0,10,18500000
6,5,10,32000000
4,4,5,11000000
5,4,10,20000000
3,3,2,6500000
0,0,16,52500000
0,0,5,8000000
0,0,4.1,8500000
0,0,5,8500000
0,0,2.5,2000000
0,0,5,5000000
0,0,2.5,4800000
0,0,5,9000000
0,0,8,8000000
5,4,7,19000000
4,4,3.5,8500000
2,2,3.1,5500000
1,1,2.1,3800000
7,5,10,22000000
6,6,3,8500000
1,2,5.6,2600000
7,5,7,15000000
1,1,2.6,5200000
2,2,3.6,9500000
1,1,2.2,4300000
2,2,5.3,13500000
2,4,3,3500000
1,1,2.2,3800000
2,1,3.6,7200000
1,1,2.2,3500000
0,0,4.8,13500000
0,0,4.8,14000000
0,1,2.4,2500000
0,0,4.8,15000000
0,0,4.8,22500000
0,2,3.1,4000000
0,0,4.8,6500000
0,0,8,42500000
0,0,4.8,24000000
0,0,4.8,17000000
0,2,4.8,7500000
0,3,4.8,8500000
0,3,4.8,8500000
0,3,4.8,8500000
0,3,4.8,8500000
3,4,2.6,3500000
2,2,2.9,2600000
5,9,3.6,13500000
2,2,5.8,7600000
0,2,3.2,5200000
0,2,3.2,5300000
0,3,6.2,9500000
0,3,1.8,2200000
0,3,1.6,1700000
0,1,1.8,3000000
0,2,3.6,6000000
0,3,6.2,15000000
0,2,5.6,8000000
0,2,4.2,5600000
0,2,2.9,4200000
0,2,4.2,8000000
0,2,3.1,5000000
0,2,3.1,5000000
0,0,6.4,8500000
0,2,3.6,5500000
0,2,3.6,5500000
0,3,4.8,11000000
0,0,4.8,15000000
0,0,4.8,20000000
0,0,4.8,14000000
0,2,4.8,5500000
0,0,4.8,18000000
0,0,3.2,13000000
2,2,3.3,4000000
0,8,4.8,30000000
3,3,9.6,25000000
5,5,1,110000000
0,2,4.2,5500000
0,6,12,38000000
0,0,12,45000000
0,5,1,60000000
0,6,6,27500000
0,0,18.4,40000000
0,0,19.3,26500000
3,3,5,12500000
3,3,6.9,9500000
3,3,4.2,6500000
6,5,14,17500000
4,4,10.6,45000000
2,3,6.4,16500000
0,2,5.3,6000000
0,3,1.2,7500000
0,0,8,28000000
0,6,10.6,42500000
0,0,9.6,19000000
0,0,4.8,9000000
3,3,8,16000000
2,3,9.3,13000000
4,8,3.2,7500000
2,2,5.3,11500000
2,2,3.5,2500000
3,3,5.6,16000000
3,3,5.8,13000000
2,2,5.3,12500000
0,6,2,140000000
0,3,10,55000000
0,3,13.3,50000000
0,3,9.4,75000000
0,4,12,55000000
0,3,8.9,33500000
0,3,8.9,40000000
0,3,8.9,40000000
3,3,5.8,13000000
0,0,10,28000000
0,0,8,25000000
0,0,8,26000000
0,0,16,42500000
0,6,16,45000000
0,6,10.2,40000000
0,6,9.6,45000000
3,3,6.4,14000000
0,0,8,26500000
0,0,8,25000000
0,0,9.3,30000000
0,2,4.7,8500000
0,0,1.2,65000000
3,3,8,5500000
3,3,6.1,10800000
0,1,3.2,1500000
7,5,4,700000
10,11,3.8,600000
8,6,14.2,135000
2,2,6.7,60000
4,4,4,160000
3,3,8,34000
6,5,2,300000
3,2,4.4,25000
3,3,10,48000
5,6,1,250000
10,10,2.4,500000
7,5,8,75000
8,7,1,450000
0,0,4,25000
10,11,4,1470000
10,9,2,1000000
2,3,10,50000
8,7,2.4,1800000
2,2,4.4,24000
2,2,8,35000
4,4,2,450000
0,0,12,38000
3,2,8,40000
2,2,7,27000
3,2,8,40000
2,2,7,18000
4,4,1,42000
3,3,14,33000
0,0,5,80000
2,2,8,35000
6,5,10,65000
2,2,6.7,35000
3,3,6.7,36500
3,2,5.8,22000
2,2,4.4,26000
3,2,10,33000
2,2,3.6,3700000
2,2,3,3850000
0,1,3.2,6408000
0,1,3.3,6375000
10,11,1,140000000
10,11,12,70000000
2,2,5,3600000
2,2,5,2600000
1,1,3.1,1035000
1,1,3.6,4400000
6,5,10,30000000
5,4,10,13500000
2,2,9.3,16500000
1,1,1.8,1499000
2,2,7.1,65000
2,2,7.1,65000
2,2,7.1,60000
2,2,7.1,60000
2,2,7.1,55000
2,2,7.1,55000
2,2,7.1,50000
2,2,7.1,50000
3,3,1,85000
3,3,1,90000
3,3,1,90000
3,3,1,85000
3,3,1,75000
3,3,1,80000
3,3,1,80000
3,3,1,75000
2,2,6,12000000
1,1,2.2,6800000
1,1,2.2,3300000
3,2,5.6,13500000
2,1,3.6,1800000
5,5,10,24000000
5,5,10,26000000
5,4,3,30000
0,0,5,23000
0,0,5.5,45000
3,3,1,60000
6,6,1,125000
2,3,6,27000
3,3,12,40000
5,4,10,34900000
6,5,1,56000000
2,2,5,5000000
5,5,10,13500000
0,6,1,79900000
2,2,3.4,9120000
6,5,10,18500000
2,2,4.2,11200000
4,4,5,8600000
5,8,5,10600000
6,5,1,49900000
0,0,5,11000000
2,3,5,6500000
1,1,2.9,400000
2,2,5,2250000
4,3,5,13200000
1,1,2.3,4000000
6,5,12,24000000
2,2,2,3000000
6,5,10,22500000
2,2,3,3200000
5,5,5,10500000
2,2,4.2,600000
5,6,10,16500000
5,5,4.7,9500000
3,3,3,7500000
2,2,2.5,5000000
4,4,5,11000000
3,3,3.2,7500000
3,3,2.5,5500000
5,5,10,22000000
3,3,2.5,5500000
4,4,5,11000000
3,3,2.7,6500000
3,3,2.7,6500000
2,2,5,4200000
4,4,2.5,6200000
3,3,2.5,6000000
5,4,9,24000000
2,2,1.7,5500000
4,4,3.5,8000000
6,5,1,44000000
4,4,3.5,8000000
6,5,1,62000000
3,3,3.5,8500000
6,5,1,59500000
6,5,1,57500000
3,3,3.5,8500000
5,4,10,41000000
3,3,3.5,7800000
6,5,1,59500000
6,5,2,110000000
4,3,5,18000000
1,1,2.2,3800000
5,4,13,34000000
6,5,1,47500000
5,4,10,30500000
6,5,1,40000000
3,3,3.5,7800000
6,5,1,42500000
4,4,2,5500000
6,5,1,48000000
6,5,1,57500000
3,3,5,12500000
5,4,10,32500000
3,3,5,12500000
3,3,5,12500000
5,4,10,41000000
3,3,5,12200000
3,3,5,12200000
4,3,5,16000000
3,5,5,7500000
4,4,5,11000000
3,3,5,6500000
7,6,1,44000000
6,5,10,26000000
6,5,10,20000000
0,2,3.1,17000
0,0,4.8,20000
2,0,4.8,20000
4,4,1.2,120000
5,6,4.8,38000
4,2,20,20000
4,5,1.5,300000
3,3,5.1,36000
0,3,12,100000
3,3,5.8,55000
3,3,8.4,70000
3,3,5.3,65000
6,5,1,335000
6,6,1,260000
3,3,1,100000
6,5,1,220000
5,5,4,95000
3,2,12,80000
7,5,4,1200000
3,3,8,8990000
4,4,14,14800000
2,2,4.8,7500000
3,3,5.1,11000000
2,2,4.4,7800000
4,4,4.8,16500000
0,0,3.4,6500000
2,2,4.2,5500000
6,7,13.3,40000000
6,6,12,45000000
3,3,8,8900000
3,3,11.6,40000000
7,6,9.6,38500000
3,3,6.4,15000000
3,3,5.6,6000000
10,10,2,130000000
3,2,4.9,7000000
2,3,2.4,2500000
3,3,6.2,8500000
3,6,8.9,20000000
0,0,6,29000000
3,3,6,11000000
3,3,6.2,32000
2,3,3.2,19000
3,3,5.8,130000
2,3,3.8,26000
3,4,5.1,32000
5,0,12,150000
3,3,6.7,28000
4,4,1,90000
0,0,3.2,21000
2,2,4.2,35000
4,3,8,30000
2,2,3.1,40000
3,2,4.8,25000
3,3,4.3,30000
2,2,4.8,26000
3,3,8,80000
3,3,12,75000
3,3,12,70000
3,3,12,70000
2,2,7,45000
2,2,7,45000
1,1,4.9,20000
2,2,7,42000
2,2,7,42000
6,5,1,260000
2,2,7,35000
2,2,7,40000
2,2,7,40000
10,9,2.5,1600000
2,2,7,38000
2,2,7,38000
2,2,7,35000
8,7,1,500000
2,2,5,28000
2,2,5,30000
2,2,5,30000
2,2,5,35000
6,6,1,145000
2,2,5,37000
2,2,5,37000
2,2,5,35000
8,7,1.2,500000
2,2,7,45000
2,2,7,45000
3,3,1,35000
10,10,1.3,1000000
2,2,7,55000
2,2,7,55000
2,2,7,60000
6,5,1.3,400000
2,2,7,60000
2,2,7,60000
3,3,12,53000
3,3,12,68000
5,5,1.2,230000
3,3,5,55000
3,3,4.4,50000
3,3,1,1100000
1,1,4.4,7000
6,5,10,80000
4,4,7,72000
4,4,7,73000
4,4,7,68000
4,4,7,72000
1,1,3.8,95000
4,4,7,70000
4,4,7,65000
4,4,7,68000
4,4,7,69000
4,4,7,68000
4,4,7,70000
4,4,4,43000
4,4,4,43000
4,4,4,42000
4,4,4,42000
4,4,4,40000
4,3,12.7,85000
4,4,4,60000
4,4,4,58000
4,4,4,55000
4,4,4,55000
2,2,4,45000
9,9,1,350000
2,2,3.3,32000
7,6,8,90000
3,2,7,35000
3,3,10,30000
4,4,10,35000
3,3,18,50000
2,2,6,16500
2,2,5,18000
8,7,2,40000000
5,5,10,22000000
3,3,5,12500000
3,3,5,12500000
5,5,10,24000000
5,5,10,22000000
3,3,5,11500000
5,5,10,21000000
5,5,10,22500000
5,5,10,22000000
5,5,10,21000000
5,5,10,22500000
5,5,10,22500000
3,3,6,8800000
5,5,10,21000000
5,5,10,23500000
3,3,5,12500000
5,5,10,23500000
5,5,8.2,23000000
3,3,5,12000000
3,3,5,12000000
3,3,5,12500000
5,5,10,21500000
5,5,10,22000000
5,5,10,22000000
5,5,10,22000000
6,5,11,22000000
6,5,10,22000000
4,3,5,10800000
5,5,10,22500000
6,5,10,22000000
6,5,12,21500000
5,5,8,17000000
6,5,11,22000000
5,5,10,23500000
5,5,10,22500000
5,5,10,22500000
3,3,5,12500000
5,5,10,22500000
6,5,8,18200000
5,4,8,14000000
3,3,5,12500000
6,5,10,22500000
3,3,5,12500000
3,3,5,11500000
3,2,5,4000000
4,3,5,10500000
3,3,5,12000000
3,3,5,12000000
5,5,10,24000000
4,4,6,13000000
6,5,10,25000000
6,5,10,17500000
6,5,10,20500000
6,5,1,36000000
5,5,10,22500000
1,3,5,10500000
5,3,5,12000000
5,3,5,11400000
3,3,2,6500000
6,5,10,20500000
3,3,2,4500000
5,3,5,12500000
5,3,5,12300000
3,3,2.2,5000000
5,3,5,11500000
5,3,5,11500000
3,3,3.5,7500000
5,3,5,12300000
3,3,3.5,8000000
3,3,2.8,6200000
7,5,10,19600000
3,3,3.5,7800000
4,4,10,18000000
5,5,5,18000000
4,4,5,16000000
5,5,10,28000000
3,3,5,10800000
4,4,5,10800000
3,3,10,21500000
3,3,3,7500000
3,3,3.5,10000000
3,3,3,7000000
6,5,10,20000000
6,5,11,21000000
6,5,10,19000000
6,5,11,23800000
1,3,3,3000000
4,4,10,22500000
4,4,1,47500000
3,3,2.7,5700000
0,0,10,32500000
3,3,5,10200000
3,3,5,12000000
3,3,5,12500000
3,3,5,10000000
3,3,5,9500000
5,5,10,16500000
1,1,2.9,400000
5,4,6,17000000
4,3,5,12200000
3,3,5,11900000
3,3,5,13000000
4,3,5,9200000
4,3,5,9500000
4,3,5,9800000
3,3,5,12000000
3,3,5,11000000
5,5,1,55000000
3,3,5,11000000
5,5,2,130000000
3,3,5,11000000
5,5,1.5,75000000
3,3,5,11000000
3,3,5,11000000
3,3,5,11000000
3,3,5,11000000
3,3,5,11000000
3,3,5,11000000
3,3,5,11000000
3,3,5,11000000
6,6,5,15500000
3,3,5,11000000
3,3,5,11000000
3,3,5,11000000
3,3,5,11000000
4,3,5,10000000
3,3,5,11000000
3,3,5,11000000
3,3,5,11000000
4,4,5,11500000
3,3,5,11000000
3,3,5,11500000
5,5,10,17000000
3,3,5,11500000
3,3,5,11000000
6,5,1,60000000
3,3,5,11500000
5,4,1,65000000
5,5,10,15000000
12,9,2,120000000
6,5,4.8,20000000
1,9,1,110000000
4,4,4.8,18000000
6,6,8,26000000
5,4,9.6,30000000
4,3,4,45000000
2,2,2.9,2500000
2,2,2.7,2100000
2,2,3.1,4000000
2,3,3,2350000
5,0,3.2,9200000
2,2,4,5300000
6,6,3.2,7500000
2,3,4,5000000
10,8,4.8,17500000
2,2,3.5,6000000
4,4,14.2,47000000
2,3,4.8,6000000
6,8,16,50000000
4,5,12,15800000
0,0,16,41500000
2,2,6,14500000
7,6,12,65000000
2,2,4.5,7500000
2,2,4.2,7000000
2,2,8,19500000
6,5,1,85000000
0,0,6,15000000
0,0,4,11000000
0,0,4,11500000
0,0,4,8500000
0,0,6,18000000
0,0,6,16500000
10,11,3.7,340000000
5,4,10,18500000
6,5,1,35000000
8,7,10,20000000
3,3,5,1000000
3,3,10,26000000
5,4,5.5,25000000
9,9,1,300000
5,4,1.2,200000
9,9,1,300000
0,0,5,28000
0,0,6,35000
0,0,5,32000
0,0,4,20000
0,0,4,17000
0,0,4,18000
0,0,6,45000
0,0,5,25000
0,0,6,50000
5,4,17.8,200000
0,0,6,55000
0,0,6,25000
6,5,8,55000
10,8,4,2000000
2,2,4,20000
2,2,4,22000
2,2,4,18000
2,2,5,28000
2,2,5,30000
2,2,6,28000
2,2,6,30000
2,2,6,30000
2,2,6,32000
2,2,6,32000
2,2,6,28000
2,2,6,25000
2,2,6,30000
2,2,6,32000
2,2,5,28000
2,2,5,32000
2,2,5,25000
2,2,5,25000
2,2,5,30000
2,2,5,32000
2,2,4,17000
2,2,4,18000
2,2,4,20000
4,4,5,50000
4,4,6,55000
4,4,1,60000
3,3,1.3,120000
5,4,2.2,50000
5,4,4.4,50000
1,1,0.6,16500
6,5,1.3,250000
7,6,1,85000
0,0,7,26000
0,0,9,200000
7,7,1,180000
4,3,9,230000
5,4,10,60000
5,4,4.8,490000
5,4,1,85000
0,3,14,55000
0,3,14,80000
2,2,7.6,60000
6,6,1,200000
2,3,5,65000
1,1,2.9,35000
4,5,9,15000000
6,5,15,24000000
6,5,10,24000000
6,5,10,22000000
6,5,10,24000000
4,3,5,9800000
5,4,5,10000000
5,5,6,50000
4,3,5,40000
4,3,12,50000
0,3,5,33000
0,3,5,35000
0,3,10,32000
3,3,5,32000
2,2,3,25000
0,3,12,35000
2,2,8.4,25000
1,2,3.5,15000
5,3,10,22000
6,6,11,24000000
3,3,5,11500000
3,3,5,11500000
3,3,5,11500000
3,3,5,11500000
3,3,5,11500000
3,3,5,11500000
3,3,3,9500000
3,3,5,11500000
3,3,5,11500000
3,3,3,8500000
3,3,5,11500000
3,3,5,11500000
3,3,5,11500000
3,3,5,11500000
3,3,5,11500000
3,3,5,11500000
3,3,5,11500000
3,3,5,11500000
3,3,5,11500000
3,3,5,11000000
3,3,5,11000000
3,3,5,11000000
4,3,5,11000000
6,5,10,20000000
3,3,5,11000000
3,3,5,11000000
3,3,5,11500000
3,3,5,11500000
3,3,5,11500000
3,3,5,11500000
3,3,5,11500000
4,3,5,12500000
6,5,10,16000000
6,5,10,19300000
4,3,5,10800000
4,3,5,11000000
4,3,5,11500000
4,3,5,12000000
4,3,5,11500000
5,3,1,55000000
5,5,5,7500000
3,3,1.5,2500000
4,3,5,10800000
5,5,16,15000000
3,3,3.5,6000000
3,3,4.5,8000000
3,3,3,7000000
3,3,2,3500000
4,4,5.5,14000000
3,3,5.5,15000000
4,3,5,10800000
6,5,1,41500000
4,3,5,11500000
5,5,10,26000000
5,5,10,22500000
4,4,8,15000000
5,5,10,16700000
5,5,10,19500000
5,5,10,21000000
4,4,8,13500000
5,5,10,17000000
5,5,10,23000000
5,5,7.5,14500000
3,3,5,12500000
3,3,5,13500000
5,5,10,16500000
3,3,5,11000000
3,3,5,12000000
3,3,5,10500000
4,3,5,11000000
5,5,10,19500000
5,5,10,19000000
5,5,10,16500000
5,5,10,19500000
5,5,10,18000000
5,5,10,17500000
5,5,1,35000000
5,5,8,12500000
5,5,8,13000000
3,3,4,9000000
5,5,8,15000000
5,5,8,13500000
3,3,4,9500000
3,3,5,10500000
3,3,5,10000000
3,3,5,9500000
3,3,5,8700000
3,3,5,9000000
3,3,5,8500000
3,3,4,8500000
5,4,10,24000000
3,3,4,8000000
5,4,10,24000000
5,4,10,24000000
5,4,10,22000000
0,0,10,14500000
5,4,10,22000000
5,5,10,14500000
4,4,10,17000000
5,4,5,9000000
5,4,1,23000000
3,2,5,6000000
4,3,4,6500000
3,3,5,10000000
8,7,5,13000000
4,3,4,8000000
5,5,10,15500000
4,3,2.5,5500000
3,2,2.5,5500000
3,2,2.5,4500000
4,3,5,8600000
3,3,5,13000000
4,4,1,18000000
6,5,5,9000000
5,4,10,23000000
5,4,5,9000000
4,4,1,45000000
5,4,10,25500000
5,4,12,29500000
5,4,10,20000000
4,3,5,12500000
3,3,5,10500000
3,3,5,11500000
5,5,1,37500000
4,4,10,22500000
4,4,10,21000000
5,5,1,35000000
5,5,1,37500000
4,4,10,19000000
3,3,6,13500000
3,3,5,12000000
5,5,10,18000000
3,3,12,105000
3,2,1,120000
6,5,2,550000
3,3,8.4,50000
3,3,1.2,150000
5,5,14,140000
4,4,4.8,90000
0,11,3,550000
4,4,8,68000
2,2,4.8,17500000
2,2,4.2,8500000
2,2,3.1,4800000
2,2,3.1,5000000
2,2,4,6000000
2,2,4,7500000
2,2,3.1,5500000
3,3,5.8,7500000
3,3,6,10000000
2,2,3.8,8500000
3,3,6.2,13000000
2,2,4.8,17500000
2,2,4.2,7000000
3,3,6.2,13000000
0,3,9.6,17000000
0,3,8,13500000
3,3,5.2,8500000
4,4,14,15000000
3,3,8,13000000
0,2,4.2,8500000
0,3,6,9000000
0,3,5.1,11500000
0,3,5.1,11500000
4,4,4.8,18500000
0,0,4,11000000
0,0,2.4,4000000
3,3,5.8,8500000
3,3,5.8,9000000
3,3,5.8,9000000
3,3,6.7,13000000
0,0,5.3,9200000
0,0,4,10000000
2,2,4.2,5800000
2,2,4.2,5100000
2,2,6,15600000
3,3,6,13500000
3,3,6,14000000
3,3,6,14300000
3,3,6,14400000
3,3,6,14500000
5,4,8,28000000
6,5,14.2,40000000
1,2,7.3,45000
5,7,10,150000
2,2,3,26000
2,2,7.1,70000
1,1,4,20000
1,2,6.4,40000
2,2,6,38000
2,2,2.2,26000
4,3,12,60000
2,3,9.3,55000
1,1,1.8,18000
3,3,1,85000
3,3,1,110000
0,0,1,55000
0,0,1,45000
0,0,1,50000
0,0,1,60000
0,0,1,125000
0,0,10,75000
0,0,10,65000
5,3,1,85000
0,0,1,50000
0,0,10,32000
0,0,10,35000
5,5,10,19900000
5,5,10,18000000
5,5,4.3,12000000
6,5,5,13500000
4,4,5,11500000
5,5,5,10000000
0,0,5,7500000
5,5,5,12000000
5,5,10,14500000
4,4,5,10000000
5,5,10,22500000
4,4,5,12000000
5,5,10,21500000
6,6,12,26000000
0,0,3,25000
0,0,5,35000
3,3,10.8,35000
0,0,4.2,35000
4,3,5,12000000
5,5,10,17500000
4,3,5,11000000
5,5,10,20000000
4,3,5,10500000
5,4,10,38500000
5,5,5,13000000
4,3,5,10000000
3,3,3,6750000
1,1,2,2395000
2,2,3,3495000
4,3,5,11000000
4,4,4,5000000
6,6,16,15000000
3,3,3,8600000
6,6,1,45000000
4,4,10,15000000
4,4,4,14000000
8,7,1,40000000
3,3,1,30000000
5,5,10,27000000
5,5,12,32500000
5,5,18,42500000
5,5,10,27000000
5,5,10,27000000
3,3,5,12000000
5,5,10,21000000
3,3,10,12000000
5,5,17,41000000
6,6,1,42500000
6,5,10,19000000
5,4,10,40000000
5,5,10,24500000
6,5,10,20000000
4,4,10,36000000
3,3,5,11500000
6,5,8,17000000
6,5,1,37000000
6,5,1,45000000
5,5,10,24500000
5,4,10,31000000
6,5,1,49000000
3,3,6,14600000
3,3,6,14700000
3,3,6,14800000
3,3,6,14900000
3,3,6,15000000
3,3,8,18500000
3,3,8,19000000
3,3,8,19500000
3,3,8,19600000
3,3,8,19700000
3,3,8,19800000
3,3,8,19900000
3,3,8,20000000
3,3,8,20500000
3,3,8,21000000
3,3,8,13500000
3,3,8,14000000
3,3,8,14500000
3,3,8,14600000
3,3,8,14700000
3,3,8,14800000
3,3,8,14900000
3,3,8,15000000
3,3,8,15200000
3,3,8,15500000
3,3,8,6500000
3,3,8,6800000
3,3,8,7000000
3,3,8,7200000
3,3,8,7500000
3,3,8,13500000
3,3,8,14000000
2,2,4,32000
3,3,6.1,25000
2,2,4,32000
3,3,8,14500000
3,3,8,15000000
3,3,8,16000000
4,4,14,13500000
4,4,14,14000000
4,4,14,14500000
4,4,14,15000000
4,4,14,15500000
4,4,14,16000000
4,4,14,16500000
4,4,14,17000000
4,4,14,17200000
4,4,14,17500000
2,2,4.2,5000000
2,2,4.2,5200000
2,2,4.2,5400000
2,2,4.2,5600000
2,2,4.2,5800000
2,2,4.2,6000000
2,2,4.2,6200000
2,2,4.2,6300000
2,2,4.2,6400000
2,2,4.2,6500000
0,4,4.8,11000000
4,4,4.8,18500000
4,4,5.6,14000000
3,3,6,9500000
2,2,4,6500000
2,2,4,7000000
4,4,4.8,12500000
4,4,5.6,14000000
4,4,4.8,13200000
4,4,4.8,13500000
4,4,4.8,14000000
4,4,4.8,14200000
4,4,4.8,14500000
4,4,4.8,15700000
4,4,4.8,18500000
4,4,4.8,16100000
4,4,4.8,16300000
4,4,4.8,16600000
4,4,4.8,17100000
4,4,4.8,17400000
4,4,4.8,17500000
4,4,4.8,18500000
4,4,4.8,18000000
4,4,4.8,18200000
4,4,4.8,18500000
4,4,4.8,18800000
5,5,4.8,18000000
4,4,4.8,19000000
4,4,4.8,19200000
4,4,4.8,20000000
3,3,4.4,6500000
4,4,5.6,24000000
6,6,9.6,27500000
4,4,4.8,14500000
2,2,4.8,6000000
2,2,3.6,4500000
2,2,3.6,4700000
2,2,4.6,4700000
2,2,4.6,8000000
2,2,4.6,7500000
2,2,4.6,7500000
2,2,3.4,6000000
4,6,4.4,17000000
2,2,4.8,7500000
3,3,8,12000000
3,3,8,12100000
3,3,5.8,6500000
2,2,4.8,4000000
2,2,5.6,4200000
2,2,4.2,4000000
2,2,4,4000000
2,2,3.6,3300000
2,2,3.6,2800000
2,2,4.7,4000000
6,6,14.2,25000000
6,5,1,40000000
3,3,9.2,14600000
4,4,18.4,40500000
5,5,8,21000000
5,5,14,38000000
0,0,1,140000
0,0,1,130000
0,0,1,110000
0,0,1,180000
0,0,1,200000
0,0,1,230000
0,0,1,250000
0,0,1,280000
0,0,11.8,35000
0,0,1,300000
0,0,1,320000
0,0,1,350000
0,0,1.3,400000
0,0,1.3,430000
0,0,1.3,450000
0,0,1.3,480000
0,0,1.3,500000
0,0,11.8,45000
0,0,1.3,550000
0,0,1.3,600000
0,0,1.3,650000
0,0,1.3,680000
0,0,2,700000
0,0,2,750000
0,0,2,780000
0,0,2,800000
0,0,11.8,45000
0,0,1.3,500000
0,0,1.3,550000
0,0,1.3,600000
0,0,1.3,630000
0,0,1.3,630000
0,0,1.3,640000
0,0,2,750000
0,0,2,800000
0,0,11.8,35000
0,0,2,850000
0,0,1.3,500000
0,0,1.3,550000
0,0,1.3,600000
0,0,1.3,630000
0,0,2,700000
0,0,2,750000
0,0,2,800000
0,0,2,850000
0,0,2,900000
2,2,8,40000
2,2,8,33000
4,4,4,160000
4,2,4.9,24000
0,0,1,150000
0,0,1,120000
4,5,10,19500000
7,7,10,19500000
4,4,5,11500000
4,4,5,12000000
5,5,7,5000000
5,5,7,10000000
4,4,3,3200000
4,4,5,6500000
1,1,2,2000000
5,5,13,9000000
4,4,5,6500000
3,3,8,7500000
2,2,4,3800000
0,0,3,3500000
8,6,1.9,28000000
2,2,4.2,7080000
3,3,5,17000
3,3,5,20000
3,3,7,45000
3,3,1,65000
6,5,1,53000000
2,2,5,5500000
6,5,1,49000000
5,5,10,32000000
6,5,10,18000000
6,5,1,49000000
5,5,5,16500000
5,5,5,14500000
5,5,10,32000000
6,5,1,28000000
6,5,1,35000000
3,3,5,13000000
3,3,5,13000000
6,5,1,41900000
3,3,0,18000000
6,5,1,47500000
3,3,5,14000000
3,3,10,17500000
3,3,1,24000000
5,5,10,25000000
5,5,10,25000000
5,5,10,13500000
5,5,10,20000000
5,5,10,23000000
6,6,1,24000000
5,5,1,25000000
5,5,10,24000000
4,5,4,8500000
6,5,1,52500000
6,5,1,39900000
6,5,1,45000000
6,5,1,31000000
6,7,7,17500000
2,2,3,3000000
2,2,6,3000000
6,5,1,27500000
4,3,9,17500000
4,4,10,31000000
6,5,1,29500000
4,3,5,11000000
4,4,10,26000000
3,3,3,8000000
6,5,1,53000000
3,3,3,8000000
3,3,3,8000000
3,3,3,8000000
3,3,3,8000000
3,3,3,8000000
3,3,3,8000000
3,3,3,8000000
3,3,3,8000000
3,3,3,8000000
5,3,5,10500000
3,3,3,8000000
3,3,3,5000000
4,4,5,9500000
4,4,4,8500000
4,4,10,15000000
4,4,10,15000000
3,3,2,4800000
4,4,10,28000000
2,2,2,4500000
7,5,1,37000000
3,3,3,8000000
3,3,2.8,6200000
2,2,1.5,3500000
3,3,3,6200000
3,3,3,7500000
3,3,2.8,6400000
6,5,1,41000000
3,3,2.5,5900000
3,3,3.5,6500000
3,3,3.5,7200000
3,3,5,9800000
3,3,4,9000000
3,3,5,11500000
3,3,3,8000000
2,2,2,2600000
2,2,2,2600000
6,5,1,50000000
4,4,5,12000000
3,3,2,6200000
3,3,2,6500000
3,3,3,8000000
3,3,3,8000000
3,3,3,8000000
3,3,3,8000000
3,3,3,8000000
6,5,1,42500000
3,3,3,8000000
3,3,3,6500000
3,3,3,8000000
3,3,3,8000000
3,3,3,8000000
3,3,3,8000000
6,5,1,48000000
3,3,3,8000000
7,5,10,17000000
4,4,10,27000000
6,5,1,44900000
6,5,1,57500000
6,5,1,31000000
5,4,10,36000000
5,5,1,22500000
3,3,2,6200000
5,5,10,20000000
4,3,10,25000000
6,5,1,46000000
7,6,5,15000000
2,2,4.7,5500000
2,2,3.6,4500000
2,2,4.2,5500000
2,2,3.6,3200000
2,2,3.6,2500000
2,2,3.6,2850000
2,2,3.6,2950000
2,2,3.6,2900000
2,2,3.6,3500000
2,2,3.6,2800000
5,5,10.5,40000000
3,3,6.7,6500000
2,2,4,4000000
3,3,6.2,13500000
3,3,6.2,13500000
2,2,4.4,11500000
2,2,4,11500000
3,3,7.1,25000000
3,3,6.7,22000000
3,3,7.1,18500000
4,4,18.7,36500000
0,0,4.8,14000000
0,0,4.8,14500000
0,0,4.8,12500000
0,0,4.8,13000000
0,0,4.8,16000000
0,0,4.8,16500000
0,0,4.8,15500000
0,0,4.8,13500000
0,0,4.8,17500000
0,0,4.8,15000000
3,3,8,13000000
4,4,4.8,18500000
4,4,4.8,15500000
4,4,4.8,17000000
3,3,8,21800000
4,4,4.8,15500000
6,6,9.6,30000000
3,3,9.6,17000000
4,4,14,14500000
2,2,4.2,4700000
0,0,4.8,13000000
0,0,4.8,14000000
0,0,4.8,16000000
0,0,4.8,15000000
0,0,4.8,12000000
0,0,4.8,12800000
0,0,4.8,13500000
0,0,4.8,14500000
0,0,4.8,16500000
0,0,4.8,17500000
0,0,4.8,15500000
3,3,5.3,10000000
3,3,10,12000000
3,3,10,11800000
3,3,10,11600000
1,1,2.7,2450000
6,5,1,48000000
1,1,2.6,490000
5,4,4,14500000
4,4,5,25000000
0,0,1,120000
0,0,1,55000
9,8,1,450000
0,0,1,35000
0,0,1,40000
0,0,1,40000
0,0,1,30000
0,0,1,50000
0,0,1,70000
9,8,1,600000
0,0,1,35000
0,0,1,125000
6,5,2,450000
4,3,14.2,55000
0,0,1,35000
0,0,1,70000
0,0,1,35000
0,0,1,65000
7,6,1.3,450000
0,0,1,47000
0,0,14,35000
0,0,1,55000
0,0,1,60000
8,7,2,2000000
4,3,1,45000
0,0,1,65000
0,0,5,23000
0,0,10,70000
0,0,5,10000000
0,0,5,10000000
0,0,5,9500000
4,4,7,13500000
6,6,7,30000000
4,4,4,14000000
4,4,4,17500000
4,4,4,22000000
4,4,5,14500000
4,4,5,18000000
0,0,5,30000
3,3,10,22000
3,3,7,45000
3,3,7,45500
3,3,7,46000
3,3,7,46500
3,3,7,47000
3,3,7,47500
3,3,7,48000
3,3,7,48500
3,3,7,49000
3,3,7,49500
3,3,7,50000
3,3,7,50500
3,3,7,51000
3,3,7,51500
3,3,7,52000
3,3,7,52500
3,3,7,53000
3,3,7,53500
3,3,7,54000
3,3,7,54500
3,3,7,55000
2,2,5,35000
2,2,5,35500
2,2,5,36000
2,2,5,36500
2,2,5,36500
2,2,5,37000
2,2,5,37500
2,2,5,38000
2,2,5,38500
2,2,5,39000
2,2,5,39500
2,2,5,40000
2,2,5,30000
2,2,5,30500
2,2,5,31000
2,2,5,31500
2,2,5,32000
2,2,5,32500
2,2,5,33000
2,2,5,33500
2,2,5,34000
2,2,5,34500
2,2,5,35000
3,3,7,40000
3,3,7,41000
3,3,7,42000
3,3,7,43000
3,3,7,44000
3,3,7,45000
2,2,5,35000
2,2,5,25000
3,3,7,45000
2,2,5,28000
2,2,5,30000
2,2,5,24000
3,3,7,45500
6,6,1,125000
2,2,5,30000
2,2,5,31000
3,3,7,55000
3,3,7,55000
6,5,1,51500000
4,4,10,28500000
6,5,1,44000000
6,5,1,46000000
6,5,1,55000000
4,4,10,32000000
6,5,1,57000000
6,5,1,47000000
8,6,1,35000000
6,5,1,37000000
4,3,5,12000000
4,3,4,9000000
6,5,8,14500000
6,5,1,47000000
0,0,1,32500000
0,5,1,32500000
0,5,1,38500000
6,5,1,43000000
6,4,8,14500000
5,5,10,27500000
5,5,10,21500000
5,5,10,26000000
5,5,10,27500000
5,5,5,16000000
5,5,10,25500000
5,5,10,30000000
5,5,5,15500000
4,4,5,14500000
3,3,5,12000000
3,3,5,11500000
5,5,10,21000000
3,3,5,12500000
7,5,1,45000000
5,5,10,24500000
5,3,5,10200000
6,5,1,37000000
6,5,11,23500000
0,0,7,22500000
6,5,1,41000000
4,3,8,11000000
5,4,10,24500000
3,3,10,11500000
3,3,10,11400000
3,3,10,11300000
5,5,3.7,10000000
3,3,10,11100000
3,3,10,11200000
3,3,10,11000000
3,3,10,11700000
2,2,4.8,8600000
3,3,10,10900000
3,3,10,10800000
3,3,10,10700000
3,3,10,10600000
2,2,3.1,6000000
3,3,10,10500000
2,2,4.2,7500000
2,2,4.2,7200000
2,2,4.2,7300000
2,2,4.2,7100000
0,0,3.2,7500000
2,2,4.2,7000000
0,0,3.2,7000000
2,2,4.2,6900000
0,0,3.2,6500000
0,0,3.2,6000000
2,2,4.2,6800000
0,3,9.6,40000
3,3,4.8,24000
2,2,4.2,6700000
2,2,4.2,6600000
2,2,4.2,6500000
2,2,4.2,6400000
2,2,4.2,6300000
2,2,4.2,6200000
0,0,3.2,5900000
2,2,4.2,6100000
0,0,3.2,6500000
0,0,3.2,7100000
2,2,4.2,6000000
0,0,3.2,7500000
0,0,3.2,6100000
0,0,3.2,7200000
0,0,3.2,6500000
0,0,3.2,6000000
0,0,3.2,7600000
0,0,3.2,7000000
3,3,6,13500000
3,3,6,14000000
3,3,6,14500000
3,3,6,15000000
3,3,8,18500000
3,3,8,19000000
3,3,8,19500000
3,3,8,20000000
3,3,8,20500000
3,3,8,21000000
3,3,8,13500000
3,3,8,14000000
3,3,8,14500000
3,3,8,15000000
3,3,8,15500000
2,2,4.2,5000000
2,2,4.2,5500000
2,2,4.2,6000000
2,2,4.2,6200000
2,2,4.2,6500000
0,0,3.2,6800000
0,0,4.8,13000000
0,0,4.8,12500000
2,2,4.2,5800000
2,2,4.2,6200000
2,2,4.2,5600000
2,2,4.2,7000000
2,2,4.2,6600000
2,2,4.2,6500000
2,2,4.2,6400000
2,2,4.2,6800000
2,2,4.2,6600000
2,2,4.2,6700000
2,2,4.2,6900000
3,3,8,14000000
4,4,4,14300000
0,0,2.2,2750000
0,0,2.2,2750000
0,0,2.2,2750000
0,0,2.2,2750000
4,4,1.1,70000000
4,4,1.1,60000000
0,6,1,25000000
0,6,1.2,15000000
0,1,2,2000000
0,2,3.3,4200000
6,5,5,11400000
9,8,4,1500000
0,0,5,20000
9,8,4.5,500000
3,3,17.8,130000
2,2,8,40000
10,9,2,500000
8,7,1.2,422000
2,2,2.7,25000
2,2,2.4,150000
8,6,10.9,95000
0,1,2,12000
0,2,3.3,15000
0,2,3.3,18000
2,2,17.8,180000
8,7,1,445000
5,5,1.1,250000
0,0,7,15000000
6,5,10,13500000
2,2,5,6000000
4,3,10,11500000
1,2,5,4500000
0,0,5,25000
0,0,5,25000
0,0,5,30000
4,4,6,38000
6,5,10,15000000
6,5,1,35000000
5,3,5,10500000
6,4,10,24500000
5,4,10,25000000
5,4,10,22500000
6,5,12,23900000
7,5,10,16500000
6,5,1,35000000
6,5,1,35000000
6,5,11,21000000
6,5,1,44000000
7,5,10,17000000
7,5,10,18000000
6,5,1,41000000
6,5,1,37000000
3,3,5,14500000
3,3,5,15000000
3,3,5,12800000
4,3,5,9000000
3,3,5,14000000
3,3,5,14500000
3,3,3.5,7500000
3,3,5,13500000
3,3,5,13800000
3,3,5,12500000
6,4,10,27500000
3,3,3.5,7800000
6,5,10,26000000
6,5,1,53000000
3,3,3.5,7600000
3,3,2,4000000
6,5,1,43000000
3,3,2,3600000
3,3,5,15000000
8,6,2,80000000
3,3,5,14500000
3,3,5,13000000
3,3,5,14000000
4,4,4,7500000
3,3,3.5,7900000
3,3,5,13500000
3,3,4,9000000
3,3,5,14500000
3,3,3.5,8000000
3,3,5,12500000
4,4,4,9000000
3,3,2,4200000
3,3,3.5,8000000
3,3,5,14000000
3,3,5,13500000
3,3,3.5,7900000
3,3,3.5,7800000
3,3,3.5,7700000
3,3,5,13900000
3,3,5,13500000
4,3,1,40000000
6,5,1,45000000
3,3,5,13500000
3,3,5,13500000
4,3,5,9500000
3,3,5,13500000
3,3,5,12500000
3,3,5,14000000
3,3,5,13000000
6,5,1,33000000
3,3,5,12000000
4,3,5,10000000
3,3,5,13000000
7,5,1,50000000
5,4,10,21000000
6,5,1,44000000
6,5,1,45500000
3,3,5,15500000
7,5,1,41000000
3,3,5,13500000
8,7,1.2,82500000
6,4,10,15000000
4,3,6,9700000
6,5,1,45000000
6,5,1,36500000
5,5,10,22000000
6,5,1,35000000
5,5,10,21000000
6,5,1,50000000
5,4,10,24000000
5,4,10,22500000
5,4,10,25000000
6,5,1,37000000
6,5,1,35000000
3,3,8,14100000
2,2,4.2,7000000
2,2,4.2,6800000
3,3,8,14200000
2,2,4.2,5200000
3,3,8,14300000
3,3,8,14400000
3,3,8,14500000
3,3,8,14600000
3,3,8,14800000
3,3,8,15000000
3,3,8,14700000
3,3,8,12800000
3,3,8,14900000
3,3,8,12900000
3,3,8,13000000
3,3,8,13200000
2,2,2.2,5000000
3,3,8,13100000
3,3,8,13300000
3,3,8,13400000
0,0,3.2,8000000
0,0,3.2,7900000
0,0,3.2,7400000
0,0,3.2,6900000
2,2,2.2,4800000
0,0,3.2,6400000
0,0,3.2,5900000
2,2,2.2,5000000
3,3,8,13500000
2,2,2.2,4400000
2,2,2.2,5500000
2,2,4.2,11500000
3,3,4.9,15000000
7,7,1.2,90000000
7,7,1.2,120000000
0,6,1,107500000
0,2,4.2,10000000
0,6,1,107500000
0,4,1.2,122500000
0,6,2,150000000
0,4,1,100000000
0,4,1,111000000
0,0,1,85000000
3,3,6,15500000
3,3,6,14900000
3,3,6,14800000
3,3,6,14700000
3,3,6,15000000
3,3,6,15100000
3,3,6,14500000
3,3,6,15200000
3,3,6,15300000
3,3,6,14600000
0,0,3.2,6200000
0,0,3.2,6800000
0,0,3.2,7300000
0,0,3.2,7900000
2,2,4.2,5400000
3,3,6,39000
3,3,10,32000
3,3,8,47000
3,3,10,32000
3,3,8,48000
3,3,8,49000
3,3,8,49000
3,3,8,50000
3,3,8,50000
3,3,8,50000
3,3,8,48000
3,3,8,47000
2,2,4.2,19000
3,3,6,39000
3,3,6,40000
6,4,10,32500000
5,4,16,18000000
0,0,2,2450000
0,0,2,2450000
0,0,2,2450000
0,0,2,2450000
0,0,3.8,4650000
0,0,2,2450000
0,0,3.8,4650000
0,0,3.8,4650000
0,0,3.8,4650000
0,0,3.8,4650000
0,0,4.2,5150000
0,0,4.2,5150000
0,0,4.2,5150000
0,0,4.2,5150000
0,0,4.2,5150000
0,0,4.2,5150000
0,0,5,8000000
0,0,4.5,5550000
0,0,4.5,5550000
0,0,4.5,5550000
0,0,4.5,5550000
0,0,4.5,5550000
0,0,4.2,5250000
0,0,4.2,5250000
0,0,4.2,5250000
0,0,4.2,5250000
0,0,4.3,5350000
0,0,4.3,5350000
0,0,4.3,5350000
4,4,7,14000000
0,0,5,12500000
0,0,4.3,5350000
2,2,4.1,5550000
0,0,2.2,2750000
0,0,2.2,2750000
0,0,2.2,2750000
0,0,2.2,2750000
0,0,2.2,2750000
0,0,2,2450000
0,0,2,2450000
0,0,3.8,4650000
0,0,2,2450000
0,0,2,2450000
0,0,3.8,4650000
0,0,3.8,4650000
0,0,4.3,5350000
0,2,3.3,4446000
0,2,3.5,4764000
2,2,4.7,5100000
7,6,1.2,300000
2,2,5,33000
3,3,10.9,45000
4,3,1.8,250000
2,2,4.4,23000
2,2,4,25000
0,3,1,45000
0,4,7,50000
6,5,2.1,220000
7,6,1.1,435000
7,6,1.2,320000
6,5,1,280000
6,5,1.2,385000
9,8,4,700000
2,3,14.2,60000
8,7,1.3,295000
4,4,4,250000
4,3,1,285000
6,5,1,340000
6,5,1,450000
3,2,4.9,22000
7,6,2,290000
3,3,1,130000
6,4,6.7,44000
3,3,12,60000
3,3,12,65000
3,2,10,28000
4,3,1,140000
3,3,4,200000
3,3,12.4,55000
5,4,10,24500000
7,6,2,129000000
6,4,4.3,6300000
0,0,3,3600000
0,0,4,3600000
4,4,5,9000000
4,4,5,12000000
6,6,12,15000000
6,6,12,14000000
2,2,6,13500000
6,6,10,22500000
8,7,1,35000000
4,4,10,22500000
7,8,1,41000000
3,3,4.2,9000000
0,0,5,30000
0,0,5,30000
3,3,10,27000
1,2,3.5,20000
1,2,3.5,20000
1,2,3.5,25000
1,2,3.5,25000
2,2,14,46000
4,4,7,45000
4,4,7,45000
4,4,7,45000
4,4,7,45000
3,3,5,35000
6,6,1,150000
6,5,1,40000000
8,6,2,80000000
2,3,5,7500000
6,5,1.1,41000000
4,4,4,9000000
3,3,5,13000000
2,3,5,7000000
3,3,3,4800000
6,6,5,12500000
4,4,5,13000000
4,4,5,13500000
6,5,1,49000000
3,3,5,11000000
2,2,2,3000000
4,3,4,9000000
5,5,5,18500000
3,3,3,5000000
3,3,5,12500000
3,3,3,7000000
5,5,5,19000000
5,5,1,52500000
3,3,4,9200000
2,3,5,6500000
3,3,5,12500000
4,4,5,13500000
3,3,4,8500000
4,4,10,18500000
6,6,5,16000000
3,3,10,22000000
7,6,2,111000000
6,5,1,41000000
2,3,5,7000000
4,4,5,12000000
4,4,5,12000000
4,4,5,10500000
4,4,5,10500000
4,4,5,10500000
4,4,5,11500000
4,4,5,10500000
1,2,5,3700000
4,4,5,11500000
4,4,7,15000000
4,4,7,16000000
6,5,1,60000000
5,5,1,40000000
5,5,1,40000000
3,3,3,7000000
5,5,14,21000000
5,5,10,22000000
3,3,5,10000000
6,5,2,25000000
3,3,5,10000000
1,2,5,3300000
0,5,2,95000000
0,5,2,92500000
0,4,1.3,45000000
0,3,1,55000000
0,7,1.1,95000000
7,6,2,145000000
1,2,5,3700000
1,2,5,3300000
7,6,2,120000000
1,2,5,2400000
2,3,3,4500000
1,2,5,2100000
6,5,1,44000000
4,4,1,20300000
4,4,10,25000000
6,6,10,27000000
1,2,5,1900000
6,6,10,35000000
4,4,1,20600000
8,7,1,45000000
5,5,1,65000000
6,6,1,75000000
8,7,2,100000000
4,4,1,20500000
6,6,5,15000000
5,5,5,17000000
6,6,6,19000000
4,4,1,20400000
4,4,1,20700000
4,4,1,20600000
7,6,2,73000000
4,4,1,20700000
4,4,1,20500000
4,4,1,20500000
2,3,5,5300000
4,4,1,21000000
6,5,1,41000000
1,1,10,23000000
1,1,10,23000000
5,5,10,25000000
2,2,4.2,6000000
3,3,8,21500000
3,3,5.3,14000000
2,2,4.2,8000000
2,2,4.2,8000000
3,3,7.6,17000000
3,3,5.8,15000000
6,6,5,21000000
2,2,4.2,8000000
2,2,4.2,9500000
2,2,4.4,9500000
5,5,1.3,115000000
5,5,1.3,155000000
8,7,1.3,140000000
6,6,2,225000000
6,6,2,150000000
6,6,2,180000000
7,7,2,175000000
6,6,2,250000000
6,6,2,190000000
8,7,2,190000000
2,2,7.2,8200000
0,0,8,13000000
4,4,4.6,18000000
4,4,4.3,5000000
3,3,3.4,5000000
2,2,3.4,3700000
2,2,3.4,3600000
2,2,3.4,4400000
8,6,3.4,7000000
6,6,3.4,3600000
2,2,3.4,4000000
2,2,3.4,1900000
2,2,2.6,1400000
2,2,4.2,18000
2,2,4.2,19000
2,2,4.2,20000
2,2,2.4,2500000
0,4,1.2,18500000
2,2,2.9,2800000
0,0,2,2200000
4,4,5.6,21500000
4,3,5,10000000
3,3,10.2,45000
4,4,14.2,55000
10,8,4,1500000
6,5,10,55000
4,4,5,80000
3,3,1.3,110000
4,4,14.2,55000
10,11,4,700000
6,5,10,55000
0,3,14.2,50000
0,3,14.2,55000
0,3,14.2,60000
0,3,14.2,61000
0,3,14.2,62000
0,3,14.2,63000
0,3,14.2,64000
0,3,14.2,65000
0,3,14.2,66000
0,3,14.2,67000
0,3,14.2,68000
0,3,14.2,70000
4,4,1,80000
1,1,4.4,55000
2,2,5.6,37500
6,5,1,45000000
5,5,1,30000000
1,2,5,3900000
7,6,2,87000000
6,5,1,42000000
3,3,5,15000000
5,5,10,27500000
5,5,10,27500000
5,5,10,32500000
7,7,10,25000000
5,5,10,32500000
6,4,5,12500000
1,2,5,3700000
0,0,5,12500000
3,6,5,7000000
0,0,5,12500000
0,4,7,16500000
0,0,5,10000000
0,3,4,10000000
0,3,5,9000000
0,0,5,9000000
0,3,5,8500000
5,4,5,11500000
1,3,3.3,2500000
3,3,5,35000
3,2,5,18000
5,4,8,16500000
4,4,11,27500000
4,4,12,15000000
4,4,12,16500000
1,2,5,2300000
6,5,1,50000000
4,4,12,17500000
4,4,12,18500000
3,3,10,13700000
6,5,1,81000000
0,0,2,6000000
3,3,10,13500000
1,2,5,2000000
4,4,12,18000000
6,5,1,40000000
3,3,10,14200000
5,5,1,62500000
3,3,10,14300000
1,2,5,1800000
6,5,1,53000000
3,3,10,14500000
5,4,10,23500000
4,4,12,25000000
4,4,12,26000000
3,3,10,20500000
6,5,2,87000000
4,4,10,22500000
3,3,10,19000000
4,4,1,37500000
7,5,10,15100000
4,4,1,33000000
6,6,1,37000000
6,6,4,165000000
4,4,12,15000000
4,4,12,16500000
4,4,12,17500000
4,4,12,18000000
4,4,12,18500000
0,0,4,5700000
4,3,8,13300000
4,4,1,37500000
6,5,1,47500000
6,5,1,53000000
8,6,1,35000000
6,5,1,36000000
4,4,12,26000000
4,3,8,23000000
5,5,1,41500000
4,3,5,8800000
5,3,5,11000000
4,3,5,5500000
3,3,1,14000000
0,0,1,38000000
2,2,2,5000000
2,2,2,3700000
3,3,3,4800000
2,2,2,3500000
2,1,2.5,4000000
2,2,2,3500000
4,4,3,4700000
3,3,3,4000000
7,6,5,13000000
4,3,2.5,6500000
4,4,14,38000000
3,3,2,3200000
3,3,2,3900000
3,2,2.5,6500000
2,2,2,2700000
3,3,1,2600000
6,5,1,48000000
2,2,1,2300000
4,3,2.5,4000000
7,5,10,17500000
3,2,2.5,5500000
5,4,6,13000000
2,2,2,5000000
4,3,5,9200000
0,0,16,55000000
2,2,4,7500000
3,3,8,26500000
1,2,2,1600000
1,2,2,1500000
3,3,8,14000000
0,0,8,19000000
7,6,9.6,34500000
3,3,8,13700000
3,3,8,13600000
1,2,2,1400000
3,3,8,13500000
3,3,8,13800000
3,3,8,13400000
3,3,8,13300000
3,3,8,13200000
3,3,8,13100000
1,2,2,1300000
3,3,8,13000000
3,3,8,21000000
1,2,2,1600000
3,3,6,5500000
2,2,2.2,6400000
3,3,8,20200000
3,3,8,20400000
3,3,8,20600000
3,3,8,20000000
3,3,8,20100000
3,3,8,20500000
2,2,2.2,6700000
3,3,8,20700000
3,3,8,20800000
3,3,8,20300000
2,2,2.2,6800000
5,5,1,105000000
4,4,2.4,3600000
4,4,12,14000000
4,4,12,14000000
4,4,12,13500000
4,4,12,13500000
4,4,12,27500000
4,4,12,27500000
4,4,4.8,14500000
4,4,4.8,14500000
3,3,5.2,6500000
3,3,5.2,6500000
3,3,5.4,7000000
3,3,5.4,7000000
2,2,2.8,4500000
2,2,2.8,4500000
1,2,2.4,5500000
2,2,2.8,5500000
2,2,2.8,5500000
3,3,6.4,7500000
3,3,6.4,7500000
2,4,2.4,2600000
3,3,7.4,14000000
3,3,7.4,14000000
3,3,12,14000000
3,3,12,14000000
9,9,6,17000000
3,3,12,13500000
3,3,12,13500000
0,0,4.8,11000000
3,3,8,27500000
3,3,8,27500000
3,3,4.8,14500000
3,3,4.8,14500000
3,3,5.2,6500000
2,3,4.8,12000000
3,3,5.2,6500000
3,3,5.4,7000000
3,3,5.4,7000000
2,2,2.8,4500000
2,2,2.8,4500000
2,2,2.8,5500000
2,2,2.8,5500000
3,3,6.4,7500000
3,3,6.4,7500000
3,3,7.4,14000000
3,3,7.4,14000000
1,2,1.8,1700000
2,3,4,2700000
1,2,1.8,1700000
1,2,1.8,1700000
3,3,8,6550000
3,3,8,14000000
3,3,8,20000000
3,3,6.1,15000000
3,3,6.1,13000000
2,2,4.2,6600000
2,2,5.1,6800000
1,2,1.8,1100000
3,3,8,6550000
3,3,8,14000000
3,3,8,20000000
3,3,6.1,15000000
3,3,6.1,13000000
4,4,2.4,3600000
2,2,4.2,6600000
2,2,5.1,6800000
2,4,2.4,2600000
0,0,2.4,45000
2,2,5,2600000
3,3,1.2,18000000
6,5,8,19000000
0,0,5,18500000
0,0,2.2,2750000
0,0,1,44000000
6,5,1,67500000
1,2,3.6,24000
6,6,1,150000
6,6,8,80000
7,6,1,98000
3,3,10,60000
3,3,10,58000
3,3,10,62000
3,3,10,61000
3,3,10,65000
2,2,6.2,25000
3,3,12.4,50000
4,3,7,24000000
6,5,1,47500000
5,5,1,45000000
4,4,6,12000000
3,3,7,13000000
3,3,5,6000000
6,6,10,22500000
4,3,5,9000000
3,3,5,9000000
3,3,3,9000000
0,5,1,52000000
0,4,10,18500000
0,3,3,6500000
0,2,2.5,3000000
0,5,1,52500000
0,6,5,11000000
0,5,3.2,8000000
0,5,10,21500000
0,4,6,5000000
0,0,4,4300000
0,0,6,8000000
0,3,4,7200000
2,1,3,4500000
3,3,4,7000000
0,3,5,35000
0,3,5,40000
3,2,5,25000
6,5,1,41500000
3,3,3,7000000
5,5,10,20000000
3,3,2,5500000
2,2,1,3500000
5,5,5,15000000
3,3,5,13000000
4,4,10,18500000
2,2,12,16000000
5,4,14,23000000
4,4,10,26000000
7,5,10,16800000
5,4,10,39000000
6,5,1,40000000
5,5,1,58500000
4,4,14,37500000
4,4,14,37000000
5,5,1,58000000
0,0,10,24500000
5,5,1,57500000
4,4,14,36500000
4,4,14,36000000
4,4,14,36500000
5,3,5,10200000
6,5,1,49000000
5,5,1,57000000
4,4,14,35500000
4,4,14,35500000
5,5,1,56500000
0,0,4.5,11000000
4,4,14,35000000
5,5,1,59500000
5,5,1,56000000
5,5,1,55500000
5,5,1,59000000
5,5,1,55000000
6,5,1,37000000
5,5,1,55000000
4,4,14,38500000
4,4,14,38500000
7,5,10,20000000
4,4,14,38000000
5,4,10,34000000
4,4,14,38800000
0,0,6,25000000
6,5,1,42000000
4,4,14,37000000
7,5,12,26000000
4,4,14,36500000
6,6,3,185000000
4,4,14,37500000
5,4,10,22000000
0,5,10,22000000
6,6,10,20000000
6,4,8,17500000
5,5,1,65000000
5,5,10,15000000
4,4,12,28000000
1,1,2.2,4250000
6,3,5,11000000
5,5,10,24000000
6,5,1,40000000
1,1,2.2,4000000
7,5,1,50000000
1,1,2.2,3800000
6,5,1,40000000
5,5,2,160000000
4,4,8,12000000
3,3,3,5500000
7,5,10,16300000
7,5,10,15900000
3,3,5,9500000
2,2,2.5,5500000
2,2,2,4800000
2,3,4,2700000
1,2,1.8,1700000
3,3,8,6550000
3,3,8,14000000
3,3,8,20000000
3,3,6.1,15000000
3,3,6.1,13000000
2,2,4.2,6600000
2,2,5.1,6800000
1,2,1.8,1100000
2,2,2.4,4800000
2,2,2.4,4800000
2,2,2.4,4800000
0,3,8,22500000
2,2,2.4,4800000
2,2,2.4,4800000
1,2,1.8,1700000
2,2,2.4,5000000
2,2,2.4,5000000
2,2,2.4,5000000
2,2,2.4,5000000
2,2,2.4,5000000
2,2,2.8,5400000
2,2,2.8,5400000
2,2,2.8,5400000
4,3,8,31000000
2,2,2.8,5400000
2,2,2.8,5400000
2,2,2.8,5600000
2,2,2.8,5600000
2,2,2.8,5600000
2,2,2.8,5600000
3,3,8,20000000
3,3,8,14000000
3,3,8,6550000
2,2,2.8,5600000
1,2,1.8,1700000
2,2,5.1,6800000
3,3,6.1,13000000
4,4,2.4,3600000
2,2,4.2,6600000
2,3,4,2700000
2,2,4.2,6600000
2,2,4.2,5000000
3,3,8,6550000
3,3,8,14000000
3,3,8,20000000
3,3,6.1,15000000
3,3,6.1,13000000
2,2,4.2,6600000
2,2,5.1,6800000
2,2,3,6500000
2,2,3,6500000
2,2,3,6500000
2,2,3,6500000
2,2,3,6500000
2,2,3,6000000
2,2,3,6000000
2,2,3,6000000
2,2,3,6000000
3,3,6.1,15000000
2,2,3,6000000
3,3,8,14000000
2,2,2.4,5200000
2,2,2.4,5200000
2,2,2.4,5200000
3,3,8,6550000
2,2,2.4,5000000
2,2,2.4,5000000
2,2,5.1,6800000
2,2,2.4,5200000
2,2,2.4,5000000
2,2,2.4,5000000
2,2,2.4,5000000
3,3,8,20000000
3,3,6.1,15000000
3,3,6.1,13000000
0,3,5.3,21500000
0,3,7.1,26500000
3,3,8,9000000
3,3,8,35000
3,3,1,125000
7,5,1,350000
3,3,5.8,55000
1,1,2,6400000
1,1,1,3200000
2,2,2.9,9600000
5,4,4.4,15700000
4,3,8,5800000
5,4,7,23000000
5,5,1.5,22500000
0,10,1,140000000
0,9,1,90000000
10,10,2,35000000
6,6,1,35000000
3,3,10,60000
3,3,10,63000
3,3,10,65000
3,3,1,95000
2,2,4.9,22000
3,3,10,70000
3,3,5.6,35000
1,1,0.5,12000
1,1,2,20000
3,3,2,50000
0,3,14.2,45000
0,3,12.4,60000
0,3,14.2,65000
0,2,12.4,60000
0,3,12.4,75000
0,2,12.4,65000
0,3,14.2,65000
0,3,1,90000
0,3,14.2,50000
0,3,14.2,65000
0,6,14.2,180000
0,4,1,150000
0,0,14.2,75000
0,3,14.2,65000
0,3,14.2,55000
0,3,14.2,68000
0,5,1,100000
0,0,14.2,35000
0,3,14.2,55000
1,1,2.2,21000
4,3,1,45000
4,4,8,12500000
4,4,7,11000000
6,5,1,41000000
3,3,6,10000000
7,5,10,17000000
2,4,3,5000000
3,3,5,8500000
5,4,10,22000000
3,3,4,6700000
6,5,10,16200000
6,5,10,18000000
4,3,8,11500000
6,5,10,21800000
6,5,10,20500000
6,5,10,24000000
2,2,2.5,5000000
6,5,10,21000000
4,3,5,12500000
4,3,5,10500000
3,3,5,9500000
2,2,2,4600000
6,5,10,16800000
1,1,5,7500000
6,5,8,12500000
7,6,1,65000000
2,3,5,8000000
5,4,5,12500000
5,5,7,15500000
4,4,10,13000000
1,1,5,7500000
7,5,1,39000000
6,5,1,125000
5,5,1.1,72500000
6,5,1,40000000
6,5,1,32000000
6,4,10,15000000
7,5,10,16500000
6,6,10,13000000
4,4,2.5,6000000
4,4,6.7,8600000
6,6,10,21000000
4,4,7,14500000
6,5,10,22500000
5,5,10,65000
0,0,10,62000
3,3,1,55000
1,2,5,20000
6,5,10,70000
7,6,1,63000000
6,5,1,42000000
0,5,10,22500000
6,4,10,14800000
6,5,1,38000000
7,5,10,15500000
7,5,10,18500000
7,5,1,35800000
6,5,2,129000000
6,5,10,23000000
7,5,10,17500000
7,5,11,23000000
5,3,5,12200000
0,8,2,95000000
6,5,5,160000
0,3,10,13000000
0,3,5,11000000
0,3,5,11500000
0,4,10,19000000
0,3,3.5,7500000
7,5,11,25500000
7,5,10,22000000
7,6,1,75000000
4,4,5,12500000
7,5,10,16500000
7,5,10,17000000
5,3,5,10500000
6,5,5,16500000
7,6,2,130000000
6,4,10,14000000
7,5,1,39000000
6,5,10,23500000
6,5,10,21000000
6,5,1,49500000
5,4,10,21000000
5,4,10,21000000
7,6,15,35000000
5,5,1,55000000
0,6,5,11000000
0,4,5,9500000
0,4,4,8000000
0,3,3,9000000
0,3,3.5,7000000
0,1,2.5,4200000
0,3,2,2500000
0,6,10,15000000
0,5,10,15000000
0,3,3,6000000
0,3,3,5000000
0,4,4,6000000
0,3,3.5,5000000
0,2,5,6500000
0,4,6,9000000
0,3,3.8,6500000
0,3,1.8,3000000
2,2,2.9,4500000
2,2,4.4,8000000
3,3,8,13000000
6,6,17.3,67000000
2,2,4,6500000
2,2,2.2,6500000
2,2,2.2,6500000
3,3,5,9500000
3,3,5,9000000
3,3,5,9000000
2,2,4.2,5600000
3,3,8,16000000
3,3,5.3,13000000
2,2,4,5000000
2,2,2.2,4500000
2,2,4,6500000
2,2,4,7000000
2,2,4,7000000
2,2,4.7,4800000
2,2,4.7,4800000
0,3,9.6,18000000
3,3,10,24000000
3,3,4,5800000
3,3,6,13500000
3,3,10,24500000
3,3,6,13500000
3,3,10,23500000
3,3,10,27500000
3,3,10,29500000
3,3,6,13800000
2,2,4.3,70000
1,1,2,20000
2,2,4.8,24000
2,2,6,24000
3,3,10.2,125000
2,2,4.4,4000000
5,5,5,17500000
4,4,5,14500000
8,6,1,32500000
4,4,5,13500000
2,2,4.9,7300000
5,4,4.4,16500000
0,6,1,45000000
2,1,5.6,25000
5,5,1.1,65000
4,3,1,40000
1,1,2,23000
3,3,9.1,35000
1,1,1.6,18000
3,3,1,48000
3,3,1,35000
4,3,1,40000
2,2,5.6,35000
4,3,1,54000
1,2,5.6,24000
4,3,1,65000
3,3,6,22000
1,2,4,18000
4,4,12,55000
0,3,14.2,60000
0,3,14.2,55000
0,3,1,85000
0,3,14.2,65000
0,0,14.2,55000
0,3,1,85000
0,3,14.2,60000
0,3,1,100000
0,3,14.2,45000
0,3,14.2,60000
0,0,14.2,70000
0,0,14.2,50000
0,0,1,95000
0,3,12.4,60000
0,2,1.2,90000
0,3,12.4,65000
0,3,1.2,90000
0,3,1.2,100000
0,3,14.2,70000
0,3,14.2,60000
0,3,14.2,150000
0,0,14.2,120000
0,0,14.2,130000
0,0,14.2,140000
0,2,14.2,60000
0,0,14.2,110000
0,0,14.2,150000
5,4,5,40000
5,5,7,80000
5,4,5,40000
0,0,1,220000
2,2,5.6,30000
2,2,4,25000
6,4,10,65000
0,0,7,80000
0,3,3,6500000
0,3,4,7000000
0,0,7.5,9500000
0,0,5,3700000
3,3,3,8700000
6,5,1,32500000
5,4,11,25000000
5,3,5,12200000
5,3,5,10500000
1,1,1.8,3900000
7,6,1,34000000
5,4,14,20000000
5,4,10,41000000
0,0,2.5,3000000
0,0,5,5200000
0,0,5,6000000
0,0,3,3800000
0,0,3,3500000
0,0,10,16000000
0,0,15,17500000
0,0,1,10500000
0,0,10,17000000
0,0,10,6700000
0,0,10,9000000
6,4,7,14500000
3,3,5,10000000
0,0,5,32000
0,0,7,25000
0,0,7,28000
0,0,3,22000
4,4,11.3,115000
1,2,5,20000
2,2,5,23000
2,2,10,25000
0,3,3,12000000
0,3,2.2,5000000
0,7,17,37500000
0,4,3.5,12000000
0,0,5,15000000
0,10,2.6,150000000
1,1,1.8,3900000
4,4,5,8000000
2,3,5,8200000
6,5,1,65000000
4,4,5,12500000
5,4,10,30000000
5,4,1,40000000
0,3,3,8000000
0,3,2.5,7000000
0,5,6,11500000
0,3,5,10000000
0,3,4,9500000
0,5,8,25000000
0,3,2,4000000
0,3,2,6500000
5,5,1,82500000
5,4,10,30000000
6,5,11,20500000
5,4,5,15000000
7,6,5,13000000
4,3,5,16000000
5,5,1,52500000
0,5,1,41000000
0,4,1,40000000
0,4,10,22500000
0,3,10,18500000
0,5,4,120000000
0,5,2,100000000
0,3,5,11000000
0,3,3,6500000
0,4,10,19500000
0,4,10,18000000
0,3,10,12000000
0,5,5,12000000
0,5,5,10500000
0,5,10,21500000
0,6,10,15500000
0,5,10,15000000
0,3,3.5,8500000
6,5,1,40000000
5,4,10,20000000
3,3,10,28000000
5,5,1,50000000
6,5,10,23500000
6,5,1,40000000
0,4,5,8500000
0,4,5,11000000
0,4,10,16000000
0,5,5,15000000
0,3,3,6500000
0,3,5,9500000
0,5,12,29000000
0,5,12,28000000
0,5,10,24500000
0,5,5,15500000
4,3,5,17000000
6,5,1,65000000
6,5,1,65000000
4,4,1.1,42500000
6,5,1,61500000
3,3,10,30000000
3,3,6,14000000
3,3,6,14500000
3,3,6,15000000
3,3,8,13900000
2,2,4.2,7000000
3,3,10,11500000
3,3,10,12500000
4,4,13.1,14500000
4,4,13.1,15000000
2,2,4.2,6100000
2,2,4.2,6400000
2,2,4.2,7200000
2,2,4.2,7300000
2,2,4.2,7500000
2,2,4.2,7600000
2,5,5,8500000
2,2,4.2,6700000
2,2,4.2,6500000
2,2,4.2,8000000
2,2,4.2,7900000
2,2,4.2,7800000
2,2,4.2,7700000
2,2,4.2,7000000
2,2,4.2,7100000
2,2,4.2,6900000
3,3,8.9,20500000
0,6,12.8,65000000
0,4,1,105000000
0,3,8,19000000
0,4,9.8,42500000
0,3,6.7,31000000
0,6,1,100000000
0,5,1,70000000
2,2,4.2,6800000
2,2,4.2,6600000
2,2,4.2,7400000
2,2,8,24500000
3,3,8,13600000
3,3,8,22200000
3,3,8,22000000
0,2,4,7900000
0,3,5.3,9800000
0,3,5.8,8500000
0,3,5.8,10000000
0,2,3.6,4000000
0,2,3.6,5000000
0,3,4.9,8500000
0,3,8,16000000
0,3,9.6,16000000
0,3,9.6,20000000
3,3,8,22000000
3,3,8,21700000
3,3,8,21600000
3,3,8,21500000
3,3,8,21200000
3,3,8,20000000
3,3,8,20800000
3,3,10,15000000
3,3,10,13500000
3,3,10,13000000
3,3,10,12500000
3,3,10,11500000
3,3,10,12000000
3,3,10,11300000
3,3,10,14000000
3,3,10,10500000
3,3,10,11000000
0,0,8,19000000
3,3,8,9500000
1,1,2.4,1250000
3,3,5.1,13500000
3,3,10,50000
3,3,10,55000
3,5,9.6,55000
3,3,11.4,62000
3,3,11.4,52000
5,4,10,175000
0,6,2,900000
0,5,1.4,200000
0,4,1,180000
0,4,2,250000
0,6,1,250000
0,4,4,110000
0,3,1,125000
0,3,1.2,275000
3,3,11.4,55000
3,3,11.4,50000
3,3,11.4,55000
3,3,11.4,55000
3,3,11.4,60000
3,3,11.4,60000
3,3,11.4,55000
3,3,11.4,60000
2,2,4,35000
3,3,10.6,60000
2,2,4.8,30000
3,3,1,150000
5,4,4.4,14500000
8,6,1,45000000
6,6,7,34000000
0,2,3.3,4446000
0,2,3.3,4764000
0,1,3.1,4140000
0,2,4.5,6030000
0,3,6.9,9360000
1,1,2.3,2900000
6,5,8,26500000
5,5,1,30000000
5,4,4.4,15500000
1,1,3.3,8800000
6,6,8,16500000
3,3,10,100000
0,3,14.2,55000
0,3,14.2,56000
0,3,14.2,57000
0,3,14.2,58000
0,3,14.2,59000
0,3,14.2,60000
0,3,14.2,61000
0,3,14.2,62000
0,3,14.2,63000
0,3,14.2,65000
0,3,12.4,60000
0,3,12.4,61000
0,3,12.4,62000
0,3,12.4,63000
0,3,12.4,64000
0,3,12.4,65000
0,3,12.4,66000
0,3,12.4,67000
0,3,12.4,68000
0,3,12.4,70000
0,3,1,80000
0,3,1,85000
0,3,1,90000
0,3,1,95000
0,3,1,100000
0,6,14.2,130000
0,6,12.4,150000
0,6,1,180000
0,6,1,200000
0,2,14.2,45000
5,4,4,60000
1,1,2.7,14000
3,2,4.4,26000
2,2,10,50000
2,2,7,50000
2,2,3.6,35000
2,2,5,25000
1,1,1.1,16000
1,1,1.1,18000
2,2,4,38000
2,2,4,35000
2,1,5,26000
0,2,3.3,20000
0,0,3.6,50000
0,0,5.2,8000000
0,0,4,7500000
0,4,7.5,9500000
0,6,10,13000000
0,3,7.5,6500000
0,2,6,6000000
0,4,5,11000000
0,5,10,12500000
0,2,5,6000000
0,2,4,4800000
0,4,9.5,13500000
0,4,10.5,16500000
0,4,10,15500000
0,4,10,20000000
0,4,6,11000000
0,4,5.8,13000000
0,4,10,15000000
0,6,7,10500000
0,4,6,13000000
0,4,5,12000000
0,5,12,13500000
0,4,8,13000000
0,4,5,9500000
6,5,13,28000000
0,0,8,8500000
0,2,5,4500000
0,0,10,28000
0,0,5,10000
3,3,1,50000
0,4,1.2,45000
0,2,10,25000
0,3,7,28000
0,2,7.5,22000
0,2,5,20000
3,3,1,50000
4,4,1,50000
3,3,1,50000
0,4,5,40000
0,5,1,55000
0,2,4,25000
0,7,1,150000
0,2,10,20000
3,3,1,50000
7,6,1,110000
6,6,1,120000
6,6,1,120000
6,5,10,21500000
7,5,1,40000000
1,1,1.1,2950000
5,4,10,23000000
6,5,1,40000000
4,4,10,22500000
4,4,10,23500000
4,4,10,23500000
7,5,1,52500000
6,5,1,55000000
6,5,1,41000000
6,5,1,41500000
7,5,1,58000000
6,5,10,23000000
7,5,1,37000000
6,5,1,41800000
0,10,2,75000000
4,4,7,23500000
5,5,1,77500000
7,5,1,41500000
4,3,5,17000000
0,3,10,13500000
3,3,5,14500000
3,3,3,8700000
7,5,1,44000000
3,3,5,14500000
5,4,10,17500000
5,5,1,32500000
3,3,3,8700000
3,3,5,16000000
4,3,5,18500000
7,5,1,48000000
5,5,5,14500000
5,3,5,10500000
3,3,8,13000000
2,2,3.5,2800000
1,2,1.8,1800000
1,2,1.8,1800000
1,2,1.8,1800000
1,2,1.8,1900000
1,2,1.8,1900000
1,2,1.8,1900000
1,2,1.8,1800000
1,2,1.8,1900000
1,2,1.8,1900000
1,2,1.8,2000000
1,2,1.8,2000000
1,2,1.8,2000000
1,2,1.8,2200000
1,2,1.8,2000000
1,2,1.8,2200000
1,2,1.8,2000000
1,2,1.8,2200000
1,2,1.8,2200000
7,7,8.2,32500000
2,2,4.2,5050000
1,2,1.8,2400000
1,2,1.8,2400000
1,2,1.8,2200000
1,2,1.8,2400000
1,2,1.8,2400000
1,2,1.8,2400000
1,2,1.8,2500000
1,2,1.8,2500000
1,2,1.8,2500000
1,2,1.8,2500000
2,2,3.1,3300000
1,2,1.8,2600000
1,2,1.8,2600000
1,2,1.8,2600000
1,2,1.8,2800000
1,2,1.8,2800000
1,2,1.8,2800000
2,2,3.1,3300000
2,2,3.5,2800000
2,2,3.1,3300000
2,2,3.3,3800000
2,2,3.3,3800000
1,2,1.8,3000000
2,2,3.3,3800000
2,2,3.3,3800000
1,2,1.8,3000000
1,2,1.8,3000000
2,2,3.6,6000000
2,2,3.6,6000000
2,2,3.3,3800000
2,2,3.6,6000000
2,2,3.3,3800000
2,2,3.3,3800000
2,2,3.3,3800000
2,2,3.6,6000000
2,2,3.3,3800000
2,2,3.6,5500000
2,2,3.3,3800000
2,2,3.3,3800000
2,2,3.6,5500000
2,2,3.6,5500000
2,2,3.3,3800000
2,2,3.6,5200000
2,2,3.3,3800000
2,2,3.3,3800000
2,2,3.3,3800000
2,2,3.6,5200000
2,2,3.6,5200000
2,2,3.3,3800000
2,2,3.6,5600000
2,2,3.3,3800000
2,2,3.3,3800000
2,2,3.6,5600000
2,2,3.3,3800000
2,2,3.3,3800000
2,2,3.3,3800000
2,2,3.3,3800000
2,2,3.3,3800000
2,2,3.3,3800000
2,2,3.3,3800000
2,2,3.3,3800000
2,2,3.3,3800000
2,2,3.3,3800000
2,2,3.6,5600000
2,2,3.1,3300000
3,3,5,3650000
6,6,2,175000000
5,4,16,70000000
5,8,5.1,8000000
4,4,8,16000000
0,0,5,2550000
3,3,10,12500000
6,5,16,250000
0,0,4.2,20000
5,4,16,225000
4,3,8.1,80000
1,1,3.1,5250000
5,5,4.4,16500000
2,2,3.1,6000000
2,2,3.1,5300000
5,4,6.6,29000000
1,1,3.3,5513000
2,2,5.3,8872000
0,0,2.2,3700000
8,7,2,120000000
7,6,8.4,31000000
3,3,10.5,17700000
4,4,11.4,19200000
6,6,14.2,47000000
1,1,3.1,5250000
0,0,3.6,6000000
5,4,7.8,29000000
5,5,4.4,16500000
0,0,3.3,5513000
6,5,6.6,24000000
0,0,10,17500000
0,9,12.4,58000000
0,6,12.4,52500000
0,6,12.4,55000000
0,6,12.4,41000000
0,6,12.4,41500000
0,6,12.4,55000000
0,6,1,62500000
0,6,14.2,55000000
0,9,12.4,58000000
0,6,14.2,50000000
2,2,3.3,30000
2,2,1,140000
1,1,3.3,47000
3,3,1,60000
1,1,5,35000
3,3,12,55000
5,5,8,80000
3,3,6,60000
2,2,7,40000
1,2,5,26000
3,3,1,51000
5,5,10.9,140000
6,6,1.1,275000
0,0,14,190000
3,3,1,285000
1,1,1,65000
3,3,13,85000
3,3,1,45000
1,1,3.8,16000
0,0,4.9,24000
2,2,10,50000
8,6,14.2,100000
4,3,11.1,45000
3,3,5,14500000
6,5,1,40000000
5,5,5,14500000
7,5,1,68000000
4,3,5,12500000
5,5,5,16500000
3,3,5,14500000
5,4,10,26000000
5,5,5,16500000
5,4,10,22500000
4,3,5,11800000
3,3,5,14500000
5,5,1,28500000
5,4,10,24000000
5,5,1,28500000
3,3,5,14500000
6,5,1,49000000
3,3,3,5300000
5,5,10,18500000
7,6,1,69000000
3,3,5,14500000
3,3,10,14000000
5,5,5,16500000
1,1,2.4,4200000
0,0,3,8000000
0,0,3,11000000
0,0,5,8500000
0,0,4,3600000
0,0,3,3600000
0,3,5.5,10000000
0,5,4,10000000
0,4,6,18000000
0,0,4,15000000
0,0,3.2,6000000
0,4,8.5,13000000
6,5,10,20000000
5,4,10,17000000
5,5,5,10500000
0,0,5,25000
6,6,1,120000
6,6,1,120000
1,1,4,45000
0,3,14,40000
0,3,7,30000
0,2,4,22000
0,3,3.5,20000
0,1,2,13000
0,0,2.5,14000
0,2,5,26000
0,2,5,25000
0,1,1.5,11000
0,5,4,35000
0,3,5,22000
0,2,4,20000
0,2,4,25000
0,0,1,5000
2,1,4,45000
3,3,10,30000
3,3,10,30000
4,4,10,32000
3,3,10,30000
0,2,5,16000
6,5,1,53000000
3,3,5,14500000
3,3,5,14500000
5,5,2,140000000
5,5,1,32500000
6,5,2,95000000
5,5,1,32500000
4,4,10,19000000
5,4,2,110000000
3,3,5,10500000
5,4,1,34000000
3,3,3,4300000
5,5,8,25000000
8,7,1,37000000
6,5,1,47500000
4,3,7,22500000
3,3,5,15500000
3,3,5,10500000
4,3,5,21000000
3,3,5,15500000
4,3,5,11000000
6,5,1,40000000
0,0,6,15000000
6,5,1,49500000
4,4,5,12500000
6,5,11,22000000
6,5,1,50000000
6,5,10,22000000
3,0,1,37500000
4,3,5,10800000
6,5,10,22000000
0,5,1,41500000
0,6,2,75000000
0,5,1,45000000
4,3,5,9500000
5,5,8,17000000
6,5,12,21500000
3,3,8,13800000
0,0,5,9000000
2,2,4.9,4500000
2,2,4.9,4500000
2,2,4.9,4500000
2,2,4.9,4500000
2,2,4.9,4500000
2,2,4.9,4500000
2,2,4.9,4500000
2,2,4.9,4500000
2,2,4.9,4500000
2,2,4.9,4500000
2,2,4.9,4500000
2,2,4.9,4500000
2,2,4.9,4500000
2,2,4.9,4500000
2,2,4.9,4500000
2,2,4.9,4500000
2,2,4.9,4500000
2,2,4.9,4500000
3,3,8,9300000
6,6,9.6,29000000
3,3,8,14000000
4,3,10.2,22000000
0,0,8,23000000
4,4,8,14000000
3,3,9.6,30000000
3,3,8,11000000
3,3,8,14000000
4,3,7.6,13000000
3,2,4.9,8500000
0,6,1,110000000
0,5,12,85000000
0,6,1,160000000
0,6,1,150000000
0,6,1,155000000
0,5,1,155000000
0,6,1,140000000
0,5,1,140000000
0,5,16,105000000
0,6,1,120000000
0,6,1,120000000
0,7,4,390000000
0,7,4,400000000
0,6,1.2,100000000
0,5,1.2,97500000
0,7,4,390000000
3,3,10.6,37500000
0,2,3.6,6750000
3,3,5.3,5500000
3,3,6.2,14000000
2,2,5.3,32500000
0,0,2,120000000
3,3,5.3,55000
6,5,2,490000
7,6,2,600000
3,3,11.1,85000
3,3,1.5,130000
6,5,2,700000
3,2,4.8,32000
3,3,9.6,35000
0,0,10.9,28000000
0,3,8,6000000
0,3,8,4500000
0,3,8,7500000
0,3,8,6000000
0,3,8,4500000
1,1,4.2,4250000
2,2,6.8,30000
0,3,14.2,45000
0,3,12.4,60000
0,3,14.2,65000
0,2,14.2,60000
0,3,12.4,75000
0,2,12.4,65000
0,3,12.4,65000
0,3,1,90000
0,3,14.2,50000
0,3,14.2,65000
0,3,12.4,55000
0,3,14.2,60000
0,4,1.2,90000
0,3,14.2,60000
0,3,14.2,65000
0,6,14.2,140000
0,9,14.2,180000
0,5,14.2,135000
0,3,14.2,55000
0,3,14.2,60000
3,2,6,38000
6,6,12,140000
6,6,12,145000
3,3,10,65000
6,5,1,225000
0,0,5,35000
3,3,10,65000
8,7,1,600000
3,3,8,10000000
0,0,4,40000000
0,0,5,50000000
0,0,5,20000000
0,0,7,25000000
0,0,7,25000000
0,0,7,25000000
0,0,7,32500000
3,2,6,5000000
0,4,8,9500000
0,2,4,5000000
0,3,3,4500000
0,5,7,10000000
0,3,7,55000
0,3,7,48000
0,5,4,35000
0,5,5,30000
0,3,6,17000
0,3,5,18000
0,2,6,16000
6,5,11,22000000
5,4,10,18000000
6,5,23,45000000
6,5,10,20000000
6,5,10,21000000
3,3,4,8500000
0,0,4,6700000
5,4,10,20000000
6,5,10,33000000
7,6,25,75000000
6,5,1,52000000
3,3,4,8500000
4,5,5,4800000
4,3,4,7800000
5,5,1,52500000
5,5,8,14200000
2,2,4.2,2800000
6,6,1,38000000
3,3,3,6500000
5,5,12,24000000
1,1,2.9,2000000
0,5,5,11000000
0,4,5,9500000
0,4,5,9500000
4,3,5,13500000
2,2,4.2,2800000
3,3,3,6500000
3,3,3,6500000
1,1,2.9,2000000
6,5,2,130000000
2,2,4.2,2800000
6,5,10,22500000
3,3,3,6500000
3,3,6.2,13700000
0,3,8.4,15000000
0,4,13.8,19500000
0,4,13.8,18500000
0,3,8.4,13000000
0,3,8.4,14000000
0,4,13.8,18500000
0,4,13.8,19000000
0,3,8.4,13000000
0,4,13.8,19000000
0,4,13.8,18500000
0,4,13.8,18500000
0,3,8.4,14000000
0,3,8.4,15000000
4,4,4.8,19000000
0,3,8.4,15000000
0,4,13.8,18500000
0,4,13.8,18500000
0,4,13.8,19000000
0,4,13.8,18500000
0,3,8.4,14000000
0,4,13.8,19000000
0,4,13.8,18500000
0,4,13.8,18500000
0,3,8.4,15000000
0,3,8.4,15000000
0,3,8.4,15000000
0,4,13.8,19000000
0,3,8.4,15000000
0,3,8.4,14000000
0,3,8.4,14000000
0,3,8.4,14000000
0,3,8.4,14000000
0,3,8.4,14000000
0,3,8.4,14000000
0,3,8.4,13000000
4,4,12,69000000
0,3,8.4,13000000
0,3,8.4,13000000
3,3,8,5700000
0,3,8.4,13000000
0,3,8.4,13000000
0,3,8.4,13000000
0,4,13.8,19000000
3,3,4.2,14000000
4,7,13.3,40000000
2,2,4.9,5000000
3,3,10,32500000
3,3,10,32500000
3,3,8,19500000
3,3,8,19500000
3,3,6,14500000
3,3,6,14500000
2,2,4.2,5400000
2,2,4.2,5400000
3,3,10,12000000
3,3,10,12000000
3,3,8,12500000
3,3,8,12500000
3,3,8,10500000
3,3,8,10500000
3,3,5,12500000
3,3,5,12500000
3,3,14,15000000
3,3,14,15000000
3,3,8,9300000
3,3,8,9300000
2,2,4.8,6500000
6,6,9.6,92500000
0,4,12,80000000
0,6,8,63000000
0,5,8,65000000
0,2,4.4,10000000
0,5,12,95000000
2,2,4.2,12000000
2,2,4.2,6000000
2,2,4.2,6200000
2,2,4.2,6400000
2,2,4.2,6600000
2,2,4.2,6800000
2,2,4.2,7000000
2,2,4.2,7400000
2,2,4.2,7200000
3,3,10,10500000
3,3,10,10700000
3,3,10,10900000
3,3,10,11100000
3,3,10,11300000
3,3,10,11500000
3,3,10,11900000
3,3,10,11700000
2,2,4.2,7500000
3,3,10,12500000
3,3,10,12700000
3,3,10,12900000
3,3,10,12100000
3,3,10,12300000
3,3,10,13100000
3,3,8,20000000
3,3,8,20200000
2,2,2.2,2300000
3,3,8,20400000
3,3,8,20600000
3,3,8,20800000
3,3,8,21000000
3,3,8,21200000
3,3,8,21400000
3,3,8,21600000
3,3,8,21800000
3,3,8,22000000
3,3,8,22200000
3,3,8,22400000
3,3,8,22500000
3,3,8,13000000
3,3,5.8,48000
1,1,1,40000
3,3,16,60000
3,3,16,85000
0,2,5,4000000
0,2,5,5000000
0,6,12.4,45000000
0,6,14.2,55000000
0,6,14.2,68000000
0,6,12.4,39000000
0,6,14.2,59000000
0,6,12.4,45000000
0,6,14.2,52500000
0,6,12.4,60000000
0,6,12.4,47500000
0,6,14.2,60000000
2,3,4.9,8500000
4,4,5,24500000
5,5,7,36000000
6,5,10,21000000
5,5,7,23000000
6,6,1,61000000
8,8,1.3,117500000
9,9,2,200000000
8,7,12,48000000
6,6,1,68500000
2,3,4.9,12000000
3,3,12,18000000
3,3,12,15500000
4,4,5,17000000
4,4,5,19500000
4,4,5,19500000
7,6,10,14500000
0,5,14,38000000
0,7,14.2,62500000
0,6,12.4,47000000
0,0,14.2,45000000
3,2,6,8500000
7,6,4,600000
5,3,4.9,50000
2,2,4,32000
0,5,2,430000
2,2,3.1,28000
2,2,4.9,25000
6,5,1.2,300000
9,8,1.3,600000
2,2,9.4,55000
3,2,6,25000
5,5,1,140000
10,10,2,450000
9,9,1,200000
0,3,12.4,80000
0,3,12.4,70000
0,6,12.4,130000
0,3,12.4,48000
0,3,1.2,100000
0,4,14.2,65000
10,11,6,2500000
2,2,3.8,65000
2,2,5.3,23000
4,3,10,27000
3,3,14.2,70000
4,4,10,280000
2,2,4,25000
1,1,2.9,2000000
5,4,8,15800000
2,2,4.2,2800000
4,3,6,9000000
3,3,3,6500000
6,5,10,15500000
1,1,2.9,2000000
2,2,4.2,2800000
7,5,1,32500000
3,3,3,6500000
6,5,10,22000000
4,3,5,10200000
4,3,6,9500000
5,5,1,82500000
4,5,7,7000000
6,5,10,22500000
4,3,4,7500000
0,2,4,4500000
0,2,1.5,3000000
0,4,4,6000000
0,3,2,5000000
0,4,5,9000000
0,5,5,13000000
0,4,2,3500000
0,3,2,3500000
0,4,5,9200000
0,2,4,4500000
0,1,1,1200000
0,2,1,2600000
0,3,2,3500000
0,3,1,2000000
5,4,7,15000000
5,5,10,17500000
6,5,1,42500000
5,5,11,23500000
6,5,10,20000000
5,5,10,16000000
2,3,5,3300000
0,0,14.5,35000000
6,5,10,16500000
6,5,11,23500000
6,5,10,22000000
4,3,5,12500000
5,4,5,12500000
5,4,5,12000000
4,4,10,16000000
5,4,10,19000000
6,5,8,17000000
6,5,11,17000000
6,5,8,18200000
6,5,1,44000000
6,5,10,23000000
4,3,5,11800000
6,5,1,42000000
5,4,10,75000
4,4,5,8000000
6,4,8,16000000
6,5,1,42500000
0,0,4.5,6000000
0,5,10,30000000
0,4,5,14000000
0,5,5,18500000
0,3,2.5,6500000
0,3,2.5,7500000
0,3,3,9000000
0,2,1.5,3000000
0,3,2,4000000
0,5,8.2,22000000
0,5,8.2,18000000
0,4,3,9000000
0,4,3,9000000
0,3,2,4500000
0,3,3,9500000
0,3,2.5,7500000
6,5,1,56000000
0,0,3,5500000
0,0,3,4000000
0,0,5,9500000
0,0,5,9000000
0,0,4,5500000
0,0,7,4500000
0,0,2.5,3000000
0,0,3,3000000
2,2,4,4300000
0,0,6,6500000
7,5,10,23500000
0,0,1.2,39900000
5,3,5,11000000
0,5,1,31500000
0,5,7,14500000
0,5,10,21000000
6,6,1,35000000
6,6,1,41000000
0,0,3,22000
2,2,8,60000
3,3,10,33000
2,2,5,25000
7,7,1,150000
0,1,2.8,35000
0,5,1,115000
2,2,10,12500000
4,3,5,13500000
3,3,10,15000000
6,5,10,19000000
4,3,5,8800000
3,3,10,150000000
6,5,10,22500000
5,4,8,14000000
4,3,5,10500000
0,0,10,28000000
0,0,10,16000000
5,5,2,165000000
5,5,10,17500000
3,3,10,14000000
4,4,6,13000000
6,5,1,55000000
3,3,7,6500000
6,5,1,87500000
5,5,1,42500000
6,6,1,52500000
5,4,10,32500000
3,3,8,13200000
2,3,8,13600000
3,3,8,13400000
3,3,8,13800000
3,3,8,14200000
3,3,8,14000000
3,3,8,14400000
3,3,8,14500000
2,3,6,14500000
2,3,6,14700000
2,3,6,14900000
2,3,6,15100000
2,3,6,15200000
2,3,6,15300000
2,3,6,15400000
2,3,6,15500000
2,3,6,15400000
2,2,4.8,20000000
3,3,8,12800000
4,6,1,71000000
2,2,4.2,7000000
2,2,4.2,6900000
2,2,4.2,6700000
2,2,4.2,6600000
2,2,4.2,6500000
2,2,4.2,6300000
2,2,4.2,6400000
2,2,4.2,6100000
2,2,4.2,6200000
2,2,4.2,6000000
4,4,4,46000000
2,2,4.7,6079000
2,2,4.7,6079000
2,2,5,6513000
2,2,5,6513000
3,3,8.2,10700000
3,3,8.2,10700000
2,2,4.7,6079000
2,2,5,6513000
3,3,8.2,10700000
2,2,4.7,6079000
3,3,10,9500000
3,3,8,35000000
0,0,9.6,13000000
8,7,2.1,260000000
2,2,4,5500000
5,4,1.1,85000000
2,2,4.4,14000000
3,2,4.8,6300000
3,4,6,60000
3,3,10,30000
10,10,4,1200000
0,0,4,40000
3,5,7.1,42000
0,0,16,250000
1,1,1.8,2400000
0,0,5,8700000
0,0,3.5,12000000
2,2,6.8,7500000
4,3,11,60000
10,11,2.4,1800000
2,2,6,35000
10,10,2,1800000
3,3,2,250000
7,5,10,85000
3,3,14.2,65000
4,3,1,35000
6,6,1,160000
6,6,10,55000
7,3,5.6,70000
3,3,13.3,40000
10,11,3.6,1000000
0,0,13.3,40000
5,4,8,16000000
5,3,5,10000000
5,3,5,11200000
7,5,1,36000000
5,5,10,20500000
0,4,2.5,2600000
0,4,2.5,2800000
0,4,4.5,4500000
0,2,3,3500000
0,6,6,5500000
0,2,2.5,2500000
0,2,3,4700000
0,4,4,8500000
0,5,5,4000000
0,1,5,4500000
6,5,1,43000000
0,3,3,5000000
0,5,3,4800000
0,2,2.5,2250000
0,2,2.5,2250000
0,6,5,7000000
0,3,3,3200000
0,3,3,3300000
4,4,1,61000000
6,5,10,14700000
4,3,5,10500000
6,5,11,22500000
6,5,1,45000000
4,3,6,9500000
5,4,10,21000000
7,6,1,36000000
5,4,10,25000000
7,5,10,16500000
6,5,10,20000000
5,3,5,9300000
6,5,1,49500000
6,5,1,48000000
6,5,10,16500000
5,5,10,22500000
4,3,7,25000000
6,5,1,53500000
7,5,10,17000000
1,1,2.9,400000
2,2,4.2,600000
3,3,3,6700000
1,1,2.9,400000
2,2,4.2,600000
3,3,3,6700000
4,3,10,14500000
1,1,2.9,400000
2,2,4.2,600000
3,3,3,6700000
1,1,2.9,400000
2,2,4.2,600000
3,3,3,6700000
1,1,2.9,400000
2,2,4.2,600000
3,3,3,6700000
4,3,7,24000000
6,5,1,56000000
5,4,10,32000000
4,3,5,11600000
4,4,12,2000000
5,3,5,10200000
0,5,10,27500000
0,3,3,9000000
0,4,5,16000000
0,3,2,6500000
0,3,3,9500000
0,4,5,16000000
0,5,10,28000000
0,5,10,29000000
0,4,5,15000000
0,4,10,26000000
0,4,10,25000000
0,5,10,30000000
0,5,10,27000000
0,5,10,28000000
0,0,7.5,28500000
6,5,1,39900000
6,5,1,40000000
6,5,1,42500000
4,3,7,22000000
4,3,10,12000000
6,5,1,70000000
7,5,10,16500000
0,0,5,13500000
5,5,10,16500000
5,5,10,17000000
6,6,1,45000000
3,3,5,10000000
6,5,1,35500000
7,5,8,17000000
4,3,5,21500000
6,5,1,45500000
5,4,10,23000000
0,0,3,5800000
0,0,10,15500000
0,0,4,3800000
0,0,4,5500000
0,0,4.5,9500000
0,2,3,3700000
0,4,6,7300000
0,2,2,3200000
7,5,12,17000000
5,4,7,13500000
0,0,4,7000000
0,0,2.5,3200000
0,0,4.2,7500000
0,0,2,6500000
0,0,5,13000000
0,0,5.5,25000000
0,0,4.2,15000000
0,6,4.2,15000000
3,3,10,30000
3,2,10,35000
3,2,10,35000
6,5,10,65000
5,5,7,45000
6,5,10,65000
6,5,10,65000
0,2,4.2,18000
0,3,3.2,16000
0,2,2,12000
0,3,5,15000
6,5,10,65000
5,3,5,10500000
4,3,5,21400000
0,2,3,4000000
0,3,3,7500000
0,8,1.6,96000000
0,3,2,6500000
0,2,2,5500000
0,3,3,7500000
0,5,7.5,8500000
0,3,1.5,4000000
0,2,1.5,4000000
0,4,5,11500000
0,5,6,11500000
0,4,5.5,7500000
7,6,1,53000000
6,5,1,42500000
3,3,6.7,15500000
3,3,8,50000000
3,4,12,57000000
2,2,4.2,5000000
3,3,4,12500000
1,1,1.8,1900000
0,1,3.6,5500000
3,3,6.2,16000000
2,2,2.7,4700000
3,3,4.8,7100000
0,0,4.8,16100000
2,2,2.7,4100000
2,2,3.6,5100000
3,3,8,11200000
4,4,4.8,10100000
2,2,2.7,4700000
3,3,4.8,7100000
3,3,6.2,16000000
4,4,4.8,16100000
2,2,2.7,4100000
0,0,3.6,5100000
4,4,4.8,10100000
6,6,16,35000000
4,4,9.6,18500000
3,3,4,5800000
3,3,6.1,14000000
2,2,4.4,18000
6,6,1,275000
3,3,1,185000
2,2,2.7,18000
3,3,10,50000
2,2,3.3,20000
2,6,1,225000
2,2,4.2,35000
0,6,12.4,42500000
0,0,14.2,47500000
0,6,12.4,65000000
0,6,14.2,60000000
0,2,4.9,15000000
0,3,6.2,6500000
7,7,1,235000
0,3,12.4,85000
0,3,12.4,75000
0,3,14.2,60000
0,3,14.2,60000
0,3,12.4,55000
0,4,1,90000
0,3,14.2,50000
3,2,1,45000
0,3,11.1,40000
0,6,12,135000
0,3,10,75000
0,3,10,85000
0,5,10,108000
0,3,10,55000
0,3,12,55000
0,3,12,80000
0,10,12,250000
0,3,10,70000
0,3,1,85000
0,3,12,65000
0,6,12,180000
0,3,12,55000
0,3,12,65000
0,3,12.4,70000
0,3,14.2,70000
0,3,14.2,70000
0,3,12.4,65000
0,3,1.2,90000
0,3,14.2,65000
0,1,0.6,20000
5,4,4.4,46000
1,1,0.8,16000
7,6,2.1,380000
6,5,1,48000000
7,5,10,16500000
4,3,10,19000000
6,6,1,41000000
7,5,10,24000000
7,5,10,17000000
7,5,10,24500000
7,5,5,13000000
7,5,1.1,37000000
7,5,11,20000000
5,4,5,12000000
6,4,9,23000000
7,6,1,46000000
2,2,5,7000000
6,5,10,22500000
6,5,11,25500000
2,3,5,8200000
6,5,10,25000000
6,5,10,23500000
5,5,1,47500000
6,5,10,18500000
6,5,8,17500000
5,4,8,15000000
6,5,10,22500000
6,5,11,20500000
6,5,12,26000000
6,5,11,24500000
6,5,10,23000000
6,5,1,42500000
5,3,5,11000000
3,3,5,50000
6,5,1,36500000
4,3,8,23000000
4,4,1,39000000
4,3,5,8500000
0,5,9,20000000
0,5,6,14500000
0,4,4.5,8500000
5,3,5,10200000
0,0,1,5000000
3,3,5,15900000
7,5,10,17000000
7,5,8,15300000
0,0,3,1100000
0,0,3,1100000
0,0,3,1100000
0,0,3,1100000
7,5,10,17000000
6,5,1,49000000
6,5,10,32500000
5,3,5,10200000
0,5,12,25500000
0,5,1,34000000
0,5,12,22500000
0,5,9,22000000
0,5,6.5,22500000
0,5,10,30000000
0,3,4,13500000
0,4,5,13500000
0,3,3,8000000
0,3,3,7500000
0,5,5,12800000
0,4,9,26000000
0,4,11,22000000
0,5,4,11000000
0,5,11,17000000
0,4,10,16500000
0,3,3,8000000
0,4,5,13500000
0,3,3.7,11500000
0,3,3,11500000
0,3,3,8500000
0,5,10,26000000
0,4,4,11500000
0,6,3,7000000
0,5,15,25000000
0,3,4,13000000
0,4,5,15000000
0,4,10,16500000
6,5,1,59500000
0,2,5,5000000
0,1,8.5,42500000
0,1,9.4,42800000
0,1,4,18000000
7,5,10,16000000
4,3,5,14700000
5,3,5,11500000
6,5,1,45000000
7,5,10,18000000
6,5,1,52000000
7,5,10,16000000
6,5,1,82500000
0,5,10,17000000
0,5,4,11000000
0,4,11,22000000
0,5,5,12800000
0,3,3,7500000
0,3,3,9000000
0,3,2,4500000
0,3,5,15000000
0,3,3,8500000
0,2,1.5,4000000
0,3,2,6000000
0,3,2.5,6500000
0,5,5,18500000
0,6,6,20000000
0,5,5,15500000
0,3,4,12500000
0,3,4,14500000
5,4,8,23500000
0,2,4,5000000
0,5,1,38000000
0,0,5,15000000
0,4,2,3500000
0,4,4,17000000
0,4,5,18000000
0,2,5,14000000
0,0,10,35000000
2,2,5.6,4500000
5,5,10,21000000
5,4,7,13000000
0,0,1,16000000
0,2,4,28000
0,2,4.2,30000
0,5,10,60000
0,2,5,35000
0,2,4,30000
0,2,5,27000
0,6,7,120000
0,2,5,35000
0,2,5,38000
0,2,8,45000
0,3,7,60000
0,2,5,30000
0,2,7,40000
0,3,7,45000
0,3,7,42000
0,3,7,50000
0,2,5,35000
0,2,5,35000
0,2,3.1,20000
0,3,4,30000
0,2,2,22000
0,2,2.2,25000
0,0,3.1,28000
0,2,5,30000
0,2,5,28000
0,2,5,35000
0,2,5,32000
0,3,7,45000
0,3,7,42000
0,3,7,40000
0,3,7,38000
0,6,7,90000
0,4,5,75000
0,2,5,30000
0,2,7,40000
0,3,7,45000
0,4,5,50000
0,3,7,30000
0,2,5,30000
0,3,2.8,9000000
0,3,3,7500000
4,3,5,9300000
6,5,1,59000000
6,5,1,51500000
5,3,10,30000000
5,3,10,14500000
3,3,9.4,10600000
0,0,1.2,110000000
3,3,8,40000000
2,2,3.8,4700000
5,5,2,21500000
2,2,5.3,9500000
3,3,10,16300000
3,3,8,19000000
3,3,6,16500000
2,2,4.8,6000000
2,2,4.2,6300000
2,2,4.2,6800000
0,3,8,14000000
0,3,8,13800000
0,3,8,13700000
0,3,8,14500000
0,3,8,13600000
0,3,8,13500000
0,3,8,13200000
0,3,8,13000000
0,3,8,13400000
0,3,8,22000000
0,3,8,21700000
0,3,8,21800000
0,3,8,13300000
0,3,8,21600000
2,2,4.2,5500000
0,3,8,21500000
0,3,8,21400000
0,3,8,21200000
0,3,8,21300000
0,3,8,21000000
4,5,8,32500000
0,3,8,20000000
2,3,10,15000000
2,2,4.9,55000
3,3,4.9,40000
2,2,4.8,30000
2,2,4.4,24000
3,3,6.2,36000
5,3,4.4,13500000
6,6,14.2,52500000
7,7,10.9,37000000
7,7,14.2,62500000
1,1,2.7,4500000
2,2,5,3550000
6,5,7,15000000
6,5,8,27000000
3,3,11.8,15500000
6,5,8,27500000
3,3,1,40000
0,6,14.2,110000
0,6,14.2,140000
0,6,14.2,130000
0,6,1,150000
0,9,1,200000
8,7,2.4,1600000
4,4,1,550000
4,4,17.8,110000
2,2,17.8,100000
3,3,1.3,85000
3,3,17.8,220000
3,3,17.8,150000
7,6,5.5,2000000
4,4,13.2,55000
3,2,10,28000
5,3,5,11500000
0,0,3,1100000
4,3,7,21500000
6,4,12,14000000
7,5,10,16700000
5,3,5,17500000
5,4,10,39000000
7,5,10,19000000
6,5,1,47000000
6,5,1,47000000
5,4,5,12000000
7,5,10,17500000
5,3,5,10500000
6,5,1,46000000
5,5,1,45000000
5,5,1,30000000
5,5,10,22000000
5,5,10,17000000
4,4,8,17000000
5,4,8,14500000
7,5,10,25000000
6,4,10,23500000
0,0,14,12500000
0,5,8.5,16000000
0,5,5.5,11000000
0,5,6,13000000
0,0,6,30000000
0,3,3,9500000
0,3,2.8,9200000
0,4,8,25000000
0,4,4.5,15000000
0,4,10,28000000
0,3,3,9000000
0,4,5,12500000
5,3,10,16500000
6,5,1,48000000
0,3,3,9000000
0,3,2,7000000
0,4,11.5,18000000
0,3,3,8500000
0,3,8.5,25000000
0,5,10,35000000
0,0,11,17600000
0,2,2,6000000
0,3,2.5,6500000
0,0,11.5,17500000
0,5,11,35000000
0,5,10,25000000
0,3,2,6000000
0,0,8.5,25000000
0,0,12,26400000
0,5,9,22500000
0,4,4,9000000
0,0,19,39000000
0,3,3,9200000
0,3,2,5000000
0,3,3,8500000
0,4,5,15500000
0,4,5,15000000
0,3,2,4500000
0,5,10,34800000
0,3,2.5,7000000
0,5,10,25500000
0,4,4,9200000
6,5,1,45000000
6,5,1,45000000
7,6,2,179000000
0,5,7,18000000
0,3,5,12000000
0,4,10,17200000
0,4,10,17000000
0,4,10,16500000
0,3,5,12500000
0,3,5,12800000
0,3,5,11000000
0,3,7,13000000
0,3,5,11000000
0,2,10,14000000
0,3,5,12000000
6,5,1,41000000
8,7,2,68500000
0,5,1,27500000
0,5,1,29000000
0,5,1,22500000
0,5,1,29500000
0,4,10,16500000
0,4,10,19000000
0,3,5,11500000
0,3,5,11700000
0,3,5,10600000
0,3,5,11000000
0,5,1,28000000
0,5,1,28500000
0,3,5,14000000
0,4,10,22500000
0,4,10,16500000
0,3,5,11800000
0,3,5,11000000
0,3,5,11600000
4,4,10,15500000
3,3,8,14500000
3,3,5,11500000
3,3,5,12000000
3,3,5,10000000
5,4,12,17500000
7,6,1.2,35000000
5,4,7,17500000
2,2,4.7,3500000
6,6,10,23000000
2,2,12,38000
7,5,1,48500000
2,3,10,14700000
2,3,10,14600000
2,3,10,14500000
2,3,10,14200000
2,3,10,14100000
2,3,10,14000000
2,3,10,13500000
2,3,10,11500000
2,3,10,12300000
2,2,4.2,7400000
2,3,10,12000000
2,3,10,12500000
2,3,10,13000000
2,2,4.2,7200000
2,2,4.2,7300000
2,3,10,10500000
2,3,10,12600000
2,2,4.2,7100000
2,2,4.2,7000000
2,2,4.2,6900000
2,2,4.2,6800000
2,2,4.2,6700000
2,2,4.2,6500000
2,2,4.2,6600000
2,2,4.2,6400000
10,9,12,42500000
2,2,4.2,6300000
2,2,4.2,6200000
2,2,4.2,6100000
2,2,4.2,6000000
1,2,1.8,2000000
2,2,4.2,5450000
3,3,10,12200000
3,3,10,12200000
2,2,4.2,5450000
2,2,4.2,5450000
3,3,10,12200000
3,3,8,20000000
3,3,8,20200000
3,3,8,20300000
3,3,8,20400000
3,3,8,20500000
3,3,8,21000000
3,3,8,21200000
3,3,8,21100000
3,3,8,21300000
3,3,8,21400000
3,3,8,21500000
3,3,8,21300000
3,3,8,21200000
3,3,8,21000000
3,3,8,20600000
3,3,8,21500000
3,3,8,21800000
3,3,8,21900000
3,3,8,22000000
3,3,8,22300000
3,3,8,22100000
3,3,8,22200000
3,3,8,22400000
3,3,8,22500000
3,3,8,22500000
3,3,8,22300000
3,3,8,22300000
3,3,4.7,6500000
3,3,8,22100000
1,2,1.8,1900000
3,3,8,20000000
3,3,8,20300000
3,3,8,20800000
3,3,8,21800000
3,3,8,21700000
3,3,8,21600000
1,2,1.8,1800000
1,2,1.8,1700000
3,3,5.3,9000000
1,1,1.8,1400000
1,2,1.8,2200000
3,3,6,5200000
1,2,1.8,2200000
0,0,8.9,26500000
1,2,1.8,2000000
1,2,1.8,1800000
2,2,4.2,6050000
2,2,4.2,6250000
2,2,4.2,6450000
2,2,4.2,6650000
2,2,4.2,6850000
6,5,2,500000
0,0,1,55000
6,5,10,14000000
0,0,3.6,3600000
2,2,5.8,10000000
4,4,5.3,23000000
3,3,14.2,44000000
3,3,9.3,35000000
4,4,12.4,30000000
9,7,14.2,85000000
6,6,5,13000000
10,10,4,1800000
4,3,18,100000
10,9,5,1600000
7,6,2,1800000
10,9,2,500000
9,8,1,320000
1,1,2.4,25000
5,5,5,7000000
7,5,1,44500000
3,3,5,10500000
3,3,5,10000000
3,3,5,9500000
3,3,4,8000000
3,3,5,7500000
6,6,1,41000000
3,3,4,10000000
3,3,4,9500000
3,3,4,8500000
3,3,4,7500000
1,1,4,6000000
5,5,8,16500000
5,5,8,15500000
5,5,8,14000000
5,5,8,13500000
5,5,6,13000000
5,5,6,12500000
5,5,10,22500000
5,5,10,22000000
5,5,10,20000000
7,5,1,49000000
7,5,1,49000000
0,3,4,12500000
0,3,3,10000000
0,4,8,14000000
0,4,8,14000000
0,4,10,23000000
0,3,8,16500000
0,3,5,11000000
0,3,5,12500000
0,4,10,22500000
0,4,10,22000000
0,5,1,35000000
0,4,10,23500000
7,5,10,24000000
7,5,1,50000000
7,5,10,23000000
7,5,1,45000000
5,4,12,17500000
7,5,1,45000000
5,3,5,11300000
5,4,10,33500000
0,3,1,17000000
0,4,10,13500000
0,6,10,14500000
0,3,5,7500000
0,8,10,15000000
0,2,1,18000000
0,6,1,28000000
0,10,2.8,60000000
0,6,11,19000000
0,4,8,13500000
3,3,10,13700000
5,4,8,13000000
0,3,7,12000000
0,6,6,300000000
7,5,12,24000000
0,6,1,30000000
0,2,1,18000000
0,3,10,14000000
0,3,10,11500000
0,4,10,13500000
0,6,10,14500000
7,5,10,16000000
5,3,5,10500000
6,5,10,14700000
6,5,11,24000000
4,3,5,13500000
7,5,1,44800000
6,5,11,24500000
3,3,10,22000000
6,5,10,22000000
5,3,4,6000000
5,4,10,29500000
5,4,10,32500000
4,3,5,11600000
6,5,10,17500000
1,1,2.2,4500000
1,1,2.2,4000000
1,1,2.2,3500000
5,4,8,16000000
5,4,8,13000000
5,4,10,31000000
5,4,10,28500000
6,5,1,46500000
7,5,10,23200000
7,5,10,18500000
5,4,10,27000000
5,4,10,29000000
0,2,10,12000000
0,2,10,15000000
0,5,10,20000000
0,5,10,21000000
0,3,3,3500000
0,3,5,9500000
0,3,5,7000000
5,4,10,31500000
5,4,10,23500000
5,4,10,39000000
5,4,10,39500000
5,4,10,30500000
3,3,10,13700000
5,4,10,38500000
5,4,10,39900000
0,0,8.4,25000000
2,3,8.5,3500000
3,3,5,10500000
2,3,4,2200000
6,6,5,9500000
2,2,4.2,7050000
2,2,4.2,7250000
2,2,4.2,7350000
2,2,4.2,7450000
2,2,4.2,7550000
3,3,10,10500000
3,3,10,10700000
3,3,10,10900000
3,3,10,11100000
3,3,4.8,10000000
3,3,10,12400000
3,3,10,13100000
3,3,10,12900000
3,3,10,13300000
3,3,10,13800000
3,3,10,12700000
0,0,4,5500000
3,3,10,12500000
3,3,10,14000000
3,3,10,14600000
1,2,1.8,1800000
3,3,10,14400000
3,3,10,14800000
3,3,10,15000000
3,3,10,14200000
3,3,10,12200000
3,3,10,12000000
3,3,10,15000000
3,3,8,13200000
3,3,8,13000000
3,3,8,13400000
3,3,8,13800000
3,3,8,14000000
3,3,8,14200000
3,3,8,14500000
2,2,1.8,2300000
3,3,10,11600000
3,3,10,11800000
3,3,10,11400000
3,3,10,13500000
3,3,8,13600000
3,3,8,14400000
2,2,1.8,2100000
2,2,1.8,2000000
2,2,1.8,1800000
6,6,9.6,33000000
3,3,6.7,10500000
4,4,1,45000000
0,0,6.4,8600000
3,3,6.7,6500000
4,5,14,15000000
3,3,9.6,35000000
10,11,2,250000000
1,1,2,1900000
3,4,4.9,7000000
2,2,4.7,16500000
4,4,16,23500000
3,3,8,6500000
3,3,5.4,11000000
3,3,5.4,11000000
6,6,12,58000000
5,5,1,28500000
7,6,6.4,32500000
2,2,3.6,6750000
3,3,9.6,35000000
1,2,4,4000000
3,3,5.3,11000000
7,6,2,245000000
4,3,11,27500000
0,0,2.4,2500000
2,2,4,25000
3,3,8.9,60000
5,5,2,1500000
2,2,1.2,100000
2,2,5,25000
5,4,4.8,48000
3,3,7.1,38000
5,4,4.8,130000
4,4,9.6,55000
4,3,7.8,80000
3,3,1,75000
2,2,4,35000
2,2,4.7,39000
0,0,10,65000
2,2,5,3800000
2,2,4.1,5500000
2,2,1.5,50000000
0,0,3.2,5430000
6,6,10,15500000
2,0,2.8,5000000
2,2,6,8000000
5,5,6,13000000
1,1,2.7,2550000
4,4,9,42500000
4,4,5.8,9000000
3,3,10,35000
6,5,10,70000
2,2,5,25000
1,2,5,16000
7,5,1,45000000
7,5,1,45000000
7,5,10,22000000
7,5,10,22500000
5,4,10,24000000
5,4,10,29000000
5,4,10,39900000
5,4,10,38000000
6,5,1,49000000
3,3,5,10500000
5,4,10,22000000
2,2,3,4800000
3,2,5,10000000
4,3,8,12500000
5,5,10,18000000
2,2,10,14500000
2,2,1,25000000
6,6,1,30000000
6,6,1,34000000
6,6,1,32000000
6,5,14,27000000
6,5,14,26500000
4,3,5,12600000
6,5,11,22000000
6,5,10,22000000
6,5,10,22000000
4,3,5,10800000
5,5,8,17000000
6,5,12,21500000
3,2,5,11000000
3,2,5,12000000
6,5,10,20000000
5,5,10,17500000
6,5,10,16500000
6,5,11,23500000
5,5,8,17000000
6,5,8,18200000
5,5,11,17000000
6,5,11,22000000
7,5,10,15000000
6,5,10,21000000
6,5,8,14200000
6,6,1,38000000
4,3,5,13500000
5,5,12,24000000
5,5,10,16000000
6,5,10,22000000
5,4,7,15000000
6,5,10,22500000
6,5,11,23500000
4,4,6,13000000
5,4,8,14000000
6,5,10,22500000
6,5,10,20000000
6,5,10,25000000
7,5,8,17000000
7,5,10,18000000
1,2,4,9000000
5,3,5,9000000
4,3,5,8500000
6,4,8,16000000
5,4,10,29500000
6,5,1,41000000
5,3,5,12500000
7,5,1,38000000
6,5,10,17500000
4,3,5,15000000
5,3,5,10500000
5,3,5,11200000
6,5,1,72500000
4,3,8,12500000
7,5,10,18000000
6,5,1.1,48500000
6,5,1,47000000
6,5,10,20500000
6,6,1,52500000
5,3,5,12500000
6,5,1,41500000
4,3,5,9000000
5,3,5,12200000
5,4,10,21000000
5,4,10,21000000
5,4,10,19000000
5,4,10,18000000
6,5,1,45000000
6,5,1,47000000
6,5,1,48500000
7,6,1,36000000
6,5,11,22500000
6,5,10,20000000
4,3,5,10200000
6,5,12,26000000
6,5,11,24500000
6,5,1,32500000
2,2,10,32500000
3,3,3,7000000
3,3,5,21000000
7,5,1,39000000
7,5,8,17000000
5,3,5,11300000
6,5,1,36000000
6,5,11,25500000
6,5,10,22500000
6,5,10,22500000
6,5,10,23500000
5,5,10,16800000
6,5,8,15000000
6,5,8,17500000
6,5,11,20500000
6,6,1,47500000
6,5,10,18500000
6,5,10,23000000
6,5,10,20000000
5,4,8,14000000
6,5,10,20000000
6,5,11,20000000
4,3,8,12000000
6,6,1,41000000
6,5,10,19000000
5,5,10,17000000
5,5,11,14500000
6,5,8,17500000
4,3,5,13000000
7,5,10,17000000
6,6,1,40000000
7,5,10,17000000
4,3,5,9000000
6,5,10,23500000
6,5,12,19500000
6,5,1,47500000
3,2,5,10500000
6,4,8,17500000
6,5,10,23500000
6,5,12,26000000
6,4,8,17500000
6,5,10,23500000
6,4,8,17000000
6,6,1,43500000
7,5,10,20000000
3,3,14.2,60000000
6,4,10,14500000
5,4,8,11000000
8,8,6,25000000
5,4,1.7,130000000
3,3,6.7,17500000
5,4,3.2,7800000
3,2,3.2,4600000
3,3,6.9,9000000
4,4,4.8,14000000
4,4,8.9,26000000
3,3,7.1,21000000
0,0,2,250000000
4,10,8,16000000
2,2,5.3,8000000
4,4,16,23500000
3,3,10.2,55000000
2,2,5,2750000
6,6,8,20000000
3,3,8,11500000
5,4,4.8,21000000
4,4,7.1,8000000
3,2,8,27500000
3,3,8,33000000
4,4,16,75000000
3,5,5.3,6500000
2,2,2.4,3500000
0,0,3.2,5500000
3,3,6.1,13000000
4,3,1,100000
2,2,3.3,50000
3,3,1,110000
2,2,4,34000
3,3,1,75000
4,3,8,45000
2,1,1,135000
3,3,1,85000
2,2,7.1,60000
2,4,3.5,3500000
3,2,4,12000
4,3,5,33000
6,5,7,45000
7,5,10,16500000
0,0,10,16500000
6,5,1,50000000
7,5,10,22500000
7,5,10,17000000
7,5,10,17500000
4,3,5,12000000
6,4,10,24500000
6,4,10,22000000
7,5,10,17500000
6,4,10,15500000
5,3,5,11500000
5,3,5,11800000
5,3,5,11500000
5,4,10,25500000
5,3,5,11300000
4,3,7,9500000
4,3,8,11000000
6,5,1,56000000
6,5,6,18500000
7,5,10,14500000
5,4,9,24000000
6,4,11,25600000
6,5,1,44000000
7,5,10,15000000
6,4,11,25500000
6,5,1,62000000
6,5,1,59500000
4,3,5,10500000
6,5,1,57500000
7,5,10,18000000
5,3,5,12500000
7,6,8,24000000
7,5,10,18500000
7,5,10,17000000
7,5,10,17500000
7,5,10,22000000
5,4,8,17500000
6,4,8,17500000
7,5,11,25500000
7,5,10,16500000
5,4,11,23000000
0,8,2,95000000
5,4,10,22000000
5,4,10,22000000
8,6,12,27000000
7,5,10,14500000
6,5,10,19000000
5,5,10,23000000
5,5,10,24000000
5,5,10,25000000
5,5,10,26000000
5,5,10,22500000
3,3,5,14000000
3,3,5,14500000
3,3,5,15000000
4,4,5,15500000
4,4,5,16000000
5,5,10,23000000
5,5,10,24000000
3,3,5,13000000
3,3,5,14000000
6,6,1,37500000
6,6,1,38000000
6,6,1,40000000
7,5,1,45000000
6,6,1,41000000
6,6,1,40000000
6,6,1,37500000
7,5,10,17000000
6,5,1,69500000
7,5,11,18500000
5,3,5,13000000
3,3,5,14500000
4,4,1,20500000
4,4,1,20300000
4,4,1,20200000
4,4,1,19800000
4,4,1,20000000
4,4,1,19700000
4,4,1,19500000
4,4,1,19300000
4,3,3,5700000
4,4,1,19200000
4,4,1,19000000
4,4,1,20700000
4,4,1,18800000
4,4,1,18500000
4,4,1,18700000
4,4,1,18200000
4,4,1,18300000
4,4,1,18000000
4,4,1,17800000
4,4,1,17700000
4,4,1,17500000
4,4,1,21000000
4,4,1,20800000
4,4,1,20700000
4,4,1,20500000
4,4,1,20300000
4,4,1,20200000
4,4,1,20000000
4,4,1,19800000
4,4,1,19700000
4,4,1,19500000
4,4,1,19300000
4,4,1,19200000
4,4,1,19000000
4,4,1,18800000
4,4,1,18700000
4,4,1,18500000
4,4,1,18300000
4,4,1,18200000
4,4,1,18000000
4,4,5,12500000
3,3,5,16500000
6,5,2,160000000
6,5,1,38000000
3,3,2,5000000
6,5,10,20500000
6,5,10,20000000
6,5,10,19000000
6,5,11,21000000
6,5,11,22500000
6,5,10,21000000
6,5,11,20000000
6,5,10,19000000
3,4,3.2,6500000
5,5,10,25000000
5,5,10,25000000
4,4,10,19000000
3,3,5,9500000
3,3,5,10500000
3,3,5,13500000
4,4,9,22500000
3,3,1,23500000
3,3,15,22000000
3,3,5,9800000
1,1,1.6,3400000
1,1,1.8,3900000
1,1,1.8,3900000
4,3,5,6000000
5,5,10,17500000
4,4,5,10500000
4,3,5,10800000
2,2,4.8,35000
3,3,8,35000
3,2,4.8,60000
3,2,1,110000
3,2,1.2,150000
4,3,1,120000
6,6,1,250000
2,2,4.2,22000
3,3,10.2,150000
6,6,2,500000
3,3,6.1,13000000
3,3,6.1,13000000
2,2,3.8,6300000
3,3,4.9,11000000
3,5,5,7500000
3,3,9.6,22500000
2,2,2.7,2450000
2,2,3.3,4500000
0,0,1,31000000
3,3,5.8,7200000
2,2,4.2,6200000
3,3,6.4,13000000
4,3,5,9000000
5,5,8,45000000
3,3,5.4,9000000
3,3,1,26000000
4,3,11,60000
2,2,4.4,26000
7,5,8,80000
3,3,14.2,90000
3,3,10.9,45000
4,3,14.2,55000
3,3,1.6,350000
5,4,5,27500000
3,3,5,16000000
3,3,5,15500000
3,3,5,15000000
3,3,5,14500000
3,3,5,14000000
3,3,5,13500000
3,3,5,13000000
6,6,1,45000000
6,6,1,43000000
6,6,1,42000000
6,6,1,42000000
6,6,1,40000000
5,5,10,29000000
5,5,10,28000000
5,5,10,27000000
5,5,10,26000000
5,5,10,25500000
5,5,10,11000000
5,5,10,11000000
5,5,10,10800000
4,4,5,7900000
4,4,5,7900000
4,4,5,7800000
4,4,5,8400000
4,4,5,8300000
4,4,5,8200000
4,4,5,8100000
4,4,5,8000000
2,2,5,4900000
2,2,5,4800000
2,2,5,4700000
2,2,5,4600000
2,2,5,4500000
8,7,1,50300000
8,7,1,50000000
8,7,1,49700000
8,7,1,49500000
8,7,1,49300000
8,7,1,49300000
8,7,1,49000000
8,7,1,51500000
8,7,1,51000000
8,7,1,50500000
8,7,1,50000000
4,4,6,6600000
4,4,6,6500000
4,4,6,6400000
4,4,6,6300000
4,4,6,6200000
4,4,6,5500000
4,4,6,5800000
4,4,6,6000000
3,2,10,50000
2,2,6,24000
5,4,1,400000
5,5,5,150000
3,3,12,50000
3,3,10,42000
0,0,6,40000
3,3,1,60000
4,4,1,120000
4,3,1,80000
2,2,6,40000
3,3,18,75000
2,2,10,50000
3,3,12,50000
3,3,12,52000
2,2,6,33000
4,4,12,45000
3,3,12,55000
2,2,6,40000
3,3,12,42000
4,4,6,90000
3,3,1,70000
2,4,5,65000
5,5,10,110000
5,5,10,100000
5,5,10,95000
5,5,10,90000
5,5,10,88000
5,5,10,86000
5,5,10,85000
3,3,5,55000
3,3,5,53000
3,3,5,48000
3,3,5,45000
3,3,5,45000
3,3,5,50000
2,2,6,25000
2,2,6,25000
2,2,6,25000
2,2,6,25000
2,2,6,25000
2,2,6,25000
2,2,6,25000
2,2,6,25000
4,4,10,60000
6,6,6,45000
3,3,6,30000
3,3,6,28000
3,3,10,50000
3,3,10,55000
4,4,1,50000
2,2,5,15000
6,5,7,45000
0,0,10,70000
1,2,3,15000
3,3,8,48000
1,2,2,16000
2,2,4,25000
4,3,5,12500000
5,4,10,27000000
6,5,1,30000000
5,4,10,38000000
4,3,5,21000000
3,3,3,6900000
4,4,14,36000000
5,5,5,14000000
3,3,5,15000000
4,4,5,12500000
6,6,1,52500000
3,3,5,13000000
3,3,5,11800000
4,4,7,14000000
4,4,10,30000000
4,4,5,12500000
4,4,5,16500000
3,3,5,11000000
4,4,5,12500000
3,3,5,10700000
5,5,10,27000000
3,3,10,19000000
5,5,10,21000000
5,5,10,27000000
5,5,10,23500000
5,5,13,25000000
4,4,12,20000000
2,2,2.8,500000
5,5,8,12500000
1,2,5,5000000
6,5,11,22000000
6,5,10,22000000
5,5,8,17000000
6,5,12,21500000
6,5,10,20000000
6,5,10,22000000
4,3,5,10800000
6,5,11,22000000
6,5,10,21000000
6,5,10,17500000
6,5,12,24000000
6,5,8,14200000
6,5,11,23500000
6,5,10,20000000
4,3,5,13500000
2,3,3,5845000
2,3,3,5855000
6,5,10,22500000
5,4,7,15000000
2,3,3,5855000
2,3,3,5895000
2,3,3,5845000
2,3,3,5835000
2,3,3,5830000
2,3,3,5890000
2,3,3,5825000
6,5,10,16500000
2,3,3,5800000
5,5,10,16000000
3,3,3,6500000
3,2,15,20500000
3,3,4,14000000
4,4,4,25000000
3,3,3,7500000
4,4,10,18500000
4,4,5,15000000
4,4,5,15000000
4,4,7,11000000
5,5,5,11000000
4,4,5,9000000
3,3,2,5500000
4,4,10,13500000
3,3,5,8500000
6,5,10,22000000
6,5,10,20500000
4,3,5,11000000
5,3,5,12000000
3,3,3,4500000
3,3,3,4500000
0,3,3,7000000
0,3,5,11000000
0,3,5,10500000
0,0,5,10500000
0,0,10,27500000
4,4,6,8600000
4,3,1,14500000
4,4,10,15000000
4,4,10,15000000
2,2,5,4800000
6,6,12,13000000
1,1,2,2400000
2,2,6,4500000
2,2,4,3600000
2,2,3,2700000
2,2,5,5000000
2,2,5,5000000
0,0,12,26000000
3,3,10,18000000
4,4,10,26500000
4,4,10,27000000
3,3,10,18500000
6,6,4,5000000
3,3,5.8,35000
3,3,6.2,24000
2,2,4.2,55000
6,5,1,270000
4,3,10.4,140000
4,4,2.4,350000
7,6,1.3,400000
0,0,2,600000
7,6,1,260000
2,2,4.2,23000
3,3,7.6,70000
2,2,3.1,3600000
3,3,7.1,10500000
6,6,16,38000000
4,4,9.8,38500000
8,6,1.2,100000000
2,2,6,7000000
9,10,12,41000000
3,3,4.9,17000000
1,1,1.3,1750000
2,2,4,4800000
2,2,4.9,6500000
2,2,6,14500000
2,2,4.2,7000000
2,2,3.8,8500000
2,2,4.5,7500000
3,3,4.7,13000000
2,2,4.2,7000000
2,2,4.2,8500000
2,3,9.8,13000000
2,2,4.2,12500000
4,4,12.9,15000000
2,2,4,6500000
2,2,4.2,8500000
2,2,8,19500000
3,3,8.9,20000000
3,3,5.1,15000000
4,3,10.2,120000
3,2,4.4,23000
1,1,9.6,20000
2,2,8,40000
1,2,3.6,38000
3,3,6.7,45000
5,3,8,55000
3,3,14,50000
3,3,1,65000
3,3,1.2,85000
2,2,10,45000
3,3,14,60000
2,2,6,40000
0,0,1.2,105000000
0,0,1.2,90000000
0,0,14,60000000
0,0,10,45000000
0,0,4,8800000
0,0,7,23500000
0,0,7,31500000
8,7,1.2,44000000
4,4,6,20500000
5,6,6,19000000
0,0,5,23500000
5,6,6,19000000
0,10,10,30000000
0,1,2.1,3500000
4,4,4,15500000
3,3,1,75000
6,6,1,225000
4,4,6,130000
2,2,6,40000
3,3,1,55000
3,3,8,50000
2,2,10,50000
2,2,10,50000
2,2,6,40000
2,2,6,40000
3,3,1,80000
0,0,1,250000
7,7,6,120000
3,3,1,65000
3,3,1,85000
3,3,1,75000
6,6,10,90000
6,6,14,110000
3,3,1,50000
3,3,10,55000
2,2,10,50000
2,2,3.6,35000
1,1,2.2,25000
2,2,3.8,33000
4,3,1,70000
2,2,3.3,30000
2,2,3.3,35000
1,1,1.9,20000
1,1,1.9,22000
3,3,1,65000
5,5,12,125000
6,6,12,120000
3,3,5,35000
2,2,5,47000
2,2,5,49000
2,2,6,49000
2,2,6,45000
2,2,6,46000
2,2,6,47000
2,2,6,48000
2,2,6,49000
2,2,6,49000
2,2,6,50000
2,2,6,51000
2,2,6,52000
2,2,6,53000
2,2,6,57000
2,2,6,54000
4,4,12,58000
3,3,10,50000
2,2,6,55000
4,4,10,65000
4,4,10,65000
3,3,10,50000
2,2,6,56000
5,5,8,17000000
6,5,11,23500000
5,5,11,17000000
2,3,3,5800000
6,5,10,19000000
6,5,8,18200000
2,3,3,5880000
2,3,3,5880000
5,5,8,14000000
6,5,10,22500000
2,3,3,5885000
3,3,5,5000000
2,3,3,5785000
5,5,12,21000000
5,5,12,19000000
3,3,6.5,15000000
2,3,3,5750000
2,3,3,5775000
5,5,10,21000000
5,5,10,20000000
2,3,3,5765000
2,3,3,5770000
2,3,3,5780000
1,1,3,3000000
1,1,3,3500000
2,2,5,4500000
3,3,4,8800000
3,3,3.5,7800000
3,3,4,8800000
3,3,4,9000000
7,5,8,16700000
5,5,10,26500000
5,5,10,26500000
3,4,5,7300000
5,5,1,59500000
5,5,1,59000000
5,5,1,58000000
5,5,1,58500000
3,3,5,11000000
3,3,5,11000000
0,0,1,30000000
3,4,5,7000000
3,3,5,11000000
5,5,1,57000000
5,5,1,57500000
5,5,1,56000000
5,5,1,55500000
3,3,5,11000000
5,5,1,55000000
5,5,1,56500000
3,3,5,11000000
2,3,5,3800000
3,4,5,7200000
3,3,5,11000000
3,3,5,11000000
3,4,5,6800000
6,5,1,49900000
3,3,5,11000000
3,3,5,11000000
3,3,5,12000000
2,3,3,3600000
3,3,5,11000000
4,4,10,17500000
4,4,10,17500000
5,5,1,45000000
3,3,5,10500000
3,3,5,11500000
3,3,1,25000000
3,3,5,11500000
4,5,8,11500000
3,3,5,6000000
5,5,1,65000000
3,3,6,40000000
0,0,5,8000000
0,0,5,8000000
2,2,4,4800000
6,6,8,9000000
3,2,5,3500000
0,6,4,21000000
0,6,12,13000000
0,4,14,12000000
0,4,5,6500000
0,0,4,8800000
0,6,4,21000000
0,6,4,21000000
4,4,1,35000000
4,4,1,34000000
3,3,10,18000000
3,3,10,13500000
5,5,5,12000000
3,3,10,15500000
4,4,10,21000000
5,5,10,22000000
3,3,8,5900000
0,2,4.4,9000000
0,2,4.4,8000000
0,3,6.2,7500000
0,2,4.4,7500000
0,2,4.4,5000000
0,2,4.4,7000000
0,2,4.4,13000000
0,0,4.4,7000000
3,3,5.3,15000000
2,2,2.9,5500000
2,2,3.3,7500000
4,4,4,45000000
2,2,3.3,7000000
3,3,5.6,14000000
0,0,4,10000000
0,0,4,11000000
0,0,2.4,4000000
0,0,18,10000000
3,3,5.8,8500000
3,3,5.8,9000000
3,3,6.7,13000000
0,0,5.3,9200000
2,3,4.8,8200000
0,3,7.1,21500000
0,2,4,5700000
0,2,4,7600000
0,2,3.1,4200000
6,6,9.6,35000000
6,6,9.6,45000000
4,4,9.6,37500000
3,3,5,7500000
3,3,8,11500000
3,3,8,12500000
3,3,8,12000000
3,3,8,8500000
4,4,14,14500000
3,3,8,6500000
3,3,5,5500000
3,3,6.1,14000000
3,3,8,19000000
2,2,4.2,5900000
3,3,10,8700000
4,4,12.2,12000000
3,3,10,11500000
3,3,7.8,13000000
2,2,3.6,4200000
3,3,10,12000000
3,3,10,12500000
3,3,7.8,12400000
3,3,10,12700000
3,3,7.8,12900000
3,3,7.8,12200000
3,3,6.4,9200000
3,3,7.8,12800000
3,3,7.8,12700000
3,3,7.8,12500000
3,3,7.8,12600000
3,3,7.8,12300000
3,3,6.4,9600000
3,3,6.4,9500000
3,3,5.8,12500000
3,3,6.7,13000000
3,3,5.6,9500000
2,2,3.8,6500000
3,3,7.8,12100000
3,3,7.8,12000000
3,3,10.2,16500000
0,0,12.7,50000000
3,3,8.9,50000000
3,3,6.4,9300000
2,2,4.9,55000
2,2,3.6,25000
5,5,2,600000
4,4,11,85000
3,3,14,55000
2,2,4.4,25000
2,2,4.4,24000
2,2,4.4,22000
2,2,4.4,20000
2,2,4.4,23000
2,2,4.4,23000
2,2,4.4,23000
2,2,4.4,23000
2,2,4.4,23000
2,2,4.4,23000
2,2,4.4,23000
2,2,4.4,23000
2,2,4.4,23000
2,2,4.4,23000
2,2,4.4,26000
2,2,4.4,21000
2,2,4.4,21500
2,2,4.4,22500
2,2,4.4,19000
2,2,4.4,18000
2,2,4.4,20000
2,2,4,16000
2,2,4,18000
2,2,4,20000
2,2,4,19000
2,2,4,22000
2,2,4,21000
2,2,4,20000
2,2,4,19000
2,2,4,18000
1,2,4,20000
2,2,4,17000
2,2,4,17500
2,2,4,17500
2,2,4,18500
2,2,4,19500
2,2,4,20500
1,1,2.7,13000
1,1,2.7,18000
1,1,2.7,17000
1,1,2.7,16000
1,1,2.7,16000
1,1,2.7,16500
1,1,2.7,17000
1,1,2.7,17500
1,1,2.7,18000
1,1,2.7,16500
1,1,2.4,13000
1,1,2.4,15000
1,1,2.4,14000
2,2,4,23000
3,3,10,28000
2,2,10,28000
2,2,7,35000
2,2,7,44000
2,2,7,39000
2,2,7,40000
0,0,10,41000000
0,0,10,41000000
0,0,10,48000000
0,0,10,42000000
0,0,10,38000000
0,0,8,38000000
0,0,8,35000000
0,0,5,25000000
0,0,5,21000000
0,0,5,25000000
0,0,4,19000000
0,0,4,17500000
0,0,4,18500000
0,0,4,16000000
3,3,8,7450000
2,2,5,4200000
0,0,5,3750000
0,0,4,16000000
0,0,1,90000
0,0,14,65000
0,0,4,30000
0,0,5,35000
6,6,10,110000
0,0,1,80000
0,0,14,60000
0,0,10,50000
0,0,1.2,210000
0,0,10,100000
0,0,8,85000
4,4,7,80000
0,0,8,20000
2,2,6,58000
2,2,7,58000
2,2,7,60000
3,3,10,50000
4,4,10,55000
5,5,10,60000
3,3,5,11500000
2,3,5,3700000
3,3,3,5200000
3,3,5,11500000
3,3,5,11500000
5,5,10,28000000
5,5,10,28000000
5,5,10,26000000
5,5,10,27000000
5,5,10,29000000
2,3,5,4000000
3,2,1,19000000
6,5,10,21000000
6,5,10,16000000
6,5,10,20500000
5,4,5,7000000
3,3,3,6500000
3,3,3,6800000
3,3,3,6800000
3,3,3,7000000
5,5,1,35000000
3,3,3,7200000
3,3,3.5,7200000
3,3,3.5,7200000
4,4,10,20000000
3,3,3.5,7500000
3,3,10,6000000
4,4,10,19000000
3,3,3.5,7500000
3,3,3.5,7800000
3,3,3.5,8000000
6,6,10,22000000
3,3,3.5,8500000
3,3,3.5,8500000
3,3,3.5,8000000
6,5,10,16500000
3,3,3.5,8000000
3,3,5,11000000
3,3,5,11000000
4,4,10,16000000
3,3,5,11500000
3,3,5,11200000
3,3,5,12200000
3,3,5,14000000
3,3,5,10800000
3,3,5,13000000
5,5,10,18500000
5,5,10,18500000
5,5,10,19000000
3,3,5,12000000
5,5,10,21000000
5,5,10,23500000
5,5,10,23500000
4,4,5,15500000
5,5,5,7500000
5,5,10,16500000
5,5,10,16500000
5,5,10,23500000
5,5,10,23500000
3,3,5,11500000
5,5,5,14500000
5,5,5,14000000
5,5,5,14000000
5,5,5,15000000
5,5,5,14500000
5,5,5,14500000
5,5,5,16000000
5,5,5,16500000
5,5,5,16500000
0,3,10,13500000
0,4,8,15500000
0,5,10,25500000
0,5,10,24000000
0,5,1,35000000
0,3,5.3,12200000
0,3,5,11000000
0,3,5,13000000
0,3,6.5,17000000
0,5,1.2,59000000
0,3,7,14000000
0,4,8,17500000
0,4,8,17500000
0,5,10,16500000
0,5,10,25000000
0,5,10,24000000
0,5,12,26000000
0,5,10,23500000
0,5,1,55000000
0,3,5,12500000
0,5,10,24000000
0,4,8,17000000
0,4,8,18000000
0,3,8,11000000
0,5,10,19000000
0,5,10,15000000
0,5,1,40000000
0,5,10,19000000
4,3,5,10500000
5,5,5,9500000
5,5,5,8500000
6,6,10,13000000
6,6,12,25000000
6,6,12,25000000
6,6,12,30000000
6,6,12,24000000
6,6,10,13000000
0,0,3.5,12000000
0,0,10,17000000
0,7,7,27000000
0,0,7,26000000
0,0,2,3800000
0,0,4.2,8500000
0,5,7,35000000
0,5,7,35000000
0,5,5,22500000
0,5,10,22500000
0,0,7,22500000
0,0,7,22500000
0,0,7,22500000
0,0,3,11500000
4,4,10,25000000
5,5,12,20000000
3,3,4,14000000
6,6,10,21500000
6,6,10,21000000
5,5,5,13000000
3,3,6.4,10000000
3,3,6.4,9800000
3,3,10.2,16500000
8,7,10.2,48000000
3,3,6.4,9700000
3,3,6.4,9400000
2,2,3.3,6500000
3,3,6.4,10000000
2,2,3.3,6800000
2,2,3.3,6600000
3,3,10.2,16500000
2,2,3.3,6400000
2,2,3.3,6300000
2,2,3.3,6200000
3,3,4,4500000
3,3,4,10000000
2,2,3.3,6100000
2,2,3.3,6000000
3,3,6.4,9900000
2,2,3.3,6200000
2,2,3.8,4200000
6,6,8,36000000
2,2,4,6000000
4,4,10.6,20000000
4,4,10,19000000
8,7,16,50000000
6,6,8,26500000
3,3,10,14000000
0,5,12,90000000
0,5,12,87500000
0,6,12,80000000
0,6,1,160000000
0,4,4,44000000
0,0,2.2,5000000
0,0,8,14500000
5,5,1,87500000
4,4,2,135000000
4,4,1,87500000
3,3,10.2,16500000
3,3,10.2,16500000
3,3,10.2,16500000
0,0,10.2,48000000
3,3,7.1,75000
3,3,7.1,65000
3,3,6.7,55000
3,3,8,45000
6,6,8,90000
3,3,1,100000
3,3,8,42000
3,3,8.4,75000
2,2,3.1,17000
5,5,10,60000
5,5,10,52000
5,5,10,54000
5,5,10,56000
5,5,10,58000
5,5,10,59000
5,5,10,57000
5,5,10,55000
5,5,10,53000
5,5,10,53000
3,3,10,27000
3,3,10,26000
3,3,10,29000
3,3,10,28000
3,3,10,25000
3,3,10,28000
2,2,10,30000
2,2,10,26000
2,2,10,29000
2,2,10,28000
2,2,10,27000
2,2,10,28000
3,3,1,35000
3,3,1,38000
3,3,1,40000
3,3,1,39000
3,3,1,37000
3,3,1,45000
3,3,1,42000
3,3,1,40000
0,0,10,50000
0,0,1,90000
0,0,5,35000
0,0,4,30000
0,0,14,65000
0,0,14,60000
0,0,1,80000
0,0,4,30000
0,0,10,100000
0,0,10,50000
0,0,10,45000
0,0,1.2,210000
0,0,8,85000
0,0,1,75000
0,0,4,17500000
0,0,4,18500000
6,6,1,50000000
5,5,1,45000000
0,0,4,19000000
0,0,5,21000000
0,0,5,21000000
0,0,5,25000000
0,0,10,38000000
0,0,10,42000000
0,0,8,35000000
0,0,10,48000000
0,0,10,41000000
7,6,10,38000000
0,0,1,90000
0,0,10,50000
0,0,4,35000
0,0,4,30000
0,0,14,65000
0,0,4,30000
0,0,10,75000
0,0,10,45000
0,0,17,35000
2,2,10,35000
4,4,10,32000
0,12,1.5,500000
0,28,2,1300000
0,14,1,650000
0,2,10,36000
0,0,10,13000000
0,0,10,13000000
3,3,4,8500000
3,3,5,11500000
4,4,6,13000000
3,3,3,8800000
4,4,7,17000000
4,4,7,15500000
6,5,10,20500000
4,3,4,9000000
6,5,10,25000000
4,3,5,11500000
4,4,10,18000000
4,4,7,15500000
4,3,5,9500000
4,3,5,9700000
5,5,1,35000000
5,5,1,35000000
5,5,1,35000000
5,4,9,16000000
0,5,10,12800000
0,5,10,15000000
0,5,10,14000000
2,3,10,23000
3,2,5,7500000
0,3,10,29500000
0,3,10,28000000
0,3,10,28500000
0,4,14,38000000
0,4,14,38200000
0,4,14,36000000
0,4,14,35000000
0,4,1,45000000
0,4,1,43000000
0,4,1,40500000
0,6,2,105000000
0,6,2,95000000
0,6,2,87500000
0,6,2,85000000
4,3,7,24500000
4,3,3,6500000
5,5,10,19000000
7,6,1,52500000
7,6,1,36000000
6,5,11,22500000
6,5,10,20000000
4,3,5,10500000
6,5,12,26000000
3,3,5,13000000
6,5,11,24500000
3,3,3,6000000
6,5,11,25500000
3,3,3,7500000
3,3,3,7000000
6,5,10,22500000
5,5,10,22500000
6,5,10,22500000
3,3,5,15000000
5,5,10,23500000
6,5,8,17500000
3,3,5,12500000
6,5,8,15000000
4,3,5,12000000
5,5,10,16800000
6,5,10,18500000
6,5,11,20500000
5,3,5,12200000
4,4,10,31000000
6,6,1,47500000
6,5,10,23000000
6,5,10,20000000
6,6,1,41000000
4,4,10,36000000
5,4,8,14000000
5,5,11,20000000
2,2,3,1850000
6,5,10,20000000
3,3,5,11000000
3,3,5,11000000
8,7,2,140000000
4,3,8,12000000
3,3,5,11000000
3,3,5,11500000
5,5,10,17000000
3,3,3,6500000
6,5,1,90000000
6,5,10,22500000
4,3,5,9000000
6,5,1,45000000
6,5,10,23500000
0,5,10,17500000
0,0,3.5,6000000
0,5,1.1,45000000
0,5,10,16000000
3,3,4,10000000
6,6,7,10000000
5,5,10,16500000
5,5,8,16000000
6,6,10,14000000
5,5,12,14000000
6,6,1,20000000
5,5,12,14000000
6,6,14,18000000
5,5,1,24000000
6,6,1,45000000
6,6,1,41000000
0,0,6,28000000
0,0,7,20000000
0,0,2.5,7000000
0,0,4.5,10500000
0,4,4,9000000
4,4,10,15000000
5,5,5,11000000
5,5,8,12000000
4,4,4,7500000
2,1,4.1,9500000
5,5,5,9000000
5,5,8,11000000
2,2,5,5500000
2,2,5.5,5200000
2,2,5.5,6200000
1,2,5,2900000
2,2,5,5800000
4,4,8,9500000
1,2,5,2900000
2,2,4,5000000
3,3,3,4500000
5,5,7,10000000
1,2,5,2900000
1,2,5,2900000
0,3,5.3,12500000
0,4,6,43000000
0,4,12,62500000
0,4,12,61500000
0,3,8,17500000
0,5,1,160000000
0,8,2,160000000
0,6,2,320000000
0,6,1.3,220000000
0,0,12,61500000
0,0,12,62500000
0,4,12,65000000
0,4,12,67500000
0,0,1.8,1850000
0,0,1.8,1800000
0,0,1.8,1950000
0,0,1.8,1900000
0,0,1.8,2000000
0,0,1.8,2050000
0,0,1.8,2150000
0,0,1.8,2100000
0,0,3.1,3300000
0,0,3.1,3350000
0,0,3.1,3400000
0,0,3.1,3500000
0,0,3.1,3550000
0,0,3.1,3600000
0,0,4.2,4800000
0,0,4.2,4850000
0,0,4.2,4900000
0,0,4.2,4950000
0,0,4.2,5000000
0,0,4.2,5100000
2,2,4.9,8030000
2,2,4.9,8030000
2,2,3.9,17000
3,3,4.8,30000
2,3,8,60000
0,0,4.8,18000
0,0,4.8,20000
0,0,4.8,22000
0,0,4.8,21000
0,0,4.8,19000
0,0,4.8,21000
0,0,4.8,20000
0,0,4.8,19000
0,0,4.8,18000
0,0,4.8,17000
4,3,1,45000
5,4,16,100000
5,5,10,60000
5,5,10,52000
5,5,10,54000
5,5,10,56000
5,5,10,58000
5,5,10,59000
5,5,10,56000
3,3,10,25000
5,5,10,56000
5,5,10,53000
3,3,10,26000
3,3,10,29000
3,3,10,28000
3,3,10,27000
3,3,10,26000
2,2,10,30000
2,2,10,26000
2,2,10,28000
2,2,10,29000
2,2,10,27000
3,3,12,33000
3,3,12,36000
3,3,12,35000
3,3,12,60000
3,3,12,34000
3,3,12,37000
3,3,12,36000
3,3,12,35000
3,3,12,34000
2,2,10,27000
2,2,10,28000
2,2,10,29000
2,2,10,30000
2,2,10,29000
2,2,10,28000
2,2,9.3,55000
3,3,10,25000
3,3,10,26000
3,3,10,29000
3,3,10,28000
3,3,10,26000
3,3,10,27000
3,3,12,60000
0,0,10,50000
0,0,14,55000000
0,0,10,48000000
0,0,10,38000000
0,0,8,35000000
0,0,5,21000000
0,0,5,5500000
0,0,5,7600000
0,0,5,25000000
0,0,4,18500000
0,0,4,16000000
8,6,9.3,16000000
1,1,3.3,7200000
4,3,11,21000000
4,4,5,6000000
0,0,4,40000000
0,0,4,41500000
0,0,4,41000000
0,0,6,15000
0,0,3,10000
0,0,3.5,14000
0,0,3,12000
0,0,5,18000
0,0,10,35000
0,0,6,16500
0,0,5,35000
0,0,8.5,25000
0,0,7.5,30000
0,0,7,10000
0,0,2,25000
0,0,1.1,14000
0,0,7.5,16000
0,0,4.5,15000
0,0,7.5,26000
0,0,12,25000
0,0,10,25000
0,0,10,25000
0,0,5,16500
0,0,5,13000
0,0,5,35000
0,0,10.5,30000
0,0,7.5,20000
0,0,7.5,20000
0,0,15,30000
0,0,12,25000
0,0,7.5,18000
0,0,10,22000
0,0,10,18000
0,0,6,40000
0,0,2.5,15000
0,0,7,18000
0,0,3,20000
0,2,5,30000
0,3,7,45000
0,3,7,48000
0,3,7,50000
0,3,7,52000
0,3,7,55000
0,6,7,100000
0,3,7,40000
0,3,7,42000
0,3,7,43000
0,6,7,95000
1,1,3.8,50000
2,2,4,16000
2,2,5,18000
3,3,5,16000
2,2,6,65000
2,1,3.8,45000
3,3,5,18000
2,2,5,16000
0,1,3.8,45000
0,4,8,18500000
0,5,10,23500000
0,3,8,12000000
0,5,1,52500000
0,3,11,17500000
0,4,8,17500000
0,4,8,17500000
0,5,10,24000000
0,5,10,14500000
0,5,10,21500000
0,3,5,12500000
0,3,5,12000000
0,5,12,25500000
0,5,1,37500000
5,5,8,17500000
6,5,12,19500000
2,2,3,2000000
2,2,3,1750000
2,2,3,1800000
6,5,1,49000000
5,5,10,23500000
2,2,3,1600000
3,3,3,7500000
5,5,11,14500000
6,6,1,47500000
4,3,3,7000000
3,3,5,10500000
6,5,12,26000000
6,5,1,53000000
3,3,5,10500000
5,5,10,17500000
3,3,2,4000000
5,5,10,17500000
6,6,1,45000000
2,2,3,1700000
5,5,10,17500000
5,5,10,19000000
6,5,10,19000000
3,3,5,10500000
4,4,5,6100000
4,4,5,6000000
4,4,5,6000000
4,4,5,6100000
3,3,2,4000000
6,5,1,49000000
6,5,1,49000000
3,4,1,21800000
3,4,1,21600000
3,4,1,21500000
3,4,1,20000000
3,4,1,21800000
6,5,1,47500000
3,4,1,21000000
3,4,1,22800000
3,4,1,23000000
5,4,10,18500000
3,4,1,21200000
6,5,1,52500000
6,5,1,45000000
5,5,5,13000000
4,4,10,31000000
6,5,1,50000000
6,5,1,50000000
6,6,2,135000000
6,6,2,135000000
6,6,2,135000000
4,4,10,26000000
4,3,8,12500000
4,4,10,28000000
3,3,3,8000000
7,6,2,92000000
6,6,1.1,45000000
4,4,1,40000000
4,4,10,27000000
4,4,1,39000000
4,4,10,21500000
4,4,10,21200000
4,4,1,38500000
4,4,10,20800000
4,3,10,25000000
4,4,10,21000000
6,5,10,21000000
4,4,10,28500000
6,5,10,20500000
6,5,1,32500000
6,5,1,42000000
3,3,2,3500000
4,4,10,32000000
6,5,1,55000000
4,4,10,31000000
3,3,3,4400000
2,1,2,4500000
4,3,5,14000000
2,2,10,14000000
4,4,10,19500000
3,2,3.8,2300000
0,0,2.5,2500000
0,5,10,25000000
0,2,10,10000000
0,2,9,9000000
0,0,5,7500000
0,0,4,7500000
0,0,8,8000000
0,0,9,9000000
0,0,10,10000000
0,0,5,8000000
0,0,4,7500000
0,2,4,8000000
0,0,10,10000000
4,4,4,14000000
4,5,7,14500000
4,4,7,13500000
0,1,3.7,9000000
5,5,1.6,66000000
5,5,1.2,57500000
6,6,1.3,35000000
5,5,16,35000000
4,4,13.3,20000000
0,0,10,18500000
5,5,5,13500000
4,4,5,10000000
6,6,10,19000000
0,4,5,9800000
0,0,5,9500000
0,0,5,9800000
0,0,5,9845000
0,0,1,140000000
0,6,7,35000000
0,6,10,24000000
0,6,8,22500000
0,8,4,456000000
0,6,7,31000000
0,5,10,40000000
2,2,5.6,9271000
2,2,5.6,9271000
3,3,6.1,12000000
3,3,8,18000000
2,2,4.9,8030000
2,2,4.9,8030000
3,3,10,24500000
3,3,10,27000000
7,5,1,85000000
3,3,5,8000000
4,4,10,33100000
3,3,8,17600000
3,3,6,23500000
3,3,8,11000000
3,3,8,13000000
3,3,8,11800000
2,2,4.2,5500000
2,2,4.2,6000000
3,3,10,12500000
4,4,12.7,14000000
0,2,4,35000
0,2,4,45000
0,2,4,45000
2,3,5.3,60000
2,2,1,45000
0,0,1.2,210000
3,3,12,62000
0,0,10,100000
0,0,8,85000
2,2,8,35000
0,0,8,55000
3,3,12,75000
5,5,1,250000
0,7,1,125000
1,1,0.9,7000
6,6,12,130000
3,2,11,50000
6,6,12,160000
5,5,1.2,250000
4,3,11,60000
3,3,12,68000
3,3,12,50000
3,3,1,90000
3,3,12,70000
3,3,14,45000
4,3,7,25000
4,4,1,90000
3,3,1.3,130000
8,8,2,800000
3,2,5,20000
0,10,2.4,135000000
0,0,20,70000000
0,5,14.2,43500000
7,7,1,34000000
4,6,9.3,25000000
1,2,2,16500000
6,4,12,45000000
6,6,1,150000000
8,7,2,300000000
8,7,1.3,85000000
8,7,1,77500000
2,3,10,25000
0,2,10,37000
2,2,5,15000
6,5,18,80000
0,3,3,45000
0,4,5,70000
0,2,5,35000
0,3,7,40000
0,3,7,45000
0,3,7,45000
0,6,7,90000
0,2,3,25000
0,3,7,45000
0,6,7,90000
0,2,5,40000
0,3,10,60000
0,0,2.2,12000
0,1,0.4,6000
0,0,0.6,5000
0,2,2,10000
0,2,2.8,13000
0,2,3,14500
0,3,3,15000
0,3,4,16000
0,3,6,18000
0,3,6,20000
3,3,6,25000
0,3,7,35000
2,2,10,28000
6,5,10,70000
2,2,10,26000
2,2,10,24000
2,2,10,22000
2,2,10,20000
2,2,5,25000
0,0,1,140000
2,2,5,24000
2,2,5,22000
3,3,1,45000
4,4,10,80000
2,2,5,20000
3,3,1,70000
2,2,5,18000
2,2,10,35000
3,3,10,40000
4,4,10,70000
6,5,10,65000
0,0,0.6,8000
3,3,8,35000
3,3,10,38000
0,2,10,25000
0,0,1.5,350000
0,0,2.5,450000
0,0,1.5,300000
0,0,1,200000
0,0,1.5,300000
0,0,1.5,500000
0,9,7,150000
0,9,7,150000
4,4,1,65000
4,3,5,10000000
2,1,2.5,4000000
4,3,5,11500000
4,4,10,19000000
6,5,11,22000000
6,5,12,21500000
6,5,1,60000000
6,5,10,22000000
4,3,5,10800000
6,5,10,22000000
5,5,8,17000000
6,5,11,22000000
6,5,10,21000000
5,5,8,14200000
3,3,2,6200000
0,5,10,20000000
0,4,10,16500000
0,4,1,35000000
0,5,1,45000000
0,5,10,18000000
0,2,10,16500000
0,3,3,7500000
0,4,5,10500000
0,5,10,15500000
3,3,3,8000000
3,3,2,6500000
3,3,3,8000000
3,3,3,8000000
3,3,3,8000000
3,3,3,8000000
3,3,3,8000000
3,3,3,8000000
2,2,2,6000000
5,5,10,25000000
3,3,3,8000000
2,2,3,7500000
6,5,1,38900000
6,5,1,41900000
3,4,1,22500000
3,4,1,22000000
3,4,1,22700000
3,4,1,20000000
3,4,1,22200000
3,3,6,13000000
6,5,2,190000000
2,2,14,48000
6,6,1,60000000
4,4,1,60000000
4,4,10,18000000
0,0,6.5,750000000
0,0,4.1,607500000
6,5,1,48000000
3,3,4.5,10000000
3,3,4,4000000
4,4,5,15000000
3,3,4,5000000
3,3,4,5000000
6,5,1,42000000
4,4,10,16500000
6,5,1,43000000
6,5,1,43900000
4,4,10,15000000
4,4,1,21000000
4,4,1,20500000
4,4,10,15000000
4,3,4,7800000
4,3,4,7500000
6,5,1,42000000
4,4,10,15000000
3,3,3,6000000
3,3,3,6000000
6,5,10,16500000
5,4,7,12900000
5,4,8,16000000
5,4,8,14500000
4,3,5,12600000
4,3,8,12300000
4,3,5,11800000
6,5,10,17800000
4,3,5,11800000
6,5,10,19200000
6,5,10,17500000
7,5,1,46000000
6,5,1,40000000
6,5,1,50000000
0,0,18,24000000
2,2,8,60000
3,3,8,5800000
8,7,1.5,98000000
8,7,1.5,95000000
5,5,17.8,42500000
3,3,7.4,12100000
3,3,7.6,12400000
1,1,2.4,1800000
5,3,10.2,79500000
4,4,14,16000000
2,2,6.8,11200000
2,2,6.1,10100000
2,2,4,8500000
2,2,4,6800000
3,3,4.7,13500000
3,3,4.9,13000000
6,6,9.3,27000000
3,3,4.9,15000000
2,2,5.6,11000000
4,5,12,82500000
1,1,1.1,2250000
3,3,9.3,15300000
1,1,1.1,2250000
0,6,1,160000000
0,6,1,117500000
0,6,1.2,180000000
0,6,1.2,185000000
0,6,1.3,185000000
0,6,1,165000000
0,6,1,142500000
0,5,12,100000000
0,5,12,97500000
0,4,12,56500000
0,5,1,115000000
0,4,10,50000000
0,4,1.8,98000000
0,6,1,115000000
0,6,1,110000000
0,8,1.8,110000000
0,6,1.8,115000000
0,6,2,140000000
0,6,2,150000000
0,6,4,320000000
0,5,1,120000000
0,7,1.2,140000000
0,6,1,120000000
0,5,1,115000000
5,5,14,120000000
4,4,11.4,18800000
2,2,3,2500000
3,3,14.2,63000
3,3,14.2,65000
3,3,14.2,65000
3,3,1,85000
3,3,12,67000
2,1,9.4,55000
3,3,12,55000
3,3,12,72000
3,3,1,85000
3,3,10.1,100000
3,3,1,110000
9,9,1.6,600000
3,3,12,70000
3,3,12,60000
4,3,1,110000
6,6,1.3,175000
5,5,1.3,250000
3,3,2,180000
3,3,1.3,130000
3,3,1.3,180000
3,3,1,80000
3,3,1,90000
0,0,2.5,1500000
3,3,5,11000000
3,3,5,11000000
3,3,5,11000000
3,3,5,11000000
3,3,5,10000000
3,3,5,10000000
3,3,5,10000000
3,3,5,10000000
3,3,5,10000000
3,3,5,10000000
0,3,5,10000000
3,3,5,10000000
3,3,5,10000000
0,4,4.5,12000000
0,0,1.5,4500000
0,4,5,11500000
0,0,8.8,11000000
0,4,4.5,21500000
0,0,3,7000000
0,0,2,3500000
0,0,2,4500000
0,0,2,4000000
6,5,10,19500000
0,2,2,4200000
0,2,2,3000000
0,8,6,15000000
0,6,3,5500000
3,3,4.8,7000000
0,0,1,42000
0,0,1,70000
0,5,16,60000
0,6,16,70000
0,3,12.5,45000
0,5,8,40000
0,5,7,35000
0,0,1,35000
0,0,1,35000
3,2,8,30000
3,3,1,50000
4,4,14,80000
2,2,10,37000
3,3,10,35000
3,2,10,27000
3,2,10,35000
3,3,10,38000
3,3,10,50000
3,3,10,55000
3,3,5,20000
2,2,10,50000
2,2,10,30000
3,3,10,35000
2,2,10,27000
2,2,10,30000
6,6,7,45000
0,2,6,30000
0,2,5,35000
0,4,4,50000
0,2,5,40000
0,2,5,35000
0,4,5,75000
0,3,7,50000
0,3,7,45000
0,6,7,95000
0,2,5,35000
0,3,7,45000
0,3,7,40000
6,6,1,110000
3,2,10,30000
0,2,2.5,14000
0,2,2.5,14000
0,6,3,35000
0,2,2,12000
0,2,2,12000
0,2,4,18000
0,2,5,30000
0,5,3,45000
0,4,5.5,50000
0,3,3,16000
0,2,5,24000
0,2,5,25000
0,2,4,20000
0,2,7,35000
0,3,7,28000
0,2,5,20000
6,5,1,42000000
4,3,1,85000
1,1,2,3200000
4,3,3,11500000
4,3,5,10800000
1,1,2,3200000
6,5,7,19500000
5,3,10,18500000
5,4,10,27500000
6,5,1,59000000
6,5,1,78000000
6,5,10,30000000
1,1,2,3200000
6,5,7.5,26000000
6,5,1,50000000
6,5,7,24000000
1,1,2,3200000
6,5,5,16500000
0,5,1,60000000
4,3,5,10200000
7,6,1,45500000
6,5,1,40500000
7,6,14,33500000
6,5,10,25500000
6,5,1,325000
3,3,1.1,70000
4,4,1.5,65000
2,2,4.8,50000
4,4,1.5,90000
3,3,7.8,85000
2,2,4.2,45000
2,2,4.2,45000
2,2,4.2,45000
3,3,5.6,60000
3,3,5.8,65000
3,3,7.8,90000
2,2,4.2,40000
0,4,12,200000
0,4,1,225000
0,4,2,175000
0,4,2,300000
0,3,1,120000
0,3,1.1,175000
3,3,8,19900000
3,3,8,19900000
3,3,8,20000000
3,3,8,20000000
3,3,8.8,14400000
6,6,9.6,37000000
6,6,9.6,40000000
6,6,9.6,40000000
6,6,9.6,35000000
6,6,9.6,30000000
6,6,16,75000000
6,6,16,65000000
6,6,16,45000000
6,6,1,85000000
6,6,1,85000000
1,1,1.1,2250000
4,4,11.1,18200000
5,5,14,120000000
6,6,9.6,26500000
6,6,9.6,26300000
6,6,9.6,25300000
6,6,9.6,25200000
6,6,9.6,25100000
6,6,9.6,25000000
6,6,16,38500000
6,6,16,38300000
6,6,16,38200000
6,6,16,38100000
6,6,16,38000000
2,2,4.8,9500000
2,2,4.8,9000000
4,4,4.8,12500000
6,6,9.6,26500000
6,6,9.6,26000000
6,6,9.6,25500000
6,6,9.6,25000000
6,6,9.6,24500000
6,6,9.6,24000000
6,6,16,38000000
2,2,4.8,9500000
2,2,4.8,10000000
4,4,4.8,13000000
6,6,9.6,28000000
6,6,9.6,27000000
6,6,9.6,26500000
6,6,9.6,26000000
6,6,9.6,25500000
6,6,9.6,25000000
6,6,16,38000000
5,5,15.6,85000000
3,3,7.4,12100000
3,3,6.7,14500000
3,3,6.4,14000000
3,3,6.2,12000000
2,2,3.6,8000000
2,2,4.2,8000000
2,2,4,8000000
2,2,1.7,1700000
2,2,4,7500000
2,2,3.2,4000000
2,2,4,7500000
3,3,8,37500000
4,4,10.7,52500000
2,2,4,7500000
3,3,8.9,42000000
3,3,8,35000000
3,3,8,30000000
3,3,8.9,45000000
3,3,6.2,24000000
4,4,9.8,50000000
3,3,7.6,22500000
4,4,11.6,65000000
4,4,11.6,65000000
4,4,10.7,50000000
4,4,12,52500000
3,3,8.9,42500000
4,4,10.7,50000000
3,3,8,45000000
2,2,6.4,10600000
2,2,6.4,10600000
2,2,6.4,10600000
2,2,1.5,1700000
6,6,9.6,26200000
7,6,1,55000000
7,6,1,57500000
6,5,1,47500000
6,5,1,45000000
7,6,1,48000000
5,4,10,24000000
5,4,10,28500000
7,6,1,45000000
5,5,1.3,120000000
8,7,2,110000000
3,3,1,40000
5,5,16,150000
3,3,1,40000
7,5,4,1200000
1,2,4.2,20000
8,8,1,280000
2,2,12,63000
9,8,1,422000
5,4,1,78000
4,3,1,75000
7,6,2.1,1300000
3,3,14,80000
4,3,1,120000
2,2,12.2,60000
3,2,5,4000000
0,0,3,5000000
0,0,2,4500000
0,0,4.5,9000000
0,0,3,5000000
0,0,3,5000000
0,0,2,4500000
0,0,4.5,9000000
0,0,3,5000000
6,5,10,24900000
0,0,5,20000
0,0,5,18000
0,0,3,15000
0,0,2,10000
0,0,10,28000
0,0,5,23000
0,0,5,20000
0,0,5,18000
0,0,3,15000
0,0,2,10000
0,0,10,28000
0,0,5,23000
2,2,5,55000
6,5,10,22500000
6,5,10,33500000
3,5,5,12000000
0,4,10,24000000
0,4,10,18000000
0,3,5,10000000
0,3,5,10500000
0,3,5,11000000
0,3,5,11500000
0,3,5,11000000
0,0,8,30000000
0,5,8,23500000
1,1,2.2,3600000
6,5,1,52000000
7,6,1,82500000
4,3,8,12000000
4,3,5,9800000
5,4,8,16500000
6,5,11,25000000
7,5,1,37000000
0,4,10,18000000
0,3,5,11500000
0,4,10,21000000
0,3,5,16000000
4,3,5,11000000
6,5,10,21000000
6,5,10,20500000
7,5,1,39000000
7,7,1,165000
4,4,1,33500000
6,5,10,19000000
5,4,10,21000000
5,5,10,19000000
4,4,8,14000000
3,3,5,8900000
3,3,5,12500000
2,0,5,12000000
7,6,1,36000000
4,4,7,20000000
0,3,5,11500000
0,3,5,11500000
0,3,3,7000000
0,7,8,16000000
4,3,3.5,7500000
3,3,4.9,4500000
6,6,9.6,26000000
6,6,9.6,25800000
6,6,9.6,25700000
2,2,6.4,10600000
6,6,9.6,25500000
6,6,9.6,26100000
6,6,9.6,25900000
6,6,9.6,25600000
6,6,9.6,25400000
4,4,4.8,15000000
4,4,4.8,14500000
4,4,4.8,15000000
6,6,16,34500000
3,3,6.7,22500000
3,3,5.3,17000000
2,2,5.1,8395000
3,3,11.4,45000
3,3,11.4,47000
3,3,11.4,55000
3,3,11.4,55000
5,5,11,200000
3,3,11.4,50000
3,3,11.4,55000
3,3,11.4,55000
3,3,6.7,55000
3,3,4.9,30000
3,3,11.4,55000
3,3,11.4,55000
3,3,11.4,55000
3,3,11.4,60000
2,2,4.2,6800000
0,6,2,132500000
0,4,2,125000000
0,5,16,70000000
0,3,12,55000000
0,9,1.3,150000000
0,5,12,82500000
0,6,1.3,137500000
0,0,4.4,18000000
0,0,4.2,9000000
0,0,1,70000000
0,0,1.1,81000000
0,0,1,86000000
0,0,2,180000000
0,0,1,75000000
0,0,1.1,72500000
0,0,1.2,85000000
2,2,1.5,1700000
3,3,8,13100000
6,6,5.3,16000000
6,6,5.3,19000000
2,2,1.7,1700000
6,6,5.3,19000000
6,6,5.3,15000000
6,6,5.3,21000000
3,3,8,14500000
3,3,5.3,9000000
3,3,5.3,7000000
3,3,5.3,7000000
3,3,4.6,11000000
3,3,8,500000
2,2,8.4,12500000
4,4,8,27500000
2,2,4.7,13500000
3,3,5.3,7200000
4,4,5.8,16000000
2,2,4.4,15000000
4,4,8,28000000
4,4,8,28000000
4,4,8,23500000
2,2,2.2,5800000
4,4,8,26000000
3,3,5.3,7500000
2,2,4,9500000
3,3,8,16500000
2,2,2.2,5800000
6,6,2.4,10500000
3,3,9.4,9200000
2,2,4.2,10000000
3,3,5.3,7000000
3,3,9.2,16000000
3,3,5.3,7800000
3,3,8,17500000
2,2,1.7,1700000
3,3,9.6,12500000
3,3,5.3,7500000
2,2,5.1,8395000
2,2,4,7500000
5,5,3.6,8500000
2,2,4,4700000
2,2,4,4500000
2,2,4,5500000
2,2,4,4500000
2,2,4,3800000
2,2,4,4000000
2,2,4,4600000
5,5,1,66000000
5,5,1,66500000
4,4,1,59500000
4,4,1,60000000
6,6,1.1,72500000
2,2,4,5000000
6,6,1.1,82500000
6,6,1.1,85000000
6,6,1,112500000
2,2,4.3,7000000
2,2,4.3,6300000
2,2,4.3,7000000
2,2,4.3,6500000
2,2,4.3,6500000
2,2,4,4600000
3,4,1,57500000
10,7,9.6,42000000
2,2,6.4,10400000
3,3,8,13500000
2,2,6.4,10400000
0,1,3.7,5500000
6,6,10,45000000
5,5,5,20000000
0,2,5,7000000
6,5,10.1,42500000
5,5,1,40000000
1,1,1.5,2495000
7,6,1,60000000
3,2,6,10500000
5,5,10,42500000
6,6,8,28000000
6,6,9,50000000
4,4,9.3,32500000
7,6,1,385000
5,5,1,265000
10,10,1.8,650000
4,4,1.2,60000
7,6,1.2,296000
7,6,1.3,320000
3,3,1,80000
6,5,1.2,298000
2,2,4.6,46000
6,4,12,135000
1,1,4.4,12000
8,7,1,300000
3,3,1,95000
3,3,1,110000
2,3,14.2,50000
3,3,14.2,85000
0,0,10,13500000
2,2,61.7,5000000
0,0,7,13500000
5,5,7,11500000
5,4,7,13500000
6,5,7,50000
5,4,10,65000
3,3,1,49000
1,4,12,5500000
7,5,1,45000000
4,4,5,15000000
3,2,5,6000000
7,5,10,17500000
5,4,1,33000000
5,5,10,14000000
0,0,5,4000000
5,5,10,17000000
0,3,5,12500000
0,5,10,21000000
0,5,10,23000000
5,4,10,18500000
6,5,1,29500000
6,5,2,100000000
5,5,2,170000000
5,5,1,31000000
2,3,5,8000000
5,4,5,12500000
5,5,7,15500000
4,4,10,13000000
1,1,9,25000
6,5,1,35000000
7,3,8,16000000
5,4,10,17000000
5,4,10,17000000
4,4,10,40000000
6,5,1,49000000
4,4,5,18000000
4,4,10,39000000
5,4,5,14000000
3,3,5,8500000
5,5,1,35000000
6,5,1,36000000
6,5,10,23500000
6,5,10,21000000
5,4,10,21000000
6,5,1,36000000
5,4,10,21000000
4,4,10,20500000
6,5,1,50000000
6,5,1,60000000
6,5,1,42000000
7,5,10,20000000
7,5,12,26000000
7,5,10,22000000
6,4,8,17500000
6,5,1,34000000
6,5,10,21000000
0,0,2,6000000
6,5,1,36000000
6,5,10,18800000
6,5,10,16200000
5,4,12,16000000
6,5,10,18000000
7,6,1,28000000
7,6,1,28000000
6,5,10,21800000
5,4,8,16000000
4,3,8,11500000
6,5,10,24000000
2,2,4,6000000
0,5,1,85000000
0,5,1,80000000
2,2,4,4000000
2,2,4,3500000
2,2,2.9,3600000
3,3,8,13100000
2,2,4.2,7100000
2,2,4,4500000
2,2,4.2,7000000
2,2,4.2,6900000
2,2,4.2,6800000
2,2,4.2,6700000
2,2,4.2,6600000
2,2,4.2,6500000
2,2,5.1,8395000
2,2,4.2,6400000
2,2,4.2,6300000
2,2,4.2,6200000
3,3,10,12400000
3,3,10,12300000
3,3,10,12200000
3,3,10,12100000
2,2,6.4,10600000
2,2,4.8,8600000
3,3,10,12000000
3,3,6,5500000
3,3,10,11900000
3,3,4.4,12500000
3,3,4,38500000
3,3,4,35000000
3,3,8,23000000
2,2,5.1,13000000
3,3,8,27500000
3,3,10,11800000
3,3,10,11700000
3,3,10,11600000
2,2,4,4500000
3,3,10,11500000
2,2,4.9,8030000
2,2,3.1,3500000
2,2,4.3,3900000
2,2,4.8,2600000
2,2,4.3,3800000
2,2,4.8,2700000
2,2,4.8,2900000
2,2,4.8,3000000
2,2,4.8,2500000
2,2,4.3,3500000
2,2,4.8,2900000
0,3,1,150000
2,2,6,18000
3,3,1.1,65000
3,3,1.1,63000
3,3,1.1,65000
3,3,8,50000
1,3,2.4,17000
3,3,8,52000
3,3,8,50000
3,2,5.3,30000
3,2,5.3,28000
3,2,5.3,30000
6,5,2,325000
3,3,4.4,47000
3,3,8,75000
3,3,4.4,45000
4,4,7.3,9500000
3,3,7.3,9500000
4,3,7.3,9500000
2,2,3.2,1700000
2,2,3.2,1700000
3,3,4.5,7500000
3,3,4.5,6000000
3,3,4.5,6500000
3,3,9.2,14800000
2,2,3.2,1500000
2,2,3.2,1600000
2,2,3.2,1700000
2,2,3.2,1800000
2,2,3.2,1900000
3,3,4.5,6500000
2,2,3.2,2000000
2,2,3.2,1500000
2,2,3.2,1600000
3,3,4.5,6500000
2,2,3.2,1700000
2,2,3.2,1800000
2,2,3.2,1500000
2,2,3.2,1500000
2,2,3.2,1600000
3,3,4.5,6000000
2,2,3.2,1700000
2,2,3.2,1800000
2,2,3.2,1900000
2,2,3.2,2000000
2,2,3.2,1500000
2,2,3.2,1600000
3,3,4.5,6000000
2,3,6.7,800000
4,5,4.4,14500000
4,3,9.3,37000000
2,2,6,8500000
0,4,6.7,16000000
2,2,4,5000000
6,6,1,30000000
7,7,12,45000000
2,2,5,3600000
6,6,2,115000000
6,5,1.2,260000
4,4,4,400000
2,2,4.6,35000
2,2,3.1,25000
5,3,1,110000
10,11,4,1600000
3,3,1.6,115000
4,4,1,44000
2,2,3.6,16000
3,2,1.3,75000
3,3,10,60000
7,6,12,15000000
5,4,7,16500000
0,6,1,48000000
0,7,14,30000000
0,6,1,35000000
0,6,1,28000000
0,4,9,16000000
0,5,10,20000000
0,6,1,45000000
0,2,4.2,6000000
0,1,2.7,3500000
0,2,5.1,3500000
4,4,14,20000000
6,6,2,38000000
4,4,10,25000000
4,4,10,20000000
5,5,10,23500000
5,5,10,23000000
4,4,10,23000000
2,2,4,6500000
0,6,10,13000000
0,6,1,26000000
0,4,5,10500000
0,6,1.5,33000000
0,7,9,16500000
0,2,10,11500000
0,4,5,8500000
0,4,5,7500000
0,5,13,20500000
0,6,1,25000000
0,5,5,11500000
0,6,13,17000000
0,4,1,16000000
0,6,1,35000000
0,4,5,10500000
0,4,4,8500000
0,4,3,6500000
6,6,1,38000000
1,1,2.7,3500000
4,4,10,25000000
4,4,10,19000000
4,4,12,21000000
4,4,12,23000000
4,4,5,9800000
5,5,7,13000000
0,0,5,7500000
0,0,2,5000000
0,0,3,6500000
0,0,2,6500000
0,0,5,7500000
0,0,2,5000000
0,0,3,6500000
0,0,2,6500000
0,0,5,7500000
0,3,1,60000
0,6,10,80000
0,4,10,60000
0,5,10,65000
0,2,10,38000
0,4,10,70000
6,5,7,45000
0,4,10,75000
0,2,10,40000
0,2,10,37000
2,2,4,75000
1,1,1.6,14000
1,1,2.2,24000
0,3,10,65000
0,3,10,25000
0,2,10,35000
0,2,10,33000
0,2,10,29000
0,5,10,70000
0,4,1,50000
0,7,1.5,50000
0,3,1,55000
0,6,13.5,75000
0,9,1,140000
6,5,10,20000000
6,5,10,19800000
4,3,5,12500000
6,5,10,19000000
6,5,10,21000000
4,3,5,10500000
6,5,10,20500000
5,4,8,16000000
5,5,1,140000
6,4,8,16000000
6,6,1,50000000
6,5,10,19500000
6,5,1,39900000
6,5,1,47500000
0,0,5,25000
6,5,1,42000000
6,5,1,38500000
7,6,1,95000000
4,3,5,12500000
2,2,8,30000
6,5,1,39500000
6,5,10,20000000
6,5,1,45000000
7,5,1.2,55000000
7,5,1,40000000
6,5,1,42500000
6,5,1,39000000
0,3,3.5,7500000
0,3,3,6500000
6,5,2,110000000
6,5,2,72000000
5,4,5,12000000
2,3,5,8200000
7,5,12,19500000
6,5,1,45000000
6,5,10,18800000
6,5,10,19900000
3,5,4,9000000
4,3,5,10000000
6,5,1,37000000
6,5,1,57000000
7,6,1,85000000
6,5,1,44000000
0,1,1.8,3900000
6,5,1,44000000
7,5,1,80000000
6,5,1,46000000
7,5,1,55000000
6,5,1,42500000
0,6,1,32500000
5,5,5,13800000
4,3,5,12500000
6,5,1,41000000
7,5,1,55000000
5,4,5,12800000
5,5,8,12000000
2,2,3.2,1700000
3,3,4.5,6000000
3,3,4.5,6500000
8,7,8.6,38000000
8,7,8.6,35000000
8,7,8.6,45000000
3,3,4.9,5500000
4,4,11.1,18200000
3,3,8,13100000
6,6,1.1,72500000
3,3,6.1,15400000
2,2,4,5500000
3,3,6.1,15300000
0,0,7.3,25000000
3,3,6.1,15200000
3,3,6.1,15100000
3,3,6.1,15000000
3,3,6.1,14900000
3,3,6.1,14800000
3,3,6.1,14700000
3,3,6.1,14600000
3,3,6.1,14500000
2,2,4,6200000
2,2,3.3,3500000
2,4,4,7500000
5,4,8,65000000
2,2,1.8,2000000
0,0,13,90000000
3,3,9.4,11800000
0,0,1.2,70000000
4,4,8.9,32500000
0,0,12,90000
6,6,1.2,425000
7,6,1,350000
6,5,1.2,300000
2,2,4.4,40000
5,5,1.3,250000
3,3,8,23000000
3,3,8,23000000
8,9,1,130000000
3,3,8,23000000
3,3,8,23000000
3,3,8,23000000
3,3,8,23000000
3,3,8,23000000
3,3,8,23000000
9,9,1,90000000
3,3,5,6000000
7,7,16,85000000
0,0,6.7,11000000
2,2,4,25000
2,2,10,60000
4,4,6.7,45000
4,4,4,50000
10,9,17.8,600000
3,3,10,63000
3,3,12,65000
3,3,12,70000
3,3,12,65000
3,3,12,70000
3,3,14.2,75000
2,2,7,44000
3,3,12,71000
3,3,12,72500
3,3,12,60000
3,3,17.8,150000
2,3,10,50000
3,2,8,50000
2,2,4.9,40000
3,3,12,65000
5,4,12,100000
3,3,12,60000
3,3,12,60000
3,3,12,60000
2,2,0.9,25000
3,3,12,45000
3,3,1,90000
1,1,1,50000
2,3,16,40000
0,0,10,30000
0,0,10,35000
0,0,10,70000
0,0,10,32000
0,0,10,36000
0,0,10,72000
0,0,10,31000
0,0,10,37000
0,0,10,75000
0,0,10,30000
0,0,10,35000
0,0,10,75000
0,0,10,32000
0,0,10,37000
6,6,1,40000000
0,5,7,13500000
0,4,7,14000000
3,3,6,12000000
7,6,12.4,28000000
0,0,4,3800000
0,0,4,2800000
0,0,6.2,6300000
0,0,4,2100000
0,0,13,14000000
0,0,5,6000000
0,3,10,5000000
0,4,7,10000000
0,2,6,4700000
0,2,4,3500000
0,2,4,3500000
6,6,7.3,7000000
0,0,5,30000
0,5,10,65000
0,6,1.2,50000
0,3,1,55000
0,3,1,50000
0,4,1.3,60000
0,2,10,33000
0,2,10,30000
0,2,10,35000
0,5,10,65000
0,2,10,30000
0,2,10,33000
0,2,10,32000
0,6,10,70000
0,3,1,55000
3,3,10,32000
3,0,5,30000
6,5,7,45000
3,3,1,55000
4,2,4.4,50000
4,3,14,35000
4,3,10,65000
6,5,1,39500000
0,3,5.5,11500000
7,5,1,57000000
4,3,5,12700000
6,5,1,39000000
7,5,1,49000000
7,6,1,42500000
7,6,1,67500000
6,5,1,38500000
7,5,1,57500000
0,4,5,12500000
0,3,3,12000000
0,3,6.2,13000000
0,4,7,15000000
0,4,4,11000000
3,3,2.7,8800000
4,3,4,13500000
6,5,1,42000000
6,5,1,49500000
4,4,3,7000000
0,2,5,6000000
6,5,8,17800000
5,4,10,42000000
2,2,5,1600000
6,5,1,60000000
0,5,5,9000000
6,3,5,11000000
5,5,10,16500000
3,3,5,9500000
3,3,5,10000000
7,5,11,23000000
0,4,1,35000000
0,4,1,27500000
0,7,2,70000000
0,5,1,74500000
0,5,7,29500000
3,3,3,6700000
5,3,5,12200000
3,3,5,12500000
6,5,10,20000000
6,5,1,67500000
3,3,5,12000000
0,8,2,95000000
3,3,5,10200000
5,4,10,41000000
4,4,5,13000000
6,5,1,59500000
8,8,6,34000000
6,5,10,17000000
5,5,10,19000000
3,3,8,23000000
3,3,8,23000000
3,3,8,23000000
3,3,8,23000000
5,5,11.8,55000000
5,5,1.2,140000000
3,3,16,21000000
3,3,4.2,5500000
5,5,14,65000000
5,5,1,70000000
2,2,3.3,2800000
0,2,3.5,4000000
0,2,3.5,3800000
0,6,4.8,13000000
0,4,4.8,12500000
0,3,5.6,5500000
0,2,4.8,6000000
0,2,4,3800000
0,2,4.4,6000000
0,4,4.8,13500000
0,5,12,36500000
0,6,4.8,15500000
0,2,4,4000000
0,3,4.8,6000000
0,3,6.4,11500000
0,0,9.6,35000000
0,4,3.4,4000000
2,2,3.3,2800000
3,3,4.2,5500000
3,3,4.8,4800000
2,2,4,7000000
2,2,4.2,10000000
0,0,1.2,65000000
3,3,5.8,13000000
4,4,8.4,20000000
2,2,2.2,3500000
3,3,3.6,4500000
3,3,4,5500000
3,3,3.1,4000000
2,2,2.2,3500000
3,3,5.3,7500000
2,2,3.3,5000000
4,4,5.6,18000000
5,5,1,68000000
6,8,6.4,55000000
5,5,1,69000000
4,3,7.8,13500000
4,4,4,30000000
5,5,1,68500000
5,5,1,75000000
3,3,3.6,24000000
2,2,2.7,3000000
1,1,2.4,2250000
0,0,4.2,40000
3,3,7.8,80000
0,2,4.8,20000
3,3,9.6,35000
3,3,12.4,105000
2,2,5.8,29000
4,4,14,60000000
2,2,4.2,5400000
2,2,4.2,6400000
2,2,4.2,5600000
2,2,4.2,4600000
2,2,4.2,6300000
4,4,14,59000000
2,2,4.2,5150000
2,2,4.2,5750000
2,2,8,11200000
7,5,7,27000000
0,3,5,13000000
0,4,5,8000000
0,4,5,7700000
0,0,5,8000000
0,0,10,70000
0,0,10,33000
0,0,10,38000
0,0,10,73000
0,0,10,30000
0,0,10,36000
0,0,10,71000
0,0,10,31000
0,0,10,36000
0,0,10,72000
0,0,1,40000
0,0,1,55000
0,0,1,120000
0,0,1,42000
0,0,1,57000
0,0,1,125000
2,2,10,28000
2,4,9.3,34000
2,2,8,26000
2,2,9.3,25000
2,2,10,27000
3,3,1,45000
3,3,9.3,30000
2,2,5,18000
2,2,9.3,24000
5,4,9.3,47000
4,4,9.3,55000
2,2,5,18000
3,3,5.8,49000
3,3,1,100000
3,3,12,45000
3,3,1,92000
3,3,12,65000
3,3,12,58000
3,3,12.4,52000
3,3,12,63000
6,6,12,145000
3,3,12,69000
3,3,12.4,55000
3,3,12,70000
3,3,12,60000
6,6,12,147000
3,3,12.4,50000
3,3,10,70000
0,0,1,380000
7,7,1,350000
3,3,12,75000
3,3,12,62000
1,1,0.4,18000
3,3,12,65000
7,6,12.4,26000000
0,5,10,18000000
0,3,3.6,7500000
0,5,7.6,12000000
0,4,7,16000000
0,4,7,13000000
0,4,5,11000000
0,5,7,12000000
0,5,5,10500000
0,4,7,13000000
0,4,4,8500000
0,4,3,6500000
0,7,9,17000000
0,4,5,11000000
0,5,10,13000000
0,0,7.5,28500000
0,0,5,25000000
0,0,3,7500000
0,0,5,12000000
0,0,4,8500000
0,0,3,5500000
0,0,5,15000000
0,0,3,8000000
0,0,5,17500000
0,0,5,25000000
0,0,5,19500000
0,0,1.5,4000000
0,0,10,20000000
0,0,10,25000000
0,0,6,11000000
0,0,5,6000000
0,0,7,15000000
0,0,5,8500000
0,0,5,8500000
0,0,10,12500000
0,0,5,8000000
6,5,1,49000000
0,1,4,4800000
0,2,4.7,5500000
0,2,7.1,16000000
0,2,10,22000
0,2,10,30000
0,2,6,22000
0,3,1,35000
0,3,1,35000
0,3,12,35000
0,3,12,37000
0,3,10,33000
0,2,10,36000
0,1,1.6,25000
1,1,2.2,26000
0,3,10,28000
0,3,10,26000
0,3,10,30000
0,2,5,23000
0,3,10,27000
0,2,10,23000
0,4,5,35000
0,2,6,22000
0,1,1.6,23000
0,3,10,37000
2,2,10,30000
2,2,6.2,55000
6,5,10,23500000
6,5,2,110000000
3,3,5,7500000
4,3,5,18000000
5,4,13,34000000
6,5,1,47000000
6,5,1,45000000
0,2,5,5000000
6,5,1,33000000
6,5,1,47500000
5,4,10,30500000
5,4,5,9500000
0,4,5,12200000
0,3,3,7000000
0,2,10,15000000
0,4,4.5,8200000
0,10,2,120000000
0,4,5,12500000
0,5,13.5,24000000
4,3,4,6000000
4,3,5,9000000
6,5,1,40000000
7,5,11,25500000
7,5,10,22000000
6,5,1,42500000
6,5,1,48000000
6,5,1,57500000
7,5,10,18500000
4,4,1.1,25000000
0,3,8,20000000
0,4,8,19000000
0,4,5,12000000
0,7,7.5,16000000
0,6,7,27500000
0,0,2,4500000
0,0,2.5,6000000
0,3,3,6000000
3,3,5,13000000
7,6,5,11300000
6,5,1,43000000
6,5,6,12000000
4,4,10,24000000
0,0,8,10000000
7,5,10,23500000
6,5,1,54000000
4,4,14,58000000
4,4,14,57500000
4,4,14,57000000
4,4,14,56500000
4,4,14,56000000
4,4,14,14500000
6,6,9.6,30000000
3,3,9.6,38500000
3,3,6.4,12500000
1,1,2.4,2250000
5,6,8,37500000
3,3,6.2,12500000
1,1,1.6,1750000
4,4,8,14500000
2,2,3.3,1700000
0,3,9.3,30000000
0,3,9.2,30000000
4,4,2.4,11000000
6,6,9.6,36000000
2,2,2.8,3600000
4,4,13.2,39000000
3,3,8,18500000
3,3,8,18500000
3,3,8,18600000
3,3,8,18600000
3,3,8,18700000
3,3,8,18800000
3,3,8,18800000
3,3,8,18900000
3,3,8,18900000
3,3,8,19000000
3,3,8,19000000
3,3,8,19100000
3,3,8,19100000
3,3,8,19200000
3,3,8,19200000
3,3,8,19300000
3,3,8,19300000
2,2,4,43000
3,3,8,19400000
3,3,8,19400000
3,3,8,19500000
3,3,8,19500000
3,3,8,19600000
3,3,8,19700000
3,3,8,19800000
3,3,8,19900000
3,3,8,20000000
3,3,8,20100000
3,3,8,20200000
3,3,8,20300000
3,3,8,20500000
4,4,13.2,36000000
2,2,5.3,1460000
6,6,16,42500000
0,0,2,67500000
0,0,1,45000000
0,0,8.6,35000000
0,0,5.3,17500000
3,3,4.3,7500000
3,3,8,17500000
3,2,5.3,26000000
0,0,3.6,15500000
2,2,1.8,4000000
4,3,5,14500000
0,4,4.8,17500000
0,6,4.8,14000000
0,4,4.8,18500000
0,4,4.8,16500000
0,4,4.8,18500000
0,8,4.8,21000000
0,2,4,3500000
0,2,3.1,3300000
0,2,2.9,3500000
0,4,4.8,15500000
0,8,4.8,31000000
0,2,4.8,27500000
0,8,4.8,40000000
0,2,4.8,13000000
0,4,4.8,15000000
0,4,4.8,14500000
0,6,4.8,14000000
0,4,4.8,14500000
0,4,4.8,14000000
0,2,4.8,13000000
0,2,4.8,6000000
0,2,4.8,6500000
0,3,8,35000000
0,4,4.8,17500000
0,4,4.8,17000000
0,4,4.8,16000000
0,4,4.8,23000000
0,4,4.8,17200000
0,4,4.8,20000000
3,3,6,13500000
3,3,6,13500000
3,3,6,13600000
3,3,6,13600000
3,3,6,13700000
3,3,6,13800000
3,3,6,13800000
3,3,6,13900000
3,3,6,13900000
3,3,6,14000000
3,3,6,14000000
3,3,6,14100000
3,3,6,14100000
3,3,6,14200000
3,3,6,14200000
3,3,6,14300000
3,3,6,14300000
3,3,6,14400000
3,3,6,14400000
3,3,6,14500000
1,1,3.1,5250000
2,2,4,6000000
1,1,3.3,5513000
4,4,1.2,74500000
2,2,5.3,8872000
6,6,1.3,110000000
6,6,10,42500000
6,6,13,46500000
9,8,1,53000000
3,3,10.5,17700000
4,4,11.4,19200000
0,0,22,500000000
4,3,4,17000000
4,5,8,18500000
5,4,4.4,14800000
1,1,3.1,5250000
0,7,12,18000000
0,7,12,18000000
0,7,12,18000000
0,7,12,18000000
1,1,3.1,5250000
6,5,7,27000000
0,0,4,16000000
0,0,4.4,15000000
1,1,3.3,5513000
6,5,8,25500000
6,5,7,27000000
3,3,7,5200000
0,0,5,1800000
3,3,12,65000
3,3,1,90000
3,3,1,93000
3,3,12,65000
3,3,12,60000
0,0,10,32000
0,0,10,28000
7,7,1.2,600000
4,4,1,280000
3,3,1,45000
5,5,8,75000
0,3,1,50000
0,4,2,85000
3,2,1,35000
0,0,9.3,25000
2,2,6,50000
1,1,0.5,12000
2,2,10,27000
2,3,16,60000
2,2,7,39000
0,0,14,48000
2,2,7,40000
0,0,3,4500000
0,0,3,4500000
6,5,7,12500000
7,6,16,32500000
3,2,5,5800000
8,6,10,12000000
0,6,10,16000000
0,4,5,11500000
0,4,5,11000000
0,4,5,9500000
0,6,10,16500000
0,6,10,17000000
0,5,5,12000000
0,4,5,10500000
0,5,7,14000000
0,7,1,30000000
0,7,10,19000000
0,4,5,9000000
6,5,1,47500000
0,0,4,4800000
0,0,2.5,4500000
0,0,2,3500000
0,0,2,3500000
0,0,5,9000000
0,0,4,8000000
0,0,4,4800000
0,0,2,3500000
0,0,2,3500000
0,0,5,9000000
0,0,2.5,4500000
2,5,4,5500000
0,4,12,22500000
0,0,10,15000000
0,4,12,22500000
0,0,10,15000000
0,4,12,22500000
0,0,10,15000000
0,4,12,22500000
0,0,10,15000000
5,3,1,65000
3,2,10,35000
0,3,10,25000
0,2,10,23000
0,2,5,20000
0,2,5,22000
0,4,1,38000
0,8,12,70000
0,6,15,55000
0,3,13,28000
0,3,8,25000
0,2,10,25000
0,2,5,15000
0,2,6,22000
0,2,13,30000
0,6,16,60000
0,6,10,55000
0,0,10.9,78000
4,3,1,50000
6,5,1,34000000
0,5,8,17500000
5,4,10,32500000
1,1,2.3,5000000
7,5,10,16500000
5,4,10,41000000
0,5,9,18000000
0,3,3,7500000
0,5,15,23500000
0,5,10,18000000
0,5,10,18000000
0,6,5,12000000
0,4,5,15000000
0,3,2,4500000
0,2,1.5,3500000
0,3,15,25000000
0,4,12.5,25000000
0,3,3,8000000
0,3,2.5,7500000
0,3,2,5000000
5,5,1,48000000
5,5,1,65000000
7,5,10,17000000
5,5,1,70000000
5,5,2,105000000
3,4,3,7100000
4,3,5,16000000
6,5,1,41000000
6,5,1,44000000
8,7,1.2,82500000
7,5,10,18000000
4,3,5,9000000
6,5,1,44000000
6,5,1,175000
5,5,7,13500000
6,5,1,45000000
6,5,1,44000000
7,5,10,17500000
0,5,1,35000000
0,5,1,37500000
0,3,6,6500000
0,0,1.5,2600000
0,3,2.5,6500000
0,3,3,9000000
0,3,3,8600000
6,5,1,40000000
7,5,10,16500000
6,5,1,41000000
0,3,3.5,8000000
0,4,3,9500000
0,3,3.5,9000000
0,3,4,13000000
0,0,1.1,40000000
0,3,4.3,9000000
0,3,2,5000000
0,3,2,5000000
0,3,2.5,7500000
0,3,3,9000000
0,4,5,15000000
0,3,2,4500000
0,3,3,8500000
0,2,1.5,3500000
0,3,3,6500000
0,3,2.5,7000000
0,4,5,13000000
5,4,8,16500000
2,2,3.8,4350000
6,5,1,81000000
6,5,1,53000000
4,3,5,11500000
6,5,2,87000000
3,3,6,14500000
3,3,6,14600000
3,3,6,14600000
3,3,6,14700000
3,3,6,14700000
3,3,6,14800000
3,3,6,14800000
3,3,6,14900000
3,3,6,14900000
3,3,6,15000000
3,3,8,10100000
3,3,8,10200000
3,3,8,10300000
3,3,8,10400000
3,3,8,10500000
3,3,8,10600000
3,3,8,10700000
3,3,8,10800000
3,3,8,10900000
3,3,8,11000000
3,3,6.7,14000000
3,3,10.2,37500000
4,3,8,20000000
2,2,4.8,9500000
4,4,13.2,38500000
4,4,13.2,38000000
4,4,13.2,37000000
4,4,13.2,39500000
4,4,13.2,39000000
3,3,8,12500000
5,4,12,19000000
3,3,10,24000000
3,3,10,30000000
3,3,10,29500000
3,3,8,25000000
2,2,3.6,4500000
5,5,9,70000000
4,4,3.6,11200000
3,3,5.6,11500000
0,2,3.1,4000000
0,2,3.1,4200000
0,6,4.8,24000000
0,4,4.8,23500000
0,2,3.6,4500000
0,3,6.7,6500000
0,2,3.1,4000000
0,2,3.1,3800000
0,4,4.8,15500000
0,4,4.8,16500000
0,2,2.9,2500000
0,2,3.1,2700000
0,1,2.2,1600000
0,8,4.8,16500000
0,2,3.1,3600000
4,4,5.4,32500000
5,4,13.3,215000
2,2,5.6,25000
4,4,13.2,70000
4,4,13.2,68000
3,3,9.6,45000
4,4,13.2,70000
4,4,13.2,70000
3,3,1,130000
3,3,6.9,32000
4,3,6.9,45000
3,3,5.3,10000000
3,3,5.3,10000000
2,2,4.4,9000000
2,2,4.4,9000000
0,0,3,7000000
0,2,5,5500000
0,4,5,6500000
0,0,2,180000000
4,4,5,1200000
5,4,4.4,16200000
3,3,6,6500000
5,5,1,27000000
3,4,15,11000000
0,4,10,11000000
0,4,10,11000000
0,8,6,12000000
0,8,6,12000000
5,5,5,5500000
2,3,6.1,14000000
5,5,4.5,5800000
2,2,3,5500000
3,3,10,7000000
3,3,11.1,7000000
7,8,5.5,9500000
7,6,2,130000000
0,1,4.4,5600000
0,1,4.4,5600000
0,2,5.7,7700000
0,2,5.7,7700000
0,2,6.4,8700000
0,2,6.4,8700000
0,3,10.2,13500000
0,3,10.2,13500000
0,6,1,32500000
6,6,4,7000000
6,5,8,25000000
0,0,5,16000
6,5,1.3,250000
3,3,1,110000
3,3,12,60000
3,3,12.4,53000
2,3,6.1,40000
2,3,6.1,40000
2,3,12,60000
3,3,10,33000
5,5,10,60000
5,5,10,62000
5,5,10,65000
5,4,8,65000
2,2,7,40000
2,3,5,40000
2,2,7,40000
3,3,10,60000
3,3,1.2,75000
10,10,10,150000
2,2,8,30000
3,3,12,60000
3,3,12,70000
0,0,1,67500000
0,0,13,26000000
0,0,10,21500000
0,0,10,21000000
0,0,3,3500000
0,0,3,5000000
0,4,12,22500000
0,0,10,15000000
4,3,5,10500000
0,6,7,12500000
0,4,5,11500000
0,4,15,25000000
0,5,10,15000000
0,4,1,18500000
0,8,11,16000000
0,3,10,17500000
0,5,1,25000000
0,4,10,17500000
0,7,1,22500000
0,3,12,28000000
0,3,12,28000000
0,0,1,2800000
0,0,2,5000000
0,0,3,6500000
0,0,4,9500000
0,0,5,16000000
0,0,6,17000000
0,0,5,8800000
0,0,3,7000000
0,0,10,22500000
0,5,5,9500000
0,0,2,6300000
5,4,4,10000000
0,4,1.5,5000000
0,0,4,9000000
0,0,4,9000000
0,4,2,4500000
0,8,5,15000000
0,0,5,8500000
0,0,18,300000
0,0,1.1,450000
0,0,1,175000
0,0,1,250000
0,0,1,150000
0,0,18,65000
0,0,1,35000
0,0,13,50000
0,0,10,50000
0,0,1,50000
0,0,7,25000
0,0,10,85000
0,0,1,35000
0,0,5,25000
0,0,5,15000
0,0,8,25000
0,0,5,25000
0,0,7,25000
0,0,3,40000
0,0,1,45000
0,0,1,30000
0,0,1,40000
0,0,13,40000
0,0,5,16000
0,0,5,15000
0,0,5,30000
0,0,5,40000
3,2,10,32000
0,0,10,30000
0,0,3,32000
0,0,4,50000
0,0,3,25000
0,0,3,14000
0,0,4,23000
0,0,3,31000
0,0,3,16000
0,0,14,50000
0,0,4,12000
0,0,4,13000
0,0,4,15000
0,0,4,14000
0,0,4,15000
0,0,5,16000
0,0,5,17000
0,0,6,21000
0,0,6,22000
0,0,6,25000
0,0,4,15500
0,0,5,16500
0,0,4,12000
0,0,4,13000
0,7,2.5,6500000
0,4,5,8500000
0,2,2.5,5500000
0,7,2,50000000
0,3,11,21500000
0,5,1,37500000
0,4,1,45000000
0,1,2.5,3500000
0,3,3,4500000
0,5,10,22000000
0,5,10,22000000
6,5,1,47500000
2,3,5,8000000
5,4,5,12000000
4,4,10,16000000
5,4,10,19000000
3,3,2.6,6500000
4,3,7,24000000
3,3,5,11500000
3,3,5,11500000
3,3,5,12500000
3,3,5,15000000
3,3,5,15000000
4,4,10,20000000
4,4,10,22500000
4,4,10,25000000
6,5,1,41500000
5,5,1,65000000
5,5,1,70000000
5,5,1,64000000
3,3,1,47500000
5,5,1,105000000
0,0,6,350000000
8,7,3,150000000
6,6,2,110000000
6,5,10,15500000
5,5,1,47000000
5,5,11.2,22000000
0,5,1,27500000
0,5,10,18000000
0,3,4.5,9500000
0,6,10,25000000
0,5,10,21000000
0,5,10,22000000
0,7,1,37500000
7,5,8,16000000
4,4,7,17500000
5,5,1,32500000
7,7,1,32500000
3,3,2,3000000
4,4,5,9000000
5,5,1,65000000
5,5,1,70000000
5,5,1,64000000
2,2,4.7,8500000
2,2,4.7,8500000
2,2,4.2,8000000
2,2,4.2,8000000
4,4,13.2,37000000
7,6,8,39000000
7,6,1.1,140000000
4,3,8.9,27500000
2,2,4.2,5500000
2,2,4.9,5500000
5,5,1,80000000
3,3,5,13000000
3,3,5,13000000
3,3,5,13000000
3,3,5,13000000
3,6,5,20000000
1,2,4.4,2200000
4,4,6.7,35000000
2,2,2.4,1800000
6,5,1.3,145000000
2,2,5.1,9000000
3,3,7.3,75000
8,6,1.2,320000
2,0,4.4,60000
3,3,11.4,55000
3,3,8,65000
3,3,8.8,60000
3,3,5.8,7800000
3,3,9.8,16500000
2,2,7.6,8500000
0,0,1.2,45000000
2,2,4.9,4500000
2,2,3.6,4500000
0,0,16.9,72500000
0,0,16.9,75000000
2,2,4.7,9500000
3,3,12,22500000
2,2,4.9,6500000
2,2,3.1,3600000
3,6,16.4,65000000
2,2,4.7,7900000
0,0,18.8,37000000
0,0,1.6,55000000
0,0,1,55000000
0,0,16.9,45000000
2,2,4,5500000
2,2,4,6000000
3,3,6,14500000
3,3,6,14600000
3,3,6,14600000
3,3,6,14700000
3,3,6,14700000
3,3,6,14800000
3,3,6,14800000
3,3,6,14900000
3,3,6,14900000
3,3,6,15000000
3,3,6,15000000
3,3,6,15000000
3,3,5.1,8000000
0,0,16,140000000
10,10,1,150000000
0,0,3.5,6500000
0,0,3,3200000
7,7,10.1,13500000
5,5,4.4,16500000
3,3,14.2,60000
6,6,2,200000
6,6,12,150000
6,6,12,130000
3,2,8,27000
0,3,10,25000
0,3,10,25000
0,3,1,38000
0,3,1,38000
0,4,6,45000
0,3,10,30000
0,2,10,27000
0,3,1,40000
0,0,1,3000000
0,0,1,2500000
0,0,2.5,6000000
0,0,3,6000000
0,0,4,10000000
0,0,4.8,7500000
0,0,8,11000000
0,0,3,7500000
0,0,2.5,6500000
0,0,1.5,4000000
0,0,11,19000000
0,0,0.8,1800000
0,0,12,48000000
5,4,7,15000000
2,2,4.2,6200000
3,3,8,40000
3,2,10,35000
4,4,8,43000
0,3,12,30000
0,3,12,30000
3,3,1,47500000
5,5,1,100000000
0,0,6,350000000
8,7,3,150000000
6,6,2,110000000
0,1,2,1900000
0,2,1.5,2800000
0,2,2,1500000
0,1,2,1900000
0,2,1.5,2800000
5,3,5,10200000
6,5,1,150000000
6,5,10,22500000
0,0,8,20000000
4,4,10,22500000
4,4,7,19000000
0,0,8,20000000
0,0,8,20000000
0,0,8,20000000
0,0,8,20000000
1,1,2.2,2395000
4,4,1,50000000
0,6,14.5,27500000
0,7,10,28500000
0,5,8,19000000
0,3,4,13500000
0,3,3.5,11000000
0,3,3.5,11000000
0,3,4,10000000
0,3,4,9500000
0,3,4.8,9500000
0,3,5,9500000
0,3,2.5,7000000
0,3,3,7000000
0,4,6.2,7500000
0,4,7,15000000
0,3,3,10000000
3,3,1,40000000
8,7,1,72500000
5,5,5,14000000
3,5,2,6000000
2,2,4,6200000
0,6,5,11000000
0,4,7.8,15000000
0,5,6,13000000
0,4,4.5,8000000
0,3,5,8500000
7,7,2,110000000
0,0,1,31500000
7,7,1,47500000
5,4,5,7200000
0,3,2,3600000
0,3,2.5,4500000
0,3,2,3600000
0,3,2,3800000
0,3,2.5,4600000
5,5,5,12100000
0,3,3,5500000
0,0,5,12900000
0,0,4.5,8400000
0,3,3,8200000
4,4,10,19500000
4,3,3,6500000
6,5,10,32500000
7,6,1,44000000
5,5,1,34000000
0,2,3,5500000
0,3,6,9500000
0,4,5.5,11000000
0,4,11,14000000
0,3,4,7000000
0,3,4,7200000
3,3,3,4500000
4,3,5,9900000
2,2,10,15500000
4,4,5,9500000
6,6,8,25000000
8,7,10,29000000
6,6,10,22500000
3,3,5,10500000
5,5,10,25000000
4,4,10,22000000
3,3,6,15100000
3,3,6,15100000
3,3,6,15200000
3,3,6,15200000
3,3,6,15300000
3,3,6,15300000
3,3,6,15400000
3,3,6,15500000
3,3,6,8500000
3,3,8,20000000
3,3,8,20000000
3,3,8,20100000
3,3,8,20200000
3,3,8,20200000
3,3,8,20200000
3,3,8,20300000
3,3,8,20400000
3,3,8,20400000
3,3,8,20500000
3,3,8,20600000
3,3,8,20700000
3,3,8,20800000
3,3,8,20900000
3,3,8,21000000
3,3,8,21100000
3,3,8,21200000
3,3,8,21300000
3,3,8,21400000
3,3,8,21500000
3,3,8,21600000
3,3,8,21700000
3,3,8,21800000
3,3,8,21900000
3,3,8,22000000
3,3,8,22100000
3,3,8,22200000
3,3,8,22300000
3,3,8,22400000
3,3,8,22500000
3,3,4,40000000
3,3,8,13000000
3,3,8,13000000
3,3,8,13100000
3,3,8,13100000
3,3,8,13200000
3,3,8,13200000
3,3,8,13300000
3,3,8,13300000
3,3,8,13400000
3,3,8,13400000
3,3,8,13500000
3,3,8,13500000
3,3,8,13600000
3,3,8,13600000
3,3,8,13700000
3,3,8,13800000
3,3,8,13800000
3,3,8,13900000
3,3,8,13900000
3,3,8,14000000
3,3,8,14000000
3,3,8,14100000
3,3,8,14100000
3,3,8,14200000
3,3,8,14200000
3,3,8,14300000
3,3,8,14300000
3,3,8,14400000
3,3,8,14400000
3,3,8,14500000
5,5,1,68500000
5,5,1,65000000
3,3,8,25000000
5,5,1,67000000
5,5,10,27500000
0,0,4.8,8000000
0,0,4.8,7500000
0,0,4.8,8000000
0,0,2.8,5500000
0,0,2.8,5300000
0,0,4.8,14500000
0,0,4.8,15000000
0,0,4.8,21000000
0,0,4.8,16000000
0,0,4.8,8500000
0,0,4.8,8500000
0,0,4.8,21000000
0,0,4.8,8500000
0,0,4.8,6000000
5,5,1,67500000
5,5,1,70000000
1,1,2.4,14000
5,5,1,120000
3,2,4,45000
7,7,1,61000000
2,2,4.7,8700000
7,6,2.1,170000000
0,4,5,8500000
0,5,9.3,13000000
0,6,14.2,22500000
5,4,4,16500000
6,5,8,25500000
4,4,10,130000
3,3,1,50000
0,0,11.6,90000
3,3,10,950000
0,2,9.3,28000
0,3,9.3,26000
0,2,5.6,18000
0,3,14.2,35000
0,4,1,45000
0,2,1,15000
0,2,3.1,15000
0,3,1,35000
0,2,10.9,28000
0,1,2,12000
0,1,2,12000
4,4,8,85000
3,3,1.3,120000
3,3,5,45000
4,4,10,22500000
6,5,1,68000000
5,4,1,25000000
8,6,1.6,75000000
4,4,10,26500000
0,4,5,12000000
0,7,10,20000000
0,5,10,21000000
0,0,5,6500000
0,2,2.9,5500000
0,4,5,8000000
0,0,4,12500000
0,0,2,6200000
0,0,5,8500000
0,0,4,12500000
0,0,2,6200000
0,0,5,8500000
0,0,4,12500000
0,0,2,6200000
0,0,5,8500000
0,0,4,12500000
0,0,2,6200000
0,0,5,8500000
0,0,4,12500000
0,0,2,6200000
0,0,5,8500000
0,0,4,12500000
0,0,2,6200000
0,0,5,8500000
0,0,4,12500000
0,0,2,6200000
0,0,5,8500000
2,2,3.6,3700000
0,2,5,11000000
0,2,5,12000000
0,0,10,20000000
0,0,5,15000000
0,0,5,6500000
0,0,5,13500000
0,0,6,7000000
0,0,6,8500000
3,3,6,40000
2,2,3.1,28000
4,4,12,58000
4,4,10,65000
2,2,7,20000
0,2,5,22000
0,0,5,25000
0,2,2.5,14000
0,2,5,12000
0,2,6,22000
0,0,5,20000
0,0,5,20000
0,0,5,16000
0,0,5,16000
0,0,5,20000
0,0,5,25000
0,0,5,23000
4,4,1,61000000
5,5,1,43000000
6,5,10,14700000
5,5,2,165000000
7,5,10,16500000
4,4,5,9200000
5,3,5,9300000
2,2,10,17000000
3,3,5,12000000
6,6,5,17500000
3,3,5,14000000
3,3,3,5000000
3,3,2,4700000
2,2,2,3800000
3,3,2,3600000
4,4,5,16000000
3,3,11,22500000
4,3,1,9500000
5,5,1,82500000
3,3,6,14500000
5,5,1,52500000
6,5,1,43000000
4,5,10,15000000
6,5,2,175000000
4,5,5.5,9500000
0,5,10,25000000
0,5,10,26500000
0,4,5,12500000
0,4,3.5,10500000
0,2,3.5,9000000
0,3,12.5,17500000
0,4,5,11500000
0,5,7.5,16000000
0,3,5,12000000
0,3,5,11000000
0,3,3.5,8800000
0,4,3,9500000
0,3,5,11800000
0,5,5,13000000
0,4,12,22500000
0,0,1,38000000
0,2,5,10500000
0,1,3.5,6200000
4,4,1.1,42500000
0,4,4,7000000
5,5,1,50000000
5,3,5,10200000
5,5,1,35000000
8,7,2,130000000
5,5,10,22500000
7,5,10,16500000
6,5,1,41000000
5,5,1,66000000
5,5,1,68000000
3,3,8,12500000
3,3,8,11600000
3,3,8,12000000
3,3,8,13000000
6,6,1,105000000
4,3,8,12800000
4,3,8,19500000
4,3,6,17000000
5,4,14,14500000
3,2,4.2,5500000
4,3,8,9500000
4,3,4.9,11000000
3,0,4.8,9100000
2,2,3.6,6000000
2,4,2,7600000
0,0,3.4,8000000
0,0,3.4,8000000
0,0,3.2,30000000
0,0,4.8,16000000
3,3,10,10500000
3,3,10,10500000
3,3,10,10600000
3,3,10,10600000
3,3,10,10700000
3,3,10,10700000
3,3,10,10800000
3,3,10,10900000
3,3,10,11000000
3,3,10,11100000
3,3,10,11200000
3,3,10,11300000
3,3,10,11400000
3,3,10,11500000
3,3,10,11600000
3,3,10,11700000
3,3,10,11800000
3,3,10,11900000
3,3,10,12000000
3,3,10,12100000
3,3,10,12200000
3,3,10,12300000
3,3,10,12400000
3,3,10,12500000
3,3,10,12600000
3,3,10,12700000
3,3,10,12800000
3,3,10,12900000
3,3,10,12900000
3,3,10,13000000
5,5,17.1,65000000
2,2,4,5200000
2,2,5.3,1460000
3,3,10,13100000
3,3,10,13200000
3,3,10,13300000
3,3,10,13400000
3,3,10,13500000
3,3,10,13600000
3,3,10,13700000
3,3,10,13800000
3,3,10,13900000
3,3,10,14000000
5,5,17.1,65000000
5,5,17.1,67500000
5,5,17.1,67000000
5,5,17.1,66500000
5,5,17.1,65500000
5,5,17.1,67500000
0,2,2.9,5500000
0,2,2.9,5500000
0,0,1,80000000
0,0,12,50000000
0,0,8,16000000
0,0,8,16000000
0,2,5.3,13000000
0,3,6.2,13500000
0,0,3.1,4500000
0,2,4.8,9000000
0,3,6.2,13500000
0,0,5.3,10000000
0,0,10.7,20000000
0,2,4.9,9500000
0,2,5.3,12500000
0,0,4.8,19000000
0,3,5.3,8000000
0,2,2.9,5500000
5,5,17.1,67000000
5,5,17.1,66000000
5,5,1,135000
3,0,5.6,18000
5,5,1,110000
5,5,1,110000
5,5,1,110000
5,5,1,115000
6,6,1,300000
5,5,17.1,110000
5,5,17.1,105000
5,5,17.1,100000
5,5,17.1,120000
5,5,17.1,100000
3,3,12,16500000
6,5,8.4,31000000
2,2,5.8,15500000
0,0,4,7500000
0,0,3,4500000
0,0,3,4200000
0,0,3.2,4500000
0,5,10,16000000
0,5,10,15000000
0,5,10,17000000
7,7,14.2,65000000
0,2,3.8,3000000
0,2,3.8,2500000
0,0,2.4,1600000
2,2,5,2800000
2,2,5,3600000
5,5,3,3500000
7,7,14.2,51000000
0,0,4,5600000
0,0,5,9000000
0,0,3,4300000
0,0,4,6500000
0,0,3,4000000
0,0,5,11000000
0,0,4,5800000
0,0,7,9800000
0,0,5,9500000
0,0,5,9500000
0,0,10,12500000
2,2,9.3,24000
0,0,10,50000
5,5,1.2,190000
0,3,10,20000
0,3,12.4,35000
0,3,1,40000
0,5,10,55000
0,4,6,45000
0,2,10,35000
0,3,1,35000
13,10,1.2,300000
2,2,4,25000
0,2,3.5,26000
2,2,1,50000
5,5,11,23500000
6,6,1,44000000
5,5,1,52500000
3,3,7,15000000
5,5,10,17500000
6,5,1,57000000
5,5,10,19500000
0,5,10,22000000
4,3,5,16000000
7,5,8,17000000
5,5,1,82500000
6,5,5,13500000
6,5,1,34000000
0,0,7,14000000
0,0,4,14000000
0,0,5,13000000
0,0,5,11000000
0,0,6,12000000
0,0,5,9000000
0,0,2.5,6000000
0,0,2.5,6000000
0,0,3,7500000
0,0,3,5500000
0,0,1.2,3500000
0,0,2,4500000
0,0,3.5,8000000
0,0,5,9000000
0,0,5.5,10000000
0,0,4.5,12500000
0,0,2,5500000
0,0,4,9000000
0,0,3,5500000
0,0,3,5500000
0,0,1.5,4500000
0,0,3,6500000
0,0,3.5,8000000
0,0,2,6000000
0,0,2,6000000
0,0,2,6000000
0,0,2,6000000
0,0,1.2,3500000
0,0,6,12000000
0,4,5,9500000
0,5,5,12000000
0,6,10,15500000
0,3,4,7000000
0,5,7,12500000
0,4,4,9000000
0,5,5,9000000
0,4,5,9500000
0,8,10,15000000
0,4,10,16500000
5,4,9.3,24000000
0,0,4,8500000
0,0,4,7500000
0,0,3.8,7500000
0,0,5,12500000
2,2,3.1,5000000
0,6,7,14000000
0,2,5,6500000
0,7,1,20000000
0,4,5,13000000
4,4,4,8000000
7,5,10,22500000
4,4,7,14000000
0,0,1,37500000
0,6,1,20200000
0,5,10,14500000
0,6,1,35000000
0,5,8,13500000
5,5,12,17500000
3,2,10,17000000
6,5,7,10500000
3,3,3,5500000
4,4,5,10000000
6,5,7,14000000
5,5,10,22000000
4,4,7,14000000
3,3,5,10500000
5,5,1,105000
0,0,6,22000
0,0,5,17000
0,0,5,17000
0,0,6,18000
0,0,18,32000
0,0,10,27000
0,0,10,30000
0,0,1,32000
0,0,6,20000
0,0,5,14000
0,0,4,12000
0,0,5,15000
0,0,9,20000
0,0,4,12000
0,0,7,18000
0,0,5,18000
0,0,8,28000
0,0,7,25000
0,0,5,18000
0,3,10,35000
0,3,10,35000
0,3,14,35000
0,2,5,20000
0,3,10,35000
0,3,8,25000
0,4,1,75000
0,2,7,22000
0,5,10,50000
0,2,5,20000
0,0,1,60000
0,0,1,95000
0,0,1,130000
0,0,1.5,150000
0,0,10,50000
0,0,10,28000
0,0,12,30000
0,0,8,25000
0,0,10,24000
0,0,6,22000
0,5,10,60000
0,3,10,35000
0,3,12,35000
0,3,12,33000
0,3,12,38000
0,0,2,7500
0,0,4,12000
0,0,4,11000
0,0,6,18000
0,0,5,16000
0,0,6,20000
0,0,5,18000
0,0,5,16000
0,0,5,35000
0,0,6,40000
0,3,1,55000
3,3,1,65000
0,4,16,75000
0,2,10,25000
0,2,10,30000
0,2,10,32000
0,2,10,35000
0,2,5,18000
0,2,5,19000
0,2,5,20000
0,2,5,21000
0,2,5,22000
0,2,10,23000
0,2,10,25000
0,2,10,27000
0,2,10,29000
0,2,10,30000
5,3,5,10500000
5,4,10,20000000
6,5,1,35500000
7,5,10,16500000
6,5,5,17500000
5,5,1,55000000
6,5,1,42500000
7,5,10,17000000
5,4,10,29500000
2,2,5,7000000
5,4,10,24000000
5,4,10,19000000
3,3,5,8200000
6,5,5,13000000
5,3,5,11000000
0,2,2.2,3500000
0,5,5,13000000
0,2,2.5,8000000
0,2,2,2500000
0,3,4,7500000
0,3,3,7500000
4,3,7,14500000
4,3,5,11000000
7,6,9.6,35000000
4,4,1,42500000
5,5,14,190000000
2,2,4.4,6500000
5,5,3.2,16000000
0,0,9.6,23000000
0,2,3.3,4200000
0,2,4.2,7800000
0,4,8.4,15600000
0,2,3.3,5800000
0,2,3.3,5600000
0,2,3.3,5600000
0,2,3.3,5600000
0,2,3.3,5500000
0,0,4.8,13000000
0,0,4,7800000
3,3,2.2,5200000
4,4,14,16000000
0,0,3.8,3000000
2,3,3.1,3500000
2,3,3.1,3300000
2,3,3.1,3000000
2,3,3.1,3000000
2,3,1.8,1800000
2,4,4,5000000
2,4,4,4600000
2,3,3.3,3800000
2,3,3.3,3600000
0,0,3.4,8500000
0,0,3.4,8800000
0,0,5.1,15000000
0,0,3.4,6400000
0,0,3.4,10000000
0,0,3.4,8200000
0,0,3.4,8500000
0,0,3.4,8800000
0,0,3.4,8700000
0,0,3.4,9000000
0,0,4,6000000
0,5,5.3,7500000
0,4,4,4500000
0,4,4,4200000
0,0,3.8,3000000
0,3,3.1,3500000
0,3,3.1,3300000
0,3,3.1,3000000
0,3,3.1,3000000
0,3,1.8,1800000
4,4,14.2,33000000
0,0,12,72500000
6,5,1,300000
3,3,1,105000
5,4,12,175000
3,3,5.3,60000
0,4,4.8,42000
2,2,3.1,6000000
7,5,5,11500000
0,0,0.7,3500000
4,3,8,4600000
1,2,2.4,12500000
5,5,2.4,130000000
4,3,8,6200000
4,3,8,7400000
2,2,5,3500000
2,2,5,2800000
5,5,1,32500000
4,4,10,130000000
2,2,5,2300000
6,5,10.1,43000000
1,1,8.6,457000
6,6,10,100000
2,2,4.4,27000
2,2,8,40000
3,3,1.1,75000
2,3,10,43000
3,3,1,60000
1,1,2.7,13000
3,3,14.2,65000
5,5,10,16000000
4,3,5,13500000
4,3,5,13500000
5,5,10,16500000
5,5,10,22000000
5,5,11,24000000
4,4,8,17000000
5,4,10,22000000
5,3,10,30000000
4,3,6,12300000
5,3,10,14500000
6,4,12,14000000
7,5,10,25000000
8,5,2,70000000
5,5,1,60000000
6,5,1.5,78000000
6,4,10,23500000
4,3,5,8500000
7,5,10,17000000
3,3,3,7000000
7,5,10,17000000
6,5,1,63500000
5,3,5,10200000
5,4,10,19000000
5,5,11,17000000
4,4,8,18200000
4,4,8,14000000
6,5,10,27500000
5,3,10,16500000
3,3,6,12800000
5,5,10,25000000
6,5,10,26000000
6,4,8,17500000
8,6,12,26000000
8,6,12,25000000
0,9,1.1,37000000
6,5,10,27500000
6,5,10,26500000
4,4,12,28000000
5,5,10,24000000
5,5,10,11000000
4,3,7,20000000
4,3,5,13500000
5,4,11,22500000
0,0,10,11000000
0,2,4.2,600000
7,5,10,16000000
0,1,2.9,400000
5,3,5,11500000
7,5,10,18000000
4,3,5,12500000
7,5,10,16000000
4,3,5,9300000
7,5,10,24000000
7,5,10,26000000
6,5,1,46500000
7,5,10,24500000
7,5,1,48500000
7,5,10,19500000
3,3,5,15500000
9,6,2,10000000
7,5,5,13000000
0,0,1,36500000
6,5,1,42100000
1,1,2.9,400000
5,3,5,11500000
6,5,1,33000000
2,3,3,3500000
4,4,4,7500000
4,4,5,11000000
3,2,5,5800000
6,5,7,16000000
7,6,12.4,25000000
3,2,5,4500000
5,5,10,20000000
1,1,4,45000
2,1,4,45000
2,1,4,45000
2,1,4,45000
2,1,4,45000
6,5,9,65000
2,1,4,45000
2,1,4,45000
2,1,4,45000
2,1,4,45000
2,1,4,45000
2,2,10,17000
6,6,1,120000
3,3,10,35000
6,6,1,120000
6,6,1,120000
6,6,1,120000
2,2,4.2,600000
6,6,10,21000000
6,5,1,35000000
6,5,1,49500000
0,0,8,17000000
6,5,10,23500000
5,4,10,20000000
6,5,1,45000000
6,5,1,85000000
6,5,1,69500000
6,5,1,45500000
2,2,2,2555000
5,4,10,22500000
7,6,1,105000000
6,6,16,40000000
3,3,8,25000000
4,4,12,55000000
2,2,3.4,5800000
2,2,3.2,4600000
0,4,4,5000000
0,4,4,4600000
0,3,3.3,3800000
0,3,3.3,3600000
0,0,3.4,8500000
0,0,3.4,8800000
0,0,5.1,15000000
0,0,3.4,6400000
0,0,3.4,10000000
0,0,3.4,8200000
0,0,3.4,8500000
0,0,3.5,8800000
5,4,13.2,39000000
0,0,2.6,3300000
6,5,14,155000000
7,6,14,120000000
3,3,4.9,14000000
6,5,15.6,100000000
3,3,9.4,5900000
6,9,4.8,13000000
3,3,9.3,35000000
4,4,4.8,18000000
3,3,9.6,16500000
3,5,4,7500000
10,9,1.2,130000000
6,6,1.3,170000000
5,5,1,130000000
4,4,8,55000000
5,5,5.2,16000000
9,9,1.2,130000000
4,5,5,16500000
3,3,2.7,14000000
3,3,9.6,45000
4,4,1,70000
3,3,4.9,70000
5,4,1,160000
0,0,3.6,15000
6,5,1,200000
3,3,10,55000
6,5,1,260000
3,3,9.6,45000
3,3,12,55000
4,4,9.3,60000
4,4,4.8,130000
6,5,1,280000
1,1,2,30000
8,8,9.6,250000
5,5,7,27500000
2,2,6,8000000
5,5,5,24000000
7,6,10,45000000
3,2,5,8500000
4,3,12,13000000
2,2,1.8,13500000
2,2,5.3,35000
1,1,0.9,22000
2,2,4,16000
2,2,4,25000
4,4,2,350000
9,8,1,290000
1,2,4,32000
2,2,3.8,27000
4,4,1,130000
1,2,3.1,25000
3,3,1,120000
0,2,5,80000
3,3,14,60000
7,5,1,48500000
7,5,1,44500000
7,5,1,49000000
6,5,10,18800000
6,5,10,17000000
5,4,8,18000000
6,5,1,45000000
3,3,4,7800000
4,7,5,8500000
4,3,5,19000000
4,3,5,19000000
7,5,10,16700000
7,5,10,19000000
5,3,5,10500000
7,5,10,17500000
5,3,5,11300000
5,4,10,21000000
5,4,10,21000000
3,2,5,10000000
5,4,10,22000000
7,5,12,24000000
7,5,10,16000000
7,5,10,24000000
7,5,1,50000000
7,5,10,23000000
7,5,1.1,3700000
5,3,5,10500000
6,5,10,14700000
3,3,8,11000000
5,3,5,10500000
6,4,8,16000000
5,4,10,19000000
5,4,10,18000000
6,4,6,12600000
4,3,5,8800000
4,3,5,10500000
7,5,1,49000000
5,3,5,10000000
7,5,1,44000000
5,4,10,39000000
5,3,5,11200000
7,5,1,36000000
7,5,1,45000000
6,5,1,49000000
7,5,1,45000000
6,5,1,37000000
7,5,10,2200000
6,5,1,38000000
6,5,2,129000000
7,5,10,22500000
6,5,1,87500000
7,5,10,22000000
5,4,10,32500000
6,5,10,14800000
7,5,10,15500000
0,0,4.2,252000000
2,2,4,3500000
1,1,2,2600000
5,5,10,10500000
5,5,10,14000000
2,2,5,4000000
2,2,5,5500000
5,5,6,5500000
2,2,4,3600000
2,2,5,3800000
2,2,3,3200000
2,2,5,4800000
2,2,5,4700000
2,2,5,4800000
2,2,5,5700000
2,2,6,4000000
0,0,8,8500000
1,1,4,3200000
2,2,4,4500000
2,2,5,5200000
2,2,4,4500000
2,2,5,5000000
1,1,3.2,3800000
0,0,2,3600000
9,8,2,75000000
4,4,5,6000000
6,6,10,14500000
6,5,10,19500000
3,4,4.2,14000000
3,2,6,6200000
3,2,2.5,3500000
3,2,4,4200000
6,5,13,25000000
10,10,1.1,32500000
2,3,4,20000
3,3,5,35000
2,2,5,24000
6,6,1,120000
6,5,10,70000
3,2,10,30000
6,5,10,75000
6,5,10,75000
6,5,10,65000
6,5,10,65000
3,3,1,45000
2,2,3,3700000
6,5,1,43000000
7,5,10,16500000
6,5,1,45000000
7,5,1,39000000
6,5,10,25000000
2,2,5,6000000
1,1,5,7500000
6,5,1,49500000
6,5,1,53500000
7,5,10,17000000
5,4,10,32000000
6,4,10,15000000
3,3,6,15000000
3,3,8,20000000
3,3,6,7800000
4,3,12,41000000
2,2,4,7500000
2,2,2.7,3000000
3,3,6,12500000
2,2,2.2,4500000
2,3,3.6,3500000
3,3,7.5,8000000
0,0,4.4,32000000
3,3,6.4,7000000
2,2,4.9,950000
2,2,4,6300000
4,3,3,4850000
0,0,4.8,14000000
3,3,8,12000000
2,2,4.4,6500000
3,3,4.9,14000000
5,5,16,53000000
3,3,9.6,14000000
3,3,6.1,13500000
3,3,6.1,13800000
3,3,6,8500000
2,2,4.9,35000
2,2,5.3,22000
3,3,4,60000
2,3,4.1,14000
3,3,1.2,155000
2,2,1,85000
2,2,3.8,6300000
3,2,5,7500000
4,4,5,25500000
1,2,1,65000
3,3,5,55000
2,3,5,31000
4,3,1,45000
4,3,11,60000
3,3,1,190000
3,3,14,60000
2,2,8,40000
2,2,10,40000
3,3,14,70000
1,2,5.6,26000
2,2,12,50000
3,3,14,75000
3,3,14,70000
5,4,12,60000
3,3,12,57000
4,4,1,80000
6,5,1,40000000
7,5,1,35800000
6,5,1,49000000
7,5,10,18500000
6,5,1,59500000
6,5,1,45000000
4,3,8,12500000
6,5,1,52000000
6,5,1,82500000
6,5,11,22000000
5,4,8,17500000
6,5,10,22000000
6,5,1,59000000
6,4,8,17500000
7,5,11,25500000
6,5,1,51500000
4,3,7,21500000
5,5,1,45000000
6,5,10,22000000
4,3,5,10800000
5,5,1,30000000
5,5,8,17000000
5,5,10,22000000
6,5,12,21500000
5,5,10,17000000
3,3,5,9500000
2,2,10,13000000
2,2,1,25000000
6,5,11,22000000
6,4,10,21000000
6,5,10,20000000
5,5,8,14000000
6,5,1,38000000
3,3,10,32500000
3,3,3,7000000
5,5,12,24000000
3,3,5,21000000
5,4,7,15000000
6,5,10,22500000
5,5,10,17500000
6,5,11,23500000
6,5,10,20000000
5,5,10,16000000
5,5,10,16500000
4,3,5,13500000
6,5,10,22000000
4,4,8,17000000
3,3,8,14500000
6,5,11,23500000
5,5,8,17000000
6,5,8,18200000
5,4,8,14000000
4,4,10,15500000
5,5,10,22500000
4,4,6,13000000
5,5,7,20000000
6,5,10,25000000
6,5,1,46000000
7,5,1,45000000
5,5,10,19000000
7,5,1,45000000
3,2,5,11000000
3,2,5,12000000
6,5,10,20500000
3,3,5,11500000
6,6,1,52500000
3,3,5,12000000
7,6,1,36000000
6,5,11,22500000
6,5,10,20000000
4,3,5,10500000
6,5,11,24500000
6,5,11,25500000
6,5,10,22500000
6,5,10,22500000
6,5,10,23500000
6,5,8,17500000
0,2,3,2100000
3,3,5,10000000
1,1,2.2,4500000
1,1,2.2,4000000
2,3,2,3600000
6,4,10,22000000
6,4,8,17000000
6,4,8,17500000
6,4,8,17500000
3,2,5,10500000
6,4,10,24500000
0,3,5,8000000
5,5,5,14200000
1,1,2.2,3500000
6,5,1,40000000
4,3,10,42000000
7,5,10,21000000
3,3,5,16500000
6,5,2,160000000
6,5,1,38000000
2,3,2,4000000
5,4,8.5,13500000
2,2,3,3000000
2,2,5,4500000
4,4,5,9000000
4,3,10,9000000
2,2,3,3400000
4,4,5,7500000
3,2,5,4500000
2,2,5,5500000
6,6,10,10500000
2,2,4,3500000
1,1,2,2300000
2,2,5,5300000
2,2,3,4000000
4,4,5,8400000
4,4,5,9000000
4,4,4,5600000
2,2,5,5100000
4,4,12,9500000
3,3,3,4000000
2,2,3,2700000
4,3,12,9000000
1,2,5,13000
3,3,10,35000
5,5,10,60000
2,3,7,30000
3,3,5,12000000
4,4,11,19000000
3,2,4,1400000
4,3,3,6200000
4,4,9.4,12000000
3,3,7.8,24000000
3,4,5.2,13500000
6,6,8,26000000
4,4,9.6,25500000
3,3,5.3,8900000
3,3,9.6,16500000
3,0,7.1,14500000
3,0,7.1,14500000
4,4,12,170000
6,6,1,250000
5,4,12,95000
3,3,4.4,100000
5,2,4.4,50000
4,3,9.8,85000
6,6,2,500000
4,3,9.3,135000
6,6,2,450000
3,0,7.1,14500000
3,0,7.1,14500000
3,0,7.1,14500000
3,0,7.1,14500000
3,0,7.1,14500000
3,0,7.1,14500000
3,0,7.1,14500000
2,2,4.8,8500000
3,0,7.1,14500000
2,0,4.7,9500000
2,0,4.7,9500000
4,4,1,100000
3,3,14,60000
4,4,14,65000
3,3,12,75000
3,3,12,75000
4,4,17.8,120000
3,3,8,40000
2,2,6.7,35000
3,3,5,10500000
6,5,5,16000000
6,4,10,15500000
4,3,7,9500000
3,3,5,6650000
4,3,8,11000000
3,3,3,4350000
3,3,5,8500000
7,5,10,14500000
4,3,5,10500000
2,0,4.7,9500000
2,0,4.7,9500000
2,0,4.7,9500000
2,0,4.7,9500000
2,0,4.7,9500000
2,0,4.7,9500000
2,0,4.7,9500000
2,0,4.7,9500000
3,0,7.1,14500000
2,0,4.7,9500000
2,0,4.7,9500000
2,0,4.7,9500000
2,0,4.7,9500000
2,0,4.7,9500000
2,0,4.7,9500000
2,0,4.7,9500000
2,0,4.7,9500000
2,0,4.7,9500000
2,0,4.7,9500000
2,0,4.7,9500000
2,0,4.7,9500000
2,0,4.7,9500000
2,0,4.7,9500000
2,0,4.7,9500000
2,0,4.7,9500000
2,0,4.7,9500000
2,0,4.7,9500000
2,0,5.1,9500000
2,0,5.1,9500000
2,0,5.1,9500000
2,0,5.1,9500000
2,0,5.1,9500000
2,0,5.1,9500000
2,0,4.2,9500000
2,0,4.2,9500000
2,0,4.2,9500000
2,0,4.2,9500000
2,0,4.2,9500000
2,0,4.2,9500000
2,0,4.2,9500000
2,0,4.2,9500000
2,0,4.2,9500000
2,0,4.2,9500000
2,0,4.2,9500000
2,0,4.2,9500000
2,0,4.2,9500000
2,0,4.2,9500000
2,0,4.2,9500000
2,0,4.2,9500000
2,0,4.2,9500000
2,0,4.2,9500000
2,0,4.2,9500000
2,0,4.2,9500000
2,0,4.2,9500000
2,0,4.2,9500000
2,0,4.2,9500000
2,0,4.2,9500000
2,0,4.2,9500000
2,0,4.2,9500000
2,0,4.2,9500000
2,0,4.2,9500000
3,0,7.1,14500000
3,0,7.1,14500000
3,0,7.1,14500000
3,0,7.1,14500000
3,0,7.1,14500000
3,0,7.1,14500000
3,0,7.1,14500000
3,0,7.1,14500000
3,0,7.1,14500000
3,0,7.1,14500000
3,0,7.1,14500000
3,0,7.1,14500000
3,0,7.1,14500000
3,0,7.1,14500000
3,0,7.1,14500000
3,0,7.1,14500000
3,0,7.1,14500000
2,0,5.1,9500000
2,0,5.1,9500000
2,0,5.1,9500000
2,0,5.1,9500000
3,0,7.1,14500000
3,3,6.7,15000000
2,0,5.1,9500000
2,0,4.2,9500000
4,4,3.2,9000000
7,4,5.7,16000000
3,3,5,13000000
3,3,5,13000000
4,3,16,65000
0,2,5,7500000
0,0,4,9800000
7,7,9,45000000
3,3,12.4,45000000
5,5,1.1,59000000
1,1,2.7,2700000
6,5,10,27500000
0,0,2.7,3000000
5,5,1.3,95000000
5,5,1.3,95000000
8,7,1,100000000
8,7,4,230000000
5,5,1,170000000
0,0,7,18000
1,1,1,13000
2,2,4,23000
0,0,12,70000
5,5,8,95000
1,2,8,24000
1,2,4,19000
3,2,8,27000
2,2,2.9,27000
4,3,14,65000
5,5,8,65000
3,2,6,37000
10,10,4,600000
3,3,12,55000
7,5,10,15000000
4,3,5,11000000
3,4,1,22200000
7,5,10,18000000
3,4,1,22200000
3,4,1,22500000
3,4,1,23000000
3,4,1,23500000
3,4,1,24000000
3,4,1,24500000
3,4,1,22200000
3,4,1,21000000
3,4,1,23800000
5,5,1,33000000
5,3,5,12500000
6,5,1,32000000
7,5,10,17000000
7,5,10,18500000
5,3,5,10500000
5,3,5,11200000
0,3,5,7500000
0,3,5,7500000
0,3,5,7500000
0,0,5,7000000
0,0,5,7000000
0,0,5,7500000
0,3,5,10500000
0,0,5,7500000
0,3,5,8000000
0,3,5,8000000
3,3,10,7000000
4,4,5,7500000
2,2,3,3300000
4,4,7,8000000
2,2,3,3200000
3,3,9,9000000
2,2,3,3200000
2,2,4,4000000
8,7,9,9500000
3,3,6,4800000
2,2,7,4500000
3,3,7,5000000
3,2,5,4500000
3,3,10,14500000
3,2,5,5000000
3,2,5,5000000
4,3,12,60000
3,3,8,44500
3,3,8,44500
3,3,8,44500
3,3,8,43500
3,3,8,42500
3,3,8,41500
3,3,8,40500
3,3,8,39500
3,3,8,45000
3,3,8,44000
3,3,8,43000
3,3,8,41000
3,3,8,40000
3,3,8,39000
2,2,5,38500
2,2,5,36500
2,2,5,35500
2,2,5,29500
2,2,5,28500
2,2,5,27500
4,3,5,11500000
4,3,8,12500000
5,4,10,19000000
5,4,10,18500000
7,5,10,18000000
2,1,2.7,2900000
4,3,5,12500000
3,3,5,13000000
3,3,5,13000000
3,3,5,13000000
3,3,5,13000000
3,3,5,13000000
3,3,5,13000000
3,3,6.2,9000000
4,3,9,14500000
6,6,9.6,28000000
2,2,3.3,6300000
3,3,6.4,10000000
3,3,7.8,13000000
0,0,9.6,31000000
0,0,9.6,36500000
2,2,4.4,1400000
2,2,8,15000000
2,2,6,13000000
2,2,5,8500000
3,3,7.6,11900000
2,2,4.4,6944000
2,2,6.2,9716000
1,1,2,1300000
0,0,8,32500000
0,2,3.1,4500000
2,2,6,14500000
2,2,4.5,7500000
2,2,4.2,7000000
2,2,8,13500000
3,3,10.7,40000000
3,3,10.7,37000000
3,3,10.7,40000000
3,3,10.7,35000000
3,3,12.2,35500000
3,3,12.2,35500000
3,3,10.7,37000000
3,3,10.7,40000000
3,3,12.2,37000000
3,3,10.7,42500000
3,3,10.7,28000000
3,3,12.2,41000000
2,2,2.5,2700000
3,2,5,7100000
3,2,5,7100000
3,2,5,7100000
3,3,10.7,28000000
3,3,12.2,37000000
2,2,5.1,8000000
0,3,6.6,11000000
0,3,6.7,11500000
0,3,10.2,11000000
0,2,3.1,3200000
0,4,4.8,15500000
0,3,5.7,6800000
0,3,5.7,6500000
0,0,4.8,21000000
0,2,3.1,3200000
0,3,5.7,6200000
2,2,5.8,19000000
3,3,10.7,35000000
3,3,10.7,37000000
3,3,10.7,40000000
3,3,6.1,15000000
3,3,8,21000000
3,3,8,12000000
3,3,8,15500000
0,0,9.6,35000000
2,2,2.6,5500000
0,0,4.8,6500000
3,3,4.8,8000000
2,2,2.9,3700000
4,3,6.1,9200000
2,2,4.2,4500000
5,4,14,14500000
4,4,7.6,85000
3,3,4.9,35000
2,2,4.2,40000
2,2,4.2,40000
5,5,1,370000
4,4,4.8,120000
3,3,8,85000
3,3,7.1,65000
2,2,4.2,40000
1,1,2,22000
2,2,4.4,35000
2,2,4.2,43000
3,3,10.7,65000
3,3,12.2,80000
3,3,12.2,65000
0,2,4.8,25000
3,3,8.9,80000
3,3,9.8,60000
2,2,5.4,25000
2,2,5.4,25000
0,0,5,3500000
3,3,6.2,4100000
4,4,1.2,56000
3,3,14.2,35000
6,6,7,60000
4,4,4,600000
10,10,4,600000
5,5,1.2,200000
2,2,7,18000
2,2,8,50000
3,3,4.9,40000
3,3,4.4,38000
2,2,3.3,35000
2,2,3.1,32000
1,1,2.2,27000
4,3,5,9000000
5,3,5,12200000
5,4,1,95000
7,5,1,39000000
7,5,8,17000000
5,3,5,11300000
7,5,10,17000000
5,5,10,18500000
7,5,10,17000000
5,4,2,90000
5,5,10,22500000
6,4,10,14500000
7,5,10,16500000
7,5,10,20000000
4,3,5,9000000
1,1,1,20000
3,3,5,12500000
7,5,10,16500000
5,5,10,16500000
4,3,8,12500000
6,5,11,22000000
6,5,10,22000000
4,3,5,10800000
0,0,18,30000000
0,0,18,17500000
0,0,8,40000000
0,0,6,30000000
0,0,5,7500000
0,0,4,12000000
0,0,3,7500000
0,0,4,6500000
0,0,4,6500000
0,0,4,6500000
0,0,4,6500000
0,0,5,8500000
0,0,5,10000000
0,3,5,10000000
0,5,17,40000000
0,3,5,8000000
0,4,7,12000000
0,4,10,16000000
0,3,5,7500000
0,3,5,10000000
0,0,5,10000000
0,0,4,6500000
0,0,4,6500000
0,0,4,6500000
0,0,4,6500000
0,0,5,6500000
0,0,4,6500000
3,3,5,9500000
0,0,5,10000000
0,0,5,10000000
0,0,4,6500000
0,0,4,6500000
0,0,4,6500000
0,0,4,6500000
0,0,4,6500000
0,3,5,10000000
0,0,4,6500000
0,3,5,9000000
0,0,5,9500000
0,0,7,17500000
0,0,2.5,2800000
0,4,5,10500000
0,0,2,3200000
0,0,2.5,3000000
3,2,5,3600000
3,2,5,5000000
0,0,9.3,30000000
0,2,4.1,9000000
0,2,2,5500000
0,2,2.5,5000000
0,2,4,10000000
0,2,5.5,12000000
0,2,1.5,3600000
0,3,10,18000000
0,0,2,5800000
0,0,4.1,7500000
0,2,2.4,4500000
0,4,1.5,3800000
6,6,5,14000000
0,2,3.5,8000000
0,2,4,9000000
0,4,2.5,4800000
0,2,2,3200000
2,2,4,4500000
6,6,4,4800000
0,2,5,4600000
0,2,5,4600000
0,2,5,3700000
0,2,5,3700000
0,3,8.5,8500000
2,2,4,4500000
0,0,5,12000000
0,0,2,7500000
0,0,4,7500000
0,0,4,7500000
0,0,3,5500000
0,0,3,6500000
0,0,4,8000000
0,0,4,4500000
0,0,3,4500000
6,6,12,13000000
5,5,10,25000000
0,5,12.5,25500000
2,2,3,2500000
3,3,5,9200000
2,2,4,22000
0,0,5,25000
0,0,10,40000
0,2,5,13000
0,0,2.5,8000
0,0,3,8000
0,0,7,30000
0,0,10,125000
0,0,5,21000
0,0,2,10000
0,0,10,30000
0,0,10,22000
0,0,7,20000
0,0,3,12000
0,0,2.5,12000
0,0,2.5,10000
0,0,6,17000
0,0,2.5,8500
0,0,10,30000
0,0,4,20000
0,0,5,15000
0,0,2.5,10000
0,0,5,27000
0,0,7,35000
0,0,4,20000
0,0,5,16000
0,0,2.5,15000
0,0,4,20000
0,0,2.5,12000
0,0,3,8000
0,0,8,28000
0,0,8,20000
0,0,4,12000
0,0,4.5,15000
2,2,5,19500
2,2,5,19500
2,2,5,18500
2,2,5,17500
2,2,5,16500
2,2,5,15500
2,2,5,14500
2,2,5,20000
2,2,5,20000
2,2,5,19000
2,2,5,18000
3,2,10,40000
2,2,5,17000
2,2,5,16000
2,2,5,15000
2,2,5,14000
2,2,5,19500
2,2,5,18500
2,2,5,17500
2,2,5,16500
2,2,5,15500
7,5,10,17000000
3,3,8,7000000
4,3,8,11000000
4,3,5,5000000
0,0,6,7000000
0,0,6,7000000
3,3,5.6,11500000
5,5,1,30000000
2,2,3.8,5000000
2,2,3.8,5500000
2,2,3.7,4200000
2,2,3.3,3500000
2,2,3.6,4500000
2,2,2.9,3800000
2,2,3.1,3800000
2,2,4.1,6800000
0,0,16,40000000
0,3,16,50000000
0,0,8,16000000
0,3,8,16000000
0,3,8,13500000
0,3,4.8,7500000
0,3,5.8,8500000
0,3,16,55000000
3,3,6.7,5500000
3,3,8,14000000
3,3,6,10000000
5,5,1,38500000
2,2,4.2,6500000
4,4,5.7,9000000
5,5,15.6,100000000
3,3,8,9500000
3,3,5,9000000
3,3,8,14000000
3,3,6.1,14500000
2,2,4.2,5700000
2,2,4.2,6300000
3,3,8,20500000
4,4,5,10000000
3,3,8,19700000
3,3,8,20000000
2,2,4.2,5500000
2,2,5,9000000
2,2,4.2,6400000
2,2,5,9000000
2,2,4.2,6200000
2,2,4.2,6500000
2,2,4.2,7200000
0,0,3.4,6300000
0,0,3.4,6300000
2,2,5,9000000
2,2,5,9000000
2,2,3.4,5500000
2,2,3.4,5500000
6,5,2,300000
2,2,4.2,40000
4,4,1,285000
8,7,1,450000
3,3,8,40000
3,3,8,48000
3,3,8,35000
3,3,7.3,45000
2,2,5,3500000
7,6,14.2,38000000
4,4,5,6000000
2,2,5,2800000
4,4,5,7300000
2,2,5,2300000
4,3,8,7400000
4,3,8,6400000
1,1,2.2,2600000
1,1,2,25000
2,2,10,55000
2,2,10,36000
3,3,14,60000
3,3,1,60000
2,2,10,55000
3,3,1,50000
3,3,1,40000
5,5,1,135000
3,3,10,50000
0,0,1,45000
5,5,1,85000
3,3,1,60000
3,3,1,55000
1,1,1.3,18000
3,3,12,70000
3,3,12,70000
3,3,4.4,40000
3,3,12,60000
3,3,4.9,40000
3,3,12,58000
2,2,3.3,35000
2,2,3.1,32000
3,3,7.6,100000
5,5,7.5,14500000
5,5,10,16700000
5,5,1,35000000
5,5,10,17500000
5,5,10,19000000
5,5,10,19500000
3,3,5,10500000
3,3,5,12000000
3,3,5,11000000
5,5,10,16500000
5,5,10,17000000
5,5,10,23000000
6,5,10,22000000
5,5,10,21000000
4,4,8,13500000
5,5,10,19500000
3,3,5,13500000
5,5,8,17000000
5,5,10,19500000
6,5,12,21500000
6,5,11,22000000
5,5,10,18000000
0,0,1,50000
7,5,10,17500000
7,5,10,17500000
3,3,5,11000000
3,3,10,13000000
7,5,10,15000000
2,3,3,8000000
7,5,10,17000000
6,5,10,21000000
6,5,10,20000000
3,3,11,20200000
6,5,8,14200000
6,6,1,38000000
6,5,12,24000000
3,3,5,13500000
6,5,10,22500000
4,4,7,15000000
5,5,9,22000000
5,5,10,22500000
5,5,10,17500000
5,5,10,22000000
5,5,6,13500000
6,5,11,23500000
6,4,8,16000000
3,4,3.2,6300000
0,5,10,20000000
5,5,10,23000000
6,5,10,20000000
5,5,10,16000000
6,5,10,16500000
5,5,10,22000000
5,5,11,23500000
5,3,5,12500000
7,6,3,145000000
2,2,3,2000000
5,5,8,17000000
6,5,11,17000000
6,5,8,18200000
8,6,13,26000000
0,0,13,25000000
0,3,4,5200000
0,4,12,25000000
3,3,11,12000000
0,0,9.5,400000000
0,0,8,4000000
5,5,10,24000000
0,0,2.5,8000
0,0,5,14000
0,0,5,15000
0,0,3,15000
0,0,7,20000
0,0,3,7000
0,0,2.5,5000
0,0,4,14000
0,0,3,15000
2,2,2.5,2700000
2,2,4.2,6100000
2,2,4.2,5600000
2,2,2.7,2700000
3,3,8,19500000
3,3,6,14000000
3,3,6,14000000
2,2,2.7,2700000
4,4,3.6,7350000
2,2,2.7,2500000
2,2,2.7,2500000
0,0,4.6,7500000
0,0,4.6,7500000
2,2,2.9,2850000
2,2,2.9,2850000
3,3,5.6,8000000
3,3,6.7,5500000
2,2,4.2,6000000
2,2,4,6500000
3,3,6.9,10000000
2,2,5.1,9500000
2,2,5.1,9500000
3,3,6.9,12500000
2,2,5.1,9500000
2,2,5.1,9500000
2,2,5.1,9500000
2,2,5.1,9500000
2,2,5.1,9500000
3,3,5.6,8500000
2,2,5.1,9500000
2,2,5.1,9500000
2,2,5.1,9500000
2,2,5.1,9500000
2,2,5.1,9500000
2,2,5.1,9500000
2,2,5.1,9500000
2,2,5.1,9500000
2,2,5.1,9500000
2,2,5.1,9500000
2,2,5.1,9500000
2,2,5.1,9500000
0,8,2,240000000
0,6,2,220000000
2,2,5.1,9500000
2,2,5.1,9500000
2,2,5.1,9500000
2,2,5.1,9500000
2,2,5.1,9500000
2,2,5.1,9500000
2,2,5.1,9500000
2,2,5.1,9500000
2,2,4.7,9500000
0,2,8,40000
0,3,16,70000
0,2,3.3,30000
0,3,9.6,45000
0,4,16,55000
3,3,8,40000
2,3,8,36000
4,4,16,55000
2,2,5,25000
2,2,4.8,27000
2,2,4.8,30000
3,3,5.8,35000
3,3,6,30000
4,3,8,4500000
4,4,10,15500000
4,4,5,8500000
4,4,5,8500000
4,4,5,10500000
4,4,5,10500000
5,5,10,15500000
3,3,5,8500000
6,5,1,42500000
5,4,10,28000000
5,4,10,28000000
5,4,10,28000000
5,4,10,28000000
1,1,2.2,27000
1,1,2,25000
3,3,12,59000
0,2,10,50000
3,3,1,95000
3,2,7.9,32000
3,3,12,57000
3,3,12,62000
0,0,8,50000
0,0,2.5,13000
0,0,8,70000
0,0,2.5,10000
0,0,5,10000
0,0,3,17000
0,0,3,15000
0,0,4,10000
2,2,7,25000
5,4,8,14000000
3,2,8,10500000
7,5,1,38000000
7,5,10,18000000
7,6,10,24000000
7,6,10,24000000
4,3,5,8500000
6,5,10,22500000
5,5,1,49000000
4,3,6,13000000
6,5,10,25000000
5,4,10,17500000
5,5,1,45000000
6,5,10,20500000
4,4,12,16000000
7,5,11,18000000
3,3,10,21500000
3,3,10,21000000
6,6,1,52500000
7,6,1,36000000
6,5,11,22500000
3,3,10,20000000
3,3,10,13500000
3,3,10,12000000
5,5,10,21000000
6,5,10,20000000
4,3,5,10500000
6,5,11,24500000
6,5,11,25500000
6,5,10,22500000
6,5,8,13500000
5,5,10,24500000
6,5,10,22500000
6,5,10,23500000
6,5,8,17500000
6,5,1,47500000
6,5,10,18500000
5,3,5,10500000
6,5,10,20000000
6,5,10,23000000
3,3,5,12500000
3,3,5,12500000
6,5,1,41000000
5,4,8,14000000
6,5,11,20000000
6,5,10,20000000
7,5,10,17000000
3,3,3,9500000
0,0,1,4275000
3,3,4,13500000
7,5,8,11000000
5,4,10,27500000
3,3,5,12500000
5,3,5,10500000
5,5,10,20000000
3,3,5,11000000
3,3,5,11500000
4,3,5,12500000
3,3,5,12500000
3,3,5,12500000
3,3,5,12500000
3,3,5,12500000
3,3,5,12500000
3,3,5,13600000
0,4,13,25000000
0,4,1,30000000
0,4,10,9000000
0,4,12,18000000
0,0,8,12500000
2,2,3.6,4000000
2,2,3,3400000
2,2,3,3500000
2,2,3,3500000
2,2,5,4300000
2,2,4,3800000
2,2,3,3400000
8,7,12,33000000
4,4,4,5500000
3,3,7,7500000
4,4,10,17500000
3,3,7,7500000
3,3,7,7500000
2,2,4.7,9500000
2,2,5.1,9500000
2,2,5.1,9500000
2,2,5.1,9500000
2,2,5.1,9500000
2,2,5.1,9500000
3,3,8,5700000
2,2,5.1,9500000
2,2,5.1,9500000
2,2,5.1,9500000
2,2,5.1,9500000
2,2,5.1,9500000
2,2,5.1,9500000
2,2,5.1,9500000
2,2,5.1,9500000
2,2,5.1,9500000
2,2,5.1,9500000
0,0,2.4,2500000
2,2,5.1,9500000
2,2,5.1,9500000
2,2,5.1,9500000
2,2,5.1,9500000
2,2,5.3,13000000
0,0,2.4,2500000
0,0,1.8,1600000
0,0,1.8,1600000
4,4,4.6,9000000
3,3,5.4,13500000
4,4,4.7,16000000
2,2,5.1,9500000
2,2,4.8,8600000
4,4,5.2,13500000
1,2,1.8,1600000
4,4,4.8,15000000
4,4,4.8,18000000
6,6,4.8,16500000
6,6,4.8,16000000
6,6,9.6,42500000
3,3,6,18500000
6,6,16,65000000
2,2,3.6,5500000
3,3,5,4200000
3,3,5,4200000
3,3,8,4900000
3,3,8,4900000
3,3,8,4900000
3,3,8,7250000
3,3,6,9850000
0,5,2,220000000
0,2,4.2,8500000
0,6,1.2,130000000
0,4,4,36000000
7,6,2,180000000
4,4,4.6,18000000
2,2,4.2,8000000
3,3,4.9,8000000
2,2,4.8,15000000
2,2,4.8,14900000
2,2,4.8,14900000
2,2,4.8,14800000
2,2,4.8,14800000
2,2,4.8,14700000
2,2,4.8,14700000
2,2,4.8,14600000
2,2,4.8,14300000
2,2,4.8,14300000
2,2,2.4,3500000
2,2,4.8,14200000
4,4,4.9,7000000
2,2,4.8,14200000
2,2,4.8,14100000
2,2,4.8,14000000
2,2,4.8,13900000
2,2,4.8,13900000
2,2,4.8,13800000
3,3,8.8,45000
4,4,9.6,55000
3,3,16,60000
3,3,10,25000
3,3,10,25000
3,3,1,38000
3,3,1,38000
4,4,6,45000
3,3,10,30000
2,2,10,27000
3,3,1,40000
3,3,11.8,40000
3,2,16,65000
5,4,10,28000000
5,4,10,28000000
5,4,10,28000000
5,4,10,28000000
0,3,11.8,18500000
0,4,14.4,20000000
0,4,14.4,21000000
0,3,11.8,17500000
0,0,3.6,4500000
5,4,10,28000000
5,4,10,28000000
5,4,10,28000000
5,4,10,28000000
5,4,10,28000000
5,4,10,28000000
5,4,10,28000000
5,4,10,28000000
5,4,10,28000000
5,4,10,28000000
5,4,10,28000000
3,3,8,6500000
3,2,5,4800000
5,5,9,15500000
0,4,5.6,24000000
0,6,4.4,16000000
0,4,6.7,17500000
0,6,4.4,22500000
0,4,14.4,55000
0,3,11.8,45000
0,3,11.8,45000
0,3,11.8,40000
0,3,1,45000
0,4,10,75000
0,3,1,65000
0,2,4.9,23000
0,2,4.9,20000
0,3,5.8,30000
3,3,12.4,75000
3,3,12,65000
3,3,12,55000
3,3,12,56000
3,3,1,50000
3,3,12,65000
3,3,1,45000
6,6,1,160000
3,3,1,50000
3,3,1,60000
3,3,1,65000
3,3,1,50000
5,3,5,10500000
3,3,5,13200000
3,3,5,13500000
4,4,12,18000000
4,4,12,18000000
3,3,5,12500000
5,3,5,10500000
4,3,5,9500000
5,5,10,24000000
5,4,10,17500000
5,4,10,18500000
4,3,5,10500000
4,3,5,11000000
4,3,5,10500000
4,3,5,11000000
7,5,10,16500000
5,5,7,18000000
5,5,10,20500000
6,5,1,37500000
7,5,2,42500000
3,3,10,19500000
7,6,1.1,45000000
3,3,5,12500000
4,3,5,10500000
4,3,5,14500000
3,2,5,6000000
4,3,5,9800000
7,5,10,16000000
5,4,10,19500000
6,5,1,24500000
6,5,1,31000000
2,1,2,3000000
5,4,12,20000000
6,5,1,39500000
5,4,5,8000000
0,0,1.6,55000000
3,3,5,12500000
4,3,5,11500000
0,3,5,18000000
0,3,5,19000000
0,3,5,20000000
0,3,5,19500000
0,5,1,49500000
0,5,1,52500000
0,5,1,50000000
0,5,1,63500000
0,5,1,55000000
0,5,1,54500000
0,5,1,57500000
0,5,1,54500000
0,5,1,55000000
0,5,1,62500000
0,5,1,60000000
0,5,1,59500000
0,5,1,52500000
0,5,1,50000000
0,5,1,59000000
0,5,1,61000000
6,5,10,28000000
5,5,10,22500000
4,3,5,15500000
5,5,10,22500000
1,2,5,3800000
3,3,10,14000000
3,3,5,12500000
7,6,1,47500000
4,4,10,23500000
4,4,10,23500000
4,4,10,22500000
5,5,10,19000000
6,5,10,17000000
6,5,10,20000000
5,4,17,38000000
0,3,3,4800000
0,4,8,12500000
0,3,4,5200000
0,0,8,8000000
0,4,8,12500000
0,4,8,12500000
0,2,2,2200000
0,0,5,11000000
3,3,7,7500000
0,0,6,12500000
0,0,5,11000000
0,0,2.4,3480000
0,0,3.3,5000000
0,0,2.4,3746000
0,0,2.4,3731000
0,0,2.4,3480000
0,0,3.3,5000000
0,0,2.4,3746000
0,0,2.4,3731000
2,2,3,4000000
0,0,1,35000000
0,0,9,9000000
0,0,6,4500000
0,0,1,40000000
0,0,1.2,25000000
0,0,4,6000000
0,0,6,7500000
0,0,6,5000000
2,2,5,4500000
2,2,6,5000000
3,3,8,7500000
0,4,5,14000000
0,4,4,10000000
0,6,3,7500000
0,4,3,7500000
0,0,2,6000000
0,0,2,6000000
0,0,1.5,5500000
0,0,1.5,4500000
0,0,3.2,9500000
4,4,10,13500000
2,2,4.8,13800000
2,2,4.8,13700000
2,2,4.8,13600000
2,2,4.8,13600000
2,2,4.8,14500000
2,2,4.8,14500000
2,2,4.8,14500000
2,2,4.8,14500000
2,2,4.8,14500000
2,2,4.8,13500000
2,2,4.8,13500000
2,2,4.8,13500000
6,6,17.3,120000000
5,5,9.4,19000000
4,4,14,14500000
5,5,9.4,19000000
3,3,5.2,10500000
2,2,4.8,13500000
2,2,4.8,13500000
2,2,4.8,14000000
2,2,4.8,14000000
2,2,4.8,14000000
2,2,4.4,9500000
2,2,4.8,14000000
2,2,4.8,14000000
2,2,4.2,9500000
1,2,1.8,1700000
2,2,4.2,8000000
6,6,5,21000000
0,5,2,170000000
0,5,2,145000000
0,3,4,31000000
0,2,4.2,10500000
0,2,4,5500000
0,3,9.8,16000000
2,2,4.8,14600000
2,2,4.8,14500000
2,2,4.8,14400000
2,2,4.8,14400000
5,4,12,75000000
0,0,1,85000000
7,7,1.2,120000000
7,7,1.2,90000000
3,3,4.9,15000000
2,2,4.2,11500000
3,3,6,16000000
3,3,6.4,9000000
2,2,4.8,21000
3,3,1,35000
3,3,12,63000
2,2,2.2,13000
4,3,6.7,25000
0,2,6.7,40000
0,2,5.6,32000
0,2,4.4,25000
0,4,4.4,65000
2,2,5.6,36000
5,4,10,28000000
5,4,10,28000000
5,4,10,28000000
5,4,10,28000000
5,4,10,28000000
3,3,5,14000000
3,3,5,14000000
3,3,5,14000000
3,3,5,14000000
3,3,5,14000000
3,3,5,14000000
3,3,5,14000000
3,3,5,14000000
3,3,5,14000000
3,3,5,14000000
0,0,2,2931000
0,0,4.6,6676000
0,0,3.2,4632000
0,0,3.8,7000000
4,4,4,19000000
0,0,4.6,6663000
0,0,5,7321000
0,0,5.2,7627000
5,5,10,16000000
5,5,10,15000000
5,5,10,17000000
4,4,4.4,17000000
0,0,5,19500000
2,2,1.9,6000000
7,7,1,65000000
0,6,6,12000000
0,6,6,11500000
4,4,4.4,16000000
0,0,5,55000
0,0,5,60000
0,0,5,50000
0,0,5,45000
0,0,5,65000
0,0,5,60000
0,0,5,35000
0,0,5,40000
0,0,5,37000
0,0,5,30000
0,0,10,70000
3,3,5,33000
0,0,5,60000
0,0,15,130000
3,3,5,18000
4,4,6,30000
7,6,1.7,59000000
0,0,1,37500000
3,3,5,10500000
0,5,2.6,182000000
0,15,4.8,175000000
0,5,10,15000000
0,3,5,13000000
0,6,10,27500000
0,6,12,24000000
0,3,5,16500000
0,3,5,9500000
0,2,3.5,3800000
0,0,3.5,4000000
0,6,10,22500000
0,6,10,22500000
0,4,5,13500000
0,4,5,13500000
5,4,12,16000000
3,3,5,9900000
3,3,5,9900000
5,4,10,17500000
3,3,5,9900000
4,4,10,31000000
3,3,5,9900000
6,5,1,48000000
2,2,8,24000
6,5,10,21000000
6,5,1,44900000
6,5,1,57000000
4,4,10,10000000
5,4,10,21500000
6,5,1,47500000
5,4,10,20000000
5,4,10,20500000
4,4,10,17000000
4,4,10,26000000
5,4,10,24500000
0,0,3,2700000
6,5,1,56000000
6,5,1,42500000
6,5,1,48500000
0,0,2,2300000
5,4,10,22500000
5,4,10,25000000
6,5,1,52500000
5,4,10,19000000
4,4,10,24000000
6,5,1,50000000
5,4,10,25000000
7,6,10,18000000
6,5,1,49000000
5,4,10,28000000
5,4,10,21000000
1,1,3.6,8000000
6,5,1,52500000
2,2,12,17500000
6,5,1,49500000
4,4,7,15500000
4,3,5,12000000
5,5,12,18000000
2,2,12,17500000
4,4,10,20000000
2,2,12,17500000
6,5,10,25000000
5,4,10,20000000
5,4,10,30000000
6,5,1,52500000
5,4,10,28000000
4,4,10,17000000
5,4,10,25000000
4,4,10,10000000
4,4,10,10000000
4,4,10,10000000
4,4,12,25000000
6,5,1,44500000
4,3,5,14000000
4,4,10,10000000
0,5,1,52000000
0,4,10,18500000
0,3,3,6500000
0,2,2.5,3000000
0,5,1,52500000
0,6,5,11000000
0,5,3.2,8000000
0,5,10,21500000
0,4,6,5000000
4,4,12,25000000
4,4,12,25000000
3,3,5,6500000
4,3,5,12500000
4,3,5,13500000
3,3,5,6500000
4,3,8,12000000
0,3,5,17000000
0,5,3,14500000
0,4,5,13000000
0,3,5,15000000
0,4,10,30000000
0,4,10,32500000
0,4,10,42500000
0,0,3,5500000
0,0,2.2,3500000
0,4,5,14000000
0,4,4,10000000
0,6,3,7500000
0,4,3,7500000
5,5,10,12500000
4,4,5,10500000
0,0,10,18000000
0,0,5,12500000
0,0,10,20000000
0,0,10,18000000
0,0,5.1,12000000
0,0,5,11500000
0,0,10,14000000
0,0,10,19500000
0,0,5,9000000
0,0,5.5,12000000
2,2,4.7,5000000
5,4,11,26000000
2,2,3.6,4000000
5,3,5,11500000
5,5,10,24000000
2,2,6,6000000
2,2,5,5500000
4,4,10,16500000
6,6,5,8000000
0,0,5,10000000
0,0,5,10500000
0,0,5,10000000
0,0,5,9000000
0,0,5,15000000
0,0,6,11000000
0,0,5,9000000
0,0,4,6000000
0,0,5,12000000
3,3,5,9200000
4,3,5,10500000
2,2,2.2,5500000
2,2,2.2,4400000
2,2,2.2,5000000
2,2,2.2,4800000
2,3,5.2,8000000
2,2,2.2,5000000
3,3,10.2,52000000
2,2,3.6,4600000
4,4,14,14500000
1,1,2.7,1460000
3,3,8,17400000
5,5,12,50000000
6,6,8,24000000
3,3,5.8,19000000
3,3,4.9,12000000
0,6,16,52500000
3,3,10.2,41000000
2,2,4.7,4800000
2,2,4.7,4800000
3,3,5.6,8500000
1,2,1.8,1800000
4,3,8,9800000
4,3,8,10700000
2,2,4.2,4700000
4,3,5,5000000
1,2,1.8,1800000
3,3,8,7200000
4,3,8,8500000
1,2,1.8,1800000
0,0,3.2,5800000
0,0,3.2,6500000
1,1,2.4,2250000
0,0,3.2,7000000
0,0,3.2,7500000
0,0,3.2,7500000
0,0,3.2,6900000
0,0,3.2,6400000
2,3,6.7,30000
5,5,8,65000
1,1,1.3,11000
3,3,1.8,120000
2,2,5.6,33500
6,6,16,160000
3,4,6.7,38000
3,3,8,7600000
4,4,8,15000000
6,5,8,25000000
5,5,8,26500000
5,5,8,36500000
5,3,4.4,17000000
6,6,10.9,35000000
3,2,10,55000
2,2,8,6000000
4,4,5,7800000
4,4,5,7500000
4,4,5,7500000
4,4,1,35500000
4,4,1,35000000
3,3,10,65000
2,2,5,4500000
0,7,5,8500000
0,7,5,8200000
0,4,7,5000000
0,4,7,4500000
0,4,7,4500000
0,0,10,80000
0,0,5,40000
0,0,5,50000
0,0,5,55000
0,0,5,45000
0,0,5,20000
0,0,3,22000
0,0,5,33000
0,0,7,28000
0,0,10,35000
0,0,10,30000
0,0,1,60000
0,0,1,60000
0,0,10,40000
0,0,7,20000
3,3,10,28000
2,2,5,40000
0,0,5,50000
0,0,5,50000
3,3,18,45000
0,5,2,120000000
0,2,5.7,20000000
0,5,1.6,70000000
0,5,10,32500000
0,3,5,16000000
0,2,5,5000000
6,5,1,41000000
6,5,10,17000000
4,4,10,10000000
6,5,8,17500000
3,3,3,6500000
3,3,3,6000000
3,3,3,6200000
3,3,3,6000000
3,3,3,6200000
3,3,3,5500000
3,3,4,7000000
3,3,4,7500000
0,0,11,14500000
3,3,4,7500000
3,3,4,7500000
6,5,10,19000000
6,5,1,38900000
6,5,10,23500000
4,3,3,8500000
5,5,10,15000000
5,5,10,17000000
5,5,10,16000000
5,5,10,23500000
5,4,10,18000000
4,4,5,8000000
6,5,1,41000000
5,5,10,23500000
6,5,1,40000000
6,5,12,26000000
6,5,1,47500000
6,5,10,23500000
6,6,1,45000000
6,5,1,32500000
4,3,5,13500000
4,3,5,11500000
5,4,10,21000000
3,2,2,6200000
6,5,1,39500000
6,5,1,41900000
7,6,10,26500000
5,4,14,30000000
6,5,1,49000000
6,5,1,34000000
6,5,10,32500000
7,5,10,44000000
6,5,1,42000000
4,3,5,15000000
5,5,7,15000000
6,5,1,78000000
6,5,1,39500000
6,5,1,46000000
6,6,5,3500000
6,5,1,37000000
6,5,1,43900000
5,4,7,12900000
5,4,8,16000000
5,4,8,14500000
4,3,5,12600000
6,5,10,17800000
6,5,10,19200000
6,5,1,42500000
5,4,8,12300000
4,3,5,11800000
6,5,10,17500000
0,4,3,10200000
0,4,3.5,7500000
0,6,1,35000000
0,2,1.5,3000000
0,4,3,7500000
0,3,3,6000000
0,3,4,6000000
7,5,1,46000000
0,3,5,10000000
0,0,12,25000000
0,0,1,30000000
0,0,5,8500000
6,5,12,21500000
0,0,8,10000000
5,3,5,7000000
2,2,2,1600000
6,5,1.2,39900000
6,5,10,19500000
2,2,4.8,24000
2,2,4.8,22000
2,2,4.8,25000
2,2,4.8,30000
2,2,4.8,23000
2,2,4.8,21000
2,2,4.8,27000
2,2,4.8,25000
2,2,4,20000
3,3,5.8,32000
0,4,8,38000
0,4,13.1,60000
1,2,1.8,12000
0,0,3.2,5900000
0,0,3.2,7800000
0,0,3.2,7900000
0,0,3.2,7300000
0,0,3.2,5900000
0,0,3.2,5900000
0,0,3.2,6700000
1,2,1.8,2200000
0,0,3.2,7200000
0,0,3.2,6600000
0,0,3.2,7700000
0,0,3.2,7900000
0,0,3.2,8000000
0,0,3.2,8100000
1,2,1.8,1700000
1,2,1.8,1700000
1,2,1.8,1700000
0,0,4.8,12800000
0,0,4.8,13500000
0,0,4.8,14500000
0,0,4.8,15500000
0,0,4.8,16500000
2,2,4.2,5000000
4,4,12,65000000
2,2,2.4,2500000
4,4,12,90000000
2,2,4.8,12600000
2,2,4.8,13300000
2,2,4.8,14600000
4,4,4.8,15400000
4,4,4.8,16500000
2,2,4.9,8030000
2,2,2.4,2500000
5,5,12,86500000
4,4,1,92500000
2,2,3.3,1700000
3,3,6.4,12000000
3,3,6.7,11000000
4,4,14,14500000
0,0,4.8,15700000
4,4,8,21000000
2,2,5.1,8000000
4,4,9.3,80000000
4,4,9.3,80000000
3,6,8,22500000
3,6,6,17000000
5,9,4.8,15000000
3,6,9.6,30000000
3,6,6,17000000
0,0,4.8,16600000
2,2,4.8,12300000
4,4,4.8,14000000
4,4,4.8,15000000
8,7,5.6,40000000
4,4,4.8,15500000
3,2,4.4,4310000
2,2,4.8,13000000
6,5,4.8,35000000
3,3,5,4200000
3,3,5,4200000
3,3,8,4900000
3,3,8,4900000
3,3,8,4900000
3,3,8,7250000
3,3,6,9850000
2,2,4,9600000
3,3,5,8500000
0,3,8,19000000
0,4,9.8,42500000
0,3,6.7,31000000
0,6,1,100000000
0,5,1,70000000
0,6,12.8,65000000
0,0,1,105000000
2,2,4.2,4000000
2,2,5.8,6000000
2,2,1.5,1700000
2,2,4.2,6000000
2,2,4.2,5800000
2,2,2,24000
4,4,1,120000
3,3,1,125000
0,6,2,900000
0,0,5.6,36500
3,3,12,65000
3,3,1,85000
3,3,12,75000
3,3,12,135000
3,3,12,115000
2,2,3.6,35000
10,11,2.8,520000
3,3,12,65000
2,2,4.4,22000
3,3,12,55000
9,6,4,1600000
3,3,12,60000
2,2,3.3,42000
10,11,5.4,1550000
2,2,7,38000
6,5,12,110000
3,3,12,50000
10,9,1,356000
4,4,5,35000
3,3,1,100000
5,5,1,145000
5,5,1,130000
3,3,14,30000
2,2,13,30000
2,2,8,15000
2,2,10,25000
2,2,10,30000
8,7,1,330000
4,4,1,35000000
5,5,1,34500000
8,7,3,70000000
5,5,1,35500000
5,5,1,36000000
6,6,7,37500000
4,3,5,10000000
2,2,3.3,6500000
1,1,2,6400000
1,1,1,3200000
2,2,2.9,9600000
5,4,10,26500000
3,2,10,38000
4,4,7,50000
3,2,7,20000
3,3,10,19000000
6,5,1,88000000
3,3,10,19000000
6,5,1,49000000
6,5,1,57500000
3,3,5,10200000
3,3,5,12500000
3,3,5,12000000
0,5,1,75000000
0,5,1,72500000
6,5,1,37000000
2,2,3,1400000
4,3,4,7800000
6,5,1,59000000
4,3,16,15000000
4,3,4,7500000
6,5,1,47000000
6,5,1,40000000
6,5,17,41000000
3,3,10,13000000
6,5,1,36000000
4,4,7,16000000
6,5,1,45000000
2,2,3,1400000
7,5,5,10500000
2,3,5,8000000
5,4,5,12500000
5,5,7,15500000
4,4,10,13000000
5,4,8,13500000
6,5,1,49000000
4,3,10,13500000
2,2,5,4000000
4,3,8,12000000
5,5,1,45000000
4,3,5,9800000
6,5,11,25000000
4,4,10,33000000
4,3,5,10500000
7,5,1,37000000
6,5,10,19000000
7,5,1,39000000
0,3,5,9000000
0,0,2,5500000
0,3,5,10500000
0,3,5,12500000
0,4,10,27500000
4,4,5,9800000
0,0,5,9500000
4,3,5,10500000
0,0,5,9850000
0,0,5,9850000
2,2,4.2,5700000
2,2,4.2,5600000
2,2,4.2,5500000
2,2,4.3,5000000
2,2,4.2,5400000
0,0,4.8,25000000
2,2,4.2,5300000
2,2,4.2,5200000
2,2,4.2,5100000
2,2,4.2,5000000
2,2,4.2,6000000
2,2,4.2,5800000
2,2,4.2,5700000
2,2,4.2,5600000
2,2,4.2,5500000
2,2,4.2,5300000
8,8,3.2,12000000
2,2,4.2,5400000
2,2,4.2,5200000
2,2,4.2,5100000
2,2,4.2,5000000
2,2,4.4,8500000
7,6,9.6,42500000
3,3,8,7250000
3,3,8,5500000
4,3,6.7,12500000
3,3,8,26000000
3,3,5,11000000
3,3,8,11700000
3,3,8,14000000
3,3,8,14300000
3,3,8,12500000
3,3,8,13000000
3,3,8,13000000
4,4,14,16000000
3,3,8,14400000
3,3,8,14300000
3,3,8,14200000
3,3,8,14100000
3,3,8,14000000
3,3,8,13900000
3,3,9.6,31500000
3,3,8,13800000
3,3,8,13700000
3,3,8,13600000
3,3,8,13500000
3,3,3.2,30000000
3,3,8,20900000
3,3,8,20800000
6,6,9.6,41500000
8,8,12,43500000
3,3,8,20700000
3,3,8,20600000
3,3,8,20500000
3,3,8,20400000
3,3,8,20300000
3,3,8,20200000
3,3,8,20100000
3,3,8,20000000
2,2,4.2,6500000
3,3,6,15000000
2,2,4.2,6500000
2,2,4.2,5700000
2,2,4,3600000
2,2,4.2,6500000
2,2,4.2,6500000
2,2,3.6,4000000
2,2,3.6,3800000
4,4,6,14500000
6,6,4.8,22000000
0,2,4,7500000
0,3,8,26500000
1,1,2.4,2250000
3,3,8,20000000
8,7,8,35000000
6,6,4.8,26000000
4,4,4.8,18500000
4,4,4.8,18500000
0,0,4.8,26000000
0,1,2.7,4980000
2,2,5.3,9960000
2,2,4.8,5500000
2,2,4.8,5500000
2,2,4.8,6500000
3,3,12,70000
2,2,4,25000
3,3,11.8,50000
3,3,10,60000
4,3,1,180000
4,4,1.1,80000
3,3,1.6,120000
2,3,6.7,45000
3,3,16,100000
3,3,10,60000
4,4,1,90000
7,6,1,385000
2,2,12,16000
4,3,1,80000
9,8,2.1,800000
6,5,1.3,150000
7,6,1,450000
4,3,1,130000
6,5,4,395000
5,5,2,400000
2,2,5,20500
0,6,500,300000
3,3,14.2,55000
7,6,1.1,398000
3,3,1,70000
5,4,1,185000
4,4,1.1,95000
0,0,5,9845000
6,5,7,15000000
0,0,0.6,8000
7,5,7,45000
3,3,7,29000
6,5,10,21000000
0,0,12,27000000
6,5,10,20500000
3,3,5,11000000
0,0,5,40000
6,5,10,21000000
6,5,10,23500000
4,4,10,36000000
5,4,10,21000000
6,5,1,65000000
6,5,1,37500000
4,3,5,9500000
0,3,5,9000000
0,2,6,8500000
0,3,4.5,7500000
0,3,3.5,6500000
0,3,4,7000000
0,3,5,6500000
0,3,2,5500000
0,5,8,17500000
0,4,10,16000000
0,5,10,11500000
6,5,1,48000000
6,5,1,45000000
5,4,10,24000000
5,4,10,21000000
3,3,5,10000000
3,3,5,9500000
7,5,1,52500000
5,5,10,16500000
6,5,1,49000000
5,5,7,17000000
2,3,2,4500000
6,5,1,49000000
6,5,1,53000000
6,5,1,33000000
6,5,1,50000000
4,3,5,10500000
6,5,1,49000000
6,5,25,54000000
6,5,1,49000000
6,5,1,47500000
5,4,10,37500000
5,4,12,16000000
7,6,1,28000000
6,5,2,110000000
6,5,1,52500000
7,5,1,49000000
6,5,1,45000000
6,5,1,40000000
6,5,1,43000000
4,4,10,31000000
6,5,1,38500000
6,5,1,34000000
5,4,5,12000000
2,3,10,8200000
5,4,10,25500000
7,6,1,53000000
6,5,1,41000000
6,5,1,30500000
7,5,1,53000000
0,0,10,37500000
0,0,10,35000000
4,3,7,9000000
7,5,10,25000000
8,7,1,35000000
2,3,5,6500000
7,5,10,17500000
5,5,8,25000000
7,5,10,16500000
6,5,1,54000000
4,4,2,225000
5,4,12,190000
2,1,10,22000
0,0,1.3,40000
0,5,2.2,50000
0,4,2.2,300000
0,3,1.1,130000
4,4,12,160000
2,2,4.8,30000
2,2,4.8,21000
2,2,4.8,23000
2,2,4.8,20000
2,2,4.8,22000
2,2,4.8,25000
3,3,7.1,90000
0,2,4,35000
0,2,4,35000
4,4,10.7,110000
2,2,4.8,6500000
1,1,2.4,2250000
6,6,4.8,14500000
0,0,4.8,13500000
4,4,4.8,19000000
4,4,4.8,15000000
5,5,4.8,17500000
6,6,4.8,18000000
2,2,4.8,7000000
0,0,4.8,11500000
2,2,4.4,3500000
6,6,4.8,17500000
4,4,14,16000000
5,5,4.8,17000000
6,6,4.8,18000000
2,2,4.2,4700000
4,3,6.1,9500000
5,4,14,14000000
4,3,8,8800000
2,2,4.2,5200000
4,3,5,5000000
3,3,8,7500000
0,3,5.3,7200000
0,2,4.7,6000000
1,2,4.9,6500000
3,3,9.6,5500000
3,3,8,19000000
4,4,14,10700000
2,2,4.8,5500000
2,2,4.8,5200000
3,3,7.6,25000000
3,3,6.2,22000000
3,3,6.9,24000000
3,3,7.6,30000000
0,0,1.2,180000000
2,2,5.8,13500000
2,2,5,3500000
7,6,1,44500000
3,2,5.6,10000000
1,1,3.3,7300000
3,2,7.9,7500000
5,4,1,18000000
0,0,2.5,1500000
0,0,1,140000000
0,0,1,23500000
2,2,8,40000
6,5,1,200000
3,3,1,200000
3,3,1,89000
6,6,10,120000
2,2,10,26000
3,3,12,65000
3,2,12,45000
2,2,7,20000
3,3,12,65000
2,2,5,8500000
2,2,10,6500000
2,2,5,3600000
6,6,2,200000000
3,3,1,100000
4,3,5,10400000
2,4,4,8400000
6,5,10,22500000
5,5,19,24000000
5,5,7,14500000
5,5,10,24000000
5,5,10,19000000
5,5,10,20500000
6,5,10,28000000
2,2,15,30000
0,5,5,8500000
0,4,9,15000000
0,5,5,8600000
0,5,5,8500000
6,5,1,42500000
7,5,10,14500000
4,3,5,10500000
5,4,10,26000000
7,6,1,42000000
7,5,1,45000000
7,5,10,17000000
6,5,1,32500000
7,5,11,18500000
6,5,1,41500000
6,5,10,34000000
0,0,3.5,7500000
6,5,10,21000000
5,4,10,25000000
5,4,10,26000000
5,4,10,28000000
5,4,10,36000000
6,5,1,50000000
3,4,5,11500000
5,4,10,35000000
5,4,10,32500000
6,5,1,82500000
5,4,10,26500000
5,4,10,20000000
4,4,10,16500000
6,7,10,40000000
5,4,10,26000000
6,5,1,70000000
6,5,1,29000000
4,4,7,23500000
0,7,2,220000000
5,4,10,28000000
5,4,10,25000000
6,5,1,44000000
5,4,10,39000000
0,0,5,15000000
0,0,4.5,7525000
6,5,16,55000000
4,4,6,15000000
2,2,4.2,4200000
0,6,11,17500000
0,0,9,13000000
0,6,11,20000000
5,4,6,11000000
6,6,10,11500000
0,2,3,1300000
0,2,3,2600000
0,3,5,5000000
0,3,3,3800000
0,4,5,7000000
0,0,5,3000000
0,0,5,6000000
0,6,8,18000000
0,4,4.5,11000000
0,4,5,13000000
0,6,8,14000000
0,4,4,9000000
0,2,5,4000000
0,6,14,37000000
0,5,6,14000000
0,6,10,19000000
0,4,4,11000000
0,3,5,7500000
2,2,3,3000000
3,2,5,4500000
6,5,7,14500000
2,2,4.7,12000000
5,5,9.8,32500000
4,4,8,27000000
0,0,10.7,47000000
3,3,11.6,35000000
3,3,6.7,15000000
3,3,8,5500000
3,3,6.4,11000000
2,4,2.4,5000000
0,5,1,110000000
8,7,12,65000000
4,4,4.8,17500000
4,4,4.8,19000000
3,3,4.4,6000000
4,4,4.8,16000000
4,4,4.8,16500000
4,4,4.8,18500000
3,3,9.6,16500000
8,7,8.6,32000000
4,4,14.2,26500000
2,2,3.8,18000
2,2,3.1,16000
4,4,11.1,125000
0,0,12,125000
2,2,4.8,22000
2,2,4.8,20000
2,2,4.8,15000
2,2,4.8,25000
3,3,5.6,110000
3,3,8,50000
3,3,7.6,9000000
2,2,4,4700000
3,3,6.7,9000000
2,2,3.2,5200000
2,2,3.2,5300000
3,3,6.2,9500000
1,1,1.8,2200000
1,1,1.6,1700000
1,1,1.8,3000000
2,2,3.6,6000000
3,3,6.2,15000000
2,2,5.6,8000000
2,2,4.2,5600000
2,2,2.9,4200000
2,2,4.2,8000000
2,2,3.1,5000000
2,2,3,3700000
2,2,4.2,9500000
6,6,12.3,29500000
3,3,8.4,19000000
2,2,4.2,5800000
5,4,4.8,14000000
4,4,14,14500000
4,4,4,43500000
2,2,2.7,2650000
3,3,8,5500000
3,3,6.7,10000000
3,3,5,6500000
2,2,2.2,9500000
3,3,9.4,9200000
2,2,3.3,4800000
3,3,8,19500000
2,2,4.8,14500000
6,6,4.8,11500000
4,4,4.8,14000000
3,3,6.1,13200000
3,3,7.8,27000000
4,3,8,10000000
5,4,14,13500000
2,2,1.9,4800000
3,3,8,7800000
4,3,8,10500000
4,3,5,5000000
3,3,5.3,25000
2,2,4.8,25000
2,2,2.2,28000
5,5,1,275000
3,3,5.2,35000
3,3,5.2,35000
2,2,4.8,35000
2,2,4.8,35000
2,2,5,32000
3,3,1,38000
3,3,12,70000
1,3,0.6,16000
3,3,12,60000
8,6,12,170000
4,4,1,44000
1,2,5.6,29000
3,3,12,60000
3,3,12,65000
6,6,12,150000
2,2,1,28000
3,3,1,35000
3,3,12,60000
3,3,1,95000
3,3,12,65000
6,6,12,130000
3,3,12,65000
3,3,10,55000
3,3,9.3,180000
3,3,10,60000
1,1,1.7,22000
3,3,10,65000
6,6,12,140000
2,2,5,35000
6,6,12,140000
1,1,2.6,95000
3,3,12,75000
0,0,1,200000
0,0,1,205000
0,0,1,225000
0,0,1,230000
0,0,1,245000
0,0,1,300000
0,0,1,305000
0,0,1,330000
0,0,1,340000
0,0,1,345000
0,0,1,250000
0,0,1,255000
0,0,1,275000
0,0,1,290000
0,0,1,295000
0,0,1.3,540000
0,0,1.3,545000
0,0,1.3,570000
0,0,1.3,590000
0,0,1.3,600000
0,0,1,200000
0,0,1,205000
0,0,1,225000
0,0,1,230000
0,0,1,245000
0,0,1,300000
0,0,1,305000
0,0,1,330000
0,0,1,340000
0,0,1,345000
0,0,1,250000
0,0,1,255000
0,0,1,275000
0,0,1,290000
0,0,1,295000
0,0,1.3,540000
0,0,1.3,545000
0,0,1.3,570000
0,0,1.3,590000
0,0,1.3,600000
2,2,5,2800000
1,1,3.8,4200000
2,2,5,2300000
4,3,8,7400000
2,2,3.8,6200000
3,3,7.8,32000000
1,1,1.7,4500000
7,6,3.6,400000
2,2,1.9,662000
4,3,8,4500000
4,3,8,6200000
6,6,2.1,180000000
6,5,19.5,72500000
2,1,6.7,26000
3,3,10,50000
3,3,1,90000
3,3,7.8,165000
2,1,6.7,25000
3,3,1,110000
2,2,7,40000
6,6,9.3,110000
2,2,6.7,62000
3,3,12,55000
7,6,1,400000
0,0,5,26000
1,1,4.4,18000
3,3,12,65000
1,2,4,30000
3,3,12,75000
2,3,14,48000
3,3,12,55000
3,3,1,120000
4,3,1,60000
4,3,1,60000
0,0,2.5,18000
0,0,5,27000
0,4,7,17500
2,2,3,20000
0,3,5,17000000
0,3,3.5,9000000
0,3,2.5,6000000
0,3,3.5,6000000
0,3,2,3000000
0,3,2.5,7000000
0,3,3.5,9500000
0,3,3.5,13000000
6,5,1,47000000
5,4,8,22000000
7,5,10,17000000
0,4,8,16000000
0,4,9,17000000
0,3,2.8,7000000
0,3,3,9500000
0,3,4,10000000
0,4,8,16500000
0,4,8,16000000
0,3,4,6000000
0,3,5,9000000
0,0,5,9500000
6,5,1,47000000
6,5,1,48000000
6,5,1,45000000
0,0,2,6000000
6,5,1,45000000
4,4,5,12500000
6,5,1,37000000
6,5,1,41000000
0,0,3,11500000
0,0,5,15000000
5,4,10,39000000
2,2,2,4200000
6,5,1,35000000
3,2,2,3500000
0,3,2,5500000
0,3,2,6000000
0,3,2.2,5500000
0,4,5,15000000
0,3,3,7000000
0,3,2,5500000
0,3,2.5,7500000
0,5,4,7500000
0,3,2,6000000
0,4,2,6200000
3,3,6,12000000
3,3,5,12000000
4,3,5,17500000
0,0,10,18000000
8,7,2,68500000
6,5,1,41500000
4,3,5,18000000
6,5,2,140000000
0,3,7,21000000
6,5,1,39500000
6,5,10,20500000
0,3,5,13500000
0,2,8,16000000
0,5,10,25000000
0,6,10,25000000
0,3,5,11500000
0,3,5,8000000
0,5,1,110000000
0,0,8.5,90000000
0,5,1,47000000
0,6,1,80000000
0,4,10,19000000
6,5,1,50000000
0,3,4,13000000
0,3,4,13000000
0,2,1,2900000
0,2,1,2900000
0,3,2.8,7500000
0,3,3.5,9000000
0,3,1.8,4000000
0,2,1.5,4000000
0,2,1.5,4000000
0,2,1.5,4200000
0,4,4,13000000
0,2,1,3000000
0,3,2.8,7700000
0,3,3.5,9200000
0,4,5,15000000
0,4,5,14500000
0,5,10,26000000
0,5,10,27000000
0,5,10,28000000
0,5,10,29000000
3,3,4,35000000
4,3,5,13500000
5,5,1,33000000
5,4,10,29500000
5,4,9,23000000
2,3,2.5,4530000
0,0,5,9000000
0,0,5,9000000
0,0,8,8000000
3,3,7,11800000
3,2,5,6000000
6,6,10,13000000
5,4,7,16500000
3,3,6.1,9800000
4,4,14,10700000
2,2,3.8,5800000
3,3,10.3,32500000
3,3,4.9,6300000
3,3,4.9,6800000
3,3,10.3,42500000
2,2,4.2,4700000
2,2,3.8,5500000
3,3,6.7,16000000
3,3,6.7,50000
2,2,2,25000
3,3,1,125000
2,2,4.2,20000
3,3,8,35000
2,2,4.9,28000
2,2,8,40000
3,3,12,55000
6,6,1,350000
4,4,1,195000
3,3,16,85000
4,3,1,50000
4,3,1,45000
4,3,1,39000
3,2,12,32000
3,2,10,35000
4,3,1,40000
3,3,12,75000
4,4,10,70000
3,3,14,130000
0,0,1.3,470000
0,0,1.3,475000
0,0,1.3,495000
0,0,1.3,510000
0,0,1.3,520000
0,0,1.3,420000
0,0,1.3,425000
0,0,1.3,445000
0,0,1.3,460000
0,0,1.3,465000
0,0,1.3,370000
0,0,1.3,375000
0,0,1.3,395000
0,0,1.3,410000
0,0,1.3,415000
0,0,2,620000
0,0,2,625000
0,0,2,650000
0,0,2,675000
0,0,2,680000
0,0,1.3,470000
0,0,1.3,475000
0,0,1.3,495000
0,0,1.3,510000
0,0,1.3,520000
0,0,1.3,420000
0,0,1.3,425000
0,0,1.3,445000
0,0,1.3,460000
0,0,1.3,465000
0,0,1.3,370000
0,0,1.3,375000
0,0,1.3,395000
0,0,1.3,410000
0,0,1.3,415000
0,0,2,620000
0,0,2,625000
0,0,2,650000
0,0,2,675000
0,0,2,680000
2,2,5,20000
2,2,7,35000
0,0,2,400000
0,0,2,405000
0,0,2,410000
0,0,2,415000
0,0,2,420000
0,0,2,425000
0,0,2,430000
0,0,2,435000
0,0,2,440000
0,0,2,445000
0,0,1,215000
0,0,1,220000
0,0,1,225000
0,0,1,230000
0,0,1,235000
0,0,1,240000
0,0,1,242000
0,0,1,245000
0,0,1,250000
0,0,1,255000
0,0,1.3,280000
0,0,1.3,285000
0,0,1.3,290000
0,0,1.3,295000
0,0,1.3,300000
0,0,1.3,310000
0,0,1.3,315000
0,0,1.3,320000
0,0,1.3,325000
0,0,1.3,330000
0,0,1.3,340000
0,0,1.3,345000
0,0,1.3,350000
0,0,1.3,355000
0,0,1.3,380000
0,0,1.3,365000
0,0,1.3,370000
0,0,1.3,375000
0,0,1.3,378000
0,0,1.3,380000
0,0,2,550000
0,0,2,555000
0,0,2,560000
0,0,2,580000
0,0,2,600000
0,0,2,610000
0,0,2,620000
0,0,2,640000
0,0,2,650000
0,0,2,670000
0,0,1,180000
0,0,1,182000
0,0,1,183000
0,0,1,185000
7,6,9,40000000
10,9,3.7,700000000
6,5,1,45000000
2,2,6.4,14200000
1,1,5.3,8500000
3,3,7.9,17800000
0,0,1,190000
0,0,1,192000
0,0,1,195000
0,0,1,200000
0,0,1,205000
0,0,1,210000
0,0,1,215000
0,0,1,218000
3,3,7,22000
3,3,7,23000
3,3,10,38000
0,0,7,24000
0,0,6,20000
0,0,6,20000
3,3,5,38000
6,5,10,65000
2,2,5,23000
6,5,1,41000000
2,3,3.2,9000000
6,6,1,37000000
0,9,2,125000000
5,5,1,55000000
6,5,1,51000000
4,3,5,15000000
1,1,2.2,3500000
6,5,1,38500000
6,5,1,72500000
6,5,1,41000000
5,4,10,19500000
2,2,2,3700000
8,5,10,20500000
6,5,1,43000000
6,5,1.1,48500000
6,5,1,47000000
6,5,11,26000000
6,5,1,40000000
6,5,1,41500000
6,5,1,45000000
0,5,10,32500000
0,5,9,16000000
0,5,8,17000000
0,4,7,14000000
0,4,6,14000000
0,4,5,11500000
0,4,6,13000000
0,5,5,13500000
0,5,5,12500000
0,3,3,7500000
6,5,1,38000000
6,5,1,47000000
4,4,10,26000000
6,5,1,37500000
6,5,1,48500000
3,3,5,10200000
4,4,10,21800000
5,5,7,24500000
6,5,1,44000000
1,1,10,23000
4,4,10,28000000
6,5,1,40000000
6,5,1,42000000
4,4,10,27000000
5,5,2,170000000
4,3,10,25000000
0,0,9,65000000
0,0,10,42500000
0,5,1,51000000
4,4,10,28500000
0,6,1,22500000
0,5,10,15000000
4,3,5,10500000
6,5,10,19000000
0,0,4,160000000
0,0,5,12000000
0,0,5,9500000
0,0,5,8500000
0,0,10,13000000
0,0,10,13000000
0,0,10,14000000
0,0,10,16000000
0,0,5,6000000
0,0,5,9000000
0,0,5,12000000
0,0,12,15000000
0,0,10,14000000
0,0,6.5,13500000
0,0,10,22500000
0,0,1,35000000
0,0,10,22500000
6,5,7,15000000
4,3,5,10400000
2,2,4.2,4000000
6,6,16,49000000
3,3,8,6500000
2,2,2.4,3500000
2,2,4.4,5000000
2,2,3.3,5500000
2,2,4,7500000
3,3,6.7,11500000
2,2,3.1,3800000
2,2,4.8,6000000
2,2,4.8,6200000
2,2,4.8,6500000
3,3,5.8,10000000
2,2,3.4,3200000
2,2,3.4,3500000
2,2,3.4,3000000
2,2,3.4,3200000
5,5,11.2,27500000
2,2,3.4,3200000
0,0,7.1,16000000
0,0,5.7,21500000
0,0,7.1,22000000
0,0,8.9,16000000
0,0,4.2,11500000
0,0,8.9,25000000
0,0,11.6,35000000
0,0,12,39000000
0,0,12,22500000
0,0,1,155000000
0,0,11.9,90000000
0,0,2,220000000
0,0,1.2,160000000
0,0,1,210000000
2,2,3.4,4000000
2,2,3.4,3500000
2,2,3.4,3500000
2,2,2.4,3500000
2,2,4.4,5000000
2,2,3.3,5500000
2,2,4,7500000
3,3,6.7,11500000
2,2,3.1,3800000
2,2,4.8,6000000
2,2,4.8,6200000
2,2,4.8,6500000
2,2,3.4,4000000
0,0,2.9,3500000
0,0,5.3,16500000
0,0,3.6,4000000
0,0,4.3,4800000
0,0,5.3,7500000
0,0,5.3,10500000
0,0,4.4,6500000
0,0,6.4,10000000
0,3,5.3,7500000
0,0,5.3,16500000
3,2,4.4,6500000
2,2,4.2,4800000
3,3,10,10100000
3,3,9.8,110000
2,2,4,60000
3,3,6.4,65000
2,2,4.4,25000
2,2,4.8,25000
2,2,4.8,24000
3,3,5.6,28000
2,2,4,28000
5,4,1.2,120000
0,0,10,200000
0,0,2,1000000
0,0,1,350000
0,0,1,400000
2,2,4.4,25000
2,2,4.8,25000
2,2,4.8,24000
3,3,5.6,28000
2,2,4,28000
3,3,8,50000
5,5,16,140000
0,0,1,220000
0,0,1,222000
0,0,1,225000
0,0,1,228000
0,0,1,230000
0,0,1,232000
0,0,1,233000
0,0,1,235000
0,0,2,400000
0,0,2,405000
0,0,2,410000
0,0,2,415000
0,0,2,420000
0,0,2,425000
0,0,2,430000
0,0,2,435000
0,0,2,440000
0,0,2,445000
0,0,2,450000
0,0,2,455000
0,0,2,460000
0,0,2,465000
0,0,2,470000
0,0,2,475000
0,0,2,480000
0,0,2,485000
0,0,2,490000
0,0,2,495000
0,0,2,500000
0,0,2,505000
0,0,2,510000
0,0,2,515000
0,0,2,520000
0,0,2,525000
0,0,2,530000
0,0,2,535000
0,0,2,540000
0,0,2,545000
3,3,1,95000
0,4,4.4,50000
0,4,4.4,50000
0,5,7,75000
0,5,7,80000
0,6,10,85000
0,6,10,90000
0,6,12,100000
0,6,12,110000
0,7,1,120000
0,6,1,130000
0,4,4,55000
0,4,4,53000
0,5,7,78000
0,5,7,80000
0,6,10,78000
0,6,10,90000
0,6,12,90000
0,7,12,93000
0,6,1,110000
0,7,1,120000
0,2,4,25000
0,2,4,25000
0,3,7,40000
0,2,7,40000
0,3,10,45000
0,3,10,45000
0,3,12,47000
0,3,12,48000
0,3,1,60000
0,3,1,65000
6,6,1,210000
2,2,10,52000
6,5,1.1,250000
0,0,2,700000
0,0,2,710000
0,0,2,720000
0,0,2,730000
0,0,2,740000
0,0,2,750000
0,0,2,760000
0,0,2,770000
0,0,2,780000
0,0,2,790000
0,0,2,800000
0,0,2,810000
0,0,2,815000
0,0,2,820000
0,0,2,830000
0,0,2,840000
0,0,2,850000
0,0,2,860000
0,0,2,870000
0,0,2,880000
4,4,1,48000
5,4,16,130000
3,3,1,100000
2,2,1,70000
2,2,3.6,36000
9,7,1,230000
0,5,1,150000
0,5,1,150000
0,5,1,151000
0,5,1,151000
0,5,1,152000
0,5,1,152000
0,5,1,153000
0,5,1,153000
0,5,1,154000
0,5,1,154000
0,5,1,155000
0,5,1,155000
0,5,1,156000
0,5,1,156000
0,5,1,157000
0,5,1,157000
0,5,1,158000
0,5,1,158000
0,5,1,159000
0,5,1,159000
0,5,1,160000
0,5,1,160000
0,5,1,161000
0,5,1,161000
0,5,1,162000
0,5,1,163000
0,5,1,164000
0,5,1,163000
0,5,1,164000
0,5,1,165000
3,3,5,35000
2,2,5,20000
2,2,5,19000
3,3,5,33000
0,7,1.2,100000
0,4,1,100000
3,2,1,60000
3,3,12,35000
3,3,10,35000
4,4,5,30000
2,2,13,50000
3,2,10,35000
6,5,1,38500000
5,4,10,165000000
4,4,10,32000000
3,3,3,5500000
7,5,10,20000000
7,5,12,26000000
4,4,10,31000000
0,0,8,28000000
6,5,1,70000000
6,5,1,41000000
4,4,10,28500000
0,9,5,15500000
0,5,6,18500000
0,4,5,12500000
0,3,5,11500000
0,5,5,12500000
0,5,2,85000000
0,5,1,36500000
0,5,2,130000000
0,3,5,11000000
6,5,1,43500000
6,5,1,52500000
0,4,2.4,8000000
6,5,1,47000000
6,5,10,22000000
5,4,7,14000000
5,5,1,42000000
5,5,12,20000000
6,4,8,17500000
6,6,1,45000000
6,5,1,140000
6,3,5,11000000
6,5,1,55000000
6,5,1,47500000
6,5,1,45000000
6,5,1,44800000
6,5,17,42500000
4,3,5,16000000
5,4,5,12000000
5,4,5,12500000
6,5,1,36500000
6,5,1,36000000
6,5,1,50000000
4,4,10,16000000
5,4,10,19000000
6,5,17,42500000
0,0,1,61000000
0,5,1,39000000
5,3,10,13500000
6,5,1,41000000
6,5,10,18800000
6,5,10,16200000
6,5,10,21800000
4,3,6,8800000
4,3,5,10500000
4,3,8,11500000
6,5,10,18000000
6,5,10,21000000
4,3,5,12500000
5,5,13,32000000
7,6,1,47500000
4,3,5,21500000
6,5,1,50000000
6,5,1,36000000
4,4,1,33500000
0,5,1,55000000
0,4,10,41500000
6,5,1,41000000
5,5,1.1,72500000
3,3,5,14500000
6,5,1,48000000
2,2,3.4,2500000
4,3,5.3,55000
3,3,8,19000000
0,0,4,6000000
0,0,5.8,8000000
0,0,6,9000000
0,0,6,9000000
0,0,6,9000000
0,0,4.4,7000000
0,0,4.4,7000000
0,0,4.4,7000000
0,0,5.3,9000000
0,0,5.3,9000000
0,0,3.6,5000000
0,0,4.9,8000000
0,0,4.3,7000000
0,0,4.3,7500000
0,0,4,6000000
3,3,6.8,9500000
2,2,5.4,8500000
3,3,6,13400000
2,2,3.8,6500000
3,3,5.4,8000000
3,3,6.8,10000000
3,3,8,12500000
6,8,4.8,7200000
0,0,1.7,350000000
0,0,9.1,45000000
0,0,8.9,35000000
0,0,8.6,32500000
0,0,5.3,22000000
0,0,5.3,20000000
0,2,2.9,4500000
0,0,2.9,4500000
0,0,5.3,20000000
0,0,2.9,6000000
0,2,3.8,5500000
0,3,5.8,6500000
0,2,3.6,6000000
0,8,4.8,16000000
2,2,5.1,9600000
6,6,16,50000000
3,3,7,20500000
2,2,3.3,5500000
7,5,1,135000000
5,4,4.4,16500000
5,5,4.4,16000000
6,6,14.2,47500000
0,6,10.9,40000000
0,5,8,27500000
0,4,4.4,16500000
4,4,4.4,14500000
0,6,9.3,25000000
3,3,9.3,38500000
0,0,4.4,11000000
2,2,2.9,2800000
1,1,1.4,725000
5,5,2.4,2500000
2,2,2,2200000
2,2,5,3600000
0,0,5,15000000
0,0,6.7,17000000
0,0,4.4,15500000
0,0,5.6,19000000
0,0,5.6,13500000
0,0,6.7,15500000
0,0,6.7,14500000
0,0,8,24000000
0,0,5,20000000
0,0,5,21500000
0,0,5,15500000
0,0,5,14000000
0,0,6,15500000
0,0,4.4,11000000
0,0,5,15000000
3,3,1,115000
5,3,14.2,68000
5,3,14.2,70000
5,3,14.2,65000
9,7,1,230000
3,3,7,24000
2,2,6,125000
2,2,10,45000
2,2,4.4,30000
2,2,5.6,37000
0,5,1,165000
0,5,1,166000
0,5,1,167000
0,5,1,166000
0,5,1,167000
0,5,1,168000
0,5,1,169000
0,5,1,168000
0,5,1,169000
0,5,1,170000
0,5,1,171000
0,5,1,170000
0,5,1,171000
0,5,1,172000
0,5,1,173000
0,5,1,172000
0,5,1,173000
0,5,1,174000
0,5,1,175000
0,5,1,174000
0,5,1,175000
0,5,1,175000
0,5,1,176000
0,5,1,176000
0,5,1,177000
0,5,1,177000
0,5,1,178000
0,5,1,178000
0,5,1,179000
0,5,1,179000
4,4,6,70000
4,4,3,27000
2,2,5,2800000
0,0,0.1,25000000
2,2,5,2300000
10,8,1,37500000
4,3,8,7500000
0,0,10.9,29000000
0,0,4.4,13500000
0,0,4.4,19000000
0,0,10.9,33000000
0,0,10.9,33000000
0,1,4.2,750000
0,0,2.9,5500000
0,3,7.1,15500000
0,4,8.9,15500000
0,0,8,26000000
4,3,8,6200000
4,3,8,4500000
2,2,6,35000000
1,1,1.5,14000000
4,3,8,6650000
0,6,10,18500000
0,3,10,13000000
0,2,5,7500000
0,0,2.7,3000000
0,2,8,10000000
0,0,1.3,400000
0,0,1.3,405000
0,0,1.3,410000
0,0,1.3,415000
0,0,1.3,420000
4,4,7,15000000
4,4,6,15500000
3,3,5,9000000
3,3,2.5,5200000
3,3,5,11500000
5,5,10,30000000
0,0,5,5500000
0,0,5,10000000
0,0,12,11000000
0,0,5,15000000
6,4,5,8600000
1,1,1.6,2000000
6,5,7,15000000
0,0,7,14500000
0,0,3,3000000
4,3,5,10000000
3,2,5,5400000
2,4,3,5000000
1,2,5,4300000
0,0,5.5,8400000
2,2,5,20000
2,2,5,18000
4,4,5,35000
1,1,650,13000
1,2,2,8000
3,3,7,25000
1,1,30,32000
6,5,10,24500000
3,3,5,14500000
3,3,5,16000000
3,3,5,14500000
5,5,2,160000000
3,3,5,14500000
3,3,5,8500000
3,3,5,14500000
3,2,8.2,12500000
6,6,3,185000000
3,3,5,14500000
3,3,5,14500000
6,5,1,37500000
6,5,11,26000000
3,3,5,14500000
3,3,5,14500000
6,4,9,22500000
3,3,5,14500000
3,5,5,12000000
6,3,5,11200000
5,5,1,45000000
5,4,10,27000000
3,3,5,14500000
2,2,3,4500000
5,5,10,26500000
3,3,5,15000000
6,5,10,20500000
7,6,5,14800000
0,0,5.2,8000000
0,0,4,7500000
0,4,4.8,6500000
0,4,4,4000000
0,2,3.8,4000000
0,2,5,4500000
0,4,5.5,4800000
0,4,10,12000000
0,3,10,11000000
0,3,5,9000000
5,5,7,15500000
4,4,12,14000000
2,2,3.3,6500000
0,0,5.3,9000000
0,0,5.3,9000000
0,0,4.8,8500000
0,0,5.8,9000000
0,0,4,6000000
0,0,4,7500000
0,0,5.3,7500000
0,0,4.4,6500000
0,0,7.1,18500000
0,0,5.3,9000000
0,0,8.9,42500000
0,0,5.3,9500000
0,0,5.3,9500000
0,0,1.9,1800000
0,0,1.9,2000000
0,0,1.9,2000000
0,0,1.9,1900000
0,0,1.9,1800000
0,0,1.9,1700000
0,0,1.9,1200000
0,0,3.2,4500000
0,0,4.8,5500000
0,0,4.8,5200000
0,0,1.8,2500000
0,0,1.8,2400000
0,0,1.8,2200000
0,0,3.2,5000000
0,0,3.2,4500000
0,0,3.2,4000000
4,4,6,15000000
3,3,8,10000000
0,2,4.8,5000000
0,2,4.8,4800000
0,2,4.8,3000000
0,2,2.4,2750000
0,0,2.4,2600000
0,0,2.4,2400000
0,0,4.8,5500000
0,0,4.8,4800000
0,0,2.4,2750000
0,0,1.6,2250000
7,6,1,140000000
1,1,1.3,15000
2,2,4,25000
2,2,10,70000
5,5,12,250000
0,0,8,45000
0,0,8,28000
2,2,4.8,60000
5,5,10.6,125000
2,2,4.7,75000
3,3,6,45000
3,3,7.1,50000
3,3,7.1,17000000
2,2,4,5000000
3,3,6,10500000
3,2,4.2,9500000
3,3,4.9,6800000
3,3,7.1,14000000
3,3,6,7650000
5,5,1,118500000
0,0,4.8,34000000
0,2,2.6,6500000
0,2,2.6,4500000
0,2,2.6,4800000
0,2,2.6,3200000
0,2,2.6,3800000
0,2,2.6,6500000
0,2,2.6,4500000
0,0,2.6,4800000
0,0,2.6,3200000
0,0,2.6,3800000
5,4,12,67500000
2,2,2.7,2500000
2,2,4,5000000
2,2,2.7,2200000
2,2,2.7,2500000
2,2,4.4,6500000
3,3,9.4,8800000
2,2,4.2,9500000
5,5,16,34500000
2,2,4,9000000
6,5,1,122500000
0,0,5.3,7000000
0,0,4.3,6000000
0,0,8.6,32500000
0,0,1.6,3500000
0,0,4.3,7500000
0,0,4.8,8000000
0,0,4,6500000
0,0,4.8,15000000
0,0,4,6500000
0,0,2.7,4200000
0,2,3.6,5000000
0,3,5.3,7500000
0,2,4.9,6000000
3,3,9.4,9100000
2,2,3.3,7000000
0,2,4,5500000
0,2,5.3,5000000
0,2,5.3,4800000
0,3,4.3,7000000
0,3,5.3,8000000
0,3,5.3,9000000
0,3,5.3,9500000
0,2,2.7,4000000
0,2,2.9,3800000
0,0,1.2,52500000
0,3,16,60000000
0,0,8.6,35000000
0,3,4.4,6300000
0,3,4.4,7000000
0,2,4.4,15000000
0,3,4.4,6000000
0,0,2.4,13000000
0,0,2.4,13000000
0,0,2.4,9000000
0,0,2.4,9000000
0,0,2.4,9000000
0,0,2.4,9000000
0,0,1.8,2100000
0,0,1.8,2100000
0,0,2.2,1900000
0,3,3.2,4000000
0,2,4.8,4500000
3,3,10.6,50000
2,2,4,32000
2,2,5,30000
2,2,6,28000
2,2,2.7,13000
2,3,4.4,21000
2,2,4,20000
2,2,2.7,9000
2,2,4,18000
2,2,2.7,12000
2,2,2.7,12000
2,2,6,40000
2,2,4.8,22000
4,4,1,125000
2,2,4.8,35000
2,2,4.2,40000
3,3,8,40000
0,0,1.3,425000
0,0,1.3,430000
0,0,1.3,435000
0,0,1.3,440000
0,0,1.3,445000
0,0,1.3,450000
0,0,1.3,455000
0,0,1.3,460000
0,0,1.3,465000
0,0,1.3,470000
0,0,1.3,475000
0,0,1.3,480000
0,0,1.3,485000
0,0,1.3,490000
0,0,1.3,495000
0,0,2,500000
0,0,2,510000
0,0,2,515000
0,0,2,520000
0,0,2,525000
0,0,2,530000
0,0,2,540000
0,0,2,545000
0,0,2,535000
0,0,2,550000
0,0,1.3,400000
0,0,1.3,405000
0,0,1.3,410000
0,0,1.3,415000
0,0,1.3,420000
0,0,1.3,425000
0,0,1.3,430000
0,0,1.3,435000
0,0,1.3,440000
0,0,1.3,445000
0,0,1.3,450000
0,0,1.3,455000
0,0,1.3,460000
0,0,1.3,465000
0,0,1.3,470000
0,0,1.3,475000
0,0,1.3,480000
0,0,1.3,485000
0,0,1.3,490000
0,0,1.3,495000
0,0,2,500000
0,0,2,510000
0,0,2,515000
0,0,2,520000
0,0,2,525000
0,0,2,530000
0,0,2,540000
0,0,2,545000
0,0,2,535000
0,0,2,550000
7,6,10,110000
1,2,4,16000
0,0,1.3,400000
0,0,1.3,405000
0,0,1.3,410000
0,0,1.3,415000
0,0,1.3,420000
0,0,1.3,425000
0,0,1.3,430000
0,0,1.3,435000
0,0,1.3,440000
0,0,1.3,445000
0,0,1.3,450000
0,0,1.3,455000
0,0,1.3,460000
0,0,1.3,465000
0,0,1.3,470000
0,0,1.3,475000
0,0,1.3,480000
0,0,1.3,485000
0,0,1.3,490000
0,0,1.3,495000
0,0,2,500000
0,0,2,510000
0,0,2,515000
0,0,2,520000
0,0,2,525000
0,0,2,530000
0,0,2,540000
0,0,2,545000
0,0,2,535000
0,0,2,550000
0,0,1.3,400000
0,0,1.3,405000
0,0,1.3,410000
0,0,1.3,415000
0,0,1.3,420000
0,0,1.3,425000
0,0,1.3,430000
0,0,1.3,435000
0,0,1.3,440000
0,0,1.3,445000
0,0,1.3,450000
0,0,1.3,455000
0,0,1.3,460000
0,0,1.3,465000
0,0,1.3,470000
0,0,1.3,475000
0,0,1.3,480000
0,0,1.3,485000
0,0,1.3,490000
0,0,1.3,495000
0,0,2,500000
0,0,2,510000
0,0,2,515000
0,0,2,520000
0,0,2,525000
0,0,2,530000
0,0,2,540000
0,0,2,545000
0,0,2,535000
0,0,2,550000
5,5,6,66000
3,3,12,65000
0,4,4,50000
0,4,4,50000
0,5,7,75000
0,5,7,80000
0,6,10,85000
0,6,10,90000
0,6,12,100000
0,6,12,110000
0,7,1,120000
0,6,1,130000
0,4,4,55000
0,4,4,53000
0,5,7,78000
0,5,7,80000
0,6,10,78000
0,6,10,90000
0,6,12,90000
0,7,12,93000
0,6,1,110000
0,7,1,120000
0,2,4,25000
0,3,7,40000
0,2,7,40000
0,3,10,45000
0,3,10,45000
0,3,12,47000
0,3,12,48000
0,3,1,60000
0,3,1,65000
6,5,1,300000
3,3,10,50000
2,1,6,31000
3,3,10,60000
7,6,2,220000
1,2,6,25000
6,6,12,140000
0,2,4,24000
0,2,4,25000
0,3,7,38000
0,2,7,39000
0,3,10,43000
0,3,10,44000
0,3,12,52000
0,3,12,51000
3,3,10,65000
2,2,7,50000
7,6,2.4,500000
3,3,1,65000
3,3,10,60000
0,5,1,180000
0,5,1,180000
0,5,1,181000
0,5,1,181000
0,5,1,182000
0,5,1,182000
0,5,1,183000
0,5,1,183000
0,4,7,55000
0,2,3,13000
0,2,7,17000
0,2,8,18000
0,3,10,30000
0,2,7.5,15000
0,2,5,15000
0,2,4,15000
0,5,6,40000
0,2,7,22000
5,4,10,65000
5,5,7,130000
3,3,5,13500000
3,3,5,15500000
0,3,5,9500000
6,5,1,44000000
0,2,2.3,3400000
3,3,5,15500000
0,2,2.3,3400000
4,3,5,9500000
3,4,3,7100000
3,3,5,15500000
2,2,3,2000000
6,4,5,10500000
5,4,7,22500000
6,5,1,57500000
4,3,5,13500000
4,4,5,9000000
4,3,6,12000000
6,5,1,50000000
3,3,5,15000000
6,4,5,10000000
4,3,3,5800000
4,3,5,11800000
6,5,8,14500000
1,1,2.9,2000000
2,2,4.2,2800000
5,3,5,10500000
5,4,5,16500000
7,5,10,17000000
5,3,5,12200000
7,5,1,39000000
6,4,10,14000000
5,4,7,15500000
3,3,3,6500000
1,1,2.9,2000000
2,2,4.2,2800000
2,2,4,6200000
3,3,3,6500000
1,1,2.9,2000000
2,2,4.2,2800000
3,3,3,6500000
6,5,5,16500000
1,1,2.9,2000000
2,2,4.2,2800000
3,3,3,6500000
1,1,2.9,2000000
2,2,4.2,2800000
3,3,3,6500000
1,1,2.9,2000000
2,2,4.2,2800000
5,4,1,30000000
6,5,1,47500000
5,4,10,32500000
3,3,7.1,18000000
4,4,16,87500000
5,4,1,95000000
4,3,1,67500000
3,3,8,19500000
2,2,4.4,14000000
3,3,3.2,16500000
3,3,8.9,15500000
3,3,7.1,16500000
0,0,5.2,6500000
0,0,5.3,7500000
0,0,5.3,7200000
0,0,5.3,6500000
0,0,4.3,7500000
0,0,4,5500000
2,2,3.6,8000000
2,2,2.7,5000000
10,11,4,420000000
3,3,6.2,14500000
5,5,8,103000000
4,4,4.8,20000000
2,2,3.8,7000000
3,3,6.2,16000000
7,6,2,320000000
5,4,1.2,160000000
7,5,1,118500000
0,0,4.8,5000000
0,0,2.4,4000000
0,2,2.9,4200000
0,0,4.8,14000000
0,0,9.6,27500000
0,0,4.8,14500000
0,0,4.8,5500000
0,0,2.4,4000000
0,0,2.4,4000000
0,0,4.8,14000000
2,2,4.2,4300000
3,3,8.9,15500000
0,0,4.7,8700000
3,3,8,5700000
3,3,9.4,11600000
3,3,7.1,22500000
0,0,2.9,3500000
0,0,5.3,16500000
4,3,8,6650000
4,3,8,6650000
4,3,8,6650000
0,9,10.4,35000000
0,15,1.3,90000000
0,7,10.9,30000000
0,6,4.4,15000000
0,9,10.4,34500000
0,10,8,13500000
0,0,4.4,16000000
2,2,5,3500000
2,2,5,3500000
0,0,2.7,5718000
0,1,4,7704000
0,2,5.5,11500000
0,1,4,8355000
0,1,3.9,8116000
0,2,5,10500000
0,2,5.1,9666000
0,5,1,184000
0,5,1,184000
0,5,1,185000
0,5,1,185000
0,5,1,186000
0,5,1,186000
0,5,1,188000
0,5,1,187000
0,5,1,188000
0,5,1,189000
0,5,1,190000
0,6,1,189000
0,6,1,190000
0,6,1,191000
0,6,1,192000
0,6,1,191000
0,6,1,192000
0,6,1,193000
0,6,1,194000
0,6,1,193000
0,6,1,194000
0,6,1,195000
2,2,7,46000
3,3,12,60000
1,2,4.4,22000
3,3,12,55000
2,2,7,49500
3,3,1,55000
2,2,8,30000
1,2,6,16000
3,3,12,65000
3,3,17.8,140000
0,4,4,50000
0,4,4,50000
0,5,7,75000
0,5,7,80000
0,6,10,85000
0,6,10,90000
0,6,12,100000
0,6,12,110000
0,7,1,120000
0,6,1,130000
0,4,4,55000
0,4,4,53000
0,5,7,78000
0,5,7,80000
0,6,10,78000
0,6,10,90000
0,6,12,90000
0,7,12,93000
0,6,1,110000
0,7,1,120000
3,3,12,55000
2,2,6,32500
3,3,12,65000
3,3,12,75000
3,3,1.4,250000
3,3,12,58000
3,3,1,70000
3,3,12,65000
2,2,8,30000
3,3,12,65000
0,3,10.9,45000
0,3,4.4,18000
0,0,8,80000
0,0,10.9,90000
0,0,14.2,110000
5,5,12,130000
0,0,4.4,18000
0,0,4.4,18000
0,0,4.4,45000
0,0,5.6,28000
0,0,5.6,28000
0,0,8,30000
0,0,8,30000
4,4,1,300000
3,3,14.2,68000
3,3,14.2,65000
6,6,12,150000
0,0,10.9,40000
0,0,10.9,40000
0,0,9.3,38000
0,0,9.3,35000
0,0,14.2,45000
0,0,17.8,95000
0,0,1,60000
0,0,1.3,65000
0,0,1.3,70000
0,0,1,65000
3,3,12,60000
3,3,12,63000
9,8,3,1500000
2,2,8,30000
3,3,12,65000
3,3,12,55000
2,2,5,3500000
2,2,5,3000000
2,2,5,2350000
2,2,5,3550000
2,2,5,3000000
2,2,5,2350000
0,0,4,8000000
0,5,10,22500000
0,0,5,9000000
0,0,5,12000000
0,0,5,10500000
0,0,5,11500000
0,0,4.5,8500000
0,0,5,8500000
0,0,9,16500000
0,0,10,15000000
0,0,2.8,6000000
0,0,5,6000000
0,0,5,9000000
5,4,5,12500000
0,7,1.2,100000
0,4,1,100000
0,0,1.7,200000
0,0,11,30000
0,0,1,45000
0,0,1,45000
0,0,10,26000
0,0,5,18000
0,0,5,15000
0,0,4.4,16000
0,0,4.9,18000
0,0,3,30000
0,0,7,50000
3,3,7,40000
3,3,8,37000
2,2,10,35000
5,4,5,7200000
6,5,10,16800000
6,5,10,22500000
5,4,8,15800000
4,3,5,10200000
4,3,6,9500000
5,4,10,20000000
4,3,6,9000000
6,5,10,22000000
7,5,1,32500000
6,5,10,15500000
5,5,10,25000000
6,3,5,11500000
2,3,2,4700000
3,3,3,4200000
5,5,1,41500000
5,4,10,12500000
6,6,5,3500000
4,3,5,11500000
4,3,7,21000000
6,5,1,43000000
6,6,4,165000000
4,4,10,18500000
4,3,5,12500000
7,6,7,12500000
6,5,10,17000000
4,3,5,13500000
6,5,1,46000000
4,4,10,25500000
4,4,5,15500000
4,4,1,61000000
6,3,5,9800000
5,5,1,50000000
4,3,5,7500000
0,0,3.6,4000000
0,0,4.3,4800000
0,0,5.3,7500000
0,0,5.3,10500000
0,0,4.4,6500000
0,0,6.4,10000000
0,0,5.3,7500000
0,0,5.3,16500000
3,3,7.1,14500000
3,3,4.9,45000
1,2,4.8,14000
0,0,4.3,30000
0,0,4,22000
0,0,3.1,14000
3,3,7.6,40000
2,2,4.2,35000
0,0,3.8,20000
2,2,4.9,35000
2,2,5.3,50000
3,3,9.6,40000
4,3,9.3,85000
2,2,4.8,15500000
2,4,4.8,16500000
2,2,4.8,6500000
2,2,4.8,7000000
2,4,4.8,13500000
2,4,4.8,30000000
2,4,4.8,14800000
2,4,4.8,15500000
4,8,4.8,22500000
2,4,4.8,15000000
2,4,4.8,15500000
2,4,4.8,13000000
2,3,4.8,11800000
2,4,4.8,12800000
2,4,4.8,16200000
2,4,4.8,23000000
2,4,4.8,21500000
2,4,4.8,22000000
2,4,4.8,17000000
2,4,4.8,23600000
2,4,4.8,23000000
2,3,7,9500000
2,3,7,9500000
2,4,4.8,14800000
2,4,4.8,14500000
2,4,4.8,15500000
2,4,4.8,16200000
2,3,5.8,9000000
3,3,5.8,21000000
0,3,8,13000000
0,3,9.8,22000000
0,3,10.2,42000000
0,2,4.4,12500000
0,3,8,18000000
3,3,6.2,16000000
5,4,12,60000000
2,2,4.2,7000000
2,2,4.2,6000000
6,5,1,105000000
6,5,1,107500000
6,6,2,220000000
4,3,8,19000000
0,0,2,2500000
7,6,1.1,140000000
3,3,4.8,49500000
3,3,9.4,8950000
2,2,6,20000000
3,3,7.3,26000000
5,5,1,95000000
3,3,5.3,13000000
2,3,4.7,9000000
3,3,11.6,38000000
0,0,4.2,6500000
0,0,4.8,5200000
0,3,8,19000000
0,3,6.1,14500000
0,3,8,14200000
2,2,4.4,14500000
2,2,6,21000000
4,3,4,35000000
6,6,1,110000000
6,6,1,135000000
0,0,4.8,3000000
0,2,3.6,4200000
0,2,3.6,3300000
0,0,4.8,21000000
0,3,4.7,8300000
0,2,2.9,3200000
0,2,2.8,2800000
0,3,5.3,8000000
5,4,13.6,25000000
0,7,1,60000000
0,4,14.2,14000000
0,0,4.4,17000000
0,4,4.4,13500000
0,6,8,27500000
0,0,14.2,26000000
0,12,1.2,60000000
4,3,8,4350000
4,3,8,4350000
4,3,8,4350000
4,3,8,4350000
4,3,8,4350000
4,3,8,5800000
0,4,9.3,23000000
0,4,9.3,18000000
0,4,5.6,14000000
0,4,5.6,12000000
0,4,5.6,11500000
0,4,5.6,14000000
0,4,5.6,12000000
4,3,8,5800000
3,3,12,60000
8,7,2.3,1800000
0,6,1,195000
0,6,1,196000
0,6,1,197000
0,6,1,196000
0,6,1,197000
0,6,1,198000
0,6,1,199000
0,6,1,198000
0,6,1,199000
0,6,1,200000
0,6,1,200000
0,6,1,201000
0,6,1,202000
0,6,1,203000
0,6,1,204000
0,6,1,205000
0,6,1,206000
0,6,1,207000
0,6,1,208000
0,6,1,209000
0,6,1,210000
0,6,1,211000
0,6,1,212000
0,6,1,213000
0,6,1,214000
0,6,1,215000
0,6,1,216000
0,6,1,217000
0,6,1,218000
0,6,1,219000
3,3,14.2,70000
3,3,12,58000
3,3,10,70000
3,3,10,65000
3,3,12,65000
3,3,10,66000
3,3,10,67000
4,4,9.3,55000
2,2,8,60000
0,2,5,80000
3,3,10,58000
3,3,12,60000
3,3,14.2,68000
3,3,14.2,68000
3,3,14.2,68000
3,3,14.2,70000
3,3,14.2,68000
2,2,4.4,22000
0,3,4.4,50000
0,2,4.4,25000
0,2,4.4,25000
4,3,10.9,55000
3,3,10.9,50000
5,4,8,70000
0,0,8,35000
0,0,8,35000
3,3,10,55000
3,3,10,59000
4,4,8,55000
0,0,10,60000
0,0,10,60000
0,0,10,60000
0,0,10,55000
2,4,5.6,36000
0,0,10,50000
3,3,14.2,75000
0,0,10,60000
0,0,8,24000
0,4,4.4,50000
0,2,4.4,27000
0,6,8,80000
0,3,8,37000
0,3,8,35000
0,3,14.2,55000
0,3,14.2,55000
0,3,10.9,45000
0,2,4.4,27000
0,2,10.9,30000
3,3,1.1,120000
0,0,10,60000
0,6,1,220000
0,6,1,221000
0,6,1,222000
0,6,1,223000
0,6,1,224000
0,6,1,225000
0,6,1,226000
0,6,1,227000
0,6,1,228000
0,6,1,229000
0,6,1,230000
0,6,1,231000
0,6,1,232000
0,6,1,233000
0,6,1,234000
0,6,1,235000
0,6,1,236000
0,6,1,237000
0,6,1,238000
0,6,1,239000
0,6,1,240000
0,6,1,241000
0,6,1,242000
0,6,1,243000
0,6,1,244000
0,6,1,245000
0,6,1,246000
0,6,1,247000
0,6,1,249000
0,6,1,250000
0,0,3,8000000
0,0,3,11000000
2,2,6,11000000
0,0,12,25500000
0,0,12,20000000
0,0,3.5,8500000
0,0,3,10000000
0,0,8,22500000
0,0,4,20000000
1,1,1.6,3000000
0,0,10,12500000
0,0,7,8000000
0,0,6,12000000
0,0,2,2500000
0,0,3,3500000
0,4,1.5,2700000
2,2,5,2500000
0,0,5,5000000
0,0,4,4500000
0,0,5,7000000
0,0,5,9000000
0,0,10,19000000
0,0,5,25000
4,3,5,35000
0,0,12,38000
0,0,12,40000
0,0,12,38000
0,0,12,40000
0,0,12,40000
0,0,5,60000
0,0,5,18000
0,0,4,20000
0,0,8,30000
0,0,10,35000
0,0,10,35000
5,4,10,26000
4,3,10,25000
1,2,5,2200000
5,3,5,12600000
3,3,1,22500000
5,4,10,16000000
3,4,8,12000000
0,0,10,13000000
0,0,10,16500000
7,5,11,23000000
5,3,5,12200000
6,5,1,49000000
0,8,2,95000000
7,5,11,25500000
4,3,5,14900000
5,4,5,13000000
3,3,5,8200000
5,4,5,12500000
4,3,5,8500000
4,5,10,15000000
2,2,3,2500000
1,1,2.9,3350000
2,2,4.2,4750000
7,5,10,22000000
7,5,1,58000000
3,3,3,6700000
1,1,2.9,3350000
2,2,4.2,4750000
3,3,3,6700000
1,1,2.9,3350000
2,2,4.2,4750000
3,3,3,6700000
1,1,2.9,3350000
7,5,1,62500000
6,5,1,32500000
2,2,4.2,4750000
3,3,3,6700000
1,1,2.9,3350000
2,2,4.2,4750000
3,3,3,6700000
7,5,1,65000000
7,5,1,50000000
3,3,10.6,37500000
7,5,1,59500000
7,6,1,67000000
7,5,1,55000000
7,5,1,51500000
6,5,1,36000000
6,5,1,47500000
6,5,1,56000000
7,5,1,58500000
5,4,9,24000000
2,3,3,4500000
5,3,10,30000000
5,3,10,14500000
6,4,12,14000000
2,2,3,2500000
7,6,1,74000000
7,5,10,25000000
6,5,1,35000000
4,4,13.3,90000
3,2,9.6,35000
10,11,1,500000
3,3,1,150000
2,2,2,25000
5,5,2,750000
2,2,4.8,20000
4,3,8,6700000
0,0,5,45000000
3,3,8,4450000
0,0,10,50000
5,5,1,45000
6,4,1,150000
10,11,2.2,1000000
3,3,10,70000
3,3,10,60000
0,0,12,55000
0,4,4.4,50000
0,2,4.4,25000
0,3,10.9,45000
0,6,8,85000
0,2,4.4,23000
0,4,4.4,53000
0,2,4.4,24000
0,4,4.4,70000
0,3,1,68000
0,2,4.4,24000
0,2,8,35000
0,10,10.9,140000
0,0,12,55000
2,2,10,28000
3,3,10,68000
0,0,1,100000
10,9,4.4,2200000
5,5,12,130000
0,0,12,50000
0,0,12,55000
3,3,12,65000
2,2,6,22000
0,0,1,90000
0,0,12,50000
2,2,4,18000
3,3,1,70000
10,11,4.8,1200000
0,0,12,55000
0,0,12,67000
3,3,12,55000
0,0,12,65000
3,3,12,65000
3,3,12,55000
0,0,12,65000
3,3,1,65000
4,4,4,450000
0,2,6,25000
0,3,10,32000
0,3,10,28000
0,4,1,50000
0,2,8,25000
0,2,8,23000
0,4,1,56000
0,2,7,25000
0,2,5,20000
0,3,12,28000
7,6,1.6,420000
5,4,1,160000
2,3,7,37000
6,5,2,400000
6,6,1,175000
6,5,1,350000
8,7,1,650000
6,5,2,300000
2,2,7,25000
3,3,1.6,220000
6,5,1,350000
7,6,2,450000
3,3,5,12500000
0,0,8.5,22500000
5,5,7,14500000
4,5,7,15000000
2,2,5,9500000
0,0,8,22000
0,0,10,28000
0,0,7,25000
0,0,10,25000
0,0,6,20000
6,4,5,42000
0,0,10,25000
0,0,10,28000
0,0,6,17000
0,0,10,25000
1,1,10,20000
5,4,10,65000
3,3,5,11000000
3,3,5,10000000
3,3,5,10700000
3,3,5,10000000
3,3,5,9800000
3,3,5,11500000
5,5,10,21000000
5,5,10,18000000
5,5,10,21000000
5,5,10,21000000
5,5,10,17000000
4,4,8,17000000
4,4,8,15500000
4,4,8,16000000
3,3,8,11500000
1,1,2.1,3500000
5,5,1,35000000
6,5,1,45000000
2,2,2.6,3500000
7,5,1,45000000
6,5,2,110000000
7,5,1,59000000
0,0,2.9,3350000
6,5,1,44000000
3,3,5,15000000
7,6,1,45000000
6,4,10,23500000
6,5,1,62000000
6,7,1.1,45000000
6,5,7,13000000
6,5,1,59500000
7,5,1,47000000
5,4,10,29000000
5,3,10,16500000
6,5,1,57500000
4,4,10,30500000
6,5,1,59900000
4,4,1,30500000
6,6,2,280000000
4,3,4,35000000
3,3,4.8,18500000
0,6,12,75000000
0,6,1,105000000
0,0,1,115000000
0,0,2,240000000
0,0,2,190000000
0,0,1.3,140000000
0,0,1,97500000
0,0,1,85000000
0,0,12,75500000
0,0,12,74000000
0,0,1,115000000
0,0,12,75400000
0,0,12,73200000
0,0,1,97500000
0,0,1.3,141000000
0,0,1,105000000
0,0,1,105400000
0,0,1,116000000
6,6,12,75000000
3,3,8,31500000
6,6,1,105000000
3,3,4.8,19000000
0,3,8,11000000
0,3,8,12500000
0,2,5.1,6000000
0,2,4.2,6000000
0,0,3.2,16000000
3,3,7.8,21000000
2,2,3.3,4200000
2,2,4.8,6200000
2,2,4.8,6500000
2,2,4.8,6000000
2,2,4.8,6200000
2,2,4.8,5500000
2,2,4.8,3400000
2,4,4.8,11000000
2,6,4.8,13500000
2,6,4.8,16500000
3,3,6,18000000
0,2,4.7,5000000
0,2,4.7,5000000
0,3,4.7,7500000
0,2,2,2400000
0,2,2.7,4000000
0,2,2.7,4000000
3,3,8,19000000
0,1,4.8,5500000
2,2,4.2,4300000
2,2,3.8,4700000
0,2,4.7,5000000
0,2,4.8,5000000
0,3,4.7,7500000
0,2,3.3,4500000
0,2,3.3,4000000
0,1,1.6,2400000
0,2,3.3,3600000
0,2,4.7,8000000
2,2,5,6500000
2,2,2.4,3800000
3,3,6.4,35000
2,2,4.7,12500000
2,3,5.6,7700000
3,3,8.8,9500000
6,6,1,80000000
5,5,2,625000
3,3,9.6,35000
2,2,4.4,45000
0,0,4.8,75000
2,2,4.8,25000
2,2,4.8,25000
2,2,4.8,23000
2,2,4.8,23000
2,2,4.8,25000
2,2,2.9,16000
2,2,4.8,24000
3,3,9.6,32000
2,2,2,25000
4,3,8.9,100000
2,4,9.6,30000
3,5,8.8,27000
2,2,5,24000
4,3,12,140000
3,3,8,50000
2,2,1.6,4400000
4,3,8,6200000
2,2,5,3200000
4,3,8,7000000
2,2,5,2950000
6,5,12,27500000
2,2,5,2300000
4,4,8,30000000
4,4,9,33000000
6,5,1,55000000
4,4,5,14500000
4,4,4.4,15000000
5,5,4.4,17500000
3,3,1.5,300000
4,4,1,200000
2,2,4,35000
3,2,8,55000
2,3,4,15000
4,4,1.1,80000
3,2,8,28000
3,2,12.4,40000
7,6,14.2,135000
3,3,14.2,55000
5,4,1.2,100000
4,3,12,38000
2,2,4,23000
3,3,6,50000
2,2,7,50000
3,2,8,40000
5,3,4,52000
5,4,10,25000000
5,4,10,25500000
5,4,10,25500000
6,4,11,25600000
6,4,11,25500000
5,4,11,23000000
10,8,2,95000000
6,5,1,70000000
6,5,1,36000000
6,5,1,69000000
4,3,5,19500000
6,5,1,72000000
6,5,10,18600000
6,5,10,19000000
7,5,1,40000000
6,5,10,18500000
7,5,10,19000000
6,5,2,180000000
4,3,5,10800000
4,3,5,11500000
4,3,5,13500000
6,5,10,19000000
6,5,11,24500000
4,3,5,13000000
7,5,1,44000000
6,5,11,24000000
7,5,10,26000000
6,5,10,18000000
5,4,10,36500000
7,5,10,24500000
7,5,10,19500000
7,5,5,13000000
6,5,1,47500000
6,5,1,52500000
6,5,1,38000000
6,5,1,51000000
6,5,10,16000000
6,6,1,44000000
6,5,1,46500000
5,4,10,22000000
5,4,10,22000000
8,6,12,27000000
6,4,8,17500000
8,6,12,26000000
3,2,6,6800000
3,3,5,7500000
5,5,8,15000000
6,4,6,13000000
2,2,5,6100000
5,4,5,9200000
4,4,5,33000
4,4,1,60000
4,4,10,65000
3,3,10,25000
3,3,10,35000
6,5,10,65000
3,3,10,65000
3,3,10,23000
3,2,10,45000
7,5,10,24000000
4,3,5,19000000
4,3,5,19000000
7,5,1,50000000
7,5,10,23000000
7,5,1.1,37000000
0,0,5,6800000
0,0,8,14000000
4,3,5,13500000
4,3,5,13500000
5,4,10,41000000
2,2,3,3350000
6,5,10,19900000
7,5,1,49000000
7,5,1,44500000
7,5,1,48500000
0,9,1.1,37000000
8,7,12,25000000
6,5,1,59500000
6,5,2,110000000
7,5,1,45000000
4,3,5,18000000
7,5,1,45000000
6,5,1,47500000
4,3,8,12500000
6,5,11,22000000
5,5,12,21500000
3,3,5,10000000
6,5,10,22000000
6,5,10,22000000
3,3,5,10800000
5,5,8,17000000
6,5,10,20000000
5,5,10,17500000
6,5,11,23500000
5,5,10,16000000
5,5,10,16500000
6,5,11,23500000
6,5,11,22000000
6,5,10,21000000
6,6,1,38000000
6,5,8,14200000
4,3,3,7000000
6,5,12,24000000
4,3,5,13500000
6,5,10,22500000
3,3,5,9500000
5,4,7,15000000
6,5,10,20000000
6,5,10,22000000
5,5,1,49500000
5,5,8,17000000
5,4,8,14000000
6,5,10,22500000
4,4,8,16000000
3,3,2,5000000
5,4,10,27000000
6,5,1,30000000
5,4,10,38000000
5,4,13,34000000
6,5,1,47500000
4,6,10,18000000
5,4,10,30500000
5,3,5,850000
6,5,1,40000000
1,1,2.7,5000000
5,5,1,65000000
2,4,8,25000000
2,2,5.8,26000000
2,2,3.6,6750000
0,0,9.6,24500000
3,3,7.3,15000000
3,3,8.9,33500000
3,3,5,12000000
0,3,9.6,40000000
3,3,6,15000000
2,2,4.2,6500000
2,2,4.2,7000000
3,3,10,11500000
3,3,10,12500000
4,4,13.1,14500000
4,4,13.1,15000000
3,3,8,20000000
2,2,2.6,4800000
5,4,4.8,15000000
3,3,9.6,32500000
0,0,5.8,35000
4,4,2,125000
3,3,16,45000
2,3,5.6,25000
2,2,3.6,19000
3,3,1.2,75000
3,3,5.3,55000
5,5,1,107500000
6,5,10,29500000
3,3,8.7,9500000
5,7,6,12800000
2,2,2.9,3200000
1,1,1.1,2000000
2,2,4,5500000
8,6,1,45000000
4,5,0,16500000
3,2,6,25000
4,3,14,32000
2,2,6,32000
4,3,1,85000
2,4,8,35000
3,3,1,55000
2,2,9.3,25000
4,3,5,10400000
6,5,1,42500000
5,4,10,21000000
7,6,1,105000000
4,4,10,26000000
6,5,1,48000000
5,4,10,21000000
6,5,1,57500000
5,5,7,15500000
2,2,3,3000000
1,1,3,2200000
1,1,3,3000000
2,3,2,3700000
7,6,1,46000000
4,4,11,25000000
3,3,6,14500000
3,3,6,14500000
3,3,1,32500000
10,8,2,70000000
5,4,10,39000000
4,3,5,19000000
3,2,5,10000000
5,4,10,22000000
5,4,10,19000000
5,4,10,18000000
7,5,1,44000000
7,5,10,22500000
7,5,1,49000000
7,5,1,45000000
7,5,1,45000000
3,3,4,4500000
3,3,2.5,2800000
7,5,10,22000000
3,4,3.2,11000000
6,5,10,20500000
6,5,10,20000000
5,5,10,17500000
4,4,5,10500000
6,5,10,16000000
6,5,8,14200000
6,5,10,19500000
7,6,1,33000000
6,5,10,19500000
3,3,12,12500000
2,2,5,3500000
2,2,7,28000
1,1,1.6,11000
2,2,2,20000
2,2,2,19000
1,1,1.6,10000
2,2,2,17000
2,2,2,16000
2,2,2,15000
1,1,1.6,12000
2,2,2,14000
4,4,5,40000
2,2,2,13000
4,4,5,58000
4,4,5,38000
4,4,5,54000
4,4,5,46000
4,4,5,53000
4,4,5,55000
4,4,5,51000
4,4,5,44000
3,4,5,10000000
6,5,10,17500000
5,4,10,16500000
6,5,12,23900000
7,5,10,24000000
6,5,11,20500000
3,3,5,10500000
6,5,10,15900000
6,5,8,17000000
4,4,18,29000000
6,5,1,48000000
5,5,1,45000000
5,5,1,30000000
5,5,10,22000000
5,5,10,17000000
4,4,8,17000000
3,3,8,14500000
5,4,10,32500000
6,5,1,52500000
5,4,10,41000000
4,3,5,16000000
4,4,10,15500000
3,3,5,11500000
3,3,5,12000000
3,3,5,10000000
1,1,2.2,4500000
1,1,2.2,4000000
6,6,4.8,18000000
5,4,16,24500000
2,2,2.8,616000
2,2,2.8,614000
2,2,2.8,612000
2,2,2.8,610000
2,2,2.8,608000
2,2,2.8,606000
2,2,2.8,604000
2,2,2.8,602000
2,2,2.8,600000
2,2,2.8,598000
2,2,2.8,596000
2,2,2.8,594000
2,2,2.8,592000
2,2,2.8,590000
2,2,2.8,588000
2,2,2.8,586000
2,2,2.8,584000
2,2,2.8,582000
4,4,8,16500000
2,2,2.8,580000
2,2,2.8,578000
2,2,2.8,576000
2,2,2.8,572000
2,2,2.8,574000
2,2,2.8,570000
2,2,2.8,568000
2,2,2.8,566000
2,2,2.8,564000
2,2,2.8,562000
2,2,2.8,560000
2,2,2.8,558000
2,2,2.8,556000
2,2,2.8,554000
2,2,2.8,552000
2,2,2.8,550000
2,2,2.8,548000
2,2,2.8,546000
2,2,2.8,544000
2,2,2.8,542000
2,2,2.8,540000
2,2,2.8,538000
2,2,2.8,536000
2,2,2.8,534000
2,2,2.8,532000
2,2,2.8,530000
2,2,2.8,528000
2,2,2.8,526000
2,2,2.8,524000
2,2,2.8,524000
2,2,2.8,522000
2,2,2.8,520000
2,2,2.8,518000
2,2,2.8,516000
2,2,2.8,514000
2,2,2.8,512000
2,2,2.8,510000
2,2,2.8,508000
2,2,2.8,506000
7,7,16,47500000
4,3,6.7,12900000
2,2,3.6,5850000
7,6,1,140000000
6,6,1,160000000
3,2,4.8,25000
4,3,8,60000
3,3,8,35000
1,3,3.6,23000
5,4,11.1,120000
6,6,1,250000
3,3,5.3,50000
4,6,4,15000000
7,5,8,26000000
4,4,1,66000000
6,6,14,65000000
2,2,4.8,4000000
6,5,10,14500000
6,6,10,18500000
3,3,10,13000000
3,4,10,50000
1,1,1.9,20000
4,3,1,40000
3,2,10,25000
3,2,10,28000
8,7,1.2,82500000
6,5,1,45000000
6,5,10,19000000
6,5,10,19000000
1,1,2.2,3500000
3,3,5,10500000
6,5,1,40000000
4,3,10,42000000
5,4,8,17500000
6,4,8,17500000
7,5,11,25500000
7,5,10,22000000
6,5,1,53000000
1,1,1.6,3400000
1,1,1.8,3900000
2,2,5,25000
6,5,10,19000000
6,5,11,23500000
6,5,10,20000000
6,5,11,21000000
6,5,10,19000000
0,0,5,23000
6,5,10,21000000
6,5,10,20000000
6,5,11,20000000
6,5,10,21500000
5,4,10,37000000
6,5,11,22500000
3,3,10,32500000
3,3,3,7000000
6,5,2,160000000
3,3,5,16500000
6,5,1,38000000
6,6,5,3500000
1,1,2.1,2395000
0,0,2.5,6000000
6,5,1,52500000
2,2,3,3495000
3,3,3,6000000
6,5,1,51500000
1,1,2.9,3350000
3,3,3,6500000
3,3,2,4600000
5,5,1,55000000
3,3,2,4500000
5,5,10,23000000
3,3,3,5500000
2,2,4.2,4750000
6,5,1,52500000
6,6,8,22500000
6,6,2,85000000
6,6,10,25000000
5,5,10,20000000
5,5,5,12000000
3,3,3,7600000
4,4,10,17000000
3,3,5,12500000
2,2,5,8500000
4,4,5,12500000
3,3,2,4500000
3,3,2.2,5000000
3,3,2.5,6000000
3,3,2,6000000
2,2,2,4500000
2,2,2,4500000
3,3,2.5,5500000
3,3,2.5,5500000
5,5,4.8,9500000
3,3,3,7500000
2,2,2.5,5000000
4,4,5,11000000
4,4,5,11000000
3,3,3.2,7500000
7,6,1,43000000
6,5,1,43000000
6,5,1,42500000
6,5,1,41700000
6,5,1,44000000
6,5,1,55000000
5,5,12,24000000
6,6,10,18500000
4,6,4.5,8200000
3,3,1,15000000
2,2,5,3800000
4,4,5,55000
4,4,5,52000
4,4,5,47000
4,4,5,49000
4,4,5,43000
4,4,5,45000
2,2,10,38000
2,2,10,37000
2,2,10,36000
2,2,10,33000
2,2,10,29000
2,2,10,27000
2,2,10,31000
2,2,10,23000
2,2,10,25000
2,2,10,35000
2,2,10,34000
2,2,10,32000
2,2,10,36000
2,2,10,21000
2,2,10,22000
2,2,10,20000
2,2,10,24000
2,2,5,28000
6,5,1,57000000
3,3,10,16500000
6,5,1,44500000
6,5,12,225000000
4,3,5,8000000
3,3,2.8,6500000
6,0,1,34000000
0,5,10,18000000
0,2,5,7500000
0,3,2,5000000
3,3,5,13000000
3,3,5,15000000
3,3,5,11000000
4,5,8,14500000
4,4,2.5,6200000
5,5,10,27000000
4,5,6,11800000
5,5,10,28000000
5,5,10,29000000
5,5,10,28500000
5,5,10,29500000
3,3,4,9800000
4,4,5,15000000
4,4,5,14500000
4,4,5,15500000
3,3,3,9000000
3,3,2.5,6000000
7,5,10,19000000
4,4,7,16000000
4,4,5,9200000
3,3,6,14000000
3,3,4,9000000
3,3,5,16000000
4,4,5,9300000
5,3,5,10500000
3,4,5,9000000
7,5,10,17500000
2,2,1.8,5500000
3,4,4,6800000
3,4,4,6600000
5,3,5,11300000
3,4,4,6400000
7,5,12,24000000
3,3,5,16000000
4,5,6,11700000
7,5,10,16000000
4,5,5,9000000
5,3,5,10500000
4,4,6,11500000
4,4,6,11500000
3,3,4,5200000
3,3,4,5500000
3,3,4,7200000
3,3,4,7200000
3,3,4,6500000
3,3,2,3000000
3,3,2,3000000
4,5,5,9800000
6,5,10,14700000
2,2,2.4,2500000
3,4,0.7,9800000
3,3,8,17000000
3,3,5.2,12000000
3,3,6.4,12200000
2,2,4.8,12000000
2,2,1.9,6200000
7,6,9.6,32500000
2,2,4.4,7500000
3,3,8,31000000
2,2,3.8,5000000
8,8,9.6,32500000
8,8,9.6,38000000
5,4,16.4,67500000
3,3,8,14000000
4,3,11,11000000
6,5,8,16500000
7,6,4,9200000
7,7,8,29800000
5,4,4.8,14000000
2,2,3.1,4700000
3,2,4.2,4700000
4,3,5.2,8500000
6,6,4.8,20000000
5,5,4.8,17500000
4,4,11.2,18000000
3,3,6,25000
3,3,7.1,45000
3,2,4.4,15000
3,3,4,95000
5,4,10,180000
3,3,1,130000
3,3,8.2,65000
1,2,4.8,18000
2,2,2.8,13000
2,2,4.8,22000
4,4,4.8,70000
2,2,5,7500000
2,2,8,10000000
6,6,1,25000000
0,0,1,30000000
5,5,9.3,17500000
2,2,6,8500000
4,4,10,13000000
6,6,10,15500000
2,2,5,8000000
0,0,1,36000000
5,5,12.1,18000000
1,1,2.9,7000000
5,5,6,13500000
2,2,6,8500000
5,5,6,15500000
3,2,5,5000000
4,4,5,40000
4,4,5,40000
2,2,6,25000
3,3,10,32000
3,3,10,28000
4,4,1,50000
2,2,8,25000
2,2,8,23000
4,4,1,56000
2,2,7,25000
2,2,5,20000
3,3,12,28000
7,7,10,50000
0,0,10,45000
5,3,1,85000
4,4,1,90000
2,3,12,55000
3,2,8,50000
2,2,3.1,27000
2,3,4.2,4200000
0,0,2.5,4000000
0,0,3,5500000
0,5,6,9000000
0,0,3,6000000
0,0,3,5500000
0,0,3,5500000
0,0,3,6500000
0,0,4,4600000
0,0,4,6500000
0,0,2.5,4500000
6,6,12,25000000
6,6,12,25000000
0,0,2.5,21000
0,0,5,40000
0,0,5,35000
0,0,10,85000
0,0,7,55000
0,0,7,50000
0,0,5,18000
0,0,5,22000
0,0,5,20000
0,0,5,18000
0,0,5,20000
0,0,7,25000
0,0,5,40000
6,6,10,65000
1,1,1.3,10000
1,1,1.4,12000
5,3,5,10500000
4,5,5,9600000
6,4,8,16000000
4,5,6,11600000
4,5,5,9500000
7,5,10,17000000
3,4,4,6700000
7,5,10,17400000
4,5,7,12700000
5,3,5,10200000
3,3,5,10500000
4,4,5,9300000
5,5,1,45000000
4,4,7,15000000
4,4,4,6300000
5,3,5,11500000
7,5,10,16000000
7,5,10,18000000
5,5,10,20000000
4,5,5,9000000
7,5,10,16000000
6,6,10,26000000
4,4,5,16000000
6,6,1,55000000
3,3,4,8500000
3,3,4,8500000
4,4,4,6200000
5,5,1,35000000
4,3,5,9300000
4,5,5,9200000
7,5,10,16700000
5,8,4.8,16000000
2,2,8,15000000
2,2,4.4,1400000
2,2,6,13000000
2,2,5,8500000
3,3,3.6,11900000
2,2,4.4,6944000
2,2,6.2,9716000
6,9,4.8,25500000
0,0,1,105000000
0,0,1,105600000
0,0,1,115000000
0,0,2,240000000
0,0,1,113500000
0,0,1,115500000
0,0,12,75500000
0,0,12,73000000
0,0,1,97500000
0,0,1.3,140000000
3,3,8,14000000
3,3,8,14200000
3,3,8,14400000
3,3,8,14800000
3,3,6,15700000
4,4,10,34000000
2,2,4.5,7500000
2,2,4.2,7000000
3,3,10,11400000
3,3,10,11600000
3,3,10,11800000
4,4,4.8,6500000
3,3,6,15900000
3,3,6,16000000
2,2,4.2,5800000
2,2,4.2,5825000
2,2,4.2,6025000
2,2,4.2,6225000
3,3,10,11000000
3,3,8,15400000
3,3,8,15500000
3,3,8,15000000
3,3,8,15000000
3,3,9.8,13000000
3,3,8,15200000
3,3,6,15900000
3,3,10,12000000
3,3,10,11100000
3,3,8,14600000
3,3,10,11200000
3,3,10,11600000
3,3,10,12000000
4,4,12.9,15000000
3,3,10,11000000
3,3,8,15400000
3,3,10,11200000
3,3,6,15500000
2,2,4.2,6000000
2,2,4.2,6200000
3,3,10,11800000
3,3,10,11400000
8,7,1,110000000
6,6,1,97500000
6,6,1,97500000
6,6,2,210000000
0,5,1,105000000
0,6,1.3,195000000
0,6,2,250000000
0,4,14,14500000
4,4,16,41000000
2,2,6.2,16500000
5,5,14,95000000
0,3,8,33500000
0,3,5.3,12000000
0,0,4,41500000
0,4,4,40000000
2,3,4.4,16000
5,4,2,325000
4,4,1,200000
3,3,1,125000
3,3,1,200000
3,3,5.6,26000
2,2,14,80000
2,2,14,85000
2,2,14,85000
7,6,2,350000
2,2,14,80000
5,5,14,145000
4,4,1,325000
5,5,14,105000000
5,5,14,122500000
4,4,4.8,18500000
7,6,1.3,180000000
6,6,2,180000000
2,2,3.8,5500000
6,6,1,150000000
6,6,1,150000000
6,6,1.2,165000000
2,2,3.8,6000000
6,6,12,23000000
6,6,12,23000000
6,6,12,24500000
4,4,7,14000000
4,4,7,12500000
4,4,7,14000000
4,4,7,14000000
4,4,7,14000000
4,4,7,14000000
4,4,7,15500000
0,0,6.7,8500000
0,0,5.2,5500000
0,0,5.2,5500000
5,4,7,10000000
3,4,6,16000000
3,4,6,13500000
2,2,6,15000000
0,0,1,85000
0,0,1,70000
0,0,1,75000
0,0,8,55000
0,0,8,50000
0,0,8,60000
0,0,8,40000
0,0,8,45000
0,0,8,50000
0,0,1,95000
0,0,1,85000
0,0,1,100000
0,0,1,150000
2,2,10,40000
0,0,1,80000
2,2,10,42000
0,0,9,50000
0,0,9,55000
3,3,12,28000
0,0,9,60000
3,3,12,30000
0,0,9,65000
3,3,12,32000
0,0,1,110000
3,3,12,34000
0,0,1,110000
3,3,12,35000
3,3,12,32000
3,3,12,34000
3,3,12,36000
3,3,12,38000
3,3,12,40000
1,1,2.6,90000
4,3,1,95000
4,4,12,120000
5,4,4,48000
0,0,7,19500000
0,0,5,13000000
0,0,10,17500000
0,0,6,10500000
0,0,1.1,60000000
6,6,12,23000000
6,6,12,23000000
6,6,12,21500000
6,6,12,23500000
6,6,12,24500000
6,6,12,23500000
4,4,5,12500000
6,6,12,22500000
4,4,5,12700000
4,4,5,12900000
4,4,5,9600000
4,4,5,9800000
4,4,5,10000000
4,4,5,10200000
4,4,5,10400000
4,4,5,10600000
4,4,5,10800000
4,4,5,11000000
4,4,5,11200000
4,4,5,11400000
4,4,5,11800000
4,4,5,12000000
4,4,5,12200000
4,4,5,12400000
4,4,5,12600000
4,4,5,12800000
4,4,5,13000000
4,4,5,13200000
4,4,5,13400000
4,4,5,13600000
4,4,5,13800000
4,4,10,16000000
4,4,10,16200000
4,4,10,16400000
4,4,10,16600000
4,4,10,16800000
4,4,10,17000000
4,4,10,17200000
4,4,10,17400000
4,4,10,17600000
4,4,10,17800000
4,4,10,18000000
8,7,5,18000000
4,4,10,18200000
4,4,10,18400000
4,4,10,18600000
4,4,10,18800000
4,4,10,19000000
4,4,10,18100000
4,4,10,18300000
4,4,10,18500000
4,4,10,18700000
4,4,10,18900000
4,4,10,16100000
4,4,10,16300000
0,0,10,17000000
0,0,10,22000000
0,0,5,9500000
0,0,5,8500000
0,0,5,7500000
0,0,4,5800000
0,0,4.5,6000000
0,0,5,11000000
0,0,7,12500000
0,0,6.5,14500000
0,0,5,35000
0,0,5,33000
0,0,7,45000
0,0,7,42000
0,0,10,58000
0,0,10,60000
0,0,5,34000
0,0,5,36000
0,0,7,45000
0,0,7,42000
0,0,10,58000
0,0,10,60000
0,0,5,25000
0,0,7,36000
0,0,7,35000
0,0,5,25000
0,0,5,35000
0,0,5,33000
0,0,7,45000
0,0,7,42000
0,0,2.5,18000
0,0,5,27000
0,4,7,17500
0,0,3.5,20000
0,0,5,10000
0,0,2.5,22000
0,0,2.5,15000
0,0,5,17000
0,0,2.5,8000
0,0,2.5,10000
0,0,2.5,10000
0,0,5,16000
0,0,5,16000
2,2,5,15000
2,2,5,20000
2,2,4,13000
3,3,12,30000
3,3,12,32000
3,3,12,33000
3,3,12,35000
3,3,12,36000
3,3,12,35000
3,3,12,37000
2,2,5,40000
3,3,12,40000
3,3,12,42000
3,3,12,39000
2,2,5,17000
0,0,10,22000
0,0,5,17000
0,0,8,25000
0,0,7,25000
0,0,10,45000
0,0,5,15000
0,0,5,12000
0,0,5,35000
0,0,10,50000
0,0,1,30000
4,3,5,11500000
2,2,3,3800000
6,6,2,40000000
2,2,3,3800000
4,5,5,7500000
3,3,3,4800000
5,3,5,9300000
7,5,10,16500000
5,3,5,10200000
7,5,8,17000000
5,3,5,10500000
7,5,10,16500000
7,5,10,17000000
6,5,1,45000000
2,2,5,7000000
0,0,64,400000000
0,0,2,6000000
4,3,5,10400000
5,3,5,11000000
6,5,10,20500000
5,4,1,30000000
4,3,5,8500000
4,3,8,12500000
5,3,5,13000000
6,5,11,22000000
6,5,10,22000000
6,6,1,150000000
3,3,5.3,17000000
6,6,16,51000000
2,2,4,9500000
2,2,4,12500000
2,2,3.8,5500000
5,5,1,350000
3,3,5.8,35000
3,3,9.6,48000
2,2,4.8,25000
3,3,9.6,45000
2,2,7.2,36000
2,2,7.2,32000
2,2,7.2,32000
0,0,9.6,55000
0,0,9.6,55000
3,3,7.2,35000
0,0,8,33500000
0,0,9,38000000
0,0,8,24500000
0,0,8,26500000
0,0,8,27000000
0,0,4.4,16500000
0,0,4.4,15000000
0,0,4.4,15000000
0,0,10.9,37500000
0,0,10.9,35500000
2,2,5,3200000
4,4,4,16500000
0,0,300,450000000
0,0,8,9600000
0,0,10,25000000
4,3,8.2,16000000
7,6,1.3,650000
0,0,18,160000
0,0,10,115000
0,0,1,200000
0,0,1,275000
0,0,15,160000
0,0,1,65000
0,0,10,45000
10,9,3.6,650000
0,0,4.4,26000
0,0,4.4,25000
0,0,4.4,55000
0,0,4.4,55000
0,0,8,36000
0,0,10.9,50000
0,0,10.9,50000
0,0,8,85000
0,0,14.2,55000
0,0,10.9,90000
0,0,8,42000
2,2,10,42000
2,2,12,45000
3,3,1,85000
9,8,2,450000
3,3,12,70000
3,3,12,50000
3,3,10,100000
3,3,1,80000
2,2,8,45000
1,1,1.8,36000
2,2,5,50000
1,1,1.3,25000
3,3,1,75000
0,0,8,40000
2,2,3.1,30000
6,5,1.3,350000
3,3,12,65000
6,5,1,270000
0,0,9,55000
10,11,2,600000
3,3,12,70000
3,3,12,60000
3,3,12,62000
3,3,12,55000
3,3,12,68000
3,3,12,70000
6,5,1.2,450000
4,4,4,55000
4,3,5,10800000
6,5,12,21500000
5,5,8,17000000
6,5,10,22000000
5,3,5,12200000
3,3,5,13000000
7,5,1,62000000
6,5,11,22000000
6,5,10,21000000
6,5,10,20000000
5,5,8,14200000
6,6,1,38000000
6,5,12,24000000
7,6,10,18500000
2,2,12,17500000
0,0,6,8000000
0,0,6,8000000
0,0,5,10000000
0,0,5,10000000
0,0,4.1,10000000
0,0,10,10000000
0,0,5,10000000
0,0,5,10000000
0,0,5,10000000
0,0,7,14500000
0,0,5,11000000
0,0,5,11000000
0,0,7,14500000
0,0,6,8000000
0,0,4,4300000
0,0,5,9500000
0,0,7,15000000
0,0,5,10000000
0,0,5,10000000
0,0,5,9500000
0,0,5,9500000
0,0,5,10000000
0,0,5,10000000
0,0,5,10000000
0,0,5,10000000
0,0,5,10000000
0,0,5,9500000
0,0,5,11000000
0,0,5,11000000
0,0,5,9500000
0,0,4,9500000
5,4,5,8500000
0,0,3,3200000
0,0,4.5,6500000
0,0,3,2200000
0,0,2.5,1900000
0,0,4,4500000
0,0,5,3700000
0,0,5,5500000
0,0,2.5,1900000
0,5,15,100000
0,0,7.5,35000
0,4,5,35000
4,4,7,50000
3,3,5,35000
0,3,5,33000
0,4,7,65000
0,4,5,33000
0,4,5,35000
4,4,7,60000
0,3,10,45000
0,3,10,45000
0,5,1,90000
0,3,9.8,35000
0,3,10,30000
0,2,10,27000
0,5,14,80000
0,2,4,40000
0,2,10,22000
0,5,5,75000
4,3,5,13500000
6,5,10,22500000
1,1,2.1,2395000
5,4,7,15000000
7,5,10,16500000
5,5,10,17500000
6,5,11,23500000
6,5,10,20000000
6,5,1,45000000
5,5,10,16000000
7,5,10,17000000
6,5,10,16500000
6,5,10,22000000
6,5,1,47500000
6,5,11,23500000
5,5,8,17000000
5,4,8,14000000
4,4,5,11000000
6,4,6,12600000
5,5,10,18000000
6,5,10,22500000
2,2,2,4500000
4,4,6,13000000
6,5,10,25000000
3,3,2,5500000
4,3,5,11500000
2,2,1,2700000
6,6,1,52500000
6,5,10,20500000
5,5,10,17500000
4,3,5,8800000
5,5,1,35000000
0,6,2,300000000
0,5,1,140000000
0,3,4,37500000
0,3,4,40000000
0,0,4.2,6000000
0,0,7.6,25200000
0,0,4.4,8000000
0,0,7.6,25000000
0,0,4.4,8000000
0,0,4.2,6000000
2,2,4.9,8500000
2,2,4,8500000
2,4,12.8,60000000
5,5,4.8,11800000
5,4,9.6,27500000
5,5,1,65000000
4,3,6.1,9200000
5,4,14,14500000
3,3,8,7000000
2,2,4.2,4500000
4,3,5,5000000
4,3,8,11000000
3,3,8,14500000
3,3,8,19500000
3,3,8,19200000
2,2,3.7,5775000
2,2,3.7,5775000
2,2,3.7,5775000
4,4,14,51000000
2,2,3.3,5500000
2,2,2.7,4500000
2,2,1.8,3500000
3,3,6.2,14000000
6,6,9.6,32500000
3,3,6.7,22500000
4,4,8.9,30000000
2,2,3.8,15000000
5,4,13.2,39000000
0,5,1.3,135000000
3,3,10,12700000
3,3,10,12500000
3,3,10,11500000
3,3,10,12000000
2,2,3.8,3200000
0,2,4.2,6800000
0,3,8,19500000
0,3,7.8,25000000
1,2,2.9,3200000
0,3,8,125000
2,2,4.7,35000
2,2,4,35000
2,2,4.2,30000
0,0,8,50000
3,3,12,60000
3,3,16,90000
2,2,4.8,25000
2,2,4.8,22000
0,5,2,1000000
0,0,2,400000
0,0,2,350000
2,2,4,35000
2,2,3.6,20000
1,1,2.9,10000
0,5,1,250000
3,3,8,35000
0,0,1,47000000
8,6,10.9,19000000
2,2,3.5,4700000
4,4,5,1200000
0,0,4,39000000
7,6,1.2,250000
3,3,1,250000
2,2,1,100000
4,4,1,300000
4,4,1,80000
3,3,1,300000
3,3,1,120000
4,4,1,300000
2,2,1,75000
3,3,12,60000
5,5,1,350000
3,3,1,120000
3,3,1,250000
3,3,1,75000
3,3,1,300000
5,5,1,280000
5,5,1,280000
2,2,1,130000
4,4,1,300000
4,4,1,300000
2,2,1,120000
4,4,1,300000
3,3,12,65000
6,5,1,300000
1,1,5.6,47000
3,3,12,75000
2,2,5.6,32000
10,11,2,800000
4,4,2,350000
2,2,5.6,30000
2,3,6,80000
7,6,1.6,300000
5,4,10,72000
2,2,12,55000
10,9,1.3,300000
3,3,1,70000
3,3,1,150000
1,3,5.6,21000
3,3,12,65000
0,0,12,65000
0,0,1,100000
4,4,3.6,170000
0,0,1,90000
0,0,12,50000
6,6,1,33500000
5,5,11,22500000
5,5,12,18000000
2,2,5,2350000
4,3,5,10500000
6,5,10,20000000
5,3,5,10000000
4,3,5,10500000
1,1,1.8,2200000
2,2,2.7,2800000
6,5,12,26000000
6,6,1,45000000
5,5,1,18000000
6,5,10,19000000
6,5,11,24500000
6,5,11,25500000
6,5,10,22500000
2,2,5,3800000
6,5,10,22500000
5,3,5,11200000
6,5,10,23500000
7,5,1,36000000
4,3,5,13500000
5,5,8,17500000
5,5,1,17000000
6,5,10,18500000
6,5,1,47500000
4,3,7,22500000
6,5,10,23000000
5,5,1,55000000
5,5,1,82500000
5,5,1,20000000
5,5,5,11500000
2,2,5,7500000
3,3,5,8000000
2,2,10,25000000
2,2,5,12500000
2,2,5,12500000
2,2,10,14000000
2,2,10,12500000
3,3,5,8500000
6,7,7,17500000
3,3,1.3,40000000
4,4,10,19000000
2,2,10,14000000
5,5,10,17000000
4,4,5,10500000
2,2,5,7200000
4,3,5,9000000
5,5,1,52500000
2,2,5,4050000
7,5,10,17000000
7,5,10,16500000
6,5,10,22500000
5,5,10,14500000
7,5,10,17500000
4,3,5,12000000
4,3,5,12500000
3,3,3,5500000
4,3,5,13000000
2,2,5,3700000
4,4,5,9000000
4,4,4,7000000
1,1,3,4500000
3,3,3,5500000
4,4,5,8500000
2,2,2,4000000
3,3,2,4250000
3,3,2,4250000
4,4,5,7000000
4,4,5,7000000
3,3,3,5500000
4,4,5,9000000
4,4,4,7000000
7,5,10,17500000
1,1,3,4500000
3,3,3,5500000
0,0,7,15000000
0,0,7,15000000
0,0,1.4,2500000
0,0,1.4,2500000
0,0,6,6500000
0,0,7,7500000
3,3,10,17000000
0,2,7,25000
0,7,1.2,150000
0,5,6,45000
0,0,3,22000
0,0,5,33000
0,0,7,28000
4,4,10,100000
0,3,5,45000
0,3,5,50000
3,2,5,17000
4,4,5,8500000
2,2,2,4000000
3,3,2,4250000
3,3,2,4250000
4,4,5,7000000
5,5,1,50000000
5,5,10,15500000
6,5,10,16500000
7,5,10,15000000
5,5,5,16500000
4,4,1,18000000
7,5,10,17000000
5,5,5,16500000
4,4,1.1,42500000
0,0,10,26000000
3,3,3,7000000
4,4,4.5,13500000
3,3,2.7,8500000
4,4,5,15000000
5,5,7,26000000
2,2,2,4200000
6,4,8,16000000
0,3,14.5,64000000
0,3,14.5,65000000
0,3,14.5,65000000
4,3,9.8,18500000
4,4,14.6,25800000
4,4,14.6,25800000
2,2,4.2,12000000
2,2,3.1,7000000
3,3,6,11500000
4,4,4.8,12500000
2,4,2.2,5500000
2,8,4,10000000
0,2,2,9500000
0,4,4,11000000
2,3,4,5500000
2,2,4.2,5000000
0,2,4.2,11500000
0,7,1,110000000
0,3,5.1,14500000
2,2,4.2,5000000
2,2,4.2,5000000
5,5,6,50000000
3,3,8,11000000
3,3,9.4,10000000
3,3,5,11500000
2,2,4.2,5400000
3,3,8,13500000
3,3,8,5800000
6,6,1.1,85000000
3,3,8,19000000
0,2,5.1,13500000
0,4,7.3,23500000
0,6,1,80000000
0,6,1,100000000
0,6,2,200000000
0,4,1.2,120000000
0,4,16.7,73500000
0,4,16.7,77500000
0,3,14.5,67500000
2,2,8,19000000
3,3,8,5700000
3,3,8,11000000
5,4,9.6,24500000
3,3,6,14500000
0,0,1.3,500000
3,3,9.6,45000
2,2,4.8,30000
0,6,2,450000
2,2,4.2,18000
4,4,12,45000
3,3,10,35000
2,2,4.2,20000
3,3,8,50000
2,2,8,50000
2,2,2.9,35000
0,4,16.7,300000
3,3,5.3,105000
4,4,8,30000
4,4,9.6,25000
3,3,8,50000
5,5,1,215000
0,0,4,27000000
0,0,1,45000000
4,3,8,7500000
4,3,8,6200000
0,4,5,7500000
0,0,3.1,850000
0,5,9.3,17500000
0,1,2.6,20000000
0,3,7.8,32000000
0,3,9.6,39000000
6,6,1,35000000
7,6,1,280000
0,0,12,50000
3,3,12,70000
2,2,12,65000
3,3,12,65000
7,6,2,400000
3,3,12,70000
3,3,1,80000
3,3,10,60000
4,4,1.3,300000
3,3,12,70000
0,0,11.8,45000
6,6,12,135000
3,3,1,35000
0,0,14.2,75000
0,3,14.2,75000
0,4,14.2,75000
0,4,1,75000
0,3,14.2,55000
0,6,14.2,150000
0,6,14.2,150000
0,3,14.2,65000
0,3,14.2,75000
0,0,14.2,76000
0,0,14.2,77000
0,0,14.2,78000
0,2,9.3,25000
0,4,5,35000
3,3,10,50000
0,1,2.6,95000
0,3,7.8,165000
0,3,9.3,185000
0,4,16.7,250000
0,1,2.6,100000
0,3,7.8,165000
0,3,10.7,120000
0,3,9.3,185000
2,2,10,35000
1,1,2.2,26000
3,3,10,55000
3,3,12,70000
3,3,12,140000
4,3,6,9500000
6,5,10,17500000
4,4,3,10500000
6,5,10,23000000
6,5,10,23000000
6,5,10,23500000
7,6,1,23000000
5,3,5,12500000
0,8,4,280000000
0,6,4,250000000
0,6,4,250000000
0,7,4,270000000
0,7,6,370000000
0,25,8,960000000
0,6,2,140000000
0,6,3,180000000
0,6,4,170000000
0,6,2,170000000
0,6,5,250000000
0,9,4,260000000
0,5,2,130000000
0,4,1,70000000
0,4,1,60000000
0,5,1,65000000
0,7,4,160000000
0,8,4,140000000
0,6,4,120000000
0,4,2,70000000
0,5,2,80000000
0,6,2,100000000
0,4,1,50000000
0,4,1,40000000
0,5,1,45000000
0,5,1,35000000
7,5,1,38000000
6,5,10,23500000
6,5,1,49900000
6,5,10,19500000
4,3,4,7800000
4,3,4,7500000
5,5,1,25000000
5,4,5,14000000
6,5,10,21500000
3,3,3.5,7200000
4,3,1,31500000
5,4,10,23500000
6,5,10,23500000
7,5,10,18000000
7,6,1,32000000
4,4,10,31000000
4,3,5,11500000
6,5,1,27000000
4,3,5,8500000
3,3,5,11500000
5,4,10,29500000
0,0,5,8500000
4,4,12,25000
0,0,5.5,12000000
0,0,5,6000000
0,0,6,16000000
3,2,10,30000
403,6,5,15000000
0,0,8,14000000
0,0,5.5,8000000
0,0,5,7000000
0,0,5,5500000
0,0,10,16000000
0,0,3,4000000
0,0,6,13000000
0,6,12.4,26000000
0,0,10,25000
0,0,5,40000
0,0,3.5,30000
0,0,5,18000
0,0,7.5,25000
0,0,5.5,65000
0,0,5.5,45000
0,0,5,22000
0,0,7,22000
0,0,7,22000
0,0,5,20000
0,0,5,18000
0,0,5,20000
0,0,6,20000
0,0,5,22000
0,0,10,25000
0,0,6,25000
0,0,5,18000
0,6,12.4,80000
2,2,8,25000
7,6,1,130000
7,5,11,18000000
5,4,10,22500000
5,4,10,18000000
6,5,1,42000000
7,5,0.1,82500000
6,5,1,39900000
2,3,2,4800000
5,3,5,10500000
6,5,10,21500000
7,5,10,17000000
2,2,6,14000000
3,3,7.1,30000000
2,2,4.9,6800000
5,5,18,140000000
2,2,4.9,6500000
3,3,5.8,6000000
2,2,3,3300000
3,3,3.2,4500000
3,3,6,14000000
2,2,4,5000000
0,2,4.8,8000000
0,2,4.8,8000000
0,3,7.1,6500000
0,3,7.1,6500000
0,2,4.8,9000000
0,2,4.8,9000000
0,3,6.9,6500000
0,3,6.9,6500000
0,2,4.4,3200000
0,2,4.4,3200000
4,4,14,12500000
4,4,14,14000000
3,3,10.3,23500000
3,3,5.2,12000000
3,3,5.2,11500000
5,5,1,55000000
5,5,1,75000000
5,5,1,75000000
3,3,6.4,12000000
3,3,6.4,11000000
2,2,3.3,6500000
2,2,3.1,6000000
2,2,4.4,8300000
4,3,8,9800000
2,2,4.2,4700000
0,0,9.6,27000000
0,0,9.6,26000000
0,0,4.8,10500000
0,0,9.6,25000000
2,2,4.4,8000000
4,3,8,10700000
4,3,5,5000000
3,3,8,7200000
4,3,8,8500000
2,2,3.1,5500000
3,3,5.6,9500000
3,3,5.6,9500000
3,3,6,12500000
2,2,3.1,6000000
3,3,6.4,12000000
3,3,6,12500000
2,2,4,4500000
2,2,2.9,3000000
0,2,4.2,10000000
0,3,4.7,8000000
0,2,2.2,5500000
0,3,4.6,11000000
0,2,8.4,12500000
0,5,1,105000000
3,3,6,40000
2,2,1,75000
4,4,1,145000
4,4,1,140000
8,8,1,250000
4,4,1,125000
4,4,1,140000
2,2,4.3,55000
2,2,4.3,85000
3,3,5.1,55000
3,3,7.1,40000
4,4,14.2,120000
3,3,1,130000
3,3,6.4,55000
4,4,1,225000
2,2,4.4,33000
4,4,1,275000
5,5,2,705000
4,4,1,275000
4,4,1,225000
3,3,1.3,140000
3,3,1,140000
3,3,5.6,34000
2,2,3.1,23000
3,3,6.4,37000
8,7,2,10000000
0,0,2,79500000
8,7,2,300000000
5,5,1,32500000
3,3,12,65000
4,4,1,85000
3,3,12,60000
2,2,7,63000
3,3,12,60000
3,3,12,60000
3,3,12,75000
4,4,22,2000000
6,6,10,140000
3,3,12,55000
3,3,12,55000
3,3,14,45000
3,3,12,75000
9,9,3.5,1600000
3,3,12,60000
6,6,10,135000
4,4,2.4,250000
10,11,4,700000
2,2,6.2,44000
5,5,1,50000000
4,4,10,25000000
4,4,10,26500000
4,3,8,11000000
6,5,1,49000000
7,5,1,44000000
4,4,10,32500000
5,5,1,56000000
5,3,5,10500000
5,5,1,52500000
6,5,1,44900000
5,4,10,23500000
4,3,5,10000000
5,5,1,52500000
4,4,8,16000000
5,3,5,10500000
7,6,1.2,71500000
5,3,5,10500000
6,5,1,49000000
5,5,1,67000000
4,3,10,18500000
5,5,1,52500000
6,5,1,36000000
7,5,10,16500000
3,3,3,6000000
0,4,5,7500000
4,4,6,9500000
0,0,5,4500000
0,2,5,4000000
0,3,10,10000000
0,2,3,2200000
0,2,3,3500000
0,2,5,4800000
0,0,7,6000000
0,0,5,4000000
0,2,5,6000000
0,6,1,22000000
0,6,1,22500000
0,4,4.5,9500000
4,4,5,8200000
0,6,8,8500000
0,2,5,4500000
6,4,5,9800000
0,0,1,27000000
0,0,10,18000000
0,0,12,21000000
0,0,8,13500000
0,0,5,8500000
0,0,5,9000000
0,0,5,19000000
0,0,6,9000000
0,0,6,8500000
0,4,10,60000
0,3,5,35000
0,4,5,40000
0,0,5,15000
0,0,5,16000
0,0,5,17000
0,0,5,18000
0,0,5,15000
0,0,5,16000
0,0,5,17000
0,0,5,18000
0,0,10,35000
0,0,8,22000
0,0,8,23000
0,0,8,24000
0,0,8,22000
0,0,1,35000
0,0,1,36000
0,0,1,33000
0,0,1,34000
0,0,10,32000
3,3,1,65000
4,3,17,55000
4,4,12,28000000
6,5,1,40000000
4,4,10,16000000
4,4,4,8500000
4,3,5,12000000
6,5,1,40000000
2,2,4.8,6500000
2,2,2.9,3500000
2,2,3.8,3600000
3,3,4.8,15000000
2,2,4.2,6200000
2,2,4.2,4800000
2,2,4.2,5400000
2,2,4.2,5000000
2,2,4.2,5450000
2,2,4.2,6400000
4,4,11.1,37500000
3,3,8,13000000
2,2,4.2,4800000
3,3,5,5200000
3,3,6,8500000
2,2,4.2,5200000
2,2,4.2,4800000
2,2,4.2,4500000
2,2,4.2,5100000
0,0,9.4,9200000
3,3,8,8200000
3,3,10,10500000
2,2,2.7,4980000
4,4,4,12000000
2,2,3.3,5500000
2,2,4.2,5400000
2,2,4.2,6500000
2,2,4.2,5800000
3,3,6.1,13000000
3,3,5,11400000
3,3,5,11400000
6,6,1.1,75000000
6,6,1.1,77500000
3,3,8,12700000
6,6,1.1,80000000
6,6,1.1,82500000
6,6,1.1,85000000
6,6,1.1,90000000
8,7,1.1,105000000
3,3,5,11200000
8,7,1.5,100000000
3,3,8,14000000
8,7,1.5,120000000
4,4,12.4,50000000
4,4,10.6,50000000
4,4,14,50000000
4,4,14,51000000
4,4,14,52000000
4,4,14,52500000
4,4,14,53500000
1,1,1.1,2250000
4,4,14,55000000
6,6,1.1,80000000
6,6,1.1,90000000
6,6,1.1,85000000
6,6,1.1,75000000
8,7,1.5,120000000
8,7,1.5,100000000
3,3,8,46000000
6,6,19.2,70000000
5,5,1,70000000
5,5,1,65000000
3,3,5.6,7500000
2,2,4.2,4900000
2,2,4,7500000
4,3,6.1,9500000
5,4,14,14000000
2,2,4.2,5200000
3,3,8,7500000
4,3,5,5000000
4,3,8,8800000
3,3,8,6500000
3,3,6.4,36000
2,2,4,20000
3,3,9.6,25000
2,2,2.4,15000
2,2,4.2,18000
3,3,16,125000
0,2,7,8500000
0,5,14.2,17000000
0,4,5,11000000
0,4,5,11000000
0,12,13,26000000
0,2,6.7,8500000
0,4,5,8500000
0,0,10,14000000
7,5,8,26000000
0,0,1.1,80000000
4,4,6.7,29500000
0,0,1.4,90000000
5,4,4.4,16500000
5,4,4.4,16700000
7,6,15,23000000
5,4,4.4,15500000
4,4,17.8,350000
0,2,3,12000
0,2,5,18000
0,2,5,20000
0,2,0.4,12000
3,3,10,30000
4,3,11,60000
3,3,6,51000
3,3,2,250000
3,3,1,75000
4,4,1,250000
1,1,2,22000
0,0,3.8,33000
7,5,8,75000
8,7,2.2,400000
2,2,3.1,34000
6,5,2.5,280000
3,3,1,70000
3,3,14.2,70000
8,8,1,260000
3,3,1,45000
5,5,10,24000000
5,5,1,82500000
4,4,10,34000000
4,4,10,25000000
4,3,5,14800000
4,4,10,22000000
3,3,5,19500000
6,5,1,39000000
4,3,5,15800000
5,5,5,11800000
6,5,1,40000000
3,3,5,19500000
5,5,4,180000000
5,4,10,27500000
4,4,10,23000000
6,5,1,40000000
4,3,5,16500000
4,3,5,17000000
3,2,1,28500000
6,5,1,37000000
4,3,3.5,7500000
3,3,10,12000000
5,5,1,52500000
6,5,1,60000000
4,3,5,17200000
6,5,1,36900000
4,4,10,28000000
4,3,5,17100000
6,5,1,45000000
3,3,6,22000000
5,5,1,35000000
4,3,7,20700000
4,3,5,13500000
4,3,10,14500000
6,5,1,41900000
5,5,10,32000000
6,5,1,49500000
5,4,10,37500000
0,4,1,55000000
5,5,1,54300000
4,3,10,12000000
6,5,1,44000000
0,3,5,11500000
0,4,7,17500000
0,4,5,9500000
0,4,5,9500000
0,3,5,11500000
2,2,5,6000000
0,0,5,5500000
0,0,5,5500000
0,0,5.5,6000000
0,0,5,5300000
0,0,3.2,3700000
0,0,2.5,2800000
0,0,3.5,4000000
0,0,3,3650000
0,0,1.5,2600000
0,0,3,4500000
0,0,3,5000000
0,0,4,3500000
0,0,4,4000000
0,0,3,4000000
0,0,4,4500000
0,0,4.5,6500000
0,0,9,8500000
0,0,7,9000000
0,0,5,7000000
0,0,4.5,6000000
4,5,7,14000000
5,5,10,22000000
0,0,5,9800000
5,5,5,10500000
5,5,10,22000000
0,0,2,2800000
0,0,2,3080000
0,0,2,3220000
0,0,4,6000000
0,0,4,6600000
0,0,4,6900000
0,0,8,11000000
0,0,8,12100000
0,0,8,12600000
0,0,16,20000000
0,0,16,22000000
0,0,16,23000000
6,6,14,17000000
3,3,5,3200000
0,5,12,80000
0,2,7,26000
0,2,5,20000
0,2,5,18000
0,0,5,40000
0,0,4,30000
3,3,10,30000
3,3,13.3,35000
1,1,1.1,2250000
3,3,5.3,8000000
4,4,2.4,8000000
2,2,3.1,4000000
2,2,4,7200000
2,2,3.2,3800000
2,2,3.2,4000000
6,7,8.6,45000000
6,6,4.8,20000000
4,4,4.8,16000000
4,4,3.6,10000000
5,5,4.8,15000000
6,6,4.8,14500000
4,4,4.8,20000000
4,4,4.8,16000000
4,4,4.8,27000000
6,6,4.8,25000000
2,2,2.7,3900000
3,3,4.8,5600000
2,2,2.6,5000000
0,0,4.8,7500000
2,2,4.4,16000000
3,3,7.6,27500000
3,3,7.1,27500000
0,0,4.8,7500000
0,0,4.8,7500000
0,0,4.8,7500000
4,4,16,50000000
3,3,4.8,5600000
3,2,4.8,6500000
0,4,14,2500000
0,4,14,1500000
0,4,14,18500000
0,2,4.2,6300000
3,3,3.4,21000000
2,2,1.5,1700000
0,0,2.6,1600000
3,3,8,12500000
3,3,8,12000000
3,3,8,11600000
3,3,8,11800000
3,3,8,12000000
3,3,8,13200000
3,3,8.7,11200000
3,3,8,9800000
3,3,6.7,12500000
3,3,4.9,5000000
3,3,3.4,19000000
2,2,3.6,4500000
4,4,6,13000000
2,2,4.4,4800000
2,2,3.3,4200000
4,4,4,32500000
2,2,4.2,5500000
3,3,6,21000000
0,0,1.2,130000
4,4,14,14500000
2,2,4.2,4600000
5,4,11.1,44000000
2,2,4.8,22000
2,2,4.8,27000
2,2,4.8,25000
4,4,4.8,60000
4,4,4.8,60000
2,2,4.8,17000
2,2,3.1,14000
3,3,5.3,45000
2,2,4.8,19000
2,2,4.8,22000
2,2,4.8,23000
2,2,4.8,23000
0,3,1,150000
0,3,1,130000
0,3,1,130000
0,5,1,400000
0,6,2,1000000
0,6,1,270000
0,3,7.6,80000
0,5,1,250000
0,3,1,120000
0,4,1,150000
5,4,4.4,16000000
6,5,8,28500000
5,5,8,14000000
3,3,7.3,16500000
5,4,4.4,16500000
5,4,4.4,15000000
5,5,4,55000
2,2,4,20000
0,21,1.2,300000
5,4,4.4,55000
4,4,2.1,250000
7,6,1,95000000
4,4,10,34000000
5,5,1,60000000
7,7,1.3,72500000
5,5,1,54000000
4,4,1,25000000
5,5,1,45000000
0,0,1,35000000
2,3,2.5,7000000
4,4,10,35000000
5,5,1,62500000
4,4,10,34000000
3,5,5,8500000
5,4,10,30500000
5,5,1,56500000
5,5,1,43000000
6,5,1,40000000
5,5,1,55000000
5,5,1,59000000
4,4,10,40000000
2,3,2,3700000
5,4,7,12900000
5,4,8,16000000
4,3,5,12600000
5,4,8,14500000
6,5,10,19200000
6,5,10,17800000
5,5,1,27500000
4,3,5,11800000
4,3,8,12300000
7,5,1,46000000
6,5,1,50000000
6,5,10,17500000
3,3,5,21000000
6,5,1,58500000
6,5,1,42000000
6,5,1,42000000
6,5,1,38000000
6,5,1,50000000
4,4,1,80000000
6,5,1,49000000
6,5,1,45000000
6,5,10,23000000
3,3,10,13200000
3,2,5,2900000
2,2,4.7,6000000
2,2,35,13000
0,2,4,2400000
3,2,10,30000
4,3,5,33000
3,3,8,46000
3,3,8,45500
3,3,8,45000
3,3,8,44500
3,3,8,44000
3,3,8,43500
3,3,8,43000
3,3,8,42500
3,3,8,42000
3,3,8,41500
3,3,8,41000
3,3,8,40500
3,3,8,40000
3,3,8,39500
3,3,8,39000
3,3,8,38500
3,3,8,38000
3,3,8,47000
3,3,8,47000
3,3,8,46500
3,3,8,46000
3,3,8,45500
3,3,8,45000
3,3,8,44500
3,3,8,44000
3,3,8,43500
3,3,8,43000
3,3,8,42500
3,3,8,42000
3,3,8,41500
3,3,8,41000
3,3,8,40500
3,3,8,40000
3,3,8,39500
3,3,8,39000
3,3,8,38500
3,3,8,38000
3,3,8,47500
3,3,8,46000
3,3,8.4,22500000
1,1,2.4,2250000
3,3,12,26000000
4,4,12,55000000
6,6,1.3,200000000
6,6,2,280000000
4,4,4.8,46000000
2,2,4.1,8500000
5,5,2,160000000
4,3,8,10000000
5,4,14,13500000
2,2,4.2,4800000
4,3,8,10500000
3,3,8,7800000
6,6,10.4,36000000
4,3,5,5000000
4,4,4.8,12000000
0,4,14,1000000
0,4,14,500000
6,6,9.2,29000000
3,2,3,4500000
3,3,3.1,21000000
4,4,3.2,12500000
4,4,4.8,16700000
3,3,8,5700000
4,4,4.8,15000000
5,5,14,11700000
1,2,1.8,2000000
3,2,4.8,8500000
2,2,5.8,5184000
2,2,5.8,5184000
2,3,4.7,13500000
3,4,6.2,12000000
3,3,9.8,8844000
3,3,9.8,8844000
2,2,4.2,5000000
2,2,4.2,5100000
2,2,4.2,5200000
2,2,4.2,5300000
2,2,4.2,5500000
3,3,10,10000000
3,3,10,10100000
3,3,10,10200000
3,3,10,10300000
3,3,10,10500000
3,3,6,13500000
3,3,6,13600000
3,3,8,18500000
3,3,8,18600000
3,3,8,10000000
3,3,8,10100000
3,3,8,13500000
3,3,8,13600000
3,3,8,6500000
3,3,8,6600000
3,3,8,13500000
3,3,8,13600000
4,4,12.5,11200000
4,4,12.5,11200000
4,4,12.5,11200000
2,2,4.4,55000
4,4,7.1,70000
5,5,2,350000
5,5,1,225000
4,3,1.2,130000
5,5,1,350000
4,4,2,800000
6,6,1.3,450000
0,3,1,115000
0,5,1,250000
0,3,8,78000
0,3,4,125000
0,2,2,45000
4,3,7.6,52000
0,0,5,38000000
5,4,4.4,15200000
4,3,8,4500000
9,7,14.2,46500000
2,2,5,3600000
5,4,4.4,15000000
5,4,4.4,16000000
2,2,5,2800000
1,1,3.4,550000
2,2,5,2300000
0,0,8,26500000
6,5,8,25000000
5,4,4.4,17000000
6,5,8,26000000
5,4,4.4,17000000
7,6,1,55000000
7,6,1,57500000
6,5,1,47500000
6,5,1,45000000
7,6,1,48000000
7,6,1,45000000
5,4,1,24000000
5,4,10,28500000
5,5,9.3,45000000
10,10,1.3,600000
2,2,14,55000
3,3,1,85000
7,6,2,400000
0,0,17.8,130000
6,5,1.3,350000
3,4,6.7,38000
7,6,1,200000
3,3,8,45500
3,3,8,45000
3,3,8,44500
3,3,8,47500
3,3,8,46500
0,0,2,6000000
5,5,1,49900000
3,2,10,16000000
5,5,1,88000000
6,5,1,50000000
5,4,10,42500000
6,5,1,44000000
6,5,1,44000000
5,4,5,9500000
5,3,5,12200000
0,0,2.5,2100000
0,0,1,41000000
7,5,1,39000000
7,5,1,49000000
5,4,10,42000000
7,5,8,17000000
6,5,1,45000000
6,5,1,47000000
4,3,5,18000000
5,4,7,45000000
6,5,1,47000000
5,3,5,11300000
6,5,10,25000000
7,5,10,17000000
6,5,1,47000000
4,3,7,19000000
0,3,5,11000000
0,1,3.7,6700000
0,2,7.6,11500000
1,2,3.5,4500000
0,0,7,12000000
0,2,3,1800000
0,2,3,1800000
0,2,3,1800000
0,2,3,1800000
4,11,15.6,100000
3,3,8,47000
3,3,8,47000
3,3,8,46500
3,3,8,44000
3,3,8,43500
3,3,8,43000
3,3,8,42500
3,3,8,42000
3,3,9.4,9000000
3,3,9.6,12500000
3,3,9.4,8800000
3,3,9.4,9000000
3,3,9.4,9200000
3,3,9.4,11000000
1,1,2.4,2250000
3,3,9.4,9500000
0,0,5,8100000
2,4,3.2,6000000
0,0,5,8100000
0,0,11,11200000
0,0,11,11200000
3,3,14,13800000
3,3,14,13500000
3,3,14,13600000
3,3,14,13700000
0,0,11,15200000
5,4,4.8,16500000
2,2,4,7000000
2,2,4.2,10000000
1,1,2.4,2250000
3,3,5.8,13000000
4,4,8.4,20000000
0,0,1.2,65000000
2,2,2.2,3500000
3,3,3.6,4500000
3,3,4,5500000
3,3,3.1,4000000
2,2,2.2,3500000
3,3,5.3,7500000
2,2,3.3,5000000
5,5,5.6,18000000
6,6,6,9500000
0,2,2,6500000
0,2,2,7500000
0,2,2,5500000
0,2,2,6000000
0,2,2,5500000
0,2,2,5000000
0,3,5.6,15500000
0,2,4.2,6000000
4,4,4.8,8500000
4,4,4.8,8500000
2,2,6.6,8600000
4,4,4.8,8500000
2,2,3.3,1700000
4,4,4.8,8500000
2,2,4.8,7500000
4,3,6.1,9800000
4,3,8,9200000
2,2,4.2,5500000
2,2,4.8,7500000
4,3,8,8800000
4,3,5,5000000
3,3,8,8000000
2,2,4.8,7500000
2,2,4.8,7500000
2,2,4.8,7500000
2,2,4.8,7500000
2,2,4.8,7500000
2,2,4.8,7500000
2,2,4.8,7500000
4,4,4.8,8500000
0,0,16,92500000
4,4,4.8,8500000
3,3,2.2,105000000
2,2,4.8,8500000
8,7,7.4,20000000
2,2,3.3,1700000
3,2,4.2,7000000
8,9,9.6,38000000
4,4,14,14500000
2,2,4.4,7500000
2,2,4.2,6500000
2,2,4.4,4800000
2,2,4.4,4800000
3,3,6.2,6800000
3,3,8,45000
3,3,8,45000
0,2,2,26000
0,2,2,23000
0,2,2,27000
0,2,2,30000
0,2,4.2,35000
0,2,4.2,37000
0,2,4.2,37000
0,2,6,55000
0,4,8.4,70000
0,3,5.1,55000
0,4,4,90000
0,4,4,126000
4,3,9.8,130000
2,2,4.2,36000
2,2,4.4,38000
4,3,8.9,100000
5,4,4.4,16500000
0,0,7.3,17000000
6,6,8,27000000
6,5,8,32000000
5,4,4.4,15200000
7,6,1,49500000
5,5,4.4,15800000
0,0,4,2000000
5,4,4.4,16500000
0,0,5,6500000
0,0,4.4,16000000
0,0,4.4,16000000
0,0,8,25000000
0,0,10.9,32000000
0,0,10.9,32000000
0,0,14.2,40000000
0,0,1,45000000
7,6,1.3,82500000
0,0,0,31500000
0,0,1.7,95000000
3,3,8,41500
3,3,8,40500
3,3,8,41000
3,3,8,40000
3,3,8,39000
3,3,8,39500
3,3,8,38500
3,3,8,38000
10,9,1,100000
2,2,5,14000
1,1,3.6,45000
6,5,10,70000
6,5,10,21000000
7,5,10,17000000
0,0,1.3,90000000
6,5,1,34000000
4,3,8,12000000
4,3,5,9800000
6,5,11,25000000
4,3,5,10500000
7,5,1,39000000
6,5,10,19000000
6,5,10,20500000
7,5,10,16500000
6,4,10,14500000
7,5,10,20000000
4,3,3,5600000
6,5,1,42000000
7,6,1,69000000
4,3,5,21000000
6,5,1,42000000
7,5,10,15000000
6,5,10,21000000
7,5,10,18000000
5,3,5,12500000
6,5,1,43000000
6,5,1,53000000
2,3,5,8500000
7,5,10,17000000
7,5,11,18500000
6,5,1,57000000
5,3,5,10500000
4,4,10,16000000
5,3,5,11200000
6,6,1,68000000
7,5,10,18000000
5,5,10,16500000
3,3,5,10000000
6,5,1,35500000
4,3,5,9000000
5,5,10,17000000
6,5,10,15500000
6,5,1,45000000
0,5,10,16500000
0,5,7,11000000
0,5,14,19000000
0,6,10,14500000
7,5,10,16500000
7,5,10,17500000
7,5,1,54000000
7,5,1,52500000
6,5,10,22000000
4,4,5,11400000
7,6,1,25000000
7,5,10,14500000
6,5,2,129000000
0,3,4,5000000
0,3,4,5000000
0,4,5,11000000
0,3,3.5,7500000
0,5,10,15500000
0,3,3,7500000
4,3,5,13500000
4,3,7,21500000
7,5,1,45000000
4,3,7,22000000
6,5,1,87500000
0,0,5,14000000
0,0,5,12000000
0,0,3.5,2300000
5,4,10,22500000
6,5,10,24000000
3,3,7,8000000
0,2,5,4200000
0,0,8,12000000
3,3,5,9849000
8,6,10,12000000
5,5,13,23500000
0,0,4,3500000
0,0,5,11000000
3,3,8,14000000
3,3,8,13000000
3,3,6.1,15000000
3,3,8,20000000
2,2,5.1,6800000
2,2,4.2,6200000
4,4,14.6,25000000
0,0,5.2,16000000
3,3,4,33000000
0,0,6.4,10800000
3,3,8,6500000
0,3,8,6300000
0,3,8,19000000
0,3,6,16500000
0,3,6.4,13500000
0,4,10,19000000
0,3,5,5200000
0,3,8,14200000
0,3,8,13800000
4,4,3.6,11200000
4,5,5,17000000
6,6,2,270000000
6,6,12,65000000
0,0,7.6,12500000
3,3,5.1,6500000
0,0,4.4,3600000
6,6,3.2,11000000
8,8,4.8,15000000
3,3,5.1,4800000
3,3,5.3,6500000
3,3,7.1,9000000
2,2,1.5,3200000
0,0,18,1900000
2,2,4.4,8500000
0,0,4.2,6700000
3,2,4.4,4500000
0,0,1.5,2200000
3,3,8,9500000
3,3,8,6900000
2,2,4.2,5800000
2,2,4.2,5800000
2,2,4.2,6000000
2,2,4.2,5300000
2,2,4.2,5300000
2,2,4.9,5600000
2,2,4.9,5600000
3,3,8,12000000
3,3,8,18500000
3,3,6.1,14200000
4,4,14,15000000
0,0,4.2,5500000
4,4,14,16500000
5,5,1,25000000
3,3,8,20000000
0,0,4.4,13500000
0,0,9.6,27000000
0,0,16,40000000
0,0,9.6,24000000
0,0,4.8,11000000
0,0,8,18000000
0,0,8,19500000
0,0,4.8,8000000
0,0,4.8,8500000
0,0,16,37500000
0,0,4.8,8800000
0,0,4.8,13500000
0,0,4.8,12500000
0,0,4.8,15000000
0,0,4.8,15000000
0,0,4.8,15000000
0,0,4.8,9000000
0,0,5.8,15000000
0,0,8,23000000
0,0,10.6,30000000
0,0,4.8,13500000
0,0,4.8,13500000
0,0,8,21000000
0,0,8,15500000
0,0,8,16000000
6,6,1,95000
3,3,14,90000
2,2,4,30000
0,0,2,120000000
3,3,10,39000000
6,6,1,47500000
2,2,9.4,16500000
0,0,2.7,8500000
6,6,1,47500000
4,4,10,27000000
0,4,10,13000000
0,6,10,15500000
0,0,5,8000000
0,4,9.3,19000000
0,4,9.3,19000000
0,8,1,36000000
0,0,14.2,18000000
6,6,1,47500000
6,6,10,45000000
0,6,1,17500000
5,5,5,18500000
3,3,5.3,8500000
0,0,4.5,9000000
0,0,2.5,4000000
0,0,5.5,4500000
0,0,3.5,6500000
0,0,3.5,6500000
0,0,7,6000000
0,0,4,3500000
0,0,6,11500000
2,2,4.7,5000000
2,2,3.6,4500000
0,0,6,6500000
0,2,12,35000
0,3,12,40000
0,1,3.3,17000
0,2,12,40000
0,6,1,170000
0,3,14,43000
8,7,13,95000
3,3,5,32000
0,0,5,20000
0,2,5,19000
4,4,7,46000
5,5,10,75000
5,4,10,39000000
8,6,1,35000000
7,5,10,17000000
5,4,10,32500000
7,5,11,18500000
6,5,1,49000000
5,5,1,47500000
5,4,9,23500000
4,4,5,12500000
6,4,8,14500000
6,5,1,43000000
6,5,1,45000000
4,3,5,15800000
5,4,10,25500000
3,6,2,75000000
2,2,0,2200000
1,2,3,2500000
4,3,5,20500000
5,4,10,25000000
6,5,1,55000000
6,5,1,53500000
5,4,10,30900000
6,4,10,15500000
4,3,5,21500000
4,3,5,21800000
5,4,10,27500000
6,5,1,41000000
4,3,6,17900000
3,3,10,22500000
7,6,1,32000000
6,5,1,45000000
4,3,6,14600000
5,4,10,24700000
5,4,8,22500000
6,5,1,45500000
7,5,1,29000000
6,5,1,44500000
6,5,1,46500000
5,4,10,25800000
0,0,1,37500000
2,3,5,8000000
6,5,1,42500000
6,5,1,32500000
4,3,5,10000000
6,5,1,44000000
6,5,1,43500000
4,3,7,22500000
4,4,5,11500000
0,0,5.5,13500000
0,6,10,18000000
0,6,6,13500000
0,0,10,21000000
0,0,4,7500000
0,0,5.5,9500000
0,0,5,8000000
0,5,7,14500000
0,0,5,14000000
3,3,5,6500000
7,6,10,18500000
0,0,5,1100000
2,2,5,5800000
6,5,7,15000000
0,3,2.5,3500000
0,4,4,7000000
0,0,10,13500000
0,0,10,11500000
6,5,14,26900000
0,0,2.5,5500000
0,0,6,9500000
0,0,5,8500000
0,0,5,7500000
0,0,5,8000000
0,0,4,4000000
6,5,10,22000000
5,4,12,180000
3,3,5,26000
9,4,11.6,130000
2,2,4.4,27000
4,4,13.1,50000
4,4,1,200000
4,4,1.8,350000
6,5,1,110000000
7,7,8,32000000
2,5,3.2,3500000
8,8,1.2,80000000
3,3,8,17400000
3,3,8,12200000
3,3,8,12000000
0,0,1.3,180000000
3,3,8,13000000
3,3,8,10500000
3,3,8,11000000
3,3,8,9800000
0,4,4.8,13000000
0,2,3.3,2500000
0,2,3.2,4700000
0,4,3.2,7000000
0,0,3.2,7000000
4,4,14,14500000
0,0,9.3,16300000
3,2,4.8,25000
3,3,1,110000
8,8,4.8,28000000
4,4,4.8,42500000
7,6,1.6,370000000
4,3,6.1,9200000
4,3,8,11000000
2,2,4.2,4500000
4,4,14,14500000
3,3,8,7000000
4,3,5,5000000
3,3,5.6,12500000
3,3,5.8,8000000
0,3,6.7,12000000
0,3,6.7,18500000
0,3,6.7,21000000
0,4,6.7,26500000
0,5,7.2,37000000
0,2,4.9,6000000
0,2,4.9,6500000
0,3,6.7,8000000
0,4,8.9,14500000
0,2,2.7,2600000
3,3,5.6,12500000
3,3,9.6,15500000
3,3,7.8,21000000
3,3,7.1,30000000
3,3,9.8,85000
2,2,3.1,4500000
1,2,3,10000
2,2,4.2,20000
0,0,4,30000
0,0,4.2,18000
3,3,9.6,42000
6,6,1.2,280000
2,2,4,28000
5,5,1,300000
2,2,3.6,17000
1,1,1.8,35000
4,3,1,50000
3,3,12,60000
4,3,1,55000
4,4,4,52000
4,3,1,45000
6,6,1,290000
3,2,8,28000
2,2,4.9,65000
0,4,5,40000
0,4,5,40000
0,2,2.5,11000
6,4,6,42000
9,9,14,250000
2,2,2.7,12500
2,2,4.3,13000
6,5,1,56000
4,4,1,170000
4,3,1,65000
0,3,1,65000
0,3,5,40000
0,4,8,55000
4,3,1,90000
2,2,4,16000
3,3,8.3,21000000
7,7,14.9,45000000
4,4,5.6,23000000
0,2,5,4000000
2,2,5,2300000
5,3,11.4,17800000
6,6,1,45000000
3,3,5,13000000
3,3,8,7200000
5,5,8,20000000
6,6,1,44500000
2,3,14.2,40000
4,3,1,60000
4,3,1,60000
4,3,1,50000
2,1,4.7,40000
8,6,1,150000
0,3,1,60000
0,4,6,35000
5,4,5,30000
0,0,5,16000
3,3,1.8,65000
4,3,1,75000
6,5,10,23500000
6,5,10,21000000
5,4,10,21000000
5,4,10,21000000
0,0,8,18000000
4,3,5,8500000
3,4,5,10000000
6,5,1,52500000
6,5,1,46000000
0,0,1,100000000
6,5,1,34000000
4,3,5,9400000
0,3,5,9600000
5,4,12,16000000
6,5,2,110000000
7,6,1,28000000
6,5,2,72000000
6,5,1,43000000
6,5,1,50000000
0,0,2,72500000
0,5,1,70000000
6,5,1,70000000
0,4,3,4500000
0,3,4,7500000
0,4,3,5000000
0,2,3,7500000
0,4,5,9000000
0,3,2,4000000
0,4,5,9000000
0,4,3.2,4500000
0,3,4,10500000
0,4,3,5000000
0,4,5,9500000
0,3,1.8,3300000
0,4,2,5000000
0,4,3,5000000
0,4,15,22500000
0,3,4,10500000
7,5,1,42500000
2,3,5,8200000
5,4,5,12000000
0,5,10,18000000
0,3,5,11500000
0,3,5,10500000
0,5,10,16500000
0,6,1,30500000
0,3,5,12000000
0,4,8,14000000
4,3,5,22500000
7,5,1,49500000
0,5,1.1,56500000
5,4,10,19000000
6,5,1,42500000
6,5,1,49000000
0,5,1,35000000
0,5,5,16000000
0,5,12,35000000
0,5,12,24000000
0,5,12,25000000
0,4,12,22000000
0,4,5,12000000
0,5,10,19000000
0,5,10,18000000
0,5,1,42500000
0,5,5,11000000
0,5,8,15000000
0,5,1,42500000
6,5,1,61000000
6,5,1,41000000
4,3,10,35000
5,4,10,21500000
7,5,1,55000000
4,4,10,22500000
6,5,1,46000000
5,4,10,22000000
4,3,5,14500000
7,5,1,50000000
0,0,1,42000000
6,5,1,45500000
6,5,1,42500000
7,5,1,55000000
4,3,5,10800000
4,3,5,12500000
5,4,10,31000000
5,4,10,27500000
0,4,5,9800000
0,4,5,9800000
0,0,11.5,17500000
0,5,11,35000000
0,5,10,25000000
0,3,2,6000000
0,5,9,22500000
0,0,19,34000000
0,4,4,9000000
0,3,3,9000000
0,3,2,7000000
0,4,11.5,18000000
0,3,3,8500000
0,3,8.5,25000000
0,5,10,35000000
6,5,1,45000000
6,5,1,37000000
5,4,10,26600000
7,5,1,47500000
3,3,10,200000
6,5,1,49000000
5,5,7,14000000
3,3,3,7000000
5,5,13,32500000
6,5,8,14500000
2,2,5,3800000
5,4,10,22000000
6,5,7,10500000
6,5,7,14000000
0,0,3,7500000
3,3,9.2,40000
0,0,18,60000
2,2,4.2,20000
3,3,9.6,42000
3,3,9.2,40000
3,3,8.4,45000
3,3,8.4,60000
2,2,4.8,35000
3,3,9.6,45000
3,5,9.6,37000
3,3,4.8,8000000
3,5,3.2,7500000
3,2,4.2,11000000
3,3,0.9,12000000
2,2,3.3,2200000
6,6,4.8,20000000
2,2,4.4,22500000
2,2,2.9,2800000
0,0,14.4,62200000
5,4,14,55000000
5,5,12,95000000
0,4,8,22000000
0,4,8,22000000
0,2,4.2,9000000
0,3,7.3,11000000
0,4,8.9,20000000
0,3,6.4,16000000
0,2,3.8,9000000
0,2,3.6,7500000
0,3,1.6,12000000
0,3,1.6,12000000
0,0,5.5,22100000
0,0,5.3,21300000
0,0,5.5,18400000
0,0,5.3,17800000
0,0,5.5,16600000
0,0,5.3,16000000
0,0,5.5,14100000
0,0,5.3,13600000
0,0,5.5,14100000
0,0,5.3,13600000
7,5,12.9,25000000
3,3,9.6,34000000
0,2,4,10000000
0,3,6.2,12000000
0,4,8.9,27500000
0,2,4.4,12500000
0,3,6.2,12500000
0,3,6.2,12500000
0,3,6.2,20000000
0,4,7.1,11000000
0,3,6.7,16500000
0,4,17.8,27000000
0,4,6.9,22000000
0,3,6.7,20000000
3,3,4.9,17000000
2,2,4,16500000
5,4,14,85000
4,3,8.9,115000
2,2,4.4,45000
0,0,1,225000
7,6,1,250000
4,3,6.7,75000
4,3,1,40000
4,2,10,35000
4,3,12,32000
4,3,1,45000
4,3,1,39000
2,2,6,40000
6,5,1.1,160000
4,3,14.2,42000
7,6,1,100000
5,5,1,130000
2,2,3.6,26000
2,2,4.2,25000
5,5,8,100000
2,2,7.1,50000
3,3,8.4,60000
6,6,1,225000
2,2,7.2,70000
7,6,1,45500000
6,6,1,52500000
3,3,8,7200000
1,1,3.4,13800000
5,5,4,16500000
6,5,8,31000000
2,2,5,3100000
6,6,1,50000000
0,0,5.6,12000000
0,0,6.7,14000000
0,0,5.6,11500000
0,0,5.6,12500000
0,0,8,16000000
0,0,5.6,11000000
0,0,5.6,12000000
0,0,5.6,13800000
0,0,9.3,22000000
2,3,4.9,9500000
0,2,4,14000000
0,4,7,24500000
0,4,4,13500000
0,7,10,30000000
0,0,10.9,35000000
5,5,10,30000000
2,2,5,3600000
2,2,5,2800000
4,4,7,45000
0,0,8,18000
4,3,12,65000
0,0,5,15000
0,0,5,16000
0,0,5,17000
0,0,5,18000
0,0,5,19000
0,0,5,20000
0,0,5,21000
0,0,5,22000
0,0,5,23000
0,0,5,24000
0,0,5,15000
0,0,5,16000
0,0,5,17000
0,0,5,18000
0,0,5,19000
0,0,5,20000
0,0,5,21000
0,0,5,22000
0,0,5,23000
0,0,5,24000
6,5,1,45000000
6,5,1,40000000
4,3,5,40000
5,4,10,28200000
6,4,1,30000000
5,5,2,170000000
5,4,10,28500000
6,6,1,42000000
5,4,10,29000000
5,4,10,37500000
0,4,5,13500000
6,5,1,43000000
7,5,1,57500000
7,6,7,15000000
7,5,1,52500000
5,4,10,29900000
5,4,10,31500000
7,5,1,58000000
0,6,10.1,14500000
5,5,1,45000000
7,7,2.9,125000000
3,3,3,4500000
6,5,5,14000000
5,4,10,38500000
7,7,5,50000
6,4,5,9500000
6,5,12,27500000
7,5,1,37000000
6,5,10,18800000
4,3,8,11500000
0,10,0.6,15000000
0,2,5,4000000
0,4,10,22500000
0,5,10,22500000
0,4,10,17500000
6,5,10,16200000
6,5,1,32500000
6,5,10,21800000
6,5,10,18000000
5,4,7,19900000
3,9,16,32000000
6,5,10,21000000
4,3,5,12500000
4,3,5,10500000
6,5,0.1,45000000
0,4,8,16500000
0,5,10,19500000
0,3,5,10500000
0,5,10,16500000
0,6,1,30500000
0,3,5,12000000
0,4,8,14000000
0,4,8,16500000
0,5,10,19500000
5,5,1.2,28000000
3,3,3,4500000
5,4,7,23000000
5,4,10,34500000
6,5,1,45000000
4,3,7,21000000
6,5,1,43000000
6,5,1,32000000
6,5,1,70000000
6,5,1,41000000
0,3,3,12000000
0,3,2.2,5000000
0,7,17,37500000
0,4,3.5,12000000
0,0,5,15000000
0,0,2.6,150000000
0,3,4.5,8500000
5,4,10,19000000
3,3,5,10000000
4,4,10,20700000
4,4,12,14000000
5,5,10,22400000
0,0,8,19500000
4,4,12,38000000
2,4,10.7,12800000
2,5,5.6,11500000
6,16,1.2,150000000
4,9,9.6,65000000
3,3,5.3,8000000
3,3,5.3,8000000
3,9,9.6,62500000
3,3,9.6,22500000
3,3,9.6,25000000
6,6,1,112500000
2,2,2.9,3600000
3,3,5,13000000
0,2,3.8,12500000
0,2,3.8,11500000
0,2,2.9,5500000
0,3,5.1,12000000
0,4,7.1,30000000
0,3,7.1,21000000
0,3,6.7,21000000
0,3,6.7,13000000
0,3,4,13000000
0,2,4,13500000
4,4,12,37500000
5,5,8.8,57500000
3,3,6,14500000
0,5,8,55000000
0,5,12,85000000
0,5,12,85000000
0,5,12,77500000
0,5,12,110000000
0,5,12,92500000
0,5,12,95000000
0,4,12,73000000
4,4,3.6,13000000
3,3,5,13800000
9,10,16,120000000
3,3,5,11400000
3,3,5,11000000
3,3,5,10800000
3,3,5,9000000
3,3,5,8500000
3,3,5,8400000
2,4,3.2,7000000
4,4,7,40000
3,3,5,45000
3,3,1,95000
5,5,10,100000
2,2,6.2,50000
2,2,3.1,35000
3,3,10,45000
2,2,6.7,62000
2,2,10,45000
3,3,14.2,65000
3,3,7.1,65000
3,3,10,45000
0,0,10,65000
0,0,10,70000
0,0,10,75000
3,3,14.2,65000
3,3,14.2,75000
3,3,14.2,65000
3,3,14.2,65000
0,3,10,50000
0,1,4,20000
0,7,10,85000
0,4,4,50000
0,4,1,60000
0,3,12,55000
0,4,12,110000
0,6,12,110000
0,4,4,50000
0,6,10,100000
0,4,10,55000
0,3,4,25000
0,0,14.2,50000
0,0,8,35000
0,0,14.2,65000
0,0,4.4,22000
1,1,2.4,95400000
4,4,8,16000000
0,4,5.6,12000000
2,3,2.8,2500000
2,2,5,2300000
4,3,8,7500000
4,3,8,6100000
4,3,8,4500000
0,0,5.6,12000000
4,4,7,30000000
0,0,1.2,3500000
0,0,2,4500000
0,0,3.5,8000000
0,0,5,9000000
0,0,5.5,10000000
0,0,4.5,12500000
0,0,2,5500000
0,0,4,9000000
0,0,3,5500000
0,0,3,5500000
0,0,1.5,4500000
0,0,3,6500000
0,0,3.5,8000000
0,0,2,6000000
0,0,2,6000000
0,0,2,6000000
0,0,2,6000000
0,0,10,30000
0,0,10,25000
0,0,10,22000
0,0,10,20000
0,0,4,15000
0,0,4,15000
0,0,10,20000
0,0,5,17000
2,2,10,65000
3,3,1,55000
6,5,7,44000
0,0,5,55000
0,0,5,22000
0,0,5,32000
3,3,6,12000000
6,5,1,61000000
3,3,3,6000000
6,6,6,16500000
0,4,10,26000000
0,4,10,25000000
0,5,10,30000000
0,5,10,27000000
0,5,10,28000000
0,0,7.5,28500000
0,5,10,27500000
0,3,3,9000000
0,4,5,16000000
0,3,2,6500000
0,3,3,9500000
0,0,3,9200000
0,0,10,29000000
0,0,10,29500000
0,0,5,14500000
5,4,10,33000000
6,5,1,46000000
0,5,1,40000000
0,5,1,45000000
0,6,1.1,32500000
0,5,10,21000000
0,4,10,19000000
0,6,5,11000000
0,4,5,9500000
0,4,5,8000000
0,3,3,9000000
0,3,3.5,7000000
0,1,2.5,4200000
0,3,2,2500000
0,6,10,15000000
0,5,10,15000000
0,3,3,6000000
0,3,3,5000000
0,4,4,6000000
0,3,3.5,5000000
0,2,5,6500000
0,4,6,9000000
0,3,3.8,6500000
0,3,1.8,3000000
0,3,3,6500000
0,3,4,7000000
3,3,10,22500000
0,3,10,13000000
0,3,5,11200000
0,3,5,12500000
5,4,10,32000000
6,5,1,40000000
6,5,1,49000000
0,5,4,65000000
5,4,5,12500000
5,4,5,12000000
4,4,10,16000000
5,4,10,19000000
6,5,1,59500000
2,4,2.5,6800000
6,5,1,45000000
0,3,5,11500000
0,3,8,16500000
0,4,10,19000000
0,4,12,22500000
0,6,14,30000000
0,3,5,11000000
0,3,8,17500000
0,4,10,18500000
0,4,12,21000000
0,5,14,28000000
0,3,9,17000000
0,4,12,23000000
0,3,7,12500000
0,3,4.5,8000000
0,4,10,11500000
5,4,7,13500000
6,5,10,19000000
7,5,12,17000000
0,5,1,34000000
0,5,15.5,27500000
7,6,16,32000000
1,1,2.3,4500000
3,3,5,10500000
0,0,7,7500000
0,0,4.2,6000000
0,0,6.5,11000000
0,0,2.5,2200000
0,0,3.5,4500000
7,6,1,275000
6,6,1,275000
3,3,1,140000
3,3,9.6,75000
3,3,8,37000
0,0,4.8,40000
0,0,4.8,40000
3,3,16,60000
2,2,1,90000
3,2,6.7,80000
6,5,1,270000
3,3,11.4,31500000
0,0,0.7,5500000
0,0,4.4,12500000
2,2,4.2,5200000
2,2,4.2,4500000
2,2,5.1,4500000
2,2,4.4,6944000
3,3,10,9500000
2,2,4.2,5500000
2,2,4.2,6500000
2,2,4.4,8000000
3,3,8,9900000
3,3,6.1,13500000
3,3,8,19000000
3,3,8,13000000
3,3,8,12000000
3,3,5,9000000
3,3,11.4,27500000
4,4,10,6000000
4,4,10,5000000
0,5,12,85000000
0,5,8,55000000
0,5,12,85000000
0,5,12,110000000
0,5,12,77500000
0,5,12,55000000
0,5,12,55000000
0,5,12,55000000
0,5,12,42900000
0,5,12,42900000
4,4,10,7000000
4,4,10,7000000
4,4,10,9500000
6,6,10,35000000
2,2,4.2,6100000
2,2,3.5,4800000
3,3,11.4,31000000
3,3,6.4,18000000
3,5,1,87600000
3,5,1,85000000
2,2,4.2,6500000
2,2,4.2,7500000
2,2,4,7500000
3,3,8,18500000
3,3,8,18500000
3,3,8,18600000
3,3,8,18600000
3,3,8,18700000
3,3,8,18800000
3,3,8,18800000
3,3,8,18900000
3,3,8,18900000
3,3,8,19000000
3,3,8,19000000
3,3,8,19100000
3,3,8,19100000
3,3,8,19200000
3,3,8,19200000
3,3,8,19300000
3,3,8,19300000
3,3,8,19400000
3,3,8,19400000
3,3,8,19500000
3,3,8,19500000
3,3,8,19600000
3,3,8,19600000
3,3,8,19700000
3,3,8,19700000
3,3,8,19800000
3,3,8,19800000
3,3,8,19900000
3,3,8,19900000
3,3,8,20000000
2,2,3.3,2500000
3,3,5,14000000
3,3,6,13500000
3,3,6,13600000
3,3,6,13700000
3,3,6,13800000
3,3,6,13900000
3,3,6,14000000
3,3,6,14100000
3,3,6,14200000
3,3,6,14300000
3,3,6,14400000
3,3,6,14500000
3,3,6,14600000
3,3,6,14700000
3,3,6,14900000
3,3,6,15000000
3,3,8,10000000
3,3,8,10100000
3,3,8,10200000
3,3,8,10300000
3,3,8,10400000
3,3,8,10500000
3,3,8,10600000
3,3,8,10700000
3,3,8,10800000
3,3,8,10900000
3,3,8,11000000
3,3,8,11100000
3,3,8,11200000
3,3,8,11400000
3,3,8,11500000
6,5,1.2,120000000
1,2,3.2,9000000
3,3,11.4,55000
3,3,11.4,55000
3,3,11.4,55000
6,5,1.3,350000
6,6,14,135000
9,8,2,700000
4,4,8,40000
10,11,2.5,1000000
2,2,7,40000
2,2,4,22000
7,6,2.5,280000
6,6,1,125000
0,4,8,14000000
0,0,1.9,2400000
0,2,3.4,4500000
3,3,8,100000000
6,5,10,27500000
1,1,2.2,100500000
2,2,5,4500000
5,4,7,11000000
0,0,5,17000
0,0,5,14000
0,0,8,19000
0,0,4,26000
0,0,5,35000
0,0,5,18000
0,0,5,17000
0,0,3,8000
0,0,1,6000
0,0,5,35000
0,0,5,18000
0,0,5,17000
0,0,4,10000
0,0,5,18000
0,0,10,22000
0,0,5,15000
0,0,10,60000
0,0,10,65000
0,0,10,70000
0,0,10,30000
0,0,10,35000
0,0,10,35000
0,0,10,40000
0,0,1,95000
0,0,1,100000
0,0,1,105000
0,0,1,120000
0,0,1,45000
0,0,1,50000
0,0,1,55000
0,0,1,60000
0,0,1,65000
0,1,1.7,12000
0,1,1.8,14000
0,1,1.8,15000
4,3,10,32000
0,0,5,15000
0,0,5,15000
0,0,15,60000
6,5,1,52000000
6,5,1,35000000
6,5,1,82500000
10,9,1.6,200000000
5,10,1.1,45000000
6,5,1,59000000
6,6,1,33500000
6,5,1,51500000
0,3,4,4600000
0,4,2.5,2600000
0,3,3,3500000
0,2,2.5,2500000
0,2,5,4700000
0,4,4,8500000
0,5,1,63000000
0,3,3,3950000
0,2,2.5,3500000
6,5,1,33500000
0,3,4,8000000
0,2,2.5,6500000
0,3,2.5,6500000
0,5,5,9000000
0,3,2.5,4000000
0,2,2.5,5000000
0,3,2.5,5500000
0,2,2.5,5500000
0,2,2.5,4500000
0,1,2.5,4000000
0,6,5,13000000
0,7,5,13000000
0,3,4,6500000
0,2,5,6000000
0,4,5,9000000
0,2,4,6500000
0,4,4,6500000
0,5,10,25000000
0,5,10,25000000
0,4,10,19000000
5,3,5,10500000
7,5,10,17000000
6,5,1,42500000
7,5,1,39000000
5,3,5,12200000
7,5,10,20000000
7,5,12,26000000
7,5,10,22000000
6,4,8,17500000
6,3,5,11000000
7,5,11,23000000
6,5,10,20500000
4,4,10,39000000
6,5,10,16800000
6,5,10,22500000
5,4,8,15800000
6,5,10,15500000
4,3,5,10200000
6,4,10,16000000
4,3,6,9000000
4,3,6,9500000
7,5,1,32500000
6,5,10,22000000
0,3,5,11500000
0,4,5,14000000
0,3,5,12000000
0,5,10,21500000
0,5,10,24500000
0,3,2.8,5000000
0,3,3,5400000
0,3,4,6200000
0,3,6,6500000
0,3,5,9500000
7,5,8,14500000
5,4,14,32500000
0,5,5,12000000
0,5,5,10500000
0,5,10,21500000
0,6,10,15500000
0,5,10,15000000
0,3,3.5,8500000
0,0,4.5,15000000
4,3,7,21500000
0,3,5,9500000
0,3,5,10500000
0,3,5.5,13500000
0,4,9,22500000
4,3,7,23500000
4,3,10,19500000
6,4,10,22500000
0,3,5,10500000
6,4,1,39000000
0,4,5,9500000
0,2,5,5500000
0,2,4.5,5000000
0,2,7,6500000
0,3,10,7800000
0,2,4,3600000
0,2,4.8,3500000
0,2,4,3700000
0,2,4,3700000
0,5,1,17500000
0,6,1,18000000
0,4,10,15000000
0,4,10,13500000
6,5,7,45000
0,0,1.9,1800000
0,0,3.8,3500000
0,0,2,3800000
0,0,1.3,1600000
0,0,7,12000000
0,0,5,6000000
0,0,3.5,4500000
5,5,7,15000000
0,7,1,25000000
0,6,10,15000000
0,4,10,14000000
0,0,1,19500000
0,0,1,18500000
0,5,10,13500000
0,6,10,13000000
0,4,10,9000000
0,3,10,8000000
0,4,10,12000000
0,0,4.5,6500000
0,0,4,8000000
0,0,5,8000000
0,0,10,12000000
0,0,10,13000000
3,3,11.4,50000
3,3,11.4,55000
3,3,11.4,56000
3,3,11.4,57000
3,3,11.4,60000
3,3,11.4,60000
3,3,11.4,60000
3,3,11.4,55000
3,3,11.4,55000
3,3,11.4,56000
3,3,11.4,55000
3,3,11.4,58000
3,3,11.4,60000
3,3,11.4,60000
3,3,11.4,60000
3,3,11.4,50000
3,3,11.4,58000
2,2,3.6,25000
0,0,8.9,110000
3,3,6.7,48000
0,6,1,110000000
0,6,1,105000000
0,6,1.3,92500000
0,6,2,280000000
0,6,2,270000000
0,4,1.1,170000000
0,8,2,200000000
0,8,1.8,105000000
0,6,1.2,85000000
0,6,1,112500000
3,3,7.8,20000000
2,2,3.1,5000000
2,2,3.6,4200000
2,2,3.6,3600000
2,2,3.1,2800000
4,5,4.8,15000000
2,4,4.8,18500000
2,4,4.8,14500000
2,4,4.8,13500000
2,4,4.8,12000000
2,4,4.8,13500000
2,2,4.8,12500000
3,3,7.6,135000
3,3,5,14000000
2,2,4.8,5700000
3,3,5.6,5500000
3,3,5.6,5500000
3,3,5.6,5500000
3,3,5.6,5500000
2,2,3.3,3500000
2,2,3.3,3500000
2,2,3.3,3500000
2,2,3.3,3500000
3,3,6.7,6500000
3,3,6.7,6500000
3,3,3.8,4500000
0,3,5.3,21500000
0,3,7.1,26500000
3,3,3.6,5800000
4,4,4.4,16000000
3,3,4.7,8000000
0,5,1,120000000
0,5,12,92500000
3,3,11.4,26500000
3,3,11.4,27000000
3,3,11.4,27500000
3,3,11.4,28500000
3,3,11.4,29000000
3,3,11.4,31000000
3,3,11.4,31500000
3,3,11.4,30000000
3,3,9.6,15000000
3,3,5.6,11500000
4,4,2.2,280000
2,2,4,27000
2,2,3.1,16000
6,6,1,110000
3,3,7,38000
0,0,3.3,16000
0,0,2.7,9000
6,6,1,100000
0,0,1,40000
4,4,1,100000
0,0,6,20000
5,5,1,90000
0,0,10,26000
0,0,0.1,35000
4,4,10,70000
6,5,3.6,450000
4,3,11,19500000
4,4,5,6500000
4,6,13.6,25000000
0,0,5,57500000
2,1,2.8,5400000
6,5,1,45000000
6,5,1,45000000
1,1,3.3,13600000
9,8,1.5,39000000
7,6,16,55000000
2,2,3.5,1200000
0,0,7,8500000
0,0,4,6000000
0,0,7,25000000
2,2,2.4,16000
2,2,2.4,17000
0,2,2.7,17000
0,2,2.7,20000
0,2,2.7,23000
0,0,5,33000
0,0,5,35000
0,0,7,40000
0,0,7,45000
0,0,5,30000
0,0,5,35000
0,0,8,40000
0,0,8,45000
0,0,5,30000
0,0,5,35000
0,0,8,40000
0,0,8,45000
0,0,8,50000
0,0,8,25000
0,0,8,28000
0,0,8,23000
0,0,8,25000
0,0,7,42000
0,0,7,45000
0,0,7,48000
0,0,7,25000
0,0,7,27000
0,0,7,28000
0,0,7,23000
0,0,7,24000
0,0,7,25000
0,0,7,40000
6,4,1,22500000
5,5,1,70000000
4,4,10,22500000
4,3,5,10400000
2,2,5,6500000
0,0,8,19900000
4,3,5,9600000
7,6,1,52500000
0,0,10,37500000
0,0,1,51500000
0,0,1,36500000
0,0,4.7,3350000
6,5,1,60000000
5,4,7,15800000
4,4,10,33000000
4,3,5,14500000
3,3,3,5500000
6,5,1,55000000
4,3,5,18500000
0,8,10,22500000
4,3,5,11500000
2,3,5,14000000
2,2,3,3495000
5,4,10,29000000
6,5,1,47500000
6,5,10,26000000
1,1,2.1,2395000
4,3,3,5000000
2,2,5,4200000
6,6,5,3500000
6,5,10,24000000
4,4,12,35000000
4,4,1,42500000
6,5,1,30000000
4,3,5,19500000
1,1,3.1,5200000
5,5,10,23500000
6,6,5,3500000
5,5,10,23500000
5,5,10,23500000
5,5,10,23500000
5,5,1,48000000
5,5,10,23000000
5,5,10,24000000
6,6,10,28000000
4,4,7,18000000
5,5,10,28500000
5,4,7,15000000
1,1,1.4,3300000
0,0,3,4000000
6,5,7,12000000
3,2,4,3500000
3,2,62.5,6800000
3,3,4.2,6000000
4,6,5,9900000
5,4,12,2100000
4,4,12,200000
3,4,10.2,55000
0,4,1.1,120000
0,3,1,110000
0,4,1,125000
0,3,12,75000
0,3,1,100000
0,3,1,120000
3,3,9.3,135000
4,4,4.4,20000
3,3,7.6,115000
3,4,10.2,50000
2,2,2,26000
4,4,10.7,150000
4,3,10,150000
3,3,7.6,135000
0,0,16,60000
3,3,1,125000
0,0,8,40000
3,3,10.2,95000
3,3,11.4,55000
3,3,11.4,60000
3,3,11.4,60000
3,3,11.4,48000
3,3,11.4,47000
3,3,11.4,55000
3,3,11.4,55000
3,3,11.4,55000
3,3,11.4,55000
3,3,11.4,55000
3,3,11.4,53000
3,3,11.4,55000
3,3,11.4,55000
3,3,11.4,60000
3,3,1,95000
3,3,1,135000
4,4,1,130000
2,3,2,300000
2,4,1,250000
2,3,1,120000
2,4,12,160000
2,4,12,180000
2,3,1,130000
2,2,1,95000
0,0,3.8,4700000
3,3,3.2,18000000
3,6,1,107500000
2,2,4.2,10000000
3,3,8,16000000
3,3,10.7,42500000
3,3,4.8,20000000
2,2,3,7300000
1,2,5.4,10000000
2,2,4.2,6500000
2,2,4.2,7000000
3,3,10,11500000
3,3,10,12500000
4,4,13.1,14500000
4,4,13.1,15000000
5,5,1,65000000
5,5,1,70000000
5,5,1,82500000
5,5,1,75000000
4,4,14,13500000
5,5,1,70000000
3,3,5,14000000
5,5,1,67500000
3,3,8,20000000
3,3,8,14500000
2,2,4.2,7050000
5,5,1,65000000
5,5,1,67000000
3,3,6.7,17500000
3,3,9.4,9700000
3,3,5,9200000
3,3,5,10600000
5,5,1,68500000
5,5,1,70000000
5,5,1,68000000
5,5,1,66000000
7,4,4.8,12000000
6,6,3.2,9200000
0,0,4.4,15000000
2,2,3.8,7800000
2,2,4.8,5000000
6,6,9.1,25000000
0,0,5,17500000
2,2,3.6,4900000
2,2,5,10000000
6,4,4.8,15000000
3,3,11.2,23000000
6,6,10.2,42500000
2,2,4.8,9000000
2,3,3.2,4600000
2,2,5.3,8000000
6,6,16,45000000
6,5,1,135000000
3,3,8,14000000
3,3,6,10500000
3,3,12,19000000
3,3,6,15000000
6,6,1,160000000
4,4,8.9,17500000
3,3,8,6200000
5,3,3.1,7000000
3,3,10.4,80000
5,5,1,115000
5,5,1,110000
5,5,1,110000
5,5,1,120000
5,5,1,115000
2,2,4.4,80000
3,3,4.7,55000
3,3,8,65000
3,3,6,32000
3,3,6.2,35000
3,3,6.2,30000
4,4,10,65000
6,5,2,300000
7,6,1,450000
2,4,9,22000
4,4,2.1,300000
2,2,10,35000
2,2,10,46000
10,9,10.9,140000
1,1,4.4,25000
2,2,10,32000
0,0,10,46000
3,3,1,50000
2,2,10,40000
3,3,1,60000
3,3,14.2,50000
2,2,4.2,18000
5,5,1.3,230000
2,2,7,33000
3,3,12,90000
7,7,14.2,120000
3,3,14.2,58000
4,4,1.6,55000
4,4,10,110000
3,3,1,110000
6,5,1.9,350000
3,3,10.2,174000
3,3,1,105000
3,3,1,70000
5,5,1,200000
2,2,10,35000
5,7,10,150000
5,6,6,12000000
10,9,2,300000000
10,11,2.4,212500000
5,6,4,6500000
6,5,8,16500000
3,3,5.8,4900000
2,2,4.9,3700000
1,1,2.6,2100000
1,1,2.9,2900000
2,2,5,16000
3,3,11,35000
0,0,7,45000
0,0,7,48000
0,0,7,25000
0,0,7,28000
0,0,7,23000
0,0,7,25000
0,0,7,40000
0,0,7,45000
0,0,7,48000
0,0,7,25000
0,0,7,28000
0,0,7,22000
0,0,7,24000
0,0,7,25000
0,1,1.8,10000
0,1,1.8,12000
0,1,1.8,13000
0,2,2.7,15000
0,2,2.7,17000
0,2,2.7,18000
0,0,1,90000
0,0,1,100000
0,0,1,105000
0,0,1,115000
0,0,1,50000
0,0,1,60000
0,0,1,65000
0,0,1,45000
0,0,1,50000
0,0,1,55000
1,2,3,17000
3,3,7,28000
0,0,8,35000
5,5,7,110000
4,4,10,45000
4,3,12,65000
3,3,12,58000
3,3,12,58000
3,3,12,100000
3,2,10,35000
0,0,3.1,12000
4,3,10,35000
1,1,4,6200000
1,1,4,6500000
7,4,7,19000000
3,3,1,4000000
0,1,1.5,1650000
4,5,10,24000000
5,5,1,76000000
3,3,3,7500000
2,2,5,10000000
6,6,8,14000000
3,3,4,11500000
3,3,2,4000000
3,3,2,4000000
0,0,5,4500000
6,5,1,39000000
6,5,1,47500000
1,1,2.1,2395000
3,2,6,6500000
2,2,3,3495000
1,1,2.9,3350000
2,2,4.2,4750000
5,5,18,41500000
3,2,7,11000000
2,2,2,2800000
2,2,2,3000000
2,2,2,2800000
4,4,5,8500000
4,4,5,8500000
4,4,5,9000000
4,4,5,8000000
4,4,3,5500000
4,4,3,5500000
4,4,3,5700000
4,4,3,5800000
0,2,2.5,2500000
0,2,2,4500000
0,3,6,10000000
0,2,2.5,3700000
0,2,2,3000000
0,2,5,7000000
0,3,2.5,4500000
5,5,10,19000000
3,3,3,4200000
3,3,2,3800000
3,3,2,3800000
3,3,1.5,4500000
6,5,1,22500000
6,5,1,36000000
2,3,5,6500000
2,4,7,9000000
2,2,7,7000000
2,3,3,2800000
3,3,5,5000000
3,3,2.5,6500000
0,3,4,7500000
0,3,3,5500000
0,4,6,11500000
0,3,3,6000000
0,4,5,8000000
0,10,3.6,216000000
7,6,14,18500000
0,0,5,10000000
0,0,5,10000000
0,0,5,10000000
0,0,4,6500000
0,0,5,10000000
0,0,7,14500000
0,0,5,10000000
0,0,5,10000000
0,0,5,11000000
0,0,7,14500000
0,0,7,14500000
0,0,5,10000000
0,0,5,10000000
0,0,5,10000000
0,0,5,10000000
0,0,7,14500000
0,0,7,14500000
0,0,5,10000000
0,0,5,10000000
0,0,5,10000000
0,0,5,10000000
0,0,5,10000000
0,0,5,11000000
0,0,7,15000000
0,0,5,10000000
0,0,5,11000000
0,0,5,10000000
0,0,5,11000000
0,0,5,11000000
0,0,5,10000000
0,0,5,9500000
0,0,5,10000000
4,4,10.7,45000
3,3,1,195000
2,2,3.8,24000
3,3,6.2,30000
2,2,3.6,20000
2,2,3.1,18000
6,5,1,215000
3,3,7.1,55000
1,1,1.8,12000
1,1,1.8,11000
4,3,9.8,50000
3,3,6.2,27000
3,3,1,125000
6,6,16,160000
4,4,12,55000
3,3,12,42000
3,3,9.6,45000
3,3,16,60000
3,3,9.6,50000
5,4,1,125000
3,3,5.3,65000
3,3,8,30000
3,2,1,125000
4,4,2,145000
3,3,9.3,50000
3,3,16,45000
3,3,8,9500000
2,2,4.2,9500000
3,3,5,13000000
3,3,5,13000000
3,3,5,13000000
3,3,5,13000000
3,3,5,13000000
3,3,5,13000000
3,3,5,13000000
3,3,5,13000000
3,2,3.2,9000000
3,2,3.2,9000000
4,4,8,22000000
3,2,3.2,9000000
0,0,4.8,5000000
2,3,4.8,8800000
3,3,8,22000000
1,2,3.6,4800000
2,2,3.3,6500000
3,3,4.7,6000000
2,2,4.2,9000000
3,3,6,10500000
6,6,1,130000000
2,2,5.6,8500000
4,4,12,67500000
3,3,10.4,28000000
3,3,6.4,10500000
3,2,4.8,6150000
2,3,2.8,3500000
7,6,2,300000000
3,3,9.6,49000000
6,6,9.6,35000000
3,3,7.6,11900000
2,2,4.4,6944000
2,2,6.2,9716000
2,2,8,15000000
2,2,6,13000000
2,2,8,13500000
6,9,3.2,8000000
2,2,4.4,1400000
2,2,6,14500000
2,2,4.5,7500000
2,2,8,19500000
5,5,1,230000
5,5,1.3,300000
9,6,3.4,1500000
3,3,9.3,60000
6,8,1,165000
3,3,1.3,75000
6,5,1.2,500000
0,10,2.2,150000
2,2,6.2,35000
3,3,12.4,90000
3,3,10.9,75000
5,5,1,180000
5,5,1.1,180000
3,3,1,110000
3,3,1.2,75000
3,3,17.8,55000
0,0,5,10000000
0,0,5,10000000
0,0,5,10000000
0,0,5,10000000
0,0,5,10000000
0,0,5,10000000
0,0,5,10000000
0,0,7,15000000
0,0,1,50000000
6,5,10,22000000
6,5,10,24000000
6,5,10,22000000
6,5,10,22500000
5,4,10,22000000
6,5,10,22000000
6,5,10,24000000
6,5,10,22000000
6,5,12,24000000
6,5,10,20000000
6,5,10,22000000
7,6,1,44000000
6,5,10,26000000
7,6,1,32500000
0,2,5,5100000
0,0,5,6000000
0,3,8.5,9000000
0,4,5,6200000
0,2,5,4500000
0,4,10,14900000
0,2,7.5,6500000
0,2,4,4100000
4,4,5,30000
0,0,6.5,50000
0,0,11,85000
0,0,5,35000
0,0,2.5,23000
0,0,5,25000
0,0,5,25000
0,0,5,20000
0,0,7,50000
0,0,5,33000
0,0,1.2,150000
0,0,7,55000
0,0,5,35000
0,0,5,35000
0,0,15,125000
0,0,10,100000
0,0,7,70000
0,0,5,40000
0,0,1,90000
0,0,6,30000
0,0,7,24000
0,0,7,45000
2,2,1.8,16000
3,2,6,16000
6,5,10,60000
3,3,10,27000
0,3,6,15000
3,3,5,10500000
3,3,2,8000000
3,3,2.5,6500000
3,3,3,10500000
3,3,2.5,6500000
3,3,3,6500000
3,3,3,6600000
3,3,3,6700000
3,3,3,6500000
3,3,4,11000000
3,3,4,7800000
3,3,4,10000000
2,2,3,1525000
2,2,3,1550000
2,2,3,1530000
2,2,3,1650000
2,2,3,1850000
2,2,3,1750000
2,2,3,1590000
2,2,3,1590000
2,2,3,2000000
2,2,3,1400000
2,2,3,1800000
0,2,2,2700000
0,3,2,3200000
0,4,2.5,4000000
0,2,2.5,2300000
0,2,3,2300000
2,2,3,1700000
2,2,3,1500000
2,2,3,1600000
5,4,7,15000000
3,3,3,8500000
5,4,5,14000000
4,4,7,24000000
4,4,7,24000000
2,2,5,10200000
3,4,4,6500000
0,0,1,35000000
2,3,3,4500000
3,4,3,4800000
6,4,5,9200000
3,3,3,12500000
0,0,10,16000000
2,3,2.5,6700000
6,5,10,16000000
6,5,10,18000000
5,4,10,25000000
5,4,10,26000000
0,3,6,13000000
5,4,10,22500000
0,3,3,5500000
0,4,5,8000000
5,4,10,26500000
0,5,6,12500000
0,5,5,10000000
4,3,5,10500000
6,4,1,55000000
6,5,1,43000000
4,3,5,12500000
6,5,1,60000000
3,3,8.9,90000
2,2,6.1,40000
3,3,16,55000
2,2,6,25000
2,2,1,120000
1,1,1,60000
4,4,1,180000
4,3,1,120000
3,3,1,75000
5,4,1,110000
5,4,12,165000
0,0,4.8,30000
3,3,7.5,30000
1,1,2.2,34000
2,2,4.2,40000
3,3,7.1,65000
4,4,4.8,120000
3,3,8,85000
3,3,4,130000
3,3,4,130000
5,5,1,370000
4,4,4,37000
2,2,4.2,40000
2,2,4.2,40000
2,2,4.2,45000
2,2,4.2,50000
3,3,6.2,55000
3,3,6.2,55000
3,3,8,75000
3,3,5.6,45000
3,3,8,75000
2,2,4.2,30000
3,3,4.9,35000
2,2,4.2,30000
2,2,4.2,30000
2,2,6.4,25000
2,2,4.2,35000
2,2,6.2,40000
2,2,4.2,35000
2,2,2,25000
2,2,2.2,30000
2,2,4,30000
9,9,9.6,35500000
0,3,6.2,5000000
3,3,7.1,20500000
3,3,7.1,20000000
4,4,9.8,22500000
2,2,3.6,6000000
3,3,6.1,15000000
2,2,3.8,5200000
3,3,7.3,14900000
3,3,7.3,12900000
2,2,3.6,5850000
2,2,3.6,6700000
3,3,8,21000000
3,3,8,12000000
4,3,6.1,9200000
5,4,14,14500000
2,2,4.2,4500000
4,3,8,11000000
3,3,8,7000000
4,3,5,5000000
3,3,8,15500000
3,3,6,14000000
3,3,6,14500000
3,3,6,14500000
3,3,6,14700000
3,3,6,14800000
3,3,6,14300000
3,3,6,14100000
3,3,6,15000000
3,3,6,15200000
2,2,4.2,6000000
2,2,4.2,6100000
2,2,4.2,6200000
3,3,8,19000000
3,3,6.1,13500000
2,2,4.2,5200000
3,3,10,9500000
2,2,5.1,4500000
2,2,4.2,4500000
2,2,4.2,6500000
2,2,4.2,5500000
3,2,3.2,9000000
2,3,6.2,5500000
2,3,6.2,5500000
2,2,4.8,10000000
2,2,4.8,10000000
3,6,9.6,27000000
3,6,9.6,27100000
3,6,9.6,27200000
2,6,9.6,27000000
2,6,9.6,27200000
4,4,14,15000000
3,3,5.3,13000000
3,3,5.3,15000000
3,3,6.4,16000000
3,3,6.4,18000000
3,3,7.8,20000000
3,3,7.8,17000000
3,3,8,18000000
2,2,4.2,9000000
2,2,4.2,10000000
2,2,4.2,11000000
0,3,5.3,6500000
0,0,16,35000000
0,6,3.2,6500000
0,3,5.3,6000000
0,0,8,40000000
0,0,8,40000000
0,0,12,51000000
0,0,10,21000000
0,0,10,21000000
0,0,9.6,52500000
0,0,16,80000000
0,0,1.1,80000000
0,0,16.6,50000000
0,0,3,170000000
0,0,8,27500000
0,0,12,52500000
0,0,9.3,45000000
0,0,16,75000000
0,0,1.2,62000000
0,0,8,30000000
0,0,9.3,55000000
0,0,8,23500000
0,0,9.3,18000000
4,4,4.8,28000000
6,6,1,110000000
4,4,4.8,28000000
4,4,5.1,38000000
2,2,3.8,4800000
3,6,9.6,26500000
2,3,8,12500000
3,6,16,30000000
3,6,9.6,27000000
2,3,7.8,12000000
0,0,16,250000000
1,1,2,2000000
3,3,6.1,4500000
2,2,3.6,4000000
2,2,3.6,3800000
1,1,2,2000000
1,1,2,1700000
2,2,3.6,4000000
3,3,6.1,4300000
2,2,3.8,3800000
1,1,2,2200000
0,0,8,85000
0,0,10,100000
0,0,1.2,210000
0,0,10,50000
0,0,10,45000
0,0,1,75000
0,0,1,80000
0,0,14,60000
0,0,10,50000
0,0,14,65000
0,0,5,35000
0,0,1,90000
0,0,10,50000
0,0,10,50000
4,4,1,200000
5,5,1.1,250000
6,6,1.3,400000
3,3,2,180000
4,4,1.3,250000
0,9,1,24000000
0,2,3.5,1900000
4,4,5,4500000
6,5,1.2,35500000
0,10,1,25000000
0,5,10,13500000
0,4,10,14500000
0,3,10,8500000
0,6,10,13000000
0,4,5,8000000
0,3,5,5500000
0,3,10,9000000
0,2,10,9000000
2,2,6,5700000
4,4,8,11000000
6,6,7.6,15000000
0,0,4,3800000
0,0,11,25000000
0,0,6,9000000
0,0,6,8000000
0,0,4,6500000
0,0,4,6500000
0,4,5,9500000
0,0,11,11000000
0,0,4.5,3900000
0,0,8,11000000
0,0,5,10000000
0,3,5,32000
4,3,1,35000
3,3,1,42000
3,3,10,25000
3,3,8,25000
2,2,5,16000
2,2,5,15000
1,2,2,11000
1,2,2,10000
1,2,2,11000
1,1,1,6000
0,0,1,60000
0,0,1,95000
0,0,1,130000
0,0,1.5,150000
0,0,10,50000
0,0,10,28000
0,0,12,30000
0,0,8,25000
0,0,10,24000
0,0,6,22000
1,1,1,6500
1,2,2,8000
1,2,2,8000
1,1,2,6500
1,1,1,7500
2,1,5,13000
1,2,2,8000
3,3,2,5500000
4,3,5,10500000
3,3,5,15000000
3,3,5,11000000
3,3,5,11200000
3,3,5,12500000
3,3,5,13000000
5,5,10,20000000
5,5,1,36000000
5,5,1,31500000
3,3,4,7500000
0,5,10,18500000
0,5,10,20000000
0,3,5,10500000
0,3,4.7,8500000
0,3,5,11800000
0,3,9,16500000
0,5,1,32500000
0,6,1,30000000
0,5,10,17500000
0,5,5,16000000
0,3,9,17000000
0,5,10,18500000
3,3,5,7500000
3,3,5,7600000
6,5,1,40000000
6,5,1,55000000
0,0,1,37500000
4,3,5,12000000
3,3,2,6000000
8,5,10,29000000
6,5,1,55000000
6,5,1,53000000
6,5,1,53000000
2,1,3,4000000
6,5,1,48500000
6,5,1,43000000
3,3,2,6000000
6,5,1,50000000
3,3,5,11500000
3,3,6,13500000
3,3,6,13500000
3,3,3,6000000
3,3,3,6500000
4,4,4,9000000
3,3,5,11500000
3,3,6,14500000
4,3,5,9500000
4,3,6,10000000
5,4,10,20000000
5,4,10,20000000
6,5,1,58000000
6,5,1,50000000
6,5,1,39000000
3,3,3,8000000
3,3,3,8000000
3,3,3,8000000
3,3,2,6500000
3,3,3,8000000
3,3,3,8000000
3,3,3,8000000
3,3,3,8000000
3,3,3,8000000
2,2,2,6000000
4,3,4,7000000
3,3,3,8000000
6,5,1,50000000
0,1,2.2,3800000
0,1,2.9,3350000
0,2,4.2,4750000
0,1,2.2,4250000
0,1,2.2,4000000
6,6,10,25000000
3,3,4,7500000
5,5,10,23000000
3,3,4,8000000
4,4,5,11000000
5,5,5,11000000
2,2,4,6000000
4,3,5,11500000
6,5,1,37000000
2,2,6,12000000
6,5,1,47500000
4,4,8.6,57000000
3,3,8.9,47500000
3,3,7.6,32500000
3,3,12.4,35000000
6,6,15,93800000
3,3,7.1,17000000
2,3,2.4,2600000
0,0,3.1,6500000
0,0,4.9,6500000
0,0,8,42500000
0,0,9.3,29000000
0,0,4.7,7000000
0,0,4,250000000
0,0,1.2,70000000
2,2,4,30000
2,2,4,30000
2,2,2.2,22000
2,2,5.6,50000
2,2,4,25000
3,3,10.2,120000
0,2,4.8,25000
0,2,4,25000
0,3,6,30000
0,2,4.7,18000
2,2,4,42000
3,3,4.9,45000
2,2,4,35000
0,0,12,60000
0,0,1.2,70000
0,0,9.3,42000
0,0,1,90000
0,0,7.1,17500000
0,0,12,50000000
0,0,16,90000000
0,0,4,7000000
0,0,4.2,8500000
0,0,4.2,11000000
0,0,7.1,18500000
0,0,9.6,34000000
0,0,9.6,29000000
0,0,9.3,16000000
0,0,9.3,21000000
0,0,7.1,14500000
3,3,8,19000000
3,3,8,18500000
0,0,3.1,6000000
0,0,3.1,4500000
0,0,6.1,17000000
0,0,9.6,17500000
0,0,4.4,9000000
0,0,4.4,9000000
0,0,9.3,30000000
0,0,2.7,6000000
0,0,4.7,9000000
1,1,1.8,1500000
1,0,2,5200000
1,0,1.8,7000000
2,2,4.3,14000000
3,3,5.1,13500000
2,3,4.9,8200000
2,2,4.4,7000000
3,3,4.9,9000000
3,3,8,16500000
2,3,9.8,38000000
2,2,2.2,4800000
2,2,4.4,6000000
2,2,4.4,11500000
2,2,4.4,9000000
2,4,4,35000000
2,2,4.4,13000000
3,3,8,5800000
2,2,4.2,5400000
2,2,4.2,6300000
2,2,4.2,5750000
2,2,4.2,5600000
2,2,4.2,5000000
2,2,4.2,5150000
3,3,7.5,30000000
3,3,8.9,48000000
4,4,12,48000000
0,0,4.1,4562000
0,0,1.5,1663000
0,0,5,5629000
0,0,5,5629000
0,0,4.1,5462000
0,0,1.5,1663000
0,0,5,5629000
0,0,5,5629000
6,5,1,46000000
4,4,5,5300000
0,0,6,11500000
5,4,4,11500000
7,5,1,46500000
7,7,1.2,85000000
10,10,14.2,35000000
4,4,8,30000000
3,3,1,70000
7,6,1,130000
2,2,5,35000
6,6,14.2,135000
4,4,1,50000
3,3,14,60000
3,3,10,95000
3,3,1,95000
1,1,2,35000
6,6,1.2,500000
5,5,10,140000
3,3,14,60000
1,1,1.1,13000
2,2,4,20000
2,2,4,40000
1,1,2,25000
3,3,5,18000
0,3,3.5,6500000
0,0,5,9500000
0,4,6,10500000
0,3,6.5,14000000
0,0,12.5,28000000
0,0,5.2,8000000
0,0,4,7500000
0,0,5,7500000
0,0,5,7500000
0,0,5,7500000
0,0,5,13500000
0,0,5.2,8000000
5,5,7,14000000
5,5,7,14000000
5,5,7,14000000
0,0,16,80000000
0,5,10,9000000
0,5,10,10500000
0,2,12,4500000
0,6,12,15000000
0,6,1,28000000
0,0,10,0
1,1,2,2400000
0,0,10,13000000
6,5,10,19500000
0,9,1,23000000
0,0,2,30000000
4,3,5,10500000
6,6,10,25500000
6,5,12,21500000
0,3,1,15000000
0,6,1,13500000
0,4,10,15000000
0,6,10,13500000
0,3,1,15000000
0,6,10,13500000
0,0,1,2800000
0,0,2,5000000
0,0,3,6500000
0,0,4,9500000
0,0,5,16000000
0,0,6,17000000
0,0,5,8800000
0,0,3,7000000
0,0,10,22500000
2,2,2.5,2800000
0,5,5,12000000
0,5,5,9500000
0,5,5,8500000
0,0,10,13000000
0,6,10,13000000
0,5,10,14000000
0,7,10,16000000
0,2,5,6000000
0,4,5,9000000
0,4,5,12000000
0,6,12,15000000
0,6,10,14000000
0,2,6.5,13500000
0,6,10,22500000
0,9,1,35000000
0,4,10,22500000
0,0,1,25000000
0,0,1,26000000
0,0,5,23000
0,0,5.5,45000
0,0,5,30000
0,0,10,28000
0,0,3.5,20000
0,0,5,10000
0,0,2.5,22000
0,0,2.5,15000
0,0,5,17000
0,0,2.5,17000
0,0,3,32000
0,0,4,50000
0,0,3,25000
0,0,3,14000
0,0,4,23000
0,0,3,31000
0,0,3,16000
3,3,8,90000
0,5,5,18000000
6,5,1,43000000
4,4,7,19000000
4,3,5,17000000
3,3,1,40000000
6,5,1,40000000
6,5,1,41000000
6,5,1,40000000
5,4,12,25500000
3,3,10,20000000
6,5,1,45000000
3,4,3,7500000
5,5,1,79000000
7,5,1,74000000
4,6,10,15000000
6,5,1,42000000
6,5,1,45000000
4,4,10,22500000
3,3,7.6,37500000
3,3,8.9,46000000
2,2,4.4,3600000
5,5,14,16000000
2,1,2.4,2800000
4,3,8,9800000
2,2,4.2,4700000
4,3,8,8500000
4,3,5,5000000
3,3,8,7200000
4,3,8,10700000
0,0,4.9,30000
0,0,4.8,35000
0,0,4.9,35000
0,0,4.4,37000
0,0,4.4,37000
0,0,4.7,37000
0,0,4.4,37000
3,3,6.1,30000
2,2,4,40000
1,0,2,26000
1,0,2,26000
1,1,1.8,25000
6,6,1,250000
3,3,5.3,60000
4,4,11.6,160000
3,3,5.3,4600000
2,2,3.8,3800000
3,3,8.7,13000000
3,3,6.4,9600000
2,2,4.4,6500000
1,1,2.7,4980000
3,3,9.6,14000000
6,6,9.6,47000000
4,4,4.8,15000000
4,4,4.8,18000000
8,8,9.6,37500000
6,6,16,35000000
6,6,9.6,31000000
6,6,9.6,31000000
3,3,5.8,9500000
3,3,6.2,11500000
3,3,5.8,9500000
0,2,3.3,4800000
2,2,3.1,6000000
3,3,5.8,9800000
2,2,5.6,6500000
3,3,9.6,17000000
3,3,9.6,14000000
0,0,5.3,13000000
0,0,5.3,15000000
0,0,6.4,16000000
0,0,6.4,18000000
0,0,7.8,20000000
0,0,7.8,21000000
0,0,8,25000000
0,0,4.2,9000000
0,0,4.2,10000000
0,0,4.2,11000000
0,0,4.2,10000000
0,0,4.2,9000000
0,0,4.2,11000000
0,0,4.2,10000000
0,0,4.2,9000000
3,4,4.8,7500000
4,3,7.3,11000000
0,2,4.2,6000000
0,2,4.2,5000000
0,3,9.4,9300000
0,3,5,11000000
0,3,10,11000000
0,2,4.9,5000000
0,3,4,9000000
0,3,8,12500000
0,4,14,14500000
0,2,4.2,6000000
0,2,4.2,5000000
0,3,9.4,9300000
0,3,5,11000000
0,3,10,11000000
0,2,4.9,5000000
0,3,4,9000000
0,3,8,12500000
0,4,14,14500000
5,4,14,15500000
3,3,8,12500000
3,3,8,12000000
3,3,8,11600000
3,3,8,11800000
3,3,8,12000000
3,3,8,13200000
3,3,8,19500000
4,4,8.9,17500000
3,3,6.9,17500000
2,2,4.4,9000000
2,4,4,33000000
3,3,4.9,10000000
2,2,5.3,11000000
2,2,4,11500000
2,2,2,7000000
2,2,4.2,6800000
0,2,4.2,6000000
3,3,7.1,13800000
4,3,6.1,9500000
2,2,4.2,5200000
5,4,14,14000000
3,3,8,7500000
4,3,5,5000000
4,3,8,8800000
0,0,16,52500000
0,0,8,23000000
2,2,6,4100000
4,4,5,15000000
3,3,5,3500000
3,2,5,5800000
2,2,3.6,3900000
8,2,3.3,5800000
4,5,1.3,42500000
3,3,12,65000
6,6,1.3,200000
4,4,4,50000
5,5,7,75000
5,5,7,80000
6,6,12,100000
6,6,1,130000
4,4,4,55000
4,4,4,53000
5,5,7,78000
6,6,10,78000
6,6,10,90000
2,2,4,25000
3,3,1,60000
0,0,11,115000
3,3,1,95000
2,2,8,38000
5,5,14.2,130000
0,0,10,105000
4,4,4.4,65000
4,4,1,250000
0,3,2.5,4600000
0,3,3.8,7000000
0,4,5,9000000
0,9,1,35000000
0,5,5,9000000
0,6,10,14500000
0,0,1,15000000
0,0,10,15000000
0,0,1,23000000
0,0,1,25000000
0,0,1,35000000
0,0,5,9000000
0,0,1,23000000
0,0,5,11000000
0,0,5,9000000
0,0,5,9500000
0,0,8,9000000
0,0,9,12500000
0,0,5,11500000
0,0,5,5000000
0,0,5,6500000
0,0,6,9000000
0,6,5,9000000
0,4,5,12000000
0,4,5,10500000
0,4,5,11500000
0,4,4.5,8500000
0,4,5,8500000
0,5,9,16500000
0,5,10,15000000
0,5,10,20000000
0,4,2.8,6000000
0,4,5,6000000
0,6,5,9000000
0,5,10,21000000
0,5,10,15000000
0,4,5,12000000
0,0,3,2200000
0,6,7,14000000
0,2,5,6500000
0,7,1,20000000
0,4,5,13000000
0,6,10,13000000
0,6,1,26000000
0,4,5,10500000
0,6,1.5,33000000
0,7,9,16500000
0,2,10,11500000
0,4,5,11500000
0,4,5,7500000
0,5,13,20500000
0,6,1,25000000
0,5,5,11500000
0,6,13,17000000
0,4,1,16000000
0,6,1,35000000
0,4,5,10500000
0,4,4,8500000
0,4,6,6500000
0,5,10,18000000
0,3,3.6,7500000
0,5,7.6,12000000
0,4,7,16000000
0,4,7,13000000
0,4,5,11000000
0,5,7,12000000
0,5,5,10500000
0,4,7,13000000
0,4,4,8500000
0,4,3,6500000
0,7,9,17000000
0,4,5,11000000
0,5,10,13000000
4,4,5,32000
0,3,11,30000
0,5,1,45000
0,3,1,45000
0,3,10,26000
0,2,5,18000
0,2,5,15000
0,2,4.4,16000
0,3,4.9,18000
2,2,5,45000
6,6,1,80000
3,3,1,40000
0,4,3,30000
0,4,7,50000
0,2,5,18000
0,3,10,28000
0,2,5,22000
0,3,10,25000
0,3,10,24000
0,2,5,18000
0,2,5,18000
0,3,1,35000
3,3,1,35000
0,5,10,60000
0,3,10,35000
0,3,12,35000
6,6,1,80000
4,4,1,50000
5,4,10,80000
4,4,5,32000
4,3,1,60000
0,2,5,18000
0,2,5,20000
0,2,5,22000
0,2,5,25000
0,2,5,23000
0,2,5,24000
0,2,5,26000
0,2,10,27000
0,2,10,29000
0,2,10,30000
0,3,10,30000
0,2,5,23000
0,3,10,27000
0,2,10,23000
0,4,5,35000
0,2,6,22000
0,3,10,37000
0,2,10,22000
0,2,10,30000
0,2,6,22000
0,3,1,35000
0,3,1,35000
0,3,12,35000
0,3,12,37000
0,3,10,33000
0,2,10,36000
0,1,1.6,25000
0,4,1,40000
0,3,15,35000
0,3,10,25000
0,2,7,20000
0,2,10,23000
0,2,5,18000
0,2,5,20000
0,2,5,19000
0,2,5,21000
0,2,5,23000
3,4,5,5000000
6,5,1,50000000
6,5,1,37000000
6,5,1,50000000
6,5,1,51000000
5,4,10,25000000
4,3,5,15000000
6,5,1,36000000
3,3,3,4500000
6,5,1,40000000
4,3,5,15000000
5,5,5,6000000
6,6,10,16500000
4,3,5,15000000
4,4,1.1,30000000
3,3,5,9000000
4,3,5,15000000
5,5,1,44000000
3,4,5,9500000
3,3,1,47500000
0,0,13,34000000
3,3,2.5,5500000
2,2,2,5000000
3,3,1.5,4000000
2,3,2.8,6000000
2,2,2,4000000
3,4,3,7000000
0,3,3.5,8500000
2,3,1.8,4500000
3,6,5,9500000
2,4,2.5,5500000
6,5,1,37000000
4,4,1,41000000
6,5,1,47000000
5,5,1,47500000
0,0,10.2,18000000
0,0,11.4,19000000
0,0,9.6,19000000
0,0,8,27000000
7,7,1,85000000
3,3,5.3,28000
2,2,4.8,32000
2,2,4.4,35000
2,2,4.2,35000
2,2,4.7,8500000
3,3,9.4,9000000
3,3,9.4,8800000
3,3,9.4,9500000
3,3,9.4,9000000
3,3,9.4,11000000
3,3,9.4,9200000
2,2,3.7,5775000
2,2,5.3,7800000
3,3,8.2,12000000
4,4,14,16000000
3,3,6.1,14700000
3,3,6.1,14700000
2,4,6,4000000
3,3,7.3,26000000
3,3,4.2,6500000
3,3,10,11500000
2,2,1.9,680000
3,3,8.8,13500000
3,3,8,13600000
3,3,8,20000000
2,2,4,11000000
3,3,6.1,14700000
2,2,4.2,6500000
3,3,7.1,21500000
3,3,10,11500000
3,3,9.3,37000000
3,3,8,13600000
3,3,8,20000000
2,2,4.2,6500000
3,3,10,11500000
7,7,1,43000000
2,3,4.9,95000000
2,2,5,10500000
5,5,8,19500000
5,5,8,19000000
5,5,14.2,26500000
5,5,14.2,25500000
2,2,3.6,3800000
3,3,11.6,50000
2,2,4,43000
3,3,14.2,37000
3,3,11.6,40000
0,0,11.6,48000
5,4,8,52000
0,0,5,20000
2,4,6,40000
3,3,11,110000
3,3,1,45000
6,5,1,115000
4,3,1,40000
4,3,11,60000
3,3,12,75000
4,4,5,9500000
3,3,10,9000000
2,2,5,10000000
0,0,5,6000000
0,1,4,4800000
0,3,4.7,5500000
3,2,5,5900000
3,2,5,5800000
4,3,5,10500000
5,5,5,9000000
4,4,5,9500000
5,5,5,12000000
5,5,7,12500000
5,5,5,9000000
4,4,5,9500000
8,7,10,15000000
0,0,1.9,2420000
0,1,3.7,485000
0,1,3.1,4047000
0,1,2.7,3578000
0,1,2.3,2970000
0,1,2.1,2744000
0,1,1.9,2420000
0,1,2.3,2970000
0,1,3.7,4846000
0,1,2.7,3578000
0,1,3.4,4447000
0,3,5.8,7521000
0,2,4.6,6027000
0,2,4.5,5825000
0,2,4.1,5327000
0,2,4.2,5454000
0,0,2.4,3480000
0,0,3.3,5000000
0,0,2.4,3746000
0,0,2.4,3731000
0,0,2.4,3480000
0,0,3.3,5000000
0,0,2.4,3746000
0,0,2.4,3731000
2,4,4,35000
2,2,7,20000
3,2,10,40000
6,5,10,80000
3,2,12,40000
5,4,7,44000
6,5,10,80000
0,0,1,45000
0,0,1,48000
0,0,12,35000
0,0,1,30000
0,0,5,50000
0,0,8,75000
0,0,3,25000
0,0,3,25000
3,3,10,30000
6,5,1.1,43500000
3,3,3,7500000
3,3,3,7500000
4,4,10,20000000
3,3,5,12800000
3,3,3,10000000
6,5,1,43000000
0,0,5,16500000
4,4,5,12500000
6,5,1,43000000
0,3,5,12500000
3,3,2.2,3300000
4,4,5,10500000
0,5,1,28500000
3,3,5,10500000
7,5,1,46000000
4,4,5,12000000
0,6,1.6,120000000
5,5,5,18500000
5,5,10,20000000
5,5,10,24000000
5,5,10,22500000
5,4,1,33500000
5,5,10,23000000
5,4,10,32000000
5,5,10,23500000
6,5,1,43000000
3,3,3,20000000
3,3,3,5800000
5,5,1,45000000
5,5,10,23500000
5,5,10,27000000
5,5,10,20000000
6,7,1,42500000
3,3,8,13600000
3,3,8,20000000
3,3,6.1,14700000
3,3,8,13600000
3,3,8,20000000
3,3,6.1,14700000
7,6,19.2,70500000
5,5,1,71500000
5,5,1,71500000
3,3,10.7,16000000
3,3,4.4,6500000
3,3,5.6,6000000
2,2,4,5000000
3,3,8,12000000
3,3,8,12000000
4,4,8,6000000
4,4,8,6000000
3,3,8,14000000
3,3,4.9,11000000
2,2,3.3,4800000
3,2,4.8,13500000
5,5,1,69000000
5,5,1,68500000
5,5,1,68000000
4,3,8,10000000
5,4,14,13500000
4,3,8,10500000
3,3,8,7800000
4,3,5,5000000
2,2,4.2,4800000
5,5,1,70000000
2,2,4.2,6500000
3,3,8,15200000
3,3,8,12500000
2,2,4,7500000
3,3,6,15500000
0,2,4.4,12000000
0,5,12,67500000
0,6,5.3,23000000
3,3,8,90000
2,2,4.8,20000
3,3,9.6,35000
4,4,16,45000
5,5,1,110000
5,5,1,110000
3,3,3.3,15000
5,5,1,105000
5,5,1,105000
2,2,5.3,70000
3,3,5.3,40000
3,3,8,55000
5,5,1,110000
5,5,1,110000
0,0,8,13000000
0,3,4.8,8000000
0,0,4.8,16000000
3,3,8,14000000
0,4,8,60000000
0,4,8,60000000
0,2,4.2,11000000
3,3,6,8500000
2,2,2.4,5600000
0,0,16.7,72500000
0,0,5.3,8000000
0,0,16,45000000
0,0,16,42500000
0,0,8,33000000
0,0,8,35000000
0,0,4,5000000
0,0,4.4,5500000
0,0,4.4,7500000
6,6,1,27500000
0,6,1,107500000
0,2,4.2,10000000
0,6,1,107500000
0,4,1.2,122500000
0,6,2,130000000
0,4,1,100000000
0,4,1,111000000
2,2,4.2,7000000
3,3,10,11500000
3,3,10,12500000
4,4,13.1,14500000
4,4,13.1,15000000
2,2,4.2,6500000
0,6,1,140000000
2,5,5.6,4500000
0,6,9.6,24000000
2,3,8,15000000
1,1,2.4,3000000
3,3,8,9900000
0,0,16,55000000
0,0,2,110000000
0,0,16,45000000
0,0,1,50000000
0,0,4,9000000
0,0,4,9000000
0,0,5.8,13500000
0,0,4,8500000
0,0,16,45000000
0,0,11.1,16000000
1,2,2,1550000
0,2,2.6,3200000
0,2,2.6,2500000
0,2,2.6,2400000
0,2,2.6,4500000
0,2,2.6,3600000
2,2,2.6,4500000
2,2,2.6,5000000
2,2,2.6,3800000
2,2,2.6,3800000
2,2,2.6,4800000
2,2,2.6,4800000
2,2,2.6,5200000
2,2,2.6,5000000
0,2,2.6,3200000
0,2,2.6,2800000
0,2,2.6,3000000
0,0,2.6,1500000
0,0,2.6,1450000
0,0,2.6,1350000
0,0,2.6,1200000
2,2,4.8,6500000
2,2,3.4,6500000
2,2,3.4,4700000
0,2,3.4,6500000
2,2,2.6,5000000
0,2,2.6,3200000
0,2,2.6,3400000
1,4,7,31000000
7,6,10,45000000
4,4,10,35000000
2,2,4.1,5800000
6,5,1,75000000
3,3,4.9,7800000
6,5,1,70000000
0,2,5,7800000
2,2,3.3,5700000
0,1,3.1,5950000
0,1,3.6,6800000
0,2,4.9,9350000
0,2,6.2,11900000
0,1,3.1,5950000
0,1,3.6,6800000
0,2,4.9,9350000
0,2,6.2,11900000
0,1,3.1,5950000
0,1,3.6,6800000
0,2,4.9,9350000
0,2,6.2,11900000
2,2,3.3,4888000
6,5,7.6,13500000
6,6,16,36700000
0,0,16,36700000
3,3,10,65000
3,3,10,65000
6,7,7,110000
4,3,12,60000
3,3,12,75000
3,3,1,45000
6,6,12,160000
2,2,2.2,25000
0,3,1,42000
0,2,9.3,28000
0,0,7,24000
3,3,12,70000
4,4,4,58000
5,3,4.4,45000
3,3,1,78000
3,3,10,60000
3,3,12,65000
3,3,16,42000
0,0,5,10500000
3,2,5,4600000
0,2,7.1,16000000
5,5,16,35000000
6,6,1,25000000
8,7,10,14000000
4,4,1,26000000
8,7,1,27500000
0,4,9.5,12000000
0,3,10,10000000
0,8,17,24000000
0,6,13,20000000
0,4,6,12500000
0,5,11,22500000
0,3,6,4000000
4,3,1,60000
3,3,10,35000
4,4,1,75000
3,3,14,35000
2,2,5,20000
3,3,10,35000
2,2,7,22000
3,3,8,25000
5,5,10,50000
2,2,5,20000
2,2,8,25000
2,2,4,50000
1,1,2.2,26000
0,3,10,45000
0,3,10,45000
0,5,1,90000
0,3,9.8,35000
0,3,10,30000
0,3,10,27000
0,5,14,80000
0,2,4,40000
0,2,10,22000
0,3,1,45000
0,0,1,140000
4,4,1,65000
3,3,1,70000
2,2,10,35000
3,3,10,40000
3,3,10,38000
5,4,10,75000
3,3,1,50000
3,3,7,25000
4,4,14,80000
2,2,5,11500000
5,5,10,21000000
0,4,10,21500000
5,5,12,25500000
4,4,1,57500000
0,3,5,12500000
7,6,1,45000000
6,5,1.1,42000000
6,5,1,48000000
4,4,1,45000000
0,4,10,20500000
0,4,10,20000000
6,5,5,13000000
6,5,1,49000000
7,5,10,35000000
3,3,1,53000000
4,3,4,9500000
4,3,3,6000000
6,5,1,38000000
5,4,13,32200000
6,5,5,15500000
6,5,1,37500000
6,5,2,85000000
6,5,5,16500000
6,4,12,25000000
6,5,1,37000000
2,2,2.6,4200000
2,2,2.6,1800000
2,2,2.6,2700000
0,6,8,63000000
0,5,8,65000000
0,2,4.4,10000000
0,5,12,95000000
4,4,1,24000000
3,3,8,14500000
4,4,1,35000000
3,3,8,10500000
4,4,14,17000000
3,3,5,8600000
2,3,9.6,35000
4,3,14.4,170000
3,3,8,37500
3,3,8,38000
3,3,8,38000
3,3,8,38000
3,3,8,38000
3,3,8,38500
3,3,8,38500
3,3,8,38500
3,3,8,38500
3,3,8,39000
3,3,8,39000
3,3,8,39000
3,3,8,39000
3,3,8,39500
3,3,8,39500
3,3,8,39500
3,3,8,39500
3,3,8,40000
3,3,8,40000
3,3,8,40000
3,3,8,40000
3,3,6,35000
3,3,6,35000
3,3,6,35000
3,3,6,35000
3,3,6,35500
3,3,6,35500
3,3,6,35500
3,3,6,35500
3,3,6,36000
3,3,6,36000
3,3,6,36000
3,3,6,36000
3,3,6,36500
3,3,6,36500
3,3,6,36500
3,3,6,36500
3,3,6,37000
3,3,6,37000
3,3,6,37000
3,3,6,37000
3,3,6,37500
3,3,6,37500
3,3,6,37500
3,3,6,37500
3,3,6,38000
3,3,6,38000
3,3,6,38000
3,3,6,38000
5,4,1.2,350000
0,0,1,250000
0,2,4.4,38000
0,1,1.8,28000
2,2,4.8,60000
4,4,13.3,17300000
4,4,13.3,17400000
4,4,13.3,17400000
3,3,10,12800000
0,0,1.2,61000000
0,0,18,42500000
0,0,16,52500000
0,0,16,50000000
0,0,2,107500000
0,0,16,36000000
0,0,1.2,65000000
0,0,16,58000000
0,0,8,24000000
0,0,18.8,43500000
0,0,1.1,55000000
3,3,10,12800000
3,3,10,12900000
3,3,8,5600000
3,3,8,5650000
3,3,8,5700000
2,2,4.2,8000000
2,2,4.2,8050000
2,2,4.2,8100000
2,2,4.2,6300000
2,2,4.2,6400000
2,2,4.2,6500000
2,2,4.2,6600000
3,3,8,12200000
3,3,8,13000000
3,3,8,10500000
3,3,8,9800000
3,3,8,12000000
3,3,8,11000000
0,1,3.1,5950000
0,1,3.6,6800000
0,2,4.9,9350000
0,2,6.2,11900000
0,1,3.1,5950000
0,1,3.6,6800000
0,2,4.9,9350000
0,2,6.2,11900000
0,1,3.1,5950000
0,1,3.6,6800000
0,2,4.9,9350000
0,2,6.2,11900000
0,1,3.3,6503000
7,7,10.1,14500000
3,0,10,39500000
5,5,9.3,19500000
3,3,7.8,32000000
3,3,12,70000
4,3,7,50000
3,3,12,65000
3,3,12,70000
0,0,1,35000
5,4,1,85000
3,3,12,72500
3,3,12,65000
4,3,1,60000
3,3,12,60000
3,3,1,100000
1,1,2.7,16000
2,2,10.9,45000
1,1,5.6,22000
10,11,5,1500000
2,2,2.7,25000
1,1,1.3,15000
5,5,7,65000
4,5,7,14500000
5,5,10,1800000
4,5,7,14500000
0,0,5,7500000
0,1,2.2,4000000
0,0,3.5,3500000
7,5,12,21000000
4,5,11,17500000
6,6,8,18000000
6,5,10.9,24000000
4,5,9,16500000
4,4,4,11000000
1,2,5,2700000
1,2,3.5,2100000
7,5,2.5,45000000
4,4,5,13000000
6,6,8,14000000
4,4,4,9000000
2,2,5,4000000
6,6,14,37000000
3,3,5,8500000
5,6,10,19000000
4,4,4,11000000
2,2,5,5500000
4,5,11,17500000
4,3,5,12000000
4,5,11,17500000
2,2,10,37000
3,3,10,35000
3,2,10,27000
3,2,10,35000
3,3,10,38000
3,3,10,50000
3,3,10,55000
3,3,5,20000
2,2,10,50000
3,3,10,35000
2,2,10,27000
2,2,10,30000
6,5,10,52000
2,2,3,18000
4,3,1,45000
2,2,3,20000
5,5,1,120000
6,6,12,55000
0,3,1,60000
0,6,10,80000
0,4,10,60000
0,3,1,60000
0,6,10,80000
0,4,10,60000
0,0,16,75000
0,0,10,25000
0,0,10,30000
0,0,10,32000
0,0,10,35000
0,2,5,18000
0,2,5,19000
0,2,5,20000
0,2,5,21000
0,2,5,22000
0,2,10,23000
0,2,10,24000
0,2,10,25000
0,2,10,28000
0,2,10,30000
0,0,3.5,25000
0,0,4,14000
0,0,4,18000
0,0,5,15000
0,0,4,13000
2,2,1.1,2500000
2,2,2,3300000
2,3,2,4000000
4,3,5,8000000
5,4,10,31000000
3,3,6.2,13500000
5,4,10,29000000
0,4,7,11500000
0,3,3,7000000
5,4,1,34000000
3,3,10,14000000
7,6,1,79000000
7,6,1.1,39000000
4,3,11,13500000
6,5,1,75000000
4,3,5,12000000
5,4,8,12000000
3,3,3,7500000
0,3,6,14000000
0,3,8,20000000
0,2,8,13000000
0,2,8,12500000
0,2,5,9500000
0,2,5,8500000
2,2,3.1,4800000
3,3,8.9,25000000
4,3,6.1,9800000
4,3,8,9200000
2,2,4.2,5500000
4,3,5,5000000
4,3,8,8800000
3,3,8,8000000
4,4,8,57500000
0,0,4.8,16000000
0,0,8,20000000
0,0,16,49000000
0,0,16,75000000
0,0,16,55000000
0,0,16,41000000
0,0,16,32500000
0,0,16,46000000
0,0,8,76000000
0,0,5,5300000
0,0,8,6800000
2,2,4.2,7500000
4,4,5,12800000
4,4,14,57000000
4,4,14,57000000
0,0,16,55000000
0,0,16,60000000
0,0,16,37500000
0,0,8,25000000
0,0,5.8,18000000
0,0,16,50000000
0,0,16,65000000
0,0,1.2,90000000
0,0,1.2,90000000
0,0,8,28000000
4,4,14,57500000
4,4,14,57000000
0,0,1.2,65000
0,0,2.7,22000
0,0,16,130000
3,3,7.8,80000
0,0,8,70000
0,0,1,85000
2,2,2,32000
0,0,16,60000
0,0,8,40000
0,0,16,40000
0,0,13.6,70000
0,0,3.1,30000
0,0,1,250000
0,0,8,35000
0,0,16,80000
0,0,16,65000
0,0,8,35000
0,0,8,35000
0,0,16,52000
0,0,16,45000
0,0,16,50000
0,0,8,45000
0,0,16,53000
0,0,8,49000
0,0,4.2,28000
0,0,8,38000
5,4,1,125000
4,4,14,80000
4,4,14,80000
4,4,14,80000
4,4,14,75000
4,4,14,75000
2,2,4.2,20000
4,4,14,80000
4,4,14,85000
5,5,1,69000000
1,2,3.2,3800000
2,2,1.9,5100000
4,4,3.2,11000000
0,2,4.4,6500000
0,3,6,8000000
0,3,7.1,10500000
0,2,3.3,5200000
0,2,4.9,7000000
0,2,4.2,6500000
0,2,4.2,4600000
0,3,8,13500000
0,3,8,13500000
0,6,16,50000000
0,4,4.8,23000000
0,3,16,20000000
0,6,13,47000000
5,4,4.8,18000000
5,4,11.7,62500000
2,2,4.9,7500000
4,3,10.9,60000000
3,3,4.9,7200000
4,4,4.8,18000000
4,4,4.8,18000000
4,4,14,56000000
2,2,4.2,6900000
4,4,14,57500000
4,4,14,57000000
4,4,14,56500000
2,2,4.2,7200000
5,5,10,24000000
0,0,4,6500000
0,0,4,7500000
0,0,6,11500000
0,0,4.9,12000000
0,0,4,4500000
0,0,3.1,3500000
0,0,8,8500000
0,0,9.8,11500000
0,0,5.6,7500000
0,0,5.6,7800000
0,0,1.8,2100000
0,0,8,14000000
0,0,8,9500000
0,0,8,8000000
0,0,4.2,4000000
0,0,6,5500000
0,0,2.2,2300000
0,0,4.8,9000000
0,0,3.1,2600000
0,0,4,7800000
0,0,6,9500000
0,0,6,9500000
0,0,4.8,21500000
0,3,7.8,11500000
4,3,10,12000000
0,0,11.1,43500000
2,2,2.4,6000000
4,7,9.6,42000000
2,4,4.7,11700000
3,3,8,13300000
3,3,8,13200000
3,3,8,13100000
3,3,8,13000000
3,3,8,12900000
3,3,4,39000000
3,3,8,12800000
3,3,8,12700000
3,3,8,12600000
3,3,8,12500000
3,3,6.7,9500000
0,4,5,13000000
0,4,3.5,9000000
6,5,10,45000000
0,0,2.1,5500000
5,5,8,31500000
4,4,5.6,12500000
1,1,2.4,4500000
4,4,9.3,15500000
2,2,3.6,6000000
3,2,5,5500000
5,5,8,16500000
0,0,8,12000000
7,7,14.2,22000000
4,4,13.3,22000000
10,10,1.8,350000000
3,3,11.6,20000000
6,5,9.3,17500000
4,4,9.3,17000000
3,3,12,65000
3,3,12,58000
3,3,12.4,52000
0,0,5.6,22000
0,0,5.6,18000
0,0,5.6,16000
0,0,5.6,15000
0,2,2,12000
0,2,2,12000
6,6,1,300000
5,5,1.3,270000
3,3,12,63000
4,4,12,50000
6,6,12,145000
3,3,12,69000
0,3,1,45000
0,3,1,45000
0,3,1,35000
0,3,1,38000
0,3,1,50000
0,3,14,35000
0,3,2,55000
0,3,1,50000
0,3,1,50000
0,4,2,55000
3,3,12.4,55000
3,3,12,70000
7,7,14,99000
3,3,12,60000
2,2,6,45000
8,10,1,280000
3,3,12.4,50000
6,6,1,130000
3,3,10,70000
8,8,1,350000
2,2,5.6,30000
3,3,12,62000
2,3,5,33000
3,3,12,65000
3,3,12,60000
3,3,12,60000
3,3,12.4,53000
2,2,7,45000
3,3,10,60000
3,3,1.2,75000
3,3,12,60000
8,7,2,200000
3,3,12,70000
6,6,12,150000
6,5,1,290000
3,3,12,75000
6,6,5,600000
2,2,3.6,17000
2,2,3.6,17000
2,2,5,25000
9,9,1,150000
0,0,13.3,55000
0,3,5,9000000
0,3,5,9000000
0,3,5,9000000
0,1,6.2,8000000
4,4,5,6500000
4,3,11.5,12000000
5,5,7,13500000
0,5,10,23000000
5,4,10,9500000
4,4,10,13000000
3,2,5,4600000
4,4,12,22500000
3,2,5,4700000
1,2,3.5,3100000
7,6,1,28000000
6,6,10,15000000
4,3,5,11000000
2,1,3.9,6000000
2,2,3.5,3400000
0,2,4,20000
0,1,3,14000
0,4,1,45000
0,4,1,65000
0,3,11,30000
0,3,10,35000
3,3,7,35000
4,4,7,45000
4,4,7,50000
4,4,7,48000
4,4,7,45000
4,4,7,48000
4,4,7,50000
4,4,7,45000
4,4,7,48000
4,4,7,45000
4,4,7,48000
4,4,7,49000
4,4,7,46000
4,4,7,46000
2,2,3.5,19000
2,2,3.5,20000
2,2,3.5,21000
2,2,3.5,21500
0,3,10,45000
0,3,1,60000
0,4,1,45000
0,5,11,80000
5,4,12,70000
0,0,16,17500000
3,3,5,7500000
7,5,1,47000000
7,5,1,42000000
7,5,1,46000000
7,5,1,47000000
6,5,1,47000000
5,5,10,17000000
4,4,8,17000000
0,3,5,12500000
0,5,10,21000000
0,5,10,23000000
0,2,2.7,5000000
4,3,6,12500000
3,3,7,6500000
7,6,10,25000000
6,5,1,55000000
4,3,5,15000000
4,3,3.6,7000000
4,3,5,18000000
7,6,1,60500000
4,3,5,11000000
6,7,12,29000000
7,6,10,25000000
1,1,3,2200000
4,4,5,2000000
3,3,5,15000000
0,4,4,32500000
0,2,4.2,7000000
3,3,8,13500000
3,3,6.1,13500000
5,5,17.1,66000000
5,5,17.1,65000000
5,5,17.1,64000000
3,3,8,13400000
5,5,17.1,65000000
3,3,8,13300000
5,5,17.1,65500000
5,5,17.1,65500000
5,5,17.1,66500000
3,3,9.8,85000
6,5,1,240000
5,4,1,210000
2,2,4,35000
3,3,6.7,40000
0,0,4.4,29000
2,2,4.8,45000
2,2,5.3,50000
3,3,12,90000
3,6,1,350000
2,5,1.3,450000
2,4,1.4,125000
2,5,1.3,400000
2,4,1,145000
2,5,1.3,550000
3,3,1,150000
2,3,1,125000
2,2,1,110000
2,4,2,300000
3,3,1.2,100000
3,3,9.8,80000
2,2,4.9,34500
5,5,17.1,105000
5,5,17.1,110000
5,5,17.1,105000
5,5,17.1,115000
5,5,17.1,110000
5,5,17.1,110000
5,5,17.1,100000
5,5,17.1,105000
5,5,17.1,105000
5,5,17.1,100000
5,5,17.1,67500000
5,5,17.1,67000000
5,5,17.1,66000000
5,5,17.1,65000000
3,3,5.6,18000000
3,3,4,4500000
5,5,2,250000000
3,3,8,13200000
3,6,2,330000000
3,6,2,330000000
2,6,1,160000000
0,0,12,80000000
2,2,9.3,35000000
4,4,8.4,22500000
2,2,2.5,2350000
4,4,4.8,21500000
0,3,9.6,14000000
0,3,5.8,9800000
0,6,9.6,31000000
3,3,8,13100000
3,3,8,13000000
3,3,8,12900000
3,3,8,12800000
3,3,8,12700000
3,3,8,12600000
3,3,8,12500000
3,3,8,21400000
3,3,8,21300000
3,3,8,21200000
3,3,8,21100000
3,3,8,21000000
3,3,8,20900000
3,3,9.6,15000000
1,1,1.6,3000000
7,6,1,38000000
7,6,1,54000000
3,3,4.9,8242000
6,5,1,46000000
6,5,1,41000000
0,0,2.4,130000000
9,9,1.2,61000000
0,0,2.5,180000000
2,2,4.9,47000000
2,3,1,1650000
3,3,4,4300000
2,2,4,26000
2,2,7,40000
3,3,10,50000
3,3,5.3,42000
4,3,8.2,60000
2,2,3.8,35000
3,3,4.9,36000
3,3,6.2,45000
1,1,4,25000
2,2,4,55000
7,7,1.1,450000
3,2,10,48000
4,4,14,55000
3,3,6,70000
0,0,10.7,125000
4,3,11,60000
5,5,1,200000
2,2,4.4,18000
5,5,8,13500000
7,6,1,38000000
4,4,5,8500000
6,6,6,10000000
6,5,17,37000000
5,5,7,16000000
7,7,9,21500000
6,5,7,13500000
7,7,1,37000000
0,0,5,6500000
8,6,1.2,35500000
5,6,8,44000
2,1,4.4,40000
4,4,5.5,34000
2,2,7,24000
1,2,5,18000
1,2,5,16000
1,2,5,15000
1,2,5,14000
3,3,7,23000
1,1,2.7,16000
6,5,14,80000
4,3,1,50000
4,3,11,65000
3,3,6,9500000
4,3,5,13500000
2,2,10,13700000
3,3,3,7500000
5,4,10,22000000
3,3,5.7,12500000
3,3,5.7,12500000
8,5,10,20500000
5,4,15,19800000
3,3,5,12500000
3,2,10,12500000
3,4,14,24000000
2,3,5,6700000
0,0,8,14500000
6,5,10,19000000
5,4,8,14000000
6,6,5,9000000
6,5,1,47500000
0,5,1,38500000
6,5,1,55000000
6,5,1,43000000
6,5,1,60000000
3,3,8,20800000
3,3,8,20700000
3,3,8,20600000
3,3,8,20500000
3,3,8,20400000
3,3,8,20300000
3,3,8,20200000
5,5,1.3,65000000
3,3,8,20100000
3,3,8,20000000
2,2,4.4,6000000
3,3,9.6,15500000
2,2,4.4,6000000
3,3,8,19900000
2,2,4.4,6000000
2,2,4.4,6000000
2,2,4.4,6000000
2,2,4.4,6000000
2,2,4.4,6000000
2,2,4.4,6000000
2,2,4.4,6000000
2,2,4.4,6000000
2,2,4.4,6000000
2,2,4.4,6000000
2,2,4.4,6000000
2,2,4.4,6000000
2,2,4.4,6000000
2,2,4.4,6000000
2,2,4.4,6000000
2,2,4.4,6000000
3,3,8,19800000
2,2,4.4,6000000
2,2,4.4,6000000
2,2,4.4,6000000
2,2,4.4,6000000
2,2,4.4,6000000
2,2,4.4,6000000
2,2,4.4,6000000
2,2,4.4,6000000
3,3,8,19700000
2,2,4.4,6000000
2,2,4.4,6000000
2,2,4.4,6000000
2,2,4.4,6000000
3,3,8,19600000
3,3,8,19500000
5,5,1,118500000
3,3,9.4,10500000
4,4,1.1,62500000
2,2,4.9,11500000
3,4,10,17500000
1,1,1.7,1900000
3,3,6,15000000
3,3,6,14900000
3,3,6,14800000
3,3,6,14700000
3,3,6,14600000
3,3,6,15900000
3,3,6,15800000
3,3,6,15700000
3,3,6,15600000
3,3,6,15500000
3,3,6,15400000
3,3,6,15300000
3,3,6,15200000
5,4,14,15000000
3,3,6,15100000
4,4,10.9,52500000
3,3,6,15000000
3,3,6,14900000
3,3,6,14800000
5,4,14,15800000
3,3,6,14700000
3,3,6,14600000
3,3,6,14500000
3,3,10,11700000
5,4,14,16000000
3,3,10,11600000
3,3,10,11500000
3,3,10,11400000
5,4,14,16500000
3,3,10,11300000
3,3,10,11200000
3,3,10,11100000
3,3,10,11000000
3,3,10,10900000
3,3,10,10700000
3,3,10,10800000
3,3,10,10600000
3,3,10,10500000
2,2,4.2,6800000
3,3,10,10400000
3,3,10,10300000
3,3,10,10200000
4,3,8.9,130000
5,5,1,325000
3,3,7.3,90000
2,2,3.2,17000
0,0,12,300000
2,2,4.8,27000
5,5,10,200000
3,5,16,400000
3,6,1.3,400000
3,6,1,300000
3,5,2,375000
0,5,1,350000
2,5,1,150000
3,3,9.8,85000
3,3,8.9,105000
3,3,9.8,105000
2,4,9.8,85000
2,2,5.1,55000
2,4,2,275000
3,6,1,250000
3,5,2,300000
3,5,1,180000
3,6,1,300000
2,3,1,120000
2,3,1.2,130000
2,2,1.2,120000
4,4,2,150000
2,2,12,65000
2,2,4.7,42000
5,5,1,500000
2,2,3.8,20000
4,3,9.8,100000
3,3,4.9,42000
2,2,4.4,38000
4,3,7.6,80000
4,3,7.6,80000
3,3,7.6,80000
6,9,1.5,240000
3,3,10,10100000
3,3,10,10000000
4,3,10.2,12500000
3,3,10,9900000
3,3,10,9800000
3,3,9.3,17500000
2,2,4.2,6400000
2,2,4.2,6300000
4,3,10.2,12000000
2,2,4.2,6200000
2,2,4.2,6100000
2,2,4.2,6000000
2,2,4.2,5200000
2,2,4.2,5900000
2,2,4.2,5800000
2,2,4.2,5700000
2,2,4.2,5600000
2,2,4.2,5500000
2,2,4.2,5400000
2,2,4.2,5300000
2,2,4.2,5200000
2,2,4.2,5100000
2,2,4.2,5000000
3,2,5,5200000
7,4,5.6,25000000
4,4,6.7,26000000
5,5,9,30000000
3,4,5.6,21500000
3,3,10.9,8000000
4,4,6.7,24500000
4,4,6.7,25000000
4,5,10.9,30000000
3,2,7.9,13700000
4,4,3,3700000
4,4,7,9000000
5,5,10,30000000
3,3,11,20000000
3,3,11.6,20000000
3,3,11.6,17500000
5,4,6,28500000
0,0,1.7,115000000
6,6,1.6,220000
2,2,5.6,36000
0,0,5.6,30000
2,2,6.7,31000
2,2,6.7,42000
3,3,6.7,36000
2,2,5.6,26000
2,2,6.7,38000
2,1,6.7,28000
0,0,12,90000
1,2,6.7,22000
1,2,6.7,26000
2,2,2.2,11000
2,2,3.6,17000
2,2,3.6,17000
5,4,16,115000
6,6,5,40000
4,3,14.2,55000
2,2,6,45000
2,3,10,50000
3,3,14.2,65000
3,3,14.2,70000
3,3,14.2,70000
3,3,14.2,70000
4,4,3.1,45000
2,2,6.1,25000
3,3,1,50000
6,6,10,100000
3,3,14,60000
4,3,14,55000
5,4,4,55000
4,2,3,26000
1,1,4,20000
6,5,8,60000
2,2,3.3,16000
4,4,7,85000
6,5,8,62000
2,2,5,34000
2,2,10,46000
2,2,3.4,15000
2,3,6,80000
3,3,1,40000
3,3,12,50000
2,2,12,45000
2,2,10,42000
1,2,10,35000
3,2,5,18000
2,2,9.3,60000
5,4,1,42000000
9,9,10,23500000
5,4,6,7000000
6,5,8,15000000
1,1,2.3,3334000
2,4,3,22000
8,10,1.5,190000
4,3,1,75000
4,3,1,60000
5,4,10,60000
3,2,10,32000
4,3,1,60000
7,6,2,120000000
7,5,2,190000000
0,0,3,145000000
4,3,4,7800000
4,3,4,7500000
5,4,10,30000000
4,3,8,8000000
7,7,1.4,18000000
6,5,1,65000000
5,4,10,30000000
3,4,5,11000000
5,4,7,22000000
6,5,1,41000000
6,5,1,70000000
6,5,5,15500000
6,5,10,20000000
2,3,10,14000000
2,3,10,14000000
6,5,1.2,69000000
6,5,5,12500000
1,2,5,4000000
6,5,12,36500000
4,3,5,9600000
6,5,1,50000000
6,5,1,58000000
4,3,5,12500000
5,3,2.5,5000000
5,5,10,17500000
6,5,1,42000000
6,5,1,44000000
2,2,4.2,4900000
2,2,4.2,6500000
2,2,4.2,4800000
2,2,4.2,4700000
2,2,4.2,6800000
2,2,4.2,6800000
2,2,4.2,4600000
2,2,4.2,4500000
2,2,4.2,6500000
2,2,4.2,6700000
0,0,6,14000000
5,5,10,75000000
2,2,4.2,6500000
3,3,7.3,30000000
0,1,11,19000000
2,1,2.8,1700000
5,3,10.4,49500000
2,2,4,6200000
6,5,10,75000000
0,0,6.2,7500000
0,0,4.4,6000000
0,0,3.1,3500000
6,6,16,35000000
0,0,9.6,30000000
2,2,3.8,4950000
4,4,10.9,37000000
3,2,4.8,12000000
3,4,2.2,8000000
3,3,4.8,10500000
4,5,9.6,32000000
3,3,5,9000000
3,4,4,6000000
3,3,7.3,14500000
4,6,4.8,13000000
4,3,8,28500000
8,8,1.1,92500000
2,2,9.6,15000000
4,4,3.2,7000000
4,4,4.4,8600000
4,4,1,85000000
5,5,1,118500000
4,4,11.6,41000000
4,4,9.8,36500000
3,3,10,23500000
4,4,4.8,20000000
3,3,10,23500000
8,6,1,155000000
3,3,10,24000000
3,3,10,29000000
3,3,10,30000000
6,6,4.8,10500000
6,6,6.4,16000000
8,7,9.6,19000000
6,6,8,37000000
3,3,10.6,14000000
0,0,4,15000000
4,4,9.6,17000000
4,4,12,30000000
3,3,6,15000000
2,2,2.4,4200000
3,3,6,14500000
3,3,5.6,11500000
2,2,2.5,6000000
2,2,3.1,11500000
3,3,4.9,16000000
3,3,5.6,14000000
3,3,6,13800000
2,2,4,6500000
3,3,4,4500000
3,3,4,4500000
3,3,4,6000000
3,3,5.6,11000000
3,3,6,14000000
4,4,13.2,38000000
4,4,13.2,38500000
6,6,9.6,30000000
4,4,4.8,20000000
4,4,13.2,37000000
3,3,5.8,8500000
3,3,5.8,9000000
3,3,6.7,13000000
3,3,6.7,13000000
4,4,13.2,39500000
4,4,13.2,39000000
6,6,6.2,30000000
3,3,8,12500000
3,3,8,5800000
4,3,10,35000
4,3,10,35000
4,3,8,80000
2,2,2.4,38000
3,3,1,135000
0,0,9.6,40000
6,6,1,375000
4,4,1.2,140000
6,6,16,130000
2,2,5.6,27000
2,2,4.2,20000
4,3,9.8,100000
3,4,4,30000
4,3,8.9,95000
3,3,10,55000
3,3,10,50000
3,3,7.1,50000
3,3,10,50000
3,3,10,55000
8,6,1,275000
4,4,12,100000
4,4,13.2,70000
4,4,13.2,75000
4,4,13.2,70000
0,0,4.8,23000
4,4,13.2,70000
1,2,2.4,25000
0,0,9.6,16000
4,4,13.2,70000
4,4,13.2,70000
4,4,13.2,70000
4,4,13.2,80000
3,4,6.7,22000000
3,3,6.7,19500000
2,2,6.5,6600000
4,4,14.2,39500000
4,4,6,22000000
3,3,4.4,16800000
5,4,4.4,15500000
5,4,4.4,16500000
6,5,8,26700000
6,5,7,28000000
6,5,8,26500000
2,2,4,1850000
1,1,1.2,2000000
3,3,10,7500000
0,0,10,16000000
0,0,5,9000000
6,6,12,27000000
3,2,4.2,5700000
0,0,10,16000000
4,4,6.7,26000000
0,2,4.3,3300000
0,3,4,16500000
2,2,5.5,5500000
5,3,4,16800000
1,2,3.8,30000
8,10,1,350000
3,3,14.2,60000
3,3,9.9,45000
2,2,3.6,25000
6,5,2,450000
3,3,12,57000
5,5,1,300000
1,1,1.2,30000
3,3,13.3,42000
6,6,12,120000
3,3,13.3,43000
2,2,3.8,40000
2,2,3.1,22000
2,2,4.4,24000
3,3,10.9,50000
3,3,5.3,50000
6,5,10,70000
2,2,12,45000
3,3,14.2,60000
0,0,4.4,56000
3,3,11,120000
6,6,12,175000
3,3,10,45000
3,3,1,50000
2,1,6.7,26000
1,2,6.7,24000
3,3,12,32000
2,2,6.7,40000
5,5,13.3,110000
4,4,6.7,65000
1,1,7,15000
10,10,1.3,650000
2,2,6.7,35000
3,3,1,85000
5,4,1,400000
3,4,1,115000
2,2,4.4,35000
3,2,4,27000
3,3,14.2,70000
2,3,12,45000
2,2,8.4,85000
3,3,12,65000
4,4,1.3,85000
2,3,12,45000
1,1,1.1,16000
6,5,1,38000000
3,3,3,5990000
6,5,1,41000000
6,5,1,42000000
4,4,7,23000000
7,5,2,130000000
0,0,10,16500000
2,2,4.5,6539000
3,2,6,5000000
4,4,5,7700000
2,2,4,4100000
6,4,10,19000000
6,4,7,13500000
3,3,5.5,4200000
0,0,10,19500000
0,0,10,20000000
6,5,7,15000000
1,1,2.4,16000
2,5,8,21000
5,4,7,45000
1,1,2.4,20000
5,5,7,45000
3,3,10,23000
5,4,10,32500000
6,5,10,18500000
5,4,10,20500000
2,1,3,3000000
0,3,10,15500000
6,5,2,180000000
6,5,1,41000000
6,5,1,41000000
6,5,1,43000000
2,2,3,3300000
6,5,1,33000000
6,5,1,41000000
3,3,3,4500000
5,4,1.5,52500000
5,5,18,25000000
5,4,10,35000000
6,5,1,40000000
6,5,1,37000000
6,5,10,33500000
0,0,6.6,7000000
0,2,4.8,5000000
0,3,5.8,6000000
0,2,4.8,5000000
0,2,3.2,4600000
0,0,4.8,8000000
0,3,4.8,7500000
0,3,8,15000000
0,2,2.4,3800000
2,2,4.9,15000000
3,3,7.1,21000000
2,2,4.3,8500000
3,3,6,17500000
3,3,7.3,16000000
3,3,7.4,22500000
2,2,4.4,11000000
4,4,4.8,13000000
4,4,13.2,39000000
0,0,4.8,16500000
0,0,9.6,32000000
4,4,13.2,35800000
0,0,5.6,8500000
0,0,5.6,8500000
4,4,4.8,18000000
4,4,4.8,14500000
3,3,6.4,11000000
2,2,4.8,8000000
4,4,4.8,18000000
4,4,4.8,18000000
4,4,4.8,15000000
2,2,4.8,7900000
2,2,4.8,7700000
2,2,4.8,8000000
3,3,6.4,10200000
3,3,9.6,12100000
3,3,6.4,11100000
3,3,4.8,7500000
0,0,5.6,11000000
6,6,16,51000000
3,3,5.8,12500000
3,3,5.8,13000000
2,2,2.9,6500000
8,7,4.8,18500000
2,2,5.3,13500000
0,0,4.8,17000000
0,0,4.8,18000000
0,0,4.8,16500000
0,0,4.3,6500000
0,3,3.6,6500000
0,3,4.8,7000000
1,1,2.7,1480000
4,3,1,50000000
9,6,3.4,12500000
2,2,4.4,8000000
1,1,1.8,2000000
3,3,12.2,40000000
2,2,4.9,12500000
0,0,5,14000000
1,1,2,2000000
6,6,9.6,45000000
3,3,8,13000000
5,5,1,74500000
4,4,14,65000000
6,6,8,22000000
4,4,4.8,12000000
4,4,4.8,16000000
4,4,4.8,22000000
2,2,3.6,5500000
2,2,3.8,5500000
3,3,5.3,8000000
2,2,4.8,12500000
3,3,3.4,6000000
2,2,4.8,11000000
4,4,4.8,12500000
4,4,3.6,13200000
3,6,3.4,4200000
2,2,4.8,13000000
3,6,4.3,5000000
2,2,4.4,6500000
3,3,4.9,6000000
4,4,4.8,13000000
0,2,4.8,26000
0,2,4.8,24000
4,4,13.2,68000
4,4,13.2,70000
4,4,13.2,68000
4,4,12,65000
3,3,6.4,37000
3,3,11.4,50000
3,3,1.3,125000
5,5,17.1,100000
3,3,9.6,55000
0,2,4.8,25000
0,2,4.8,24000
0,2,4.9,28000
0,3,4.8,35000
0,2,4.8,24000
5,5,1,120000
4,4,14,84000
2,2,5.7,15000
7,6,4,1600000
3,3,6.2,27000
0,0,14,150000
5,4,1,150000
2,2,2.7,12000
2,2,4.8,25000
0,0,1,110000
3,3,12,145000
2,2,5.3,25000
3,3,1,130000
4,4,2,120000
5,5,18.7,140000
0,0,14.4,210000
8,7,1.2,700000
3,3,16.9,55000
2,2,4,20000
3,3,9.6,45000
3,3,7.3,35000
4,4,12,200000
2,2,5.6,26000
3,3,8.8,50000
1,1,2.7,1715000
0,3,4,16000000
5,3,4,17000000
2,2,4,27000000
4,4,16.7,62000000
10,7,1,29000000
2,2,3,4200000
2,2,3.3,3000000
4,3,7,70000000
0,0,7,25000000
6,5,8,30500000
6,6,10,37500000
3,3,7.8,32000000
4,4,6,16000000
3,3,10.5,16500000
2,1,4.4,5600000
6,5,1,45000000
2,2,2.4,2200000
6,6,10,35000000
3,2,5.7,7700000
8,7,16,50000000
3,2,6.4,8700000
4,3,10.2,13500000
0,0,2.4,1200000
2,2,5.6,10500000
1,1,2.6,21000000
5,3,4,15800000
10,10,14.2,27500000
3,3,11,12000000
9,9,2,500000
2,3,5,65000
6,6,12,180000
0,0,4,24000
8,8,2,350000
0,0,16,130000
5,5,13.3,99000
2,2,10.9,42000
3,3,10,52000
5,5,8,95000
6,6,3,1600000
6,5,16,165000
3,3,14.2,55000
2,2,4,35000
2,3,14.2,48000
3,3,10,40000
4,3,5,55000
3,3,1,80000
2,2,1,60000
4,3,11,58000
2,2,5,36000
3,2,4.9,21000
3,2,7,20000
3,3,7.1,46000
6,5,2,300000
5,4,4,55000
4,4,15.6,120000
4,4,15.6,120000
0,10,2.2,150000
1,1,1,35000
3,3,7.8,120000
2,2,3.6,17000
3,3,1.2,60000
6,5,10,90000
4,4,1.2,40000
2,2,5,4500000
3,3,5,5000000
1,1,3,3500000
1,1,3,3000000
3,3,3,4500000
5,4,10,22200000
6,5,10,18000000
0,0,10,12500000
5,4,5,18500000
5,4,1.2,52500000
0,4,10,16000000
0,4,10,16000000
6,6,1,39000000
5,5,15,25000000
4,4,10,14000000
0,4,10,16000000
0,3,5,8500000
0,3,5,8500000
0,3,5,8500000
0,0,5,8500000
0,0,5,5500000
0,3,5,9000000
6,6,17,45000000
0,3,5,8500000
0,0,5,8500000
0,3,5,8500000
0,3,5,8500000
0,4,10,16000000
0,4,10,16000000
0,3,5,8500000
0,0,5,8500000
0,3,5,8500000
0,3,5,8500000
0,3,5,8500000
0,3,5,8500000
0,3,5,8500000
0,3,5,8500000
0,3,5,8500000
0,3,5,8500000
0,3,5,8500000
0,0,15,25000000
7,4,10,15000000
0,5,1,40000000
0,5,1,39000000
0,3,5,8500000
8,7,12,23500000
3,2,6,6500000
7,6,1.6,70000000
7,5,11.7,25000000
2,2,5,5600000
2,2,5,5800000
0,5,7,14000000
6,8,4,8000000
2,2,1.7,3500000
4,4,7,14500000
5,4,5,8500000
5,4,7,45000
6,5,7,45000
6,5,7,45000
3,3,1,65000
5,5,6,30000
6,5,13,80000
1,2,4,11500
0,0,1,35000
6,5,10,60000
7,7,10,75000
2,2,10,72000
5,5,10,75000
3,3,8,38000
7,6,1,38500000
5,4,10,27500000
5,4,5,9500000
6,5,10,16000000
4,3,5,15500000
6,5,10,18000000
4,4,1,34500000
5,4,10,24000000
5,4,1,25000000
0,0,5,9800000
3,3,5,11500000
5,5,10,17500000
5,4,14,40000000
3,3,5,8800000
5,5,10,13500000
0,0,2,6950000
3,7,5,9000000
5,4,10,30000000
0,0,4.8,11000000
4,4,4.8,13200000
0,0,4.8,9000000
2,2,4,5500000
0,0,6.4,9800000
3,3,5.6,7000000
2,2,4,5500000
4,4,4.8,12000000
4,4,4.8,16000000
2,2,3.8,5500000
4,4,12,45000000
4,3,7.6,47500000
6,6,6,13000000
2,2,4.8,7500000
0,0,2,1700000
2,2,4,8500000
6,5,19.5,65000000
3,3,6,8500000
2,3,4.8,11000000
6,5,2,250000000
4,3,8.9,26000000
3,3,8,14000000
2,2,4.7,7500000
6,8,6.4,17000000
2,2,4.9,8500000
2,2,4.2,13500000
6,5,1,112500000
2,2,4.2,6500000
6,9,3.2,8500000
7,6,1,150000000
2,3,3.6,2595000
0,0,9.8,13500000
6,5,1,110000000
2,3,5.6,12000000
3,3,7.6,11000000
7,6,2,280000000
0,0,8,26000000
0,0,8,13500000
7,6,2,260000000
5,4,8,26000000
2,2,4.2,5500000
3,3,5,11500000
7,6,16,40000000
7,6,2.4,250000000
3,3,8,12500000
3,3,8,8500000
8,10,6,19000000
3,3,8,8500000
3,3,6,9800000
3,3,8,18000000
4,4,14,13500000
3,3,8,11500000
4,4,12.2,8260000
4,3,8,66000
2,2,3.1,18000
1,1,2.2,25000
3,3,16,42000
1,1,2.2,35000
5,5,2,450000
4,4,1.2,100000
3,3,7.1,60000
3,3,11.5,40000
2,2,4.2,18000
4,4,16,60000
3,3,6.4,50000
6,5,1.2,300000
4,4,1.4,110000
2,3,9.6,50000
2,2,4,42000
3,3,6.7,55000
5,4,1,200000
4,4,1.2,60000
2,4,16,45000
6,6,16,125000
2,2,3.6,22000
3,2,3.2,32000
5,4,10,170000
3,3,8,38000
3,3,9.6,45000
3,3,8,70000
3,3,14.7,170000
2,2,1.3,160000
5,4,1,140000
3,3,7.4,70000
4,4,5,7500000
6,5,7,14000000
2,2,5,9500000
6,2,4.1,6700000
1,1,3,5250000
10,11,3.6,220000000
5,4,4.4,16500000
6,5,8,27500000
5,4,8,8000000
2,2,3.1,5000000
6,5,1.3,120000000
1,1,2,3825000
6,6,14.2,56500000
6,4,5,18500000
10,10,1.2,95000000
7,6,12,24000000
10,11,2,190000000
3,3,5,13500000
6,8,7,13500000
7,6,8,27500000
3,3,12.4,150000
5,5,1.3,460000
1,1,2.2,9000
9,9,4,2000000
7,5,10,110000
6,6,1,350000
2,3,10,52000
6,6,1,500000
6,6,2,800000
6,6,1,400000
0,4,1,90000
2,2,5.3,30000
3,3,7.1,48000
10,10,2.5,1500000
7,7,1,360000
5,4,6,82000
8,8,1.6,390000
2,2,6.7,140000
7,6,2.1,380000
6,6,1.6,500000
4,4,1,110000
2,2,7,30000
4,4,6,50000
2,2,10.9,45000
5,3,4,8400000
6,5,8,17500000
8,6,2.6,100000000
6,5,1,76000000
8,7,2,90000000
3,3,3,4500000
5,4,7,23000000
0,0,2.2,15000000
6,5,11,24000000
3,2,15,35000000
5,3,5,13500000
6,5,8,17600000
2,1,5,7400000
6,5,7,16500000
4,3,10,17000000
4,3,3,7500000
3,3,5,12200000
3,3,5,12200000
6,5,2,190000000
3,3,5,12500000
3,3,5,12000000
3,3,5,12200000
4,3,5,10500000
0,0,1,19000000
6,5,1,75000000
5,5,10,22000000
5,5,10,22500000
5,5,10,22500000
3,3,5,12500000
3,3,5,12200000
7,6,1,30000000
5,4,5,12500000
0,0,5,2300000
6,5,1,47000000
0,0,5,8500000
0,0,5,8500000
0,0,5,8500000
0,3,5,8500000
3,3,4,7500000
2,3,3.6,2400000
3,2,5,4700000
1,2,3,4000000
7,7,10,23000000
2,3,3,4500000
7,8,1,21000000
2,2,6,13000000
6,6,10,25500000
2,2,8,16500000
5,4,10,19500000
2,2,5.6,25000
4,4,5.6,30000
2,2,4.7,75000
3,3,8,20000
4,3,12,65000
6,5,7,47000
2,2,5,25000
6,5,7,47000
4,3,3,11500000
6,5,2,75000000
2,2,2,3500000
6,5,1,37500000
5,4,5,9700000
5,4,5,10800000
6,5,10,20000000
8,8,5,125000000
4,3,5,14500000
8,7,1,35000000
6,0,5,10500000
5,5,10,22500000
3,3,10,6300000
2,2,4.2,4500000
3,3,4.9,5300000
3,3,4.9,7200000
2,3,5.6,8000000
7,6,1.2,195000000
3,3,5,12500000
0,0,1.2,65000000
0,2,4.3,6000000
0,2,8,30000000
0,2,8,27500000
0,2,4.3,6000000
0,0,8,27500000
3,3,5.8,8500000
3,3,6.1,11500000
0,0,10.2,31000000
5,4,10,35000000
6,5,1,78500000
3,3,6,8500000
3,3,6,9500000
2,2,4.4,9500000
2,2,4.2,5700000
3,3,8,32500000
3,3,6,14500000
3,3,5.3,17000000
3,4,8,19500000
2,2,4,9500000
3,3,8,13500000
3,3,5,12500000
5,3,9.3,31000000
2,2,1.6,3800000
3,3,4.8,8800000
3,3,5,9000000
3,3,5.1,8500000
2,2,4.2,8000000
3,3,6,13500000
0,0,1.1,67000000
3,3,6,9000000
3,3,8,20000000
2,2,3.3,5200000
3,3,5.6,13500000
3,3,9.8,15000000
5,5,9.6,37500000
2,2,4.2,6000000
2,2,3.8,6500000
3,3,8,8500000
3,3,7.6,27500000
3,3,8,14500000
0,0,9.6,25000000
4,4,10,27500000
2,2,4.2,7500000
3,3,5,12000000
2,2,3.3,6000000
3,3,5,8500000
5,5,1,83000000
3,3,8,21000000
3,3,9.4,9000000
3,3,6,15000000
6,4,4.7,7500000
2,2,3.2,5000000
4,3,14.2,68500000
3,2,5,4200000
2,2,3.1,5000000
2,2,4,7000000
5,4,10.7,52000000
10,10,1,72500000
4,4,9.8,40000000
2,2,3.1,7000000
2,2,8,27500000
2,2,3.1,6000000
3,3,6,14000000
4,3,1,100000
2,2,4.2,35000
4,3,16,60000
3,3,4.9,55000
3,3,6.4,33000
4,4,1,95000
3,3,4.9,50000
3,3,9.6,45000
3,3,4.9,50000
0,0,4.5,20000
0,3,1.2,750000
0,2,3.6,17000
3,3,10,32000
0,0,9.6,50000
2,2,9.8,40000
0,0,4.8,35000
4,3,6,45000
3,3,5.6,45000
2,2,4.2,35000
0,0,11.4,60000
2,2,1,75000
6,5,1,300000
3,3,6.7,48000
3,3,6,40000
3,3,5.1,40000
2,2,5.3,45000
4,3,8.9,85000
5,4,2,450000
5,4,1,160000
4,4,1,140000
2,2,1,95000
4,4,2,160000
5,4,4.4,16500000
7,7,18,31000000
7,7,14.2,30000000
6,4,5,18000000
5,4,14.2,19500000
4,4,6.7,35000000
2,2,3,3500000
2,2,6,8500000
6,5,7,16500000
6,5,7,16500000
6,5,7,16500000
4,3,11,24000000
3,4,11.4,9500000
5,5,1,55000000
4,4,4,15500000
6,4,6,12000000
0,4,4,17000000
7,5,7,29000000
5,5,10,25000000
4,3,1.3,100000
5,5,1,150000
5,4,1.3,83000
3,3,9,60000
4,3,1,110000
3,3,1,75000
3,3,9,55000
2,2,6,43000
3,3,1,100000
5,5,18,150000
2,2,6,43000
2,3,4,30000
7,6,1.3,300000
3,2,8,30000
9,9,1,500000
2,2,5.6,31000
3,3,8,30000
2,2,7,80000
2,2,5.6,33000
2,2,6.7,23000
5,5,2,160000
2,1,8,35000
2,2,4,23000
4,4,7,80000
4,4,1,90000
6,6,10,100000
1,2,0.8,28000
5,5,1.3,270000
5,5,2,280000
10,11,1,150000
3,3,10,40000
3,3,3,25000
3,3,8,24000
3,3,10.9,28000
6,6,1,200000
5,5,1.3,280000
3,3,7,25000
5,4,2.4,300000
2,2,6,40000
6,6,10,100000
2,2,4.4,25000
4,4,5,14000000
3,4,5,10500000
4,4,11,19500000
0,10,2,150000000
4,10,17,70000000
5,5,10,27000000
5,5,10,24000000
4,4,5,13000000
4,4,5,12500000
4,4,5,13000000
5,5,7,20000000
6,5,10,23000000
3,3,2,5500000
4,4,10,20000000
3,3,3,7000000
6,5,1,32500000
3,3,2,7000000
3,3,2,7000000
2,4,2,4200000
2,2,2,4700000
2,2,2,4700000
3,3,5,11000000
3,3,5,11000000
6,5,1,38000000
6,5,1,42500000
3,5,2.5,4500000
3,3,10,24000000
0,0,1,26000000
3,4,10,24000000
6,5,10,17500000
4,4,1,43000000
3,9,5,20000000
3,3,10,23000000
5,5,10,18500000
2,2,18.5,30000000
5,5,3.5,11500000
6,8,10,45000000
6,5,5,11000000
6,5,10,23300000
6,5,10,19800000
3,4,4.9,12500000
3,4,5,10000000
4,3,6.8,11000000
4,4,10,6200000
2,2,5,9800000
4,4,5,7000000
7,6,6,41500000
3,5,7,3500000
5,4,10,23000000
3,2,5,3800000
2,2,4,4300000
1,1,2,4500000
2,2,11,30000
2,2,8,26000
3,3,8,25000
2,2,10,45000
7,6,1,39000000
6,5,5,10400000
5,4,10,16500000
2,2,4.4,6500000
2,2,3.2,2500000
3,2,4.4,10500000
3,3,6,11000000
9,8,16,55000000
2,2,3.6,4500000
2,2,5.3,9000000
3,3,7,12500000
3,3,9.6,16500000
3,3,8,21000000
3,3,6,14000000
3,3,8,13500000
3,3,6.2,13500000
3,3,5,11500000
3,3,5,9000000
6,9,5.7,15000000
3,3,1.8,13000000
3,3,10.2,27000000
2,4,4.8,5000000
3,2,3.8,4800000
6,4,9.8,17400000
5,5,13,55000000
6,4,5.7,14800000
4,4,8,13500000
3,3,9.6,15500000
3,3,5,13000000
3,3,5,13000000
3,3,5,13000000
3,3,5,13000000
3,3,5,13000000
3,3,5,13000000
2,2,4.7,8500000
2,2,4.2,8000000
2,2,4.2,8000000
3,3,4.8,18000000
2,2,4.5,6450000
2,2,4.4,6500000
2,2,4,9800000
4,4,4.8,19500000
3,3,8,19000000
0,3,8,13000000
3,3,6,9000000
0,4,4.8,16000000
5,6,5.3,16000000
0,2,4.4,5500000
0,2,2.9,2500000
0,2,2.9,2500000
0,2,4.4,5500000
0,2,4.4,5500000
0,2,2.9,2500000
0,2,2.9,2500000
0,2,4.4,5500000
0,2,4.4,5500000
0,2,2.9,2500000
0,2,2.9,2500000
0,2,2.9,2500000
0,0,9.6,31000000
0,4,4.8,22500000
0,4,5.3,24000000
0,6,9.6,32000000
0,6,9.6,31000000
0,5,8,32000000
0,4,8,32000000
0,7,16,49000000
0,6,16,50000000
0,6,9.6,28000000
0,8,16,55000000
0,6,9.6,32500000
0,2,2.9,2300000
0,3,5.6,6000000
0,3,6,10000000
0,3,4.8,9000000
0,6,4.8,15000000
0,5,8,18000000
0,2,4.8,10000000
0,4,4.8,13500000
0,3,6,8500000
0,4,6.4,8000000
3,3,8.7,31000000
3,3,8.7,30000000
0,3,5.8,8000000
6,5,1,300000
3,3,6.2,45000
4,4,2,300000
4,4,14.2,190000
4,4,16,55000
3,2,4.9,32000
4,3,1,150000
5,4,1.3,150000
10,8,4,900000
6,7,12,350000
3,2,4,52000
2,2,4.2,30000
6,5,1,180000
4,4,2,190000
5,5,1,200000
12,10,4,1000000
3,3,5.8,50000
3,3,1,110000
5,5,1,235000
2,2,5.2,26000
3,3,7,50000
4,3,10.2,115000
6,6,1,310000
1,1,3.1,21000
4,3,7.6,86000
5,5,1,200000
0,0,4.9,30000
3,3,7.8,75000
3,3,0.9,83000
0,2,0.6,25000
0,3,0.9,30000
0,1,0.4,16000
0,2,4.8,25000
0,2,4.8,25000
0,3,7.1,50000
3,3,5,13500000
6,4,8,27000000
7,6,1,48000000
7,6,10,35500000
8,7,14.2,47500000
4,3,12,14000000
3,3,3.8,3700000
4,4,12.2,17000000
7,6,10,36000000
3,3,5.3,8500000
0,0,4,7500000
4,4,5,10500000
5,4,4.4,16500000
1,1,4.3,6200000
6,5,8,26500000
5,4,7,16000000
7,5,7,22000000
5,4,5.6,19000000
6,5,1,49500000
2,2,3.6,4500000
4,4,5.6,21000000
7,5,10,28500000
4,4,5.6,26000000
6,6,10,16000000
2,2,5,2300000
6,6,12,16000000
3,3,1.3,180000
2,2,10,45000
5,5,1,210000
6,6,14,130000
4,4,1,200000
1,1,3.6,45000
3,2,7,30000
0,0,12,50000
1,1,5.6,48000
7,6,1.2,300000
4,4,1,50000
1,1,4,24000
6,5,1.1,250000
3,3,1.3,250000
6,5,1.2,300000
3,4,6.7,65000
6,5,2.1,220000
3,3,6.7,45000
4,4,12.2,65000
4,4,1.2,330000
1,1,5.3,36500
4,4,1.6,200000
4,4,1,70000
7,6,1,125000
6,5,1,270000
3,3,2,250000
2,2,14,65000
1,1,2.6,30000
4,3,1,45000
3,3,4,200000
2,2,5,16000
6,5,1.2,300000
3,3,1.1,110000
6,5,1.2,300000
2,2,5,17000
4,3,1,65000
3,4,10,23000
9,8,2,450000
3,3,10.7,45000
2,3,10,25000
5,4,1,50000
3,3,13.3,46000
7,5,10,21000000
5,4,8,14900000
0,0,3,2500000
0,0,5,3700000
4,3,5,13500000
6,5,1,53000000
7,6,1,44400000
7,6,1.2,57500000
0,3,10,15500000
1,2,5,3850000
6,5,1,48500000
6,5,10,24000000
4,3,10,13500000
4,3,5,10300000
7,6,1,59000000
6,5,5,11800000
6,5,10,17300000
6,5,10,21500000
10,9,6,13000000
2,2,4.2,4750000
7,5,1,32500000
6,5,10,18000000
3,3,4,6500000
8,7,14,22500000
3,3,10,9500000
4,6,5,17500000
5,5,1,42500000
7,6,1,30000000
1,1,3,2000000
5,4,5,15000000
0,0,11,12500000
0,0,4.5,6500000
6,5,10,23900000
4,4,4,5500000
4,3,4.5,7800000
5,4,5,8800000
2,2,5.6,4750000
5,5,10,13000000
5,5,10,14000000
0,0,10,14000000
6,5,1,46000000
0,2,6.2,7500000
0,3,6.2,3800000
0,4,4.8,18500000
0,4,4.8,15500000
0,4,4.8,17000000
0,6,9.6,30000000
0,4,4.8,15500000
2,2,4.9,2000000
0,4,4.8,18500000
0,4,2.4,9500000
0,4,1.2,17000000
0,0,6.1,21500000
0,6,16,45000000
0,3,8,25000000
0,2,4.4,4800000
0,3,5.8,4800000
0,2,4.4,8500000
0,3,8.6,10500000
0,2,3.3,2700000
2,2,3.8,4800000
2,2,3.8,5000000
0,6,4.8,26000000
0,4,9.6,17000000
0,3,10.6,14000000
0,6,8,37000000
0,4,4.8,12500000
0,4,4.8,11500000
0,2,3.8,5000000
0,3,4.2,5800000
3,4,8,14000000
8,11,4.8,18000000
1,1,2.7,1480000
1,1,2.7,1480000
1,1,2.7,1480000
1,1,2.7,1480000
1,1,2.7,1480000
3,3,5,14000000
1,1,2.7,1480000
0,2,2.4,4500000
0,2,3.3,5200000
0,2,4.2,6500000
0,3,6,11000000
0,3,7.6,12000000
0,3,6.7,7500000
0,2,4.4,8000000
0,1,2,2200000
0,2,3.3,3500000
0,2,4.2,4000000
0,1,2,1500000
0,1,2,2600000
2,2,4.4,9000000
0,3,4,36000000
0,4,4,35000000
4,3,9.6,19000000
5,4,1,69500000
2,2,3,3400000
2,2,4.4,9500000
2,4,8,40000000
7,6,1,115000000
2,2,4,6200000
4,4,9.6,12000000
8,7,11.6,70000000
3,3,6.4,9100000
2,2,2.9,4500000
4,3,9.2,23500000
4,4,16,36000000
3,3,11.9,18000000
2,2,1.5,3500000
4,4,4.8,10000000
2,2,4.8,5500000
5,4,12,180000
4,3,8,35000
3,3,9.6,45000
3,3,4.8,26000
2,2,4.2,19000
0,3,6.2,35000
0,3,6.2,27000
0,2,4,26000
0,2,4,26000
0,2,4,26000
0,3,5.8,30000
0,2,3.1,17000
0,2,3.1,17000
0,3,9.6,45000
0,3,6.2,32000
2,2,2.4,26000
0,2,4.8,26000
0,3,9.6,55000
0,7,8,75000
0,3,4.2,26000
0,2,4.8,28000
3,3,5.8,50000
5,4,13.3,155000
2,2,4.2,18000
4,3,1,95000
0,2,3.3,20000
0,2,3.3,17000
0,2,4.2,25000
0,3,6.2,32000
0,6,9.6,115000
0,3,16,60000
0,3,9.6,45000
0,2,4.8,28000
4,3,1,99000
3,3,6.2,26500
2,2,1,120000
5,4,1,250000
4,4,1,110000
0,4,8,57000
6,6,1,180000
0,4,4,125000
0,4,6,135000
0,4,4,130000
0,4,4,110000
0,2,4.2,45000
0,2,4.2,45000
0,2,2,28000
0,2,4.7,48000
0,3,6.4,70000
0,2,4.2,45000
0,2,4.2,42000
0,2,4.2,50000
0,2,2.2,26000
2,2,4.2,45000
0,5,1,215000
6,5,1.3,325000
3,3,6.7,50000
5,5,1,48000
3,3,7,27000
7,6,1.1,270000
7,6,16,35000000
3,3,4.4,5000000
4,3,1,26000000
2,2,5,2800000
4,4,6.7,18500000
3,2,6,4700000
5,4,4.4,16500000
5,4,8,26000000
7,6,9,16000000
4,4,5,3500000
3,3,6.8,13000000
2,2,7.1,14500000
1,1,3.3,6092000
5,5,8,18000000
6,5,1.1,400000
4,4,1,78000
6,4,6.7,42000
5,5,1.2,250000
9,8,2,600000
6,5,2,300000
6,5,1.3,200000
4,3,1,50000
3,3,12.7,70000
7,6,1,90000
6,4,7,50000
2,2,12,65000
1,1,0.9,13000
2,3,5,28000
10,11,4,700000
2,3,5,28000
9,8,1,600000
7,6,4,600000
10,10,2,450000
7,6,1.6,300000
6,5,2,500000
3,3,8,55000
10,9,1.3,300000
3,3,1,150000
3,3,15,40000
3,3,8,40000
5,5,10,37000
2,2,5,25000
3,3,12,60000
0,0,5,16000
0,0,5,14000
4,3,1,47000
0,2,4.4,10000
6,5,10,12500000
3,3,3,6500000
6,5,5,15000000
0,0,5,16000000
5,4,5,11000000
5,5,10,18000000
6,5,1,38500000
4,4,4,9000000
2,2,3,2500000
3,3,3,5000000
7,6,1,36500000
5,5,1,22500000
5,4,5,10500000
7,6,10,24000000
4,3,6,9000000
3,3,3,6500000
3,3,5,12000000
6,5,1,55000000
6,5,1,38000000
5,4,10,33500000
1,2,5,4500000
5,4,7,23000000
6,5,10,42000000
6,6,1,47500000
5,4,10,22000000
4,3,5,10700000
5,4,10,34000000
3,3,11,35000000
6,5,1,35000000
2,3,4,4475000
4,3,5,12500000
1,2,3,5500000
4,3,7,21000000
4,3,6,12200000
7,6,1.2,71000000
4,3,5,11500000
5,4,10,28000000
4,4,5,8500000
5,4,5,8500000
7,4,7,18500000
4,3,6,16000000
4,4,7,16000000
4,3,5,9000000
5,4,7,18500000
3,3,2.5,5300000
2,2,4,5800000
3,2,7,7000000
2,2,4,5000000
2,2,4.8,6500000
4,4,5,6800000
3,3,6,6400000
3,2,6,5800000
1,1,2.2,3300000
4,4,5,12000000
6,5,7,14500000
6,5,7,15000000
0,3,14.2,18000000
0,3,14.2,18000000
0,3,14.2,18000000
0,5,1,140000000
0,4,12.4,38000000
0,4,4,35000000
0,4,4,36000000
0,4,4,36500000
0,4,4,37000000
0,4,4,45000000
0,4,4,34500000
0,4,1,140000000
2,2,4.2,7200000
3,3,8,13000000
4,4,4.8,15000000
3,3,8.2,9800000
2,2,7.1,14000000
2,2,4.8,14000000
6,6,1.2,72500000
2,2,4.2,7800000
2,2,4.2,7800000
2,2,4.2,7800000
2,2,4.2,7800000
4,4,4.8,8500000
2,2,4.2,7800000
2,2,4.2,7800000
2,2,4.2,7800000
2,2,4.2,7800000
2,2,4.2,7800000
2,2,4.2,7800000
2,2,4.2,7800000
2,2,4.2,7800000
2,2,4.2,7800000
2,2,4.2,7800000
2,2,4.2,7800000
2,2,4.2,7800000
2,2,4.2,7800000
2,2,4.2,7800000
2,2,4.2,7800000
2,2,3.3,4500000
2,2,4.2,7800000
2,2,4.2,7800000
2,2,4.9,8800000
2,2,4.2,7800000
2,2,4.2,7800000
2,2,2.7,4500000
2,2,4.2,7800000
2,2,4.2,7800000
2,2,4.2,7800000
2,2,4.2,7800000
2,2,4.2,7800000
2,2,4.2,7800000
2,2,4.2,7800000
0,2,4,8000000
0,2,4,6500000
0,2,4,8000000
0,2,4,8500000
0,2,2.7,6000000
0,2,4.2,12000000
0,2,4,11500000
0,3,5.1,9500000
0,2,4,14000000
0,2,4,13500000
3,3,6.2,15000000
4,4,4.8,11000000
2,2,4,8000000
3,3,7.1,16000000
4,4,3.2,5500000
0,4,4,37000000
0,5,14.8,55000000
0,4,4,36500000
0,4,12,60000000
4,4,4.8,12000000
5,4,4.8,12500000
4,4,4.8,12000000
4,7,4.8,35000000
3,3,11.1,23500000
5,4,10.7,50000000
4,3,9.8,43000000
0,5,15.1,50000000
0,3,8.9,32500000
0,3,10.2,40000000
0,3,8,30000000
0,3,8,35000000
0,3,8,31000000
0,4,10,65000000
0,2,4.7,11000000
0,3,9.3,35000000
0,3,8.9,32500000
0,6,1.1,120000000
0,2,5.3,21000000
0,2,8,27000000
0,2,4.4,9000000
0,2,4.4,9600000
0,3,8.9,31000000
0,3,8.9,31000000
0,3,8,27500000
0,3,7.6,22000000
3,3,8,21000000
3,2,2.9,11000000
3,3,6.1,11000000
3,3,8,18500000
2,2,3.8,5000000
2,2,4.2,5200000
2,2,4.2,5100000
2,2,4.2,5000000
2,2,4.2,4900000
2,2,4.2,4800000
2,2,4.2,4700000
2,2,4.2,4600000
2,2,4.2,4500000
3,3,8,19000000
3,3,6,15200000
3,3,6,15100000
3,3,6,15000000
3,3,6,14900000
3,3,6,14800000
3,3,6,14700000
3,3,6,14600000
3,3,6,14500000
0,0,1,130000
0,0,1,130000
0,0,1,140000
0,0,1,140000
0,2,4.2,40000
0,2,4.2,35000
3,3,8,32000
3,3,8,50000
3,3,8.8,52000
2,2,2.4,29000
2,3,6.7,35000
3,3,7.8,90000
4,4,8,80000
0,6,1,290000
0,4,1,175000
0,7,1,185000
0,3,1,110000
0,6,1,240000
0,5,1,200000
0,4,12,165000
0,4,4,115000
0,3,12,80000
0,6,1,200000
3,3,6,28000
4,2,4.8,37000
3,3,6,42000
3,3,8,55000
2,2,4.2,18000
3,3,6.1,25000
0,2,14.2,100000
0,3,8,75000
0,3,8,90000
0,0,4.7,96000
0,3,9.3,92000
0,3,9.3,90000
3,3,16,60000
3,3,4,90000
4,4,1.2,85000
3,3,1,90000
5,5,10.2,105000
3,3,11.1,65000
4,3,9.8,80000
4,3,9.8,80000
7,6,2,350000
4,4,1.3,300000
0,0,8,44000
4,3,12,45000
1,4,3,28000
4,4,2.4,250000
7,6,1.1,500000
3,3,1,100000
12,10,9,95000
6,5,8,55000
2,2,7.3,60000
3,2,8,25000
7,6,3,290000
3,3,7.1,35000
5,5,1,90000
4,4,4.4,15500000
5,4,4.4,16500000
5,4,5,7200000
6,5,8,25000000
4,4,8.9,15000000
2,2,3,3000000
3,3,7.6,11500000
5,5,1,110000000
5,4,7,16500000
5,4,7,17000000
0,0,7,24000000
3,3,5.5,8500000
7,6,1,145000000
9,8,1.3,200000000
0,5,8,32500000
4,5,9,21000000
4,3,10.9,30000
2,2,3.8,45000
3,2,10,25000
3,3,10,25000
7,7,1,590000
3,2,1,40000
3,3,1,80000
3,3,5,43000
7,6,10,85000
5,4,4.4,48000
4,4,7,72000
4,4,7,72000
4,4,7,75000
4,4,7,75000
4,4,7,70000
4,4,7,70000
4,4,7,68000
4,4,7,65000
4,4,7,65000
4,4,4,50000
4,4,4,50000
4,4,4,48000
4,4,4,47000
4,4,4,47000
4,4,4,55000
4,4,4,53000
4,4,4,52000
4,4,4,55000
4,4,4,60000
4,4,4,60000
8,7,15,150000
0,2,4.4,11000
0,0,6,16000
3,3,10,32000
2,2,4.8,50000
2,2,4.5,20000
6,6,1,160000
0,5,10,32000
4,3,5,9500000
4,3,5,9000000
6,5,1,58000000
3,3,3,7500000
4,3,5,11000000
6,4,10,33500000
3,3,5,9800000
6,5,1,45500000
5,4,8,17000000
6,5,5,19500000
6,5,10,17500000
6,5,10,20000000
3,3,3,5600000
2,2,7,5500000
4,4,1.1,35000000
3,3,1,17000000
5,4,5,13000000
5,5,4.1,9000000
5,4,10,22500000
5,5,5,9000000
1,1,2.6,5000000
4,3,5,11500000
0,0,5,15000000
7,6,2,80000000
2,3,4,13000000
7,6,2,82500000
0,0,1.2,47500000
6,5,8,13500000
7,5,10,14500000
4,3,6,15500000
2,2,3,6500000
6,5,1,36000000
3,3,2.5,6500000
2,4,2,3500000
1,3,5,12000000
0,2,3,7000000
4,3,4.2,9800000
4,4,4,14500000
4,4,1,21200000
4,4,1,21000000
4,4,1,20800000
4,4,1,20700000
4,4,1,20500000
4,4,1,20300000
4,4,1,20200000
4,4,4,14000000
3,3,2,6000000
0,3,5,9000000
0,5,10,19500000
0,5,10,19000000
0,5,5,8500000
7,6,10,25000000
0,0,2,4000000
0,0,3,3000000
0,0,2.5,3200000
6,5,7,15000000
4,3,11,9500000
6,5,18,25000000
4,3,5,10500000
6,5,1,46500000
3,2,6,7000000
6,5,1,55000000
7,6,1,47000000
6,5,1,49000000
4,4,5,12000000
6,5,7,26000000
2,2,4.2,7080000
3,3,6.2,9000000
3,3,10,10500000
3,3,10,10400000
3,3,10,10300000
3,3,10,10200000
3,3,10,10100000
5,4,8,18000000
3,3,10,10000000
6,6,8,22000000
3,3,10,9900000
3,3,10,9800000
2,2,4.2,5200000
2,2,4.2,5100000
2,2,4.2,5000000
2,2,4.2,4900000
2,2,4.2,4800000
2,2,4.2,4700000
2,2,4.2,4500000
2,2,4.2,4600000
5,5,10,32000000
6,5,12,66000000
7,6,9.6,35000000
1,2,2,2300000
1,2,4.2,5000000
3,3,5,13000000
3,3,5,13000000
3,3,5,13000000
3,3,5,13000000
3,3,5,13000000
3,3,5,13000000
3,3,5,13000000
3,3,5,13000000
2,2,4.8,12000000
2,2,3.3,4400000
3,2,4.8,8500000
2,2,3.7,6000000
5,5,1,100000000
6,5,2,143000000
3,3,5.6,15000000
2,2,4.9,10800000
4,3,7.2,13500000
2,3,2.2,2800000
3,3,5.8,9500000
2,4,4.9,4000000
0,0,8,14800000
6,4,4.8,21500000
2,2,4.8,15000000
3,3,7.2,20000000
3,3,8,8500000
0,0,4.2,5800000
3,2,3,9000000
0,0,10,10000000
2,2,5.1,8000000
2,2,3.8,5650000
2,2,3.5,4300000
4,4,6.2,13500000
4,4,9.8,27500000
3,3,6.7,19500000
2,2,8,15000000
2,2,5,8500000
2,2,6,13000000
2,2,4.4,1400000
3,3,7.6,11900000
2,2,4.4,6944000
2,2,6.2,9716000
2,2,4.9,7250000
3,3,9.3,55000
3,3,6.7,35000
3,3,9.3,55000
3,3,5.6,30000
2,2,4.4,25000
5,4,12,160000
2,2,3.3,20000
2,2,3.8,18000
3,3,6.9,70000
3,3,6.3,35000
2,2,3.3,14000
3,3,2.4,32000
1,2,2,27000
4,3,1,120000
3,3,8,43000
3,3,1,120000
6,6,1,300000
3,3,1,125000
3,3,6.4,25000
3,3,12,130000
3,2,1,125000
4,3,16,67000
3,3,5.3,47000
3,2,4.8,30000
3,3,9.6,43000
2,2,5.3,43000
3,3,8,57000
4,4,16,95000
4,4,12,95000
3,3,16,65000
2,2,12,75000
5,5,12,150000
3,3,7.1,45000
4,4,4,58000
4,4,4,57000
4,4,4,55000
4,4,4,55000
3,3,1,72000
2,2,5.8,21000
4,4,9,53000
3,3,10,45000
1,1,2,26000
3,3,1,300000
5,5,1.3,300000
3,2,3.4,26000
8,7,10,100000
4,3,14.2,58000
2,2,8,35000
1,2,3,8000
1,3,5,18000
4,5,10.9,90000
1,2,5,30000
6,6,10.9,115000
1,1,1.6,22000
7,6,2,1200000
7,6,2,450000
6,5,1.2,450000
4,3,14,60000
4,3,1,90000
3,3,1,70000
6,6,10.9,48000000
5,5,8,19000000
3,4,4.9,35000
0,0,5,13000
4,3,10,30000
1,1,2,27000
3,3,10,35000
3,3,10,32000
5,5,10,80000
1,1,1,10000
5,4,10,52000
1,1,2.4,16000
0,2,5,5000000
0,3,5,8500000
0,3,5,8500000
0,3,5,9500000
0,0,3,6500000
3,3,3,8000000
3,3,3,7900000
3,3,3,8000000
4,3,5,10500000
3,3,3,7800000
4,3,5,12000000
3,3,3,7900000
4,3,10,17000000
5,4,9,22000000
3,3,3,7600000
3,3,3,7700000
3,3,3,8000000
3,3,3,7700000
6,6,1,28000000
4,4,10,16500000
4,3,5,12300000
4,4,1,20000000
4,4,4,14000000
4,3,5,12300000
3,3,2,6000000
4,4,1,19500000
4,4,1,19700000
4,4,1,19300000
4,4,1,19200000
4,4,1,19000000
4,4,1,18800000
3,3,5,7500000
4,4,1,18700000
4,4,1,19800000
3,3,3,5000000
3,3,3,5200000
3,3,3,5500000
4,4,1,18500000
3,3,3,5000000
4,4,1,18300000
3,3,5,8700000
3,3,5,8500000
4,4,1,18200000
3,3,10,13000000
3,3,5,9000000
4,4,1,18000000
3,3,5,9000000
2,2,3,4000000
4,3,5,12300000
4,4,2,7500000
4,4,10,23500000
4,4,10,23000000
4,4,13,28000000
4,3,9.5,17500000
5,5,1,18000000
6,6,2,78500000
5,5,1,30000000
0,3,2.5,4500000
0,3,5,9000000
0,3,7,14000000
0,3,5,8500000
0,3,7,12000000
0,4,10,27500000
0,3,5,8500000
0,4,12,24500000
0,4,10,23500000
0,4,10,21000000
0,3,5,10000000
0,3,5,9700000
0,3,5,7800000
4,4,5,13500000
3,3,2.5,5500000
4,4,2,6500000
4,4,2.7,7500000
6,6,5,15000000
4,4,5,10000000
5,5,10,18000000
4,4,1,20900000
3,3,3.5,7500000
4,3,5,11600000
4,3,5,12500000
3,3,3.5,7000000
3,3,4,8000000
5,4,10,24000000
5,4,10,22000000
4,3,5,9500000
4,3,5,9000000
4,3,5,10000000
4,3,3,7000000
4,4,10,16500000
3,3,5,12000000
0,4,10,11000000
0,3,10,5000000
0,3,3,5000000
0,3,2,3100000
3,3,3,5600000
4,3,4,7800000
4,4,5,12000000
3,3,5,9000000
3,3,5,9000000
4,4,5,8300000
0,0,16,25000000
0,0,5,8500000
0,0,7,20000000
0,0,5,12000000
0,0,2.5,4500000
0,0,12,27500000
0,2,2,2800000
0,0,2,2800000
0,0,2,2800000
0,0,2,2800000
0,2,2,2800000
0,0,2,2800000
0,2,2,2800000
0,0,7,14500000
0,3,2,2600000
0,0,5,10000000
0,0,5,10000000
0,0,2,2600000
0,0,5,10000000
0,0,5,9500000
0,0,5,9500000
0,0,5,10000000
0,6,2,35000000
0,5,10,30000000
0,0,7,22500000
0,0,7,10000000
0,0,1.2,30000000
0,6,10,20000000
0,5,7,25000000
0,6,15,25000000
0,0,5,8500000
0,0,4,8000000
0,0,4,7000000
0,2,2,2500000
0,0,5,9500000
0,0,5,10000000
0,0,5,9500000
0,2,2,2500000
0,0,5,10000000
0,2,2,2500000
0,0,5,10000000
0,0,5,10000000
0,0,5,10000000
0,0,5,10000000
0,3,5,7500000
0,0,5,10000000
0,0,5,10000000
0,0,5,10000000
0,0,5,10000000
3,3,5,7500000
0,0,5,10000000
0,0,5,10000000
0,0,5,10000000
0,0,5,10000000
0,0,5,11000000
0,0,5,7500000
0,0,5,10000000
0,0,7,14500000
0,3,5,7000000
0,0,5,7500000
0,0,5,7500000
0,4,8.5,11500000
0,4,5,6500000
0,2,5,4200000
0,3,8.5,11500000
0,3,10,9200000
0,3,13,11500000
0,0,5,3800000
0,0,3,1700000
0,0,6,4500000
0,0,2,1600000
6,5,1.1,47000000
2,2,5,5800000
0,0,12,14000000
0,0,9.6,23000000
0,2,3.3,4200000
0,2,4.2,7800000
0,4,8.4,15600000
0,2,3.3,5800000
0,2,3.3,5600000
0,2,3.3,5600000
0,2,3.3,5600000
0,2,3.3,5500000
0,0,4.8,13000000
0,0,4,7800000
2,2,4,5500000
2,2,6,14500000
2,2,5.1,16500000
2,2,4.5,7500000
2,2,4.2,6000000
2,2,4.2,7000000
3,3,8,20500000
3,3,6.1,14500000
3,3,5,11500000
3,3,8,14500000
2,2,8,19500000
3,3,8,5800000
3,3,8,13500000
3,3,9.4,9200000
4,3,9.8,13000000
2,2,5.1,6500000
2,2,4.2,5500000
3,3,12,12200000
3,3,9.6,13000000
3,3,9.6,13200000
3,3,9.6,14000000
3,3,9.6,13500000
3,3,9.6,13800000
3,3,9.6,14200000
3,3,9.6,14800000
4,4,12.9,15000000
3,3,9.6,14600000
3,3,9.6,14400000
3,3,9.6,15000000
3,3,8,19000000
3,3,8,19600000
3,3,8,19400000
3,3,8,20500000
3,3,8,19800000
3,3,5.3,7000000
3,3,8,20000000
3,3,8,21000000
9,9,9.6,42500000
2,2,8,6500000
3,3,6.9,15500000
4,4,10.7,14000000
3,3,8,22000000
2,2,4,4500000
3,3,8,22400000
3,3,8,22200000
2,2,3.6,2500000
0,0,7.1,15000000
2,2,7,3800000
0,3,6.6,11000000
3,3,6.7,11500000
2,3,10.2,11000000
0,2,3.1,3200000
0,4,4.8,15500000
3,3,5.7,6800000
3,3,5.7,6500000
3,3,5.7,6200000
8,8,4.8,21000000
0,2,3.1,3200000
4,4,4,10000000
4,3,1,80000
2,2,6,40000
2,1,6.7,28000
2,2,3.6,18000
2,2,5.6,32000
3,2,8,27000
3,3,7,25000
4,4,8,55000
10,9,3.6,700000
4,4,2,350000
10,10,4,1800000
9,8,1.3,600000
3,3,1,120000
6,5,1,260000
6,5,2,300000
8,10,10,55000000
6,6,14.2,26000000
5,5,5.6,12000000
5,5,10.1,15000000
5,5,7,15000000
2,2,2.1,2800000
5,5,10,16000000
2,2,4,4700000
4,4,5,12500000
2,2,5,9300000
2,2,5,8800000
0,0,6,16000000
0,0,6,9000000
0,0,7,12000000
0,0,10,13000000
0,0,8,22000
0,0,5,30000
0,0,10,25000
0,0,6,50000
0,0,6,22000
0,0,6,25000
0,0,10,60000
0,0,7,28000
0,0,6,24000
0,0,8,32000
0,0,5,18000
4,4,5,9000000
5,4,10,30000000
3,3,3,5500000
3,3,2,4600000
2,2,2,3600000
1,1,2,2200000
3,3,2,4600000
6,5,1,49900000
0,0,2,75000000
0,0,2.4,100000000
3,3,5,8500000
3,3,5,12000000
3,3,5,12500000
4,4,6.7,16000000
3,3,5,13500000
3,3,5,12000000
3,3,5,11500000
3,3,5,12000000
3,3,5,11500000
3,3,5,12000000
3,3,5,11500000
3,3,5,11500000
3,3,5,11000000
3,3,5,12500000
3,3,5,10500000
3,3,5,12000000
3,3,5,12000000
3,3,5,13000000
3,3,5,11000000
3,3,5,10200000
3,3,3,5500000
3,3,5,11200000
3,3,5,11500000
3,3,5,11500000
3,3,5,11000000
3,3,5,11000000
6,5,1,41500000
3,3,5,10500000
4,3,5,11000000
4,3,5,10500000
4,3,5,10000000
4,3,5,11000000
4,3,5,12000000
3,3,3,5500000
5,5,12,25500000
4,6,1.5,140000000
3,2,5,5600000
3,3,5,12500000
3,3,3,6200000
3,3,3,6000000
6,5,1,50000000
5,5,10,22500000
0,3,3,8000000
0,3,2.5,7000000
0,5,6,11500000
0,3,5,10000000
0,3,4,9500000
0,5,8,25000000
0,3,2,4000000
0,3,2,6500000
3,3,4,8500000
5,5,10,21500000
6,5,1,33900000
5,5,1,65000000
5,5,1,70000000
5,5,1,48000000
5,5,2,105000000
4,4,1,20000000
4,4,1,20500000
4,4,1,21500000
4,4,1,21000000
5,5,10,23000000
3,3,5,12200000
4,4,3,6200000
3,3,5,12200000
5,5,10,21500000
3,3,5,12500000
0,4,5,12500000
0,3,5,13500000
0,3,5,15000000
5,5,10,22000000
4,4,1,20500000
4,3,5,14500000
5,5,10,16500000
5,5,7,23000000
0,3,5,10500000
0,4,4,9600000
0,4,5,10000000
0,3,5,11000000
0,3,4,9500000
0,3,3,6500000
0,3,5,10300000
0,3,5,10500000
6,5,1,46500000
0,0,5,7000000
0,0,5,7000000
0,3,5,10000000
0,3,5,10500000
0,3,5,10500000
0,3,5,10000000
0,3,5,10000000
0,0,1.6,70000000
0,0,10,20000000
0,0,7,13500000
0,0,5,7500000
0,0,4,6000000
0,0,4,8000000
0,0,5,9000000
0,0,2.5,6000000
0,0,2.5,6000000
0,0,2.5,6000000
0,3,5,10000000
0,0,5,7000000
0,3,5,9000000
0,3,5,9000000
0,0,5,8500000
0,3,5,7500000
8,6,10,25000000
3,2,5,5500000
5,5,8,14000000
0,0,14,70000000
0,0,3.5,3000000
3,2,5,4800000
3,3,6,40000
3,3,5.8,40000
3,3,5.8,40000
3,3,5.3,35000
1,1,2.2,20000
3,3,14,70000
3,3,5.3,32000
3,3,8,35000
3,3,9.8,70000
2,2,4.2,20000
3,3,7.6,60000
3,3,5.3,35000
3,3,1,75000
1,1,1.6,15000
2,2,4,15000
2,2,4.8,25000
4,4,4.8,11000000
4,4,4.4,14000000
6,6,4.8,15500000
2,2,2.9,4500000
2,2,4.2,8300000
6,6,16,37000000
2,2,4.8,7300000
3,3,4.9,5300000
4,4,4.8,13500000
4,4,4.8,14500000
4,4,4.8,15500000
4,4,4.8,16500000
4,4,4.8,17500000
4,4,4.8,18500000
4,4,4.8,15000000
4,4,4.8,16000000
4,4,4.8,17000000
4,4,4.8,18000000
3,3,7.1,22500000
6,7,4.8,7500000
2,3,2.4,3500000
1,2,9.6,7500000
4,4,1.1,81000000
4,4,11.6,36500000
3,3,7.6,25000000
4,4,16,80000000
2,2,4,6000000
2,2,4.2,9200000
4,4,4.8,13200000
4,4,4.8,14500000
2,2,4,4500000
3,3,4.9,6000000
2,2,4.4,6500000
2,2,4.8,11000000
3,3,9.6,22500000
2,2,4,3000000
0,2,4,11000000
0,2,4,12000000
0,4,6.2,7600000
0,3,6.2,16000000
0,2,4,10000000
0,4,8,27500000
0,3,6.2,20000000
0,2,4.4,11000000
0,2,4.4,12500000
0,3,6.2,16500000
2,2,4.8,13000000
3,3,6.2,60000
2,2,6.2,40000
2,2,4.2,35000
2,2,4.2,30000
2,2,4.2,30000
2,2,4.8,22000
3,3,4.9,35000
2,2,4.8,20000
2,2,4.2,30000
3,3,8,75000
3,3,5.6,45000
3,3,8,75000
2,2,4.8,28000
3,3,6.2,55000
2,2,2.4,15000
2,2,6,25000
3,3,6.2,55000
3,3,8,50000
3,3,8.8,35000
2,2,4.2,50000
2,2,4.2,45000
2,2,4.2,40000
2,2,4.2,40000
5,5,1,370000
3,3,4,90000
3,3,1,110000
3,3,4,90000
3,3,8,85000
4,4,4.8,120000
3,3,7.1,65000
2,2,4.2,40000
2,2,4.4,35000
2,2,4.2,43000
3,3,1,140000
6,5,2,450000
7,6,1,250000
6,5,2.5,280000
6,5,1,300000
4,4,7,53000
0,0,7,24000
10,10,2.4,500000
10,9,2,1000000
4,4,2,450000
7,6,2.1,380000
3,3,6.7,38000
2,2,5.6,30000
3,3,1,42000
9,8,1,450000
2,2,8,45000
3,3,1,45000
3,3,1,75000
7,6,1.3,450000
2,2,1,45000
3,3,14.2,75000
6,6,1,46000000
2,2,4,4700000
5,5,8,15500000
6,6,8,37000000
1,1,2,9000
0,0,5,35000
0,0,2.4,32000
1,1,3.1,16000
5,5,10,22500000
6,5,1,52500000
5,5,2,52500000
5,5,2,53000000
6,5,2,180000000
5,5,2,53000000
6,5,1,43500000
5,5,2,53000000
5,5,2,53500000
5,5,2,53500000
5,5,2,53500000
4,3,5,11000000
4,3,5,14800000
6,5,1,82500000
5,5,2,52000000
5,5,2,52000000
5,5,2,52000000
7,6,1,44000000
4,3,7,20800000
4,4,1,28000000
3,2,3,3500000
2,2,4,5500000
4,3,7,21000000
4,3,9,24000000
3,3,3,5500000
4,4,14,39500000
3,3,3,5500000
4,4,14,39000000
4,4,14,38500000
3,3,3,5500000
4,3,5,17000000
4,4,14,37500000
4,4,14,38000000
4,4,14,37000000
4,3,5,17200000
4,4,14,36500000
4,4,14,36000000
4,4,14,35500000
4,3,5,16500000
4,4,14,35000000
5,5,1,59000000
3,3,3,5700000
0,0,3,8000000
0,0,3,11000000
0,0,5.2,8000000
0,0,4,7500000
0,0,5,11500000
3,3,1,140000
3,3,1,120000
4,4,4,110000
2,2,2.2,28000
2,2,4.2,35000
3,3,5.3,50000
2,2,4.2,40000
3,3,7.8,80000
3,3,5.3,55000
2,2,4.2,40000
3,3,8.1,80000
2,2,4.2,40000
2,2,2.2,25000
1,1,4.2,45000
1,1,4.2,45000
2,2,4,30000
3,3,4.9,8500000
4,4,3.6,13200000
3,3,7.8,12400000
4,4,4.8,12500000
3,3,7.8,12900000
3,3,7.8,12200000
3,3,6.4,9200000
3,3,7.8,12800000
3,3,7.8,12700000
3,3,7.8,12500000
3,3,7.8,12600000
3,3,7.8,12300000
3,3,6.4,9600000
3,3,6.4,9500000
3,3,7.8,12100000
3,3,7.8,12000000
3,3,6.4,9300000
3,3,6.4,10000000
3,3,6.4,9800000
3,3,6.4,9700000
3,3,6.4,9400000
3,3,6.4,10000000
2,2,4.8,11000000
2,2,3.3,6500000
3,3,7.1,22000000
2,2,3.3,6700000
2,2,3.3,6600000
2,2,3.3,6400000
2,2,3.3,6300000
2,2,3.3,6200000
0,0,3.2,5000000
2,2,3.3,6100000
2,2,3.3,6000000
3,3,6.4,9900000
2,2,3.3,6200000
2,2,3.2,6000000
3,3,7.8,13000000
2,2,4,5300000
6,6,8,25000000
4,4,4.8,13000000
3,3,3.2,22500000
3,3,6,13500000
3,4,4.8,6800000
3,3,8,5000000
3,3,5,4000000
2,2,4.4,6500000
0,6,1.3,220000000
0,0,12,61500000
0,0,12,62500000
0,4,12,65000000
0,4,12,67500000
0,5,12,90000000
0,5,12,87500000
0,5,12,80000000
0,6,1,160000000
0,4,4,44000000
2,2,4.2,5300000
2,2,4.2,5400000
2,2,4.2,5500000
2,2,4.2,5600000
2,2,4.2,5700000
2,2,4.2,5800000
2,2,4.2,6000000
3,3,10,10000000
3,3,10,10100000
3,3,10,10200000
3,3,10,10300000
3,3,10,10400000
3,3,10,10500000
3,3,10,10600000
3,3,10,10700000
3,3,10,10800000
3,3,10,11000000
3,3,5,4000000
3,3,8,5000000
6,6,8,70000000
4,4,16,45000000
3,3,6,20000000
3,3,8,25000000
2,2,4,12500000
4,4,12,40000000
6,6,16,25000000
3,3,8,6500000
3,3,8,14000000
3,3,8,20000000
3,3,8,13000000
3,3,6.1,15000000
2,2,4.2,6500000
4,4,1,60000
3,3,8,38000
6,6,1,400000
3,3,1,70000
7,7,10.9,110000
3,3,1,150000
7,6,1,150000
2,2,10,50000
1,1,1,23000
0,6,2.4,500000
3,3,14.2,68000
3,3,14.2,40000
3,3,14.2,65000
3,3,1.3,225000
4,3,10,45000
3,3,6.7,38000
5,5,5.6,27000000
5,5,5,27000000
0,2,5.3,8000000
0,2,3.1,7000000
3,3,5.3,8500000
0,0,12.5,3000000
6,5,10,41500000
1,1,1.6,2500000
7,6,12,43000000
2,2,3.6,3900000
0,1,2,1300000
5,5,9.3,13500000
4,4,7,9500000
7,7,14.2,18500000
6,4,6,14000000
0,0,5,9800000
6,5,10,42500000
0,4,4,3800000
0,4,7,20000000
0,0,5,12500000
0,0,5,12500000
2,2,4.5,5000000
2,5,5,9500000
0,0,5,25000
0,0,12,20000
0,0,10,23000
0,0,2,10000
0,0,10,28000
3,3,7,25000
5,5,1,58500000
5,5,1,57500000
5,5,1,59500000
5,5,1,58000000
5,5,1,57000000
5,5,1,56000000
5,5,1,56500000
5,5,1,55000000
5,5,1,55500000
7,6,1,55000000
6,5,1,42000000
4,3,5,15500000
4,3,5,17300000
8,8,1,30000000
0,4,4,9000000
0,2,3.5,3500000
4,3,6,17900000
5,4,10,23500000
1,1,3,2000000
4,3,5,15800000
4,3,5,20500000
6,4,9,23000000
4,3,4.5,15000000
4,3,5,21000000
3,3,3,4500000
4,4,5,13000000
6,5,1,45000000
5,4,10,21500000
6,5,2,185000000
0,4,7,18000000
0,0,5,10000000
0,3,5,12500000
0,4,5,18500000
0,0,7,20000000
0,3,5,12500000
0,0,5,11500000
0,4,7,17500000
0,4,7,20000000
0,0,5,9000000
0,0,7,15000000
0,0,5,9500000
0,0,6,15000000
0,3,7,11000000
0,0,5,12500000
0,0,15,35000000
0,0,5,11500000
0,0,3.5,25000000
0,0,5,10000000
0,0,5,5000000
0,0,6,2500000
0,0,10,40000000
0,0,5.5,9000000
0,0,1.4,5000000
0,0,7,16000000
0,0,7,15500000
0,0,7,16500000
0,0,3.5,12500000
0,0,1.3,229500000
5,5,5.4,13000000
1,2,3.5,2800000
2,3,3,3900000
2,2,2.9,5800000
2,2,6,6000000
0,0,4,2000000
2,2,5,5500000
4,4,10,19000000
6,6,5,8000000
2,2,5,4500000
6,4,11,15000000
0,0,4,12500000
0,0,2,6200000
0,0,5,8500000
0,0,4,12500000
2,2,4.8,23000
2,2,4.8,21000
2,2,4.8,25000
2,2,4.8,22000
2,2,4.8,20000
2,2,4.8,23000
2,2,4.8,25000
2,2,4.8,30000
2,2,4.8,22000
2,2,4.8,22000
2,2,4.8,25000
2,2,4.8,27000
2,2,4.8,21000
2,2,4.8,23000
2,2,4.8,24000
3,3,16,45000
2,2,4.8,30000
2,2,3.2,12500
2,2,4.8,23000
2,2,4.8,22000
2,2,4.8,25000
1,2,3.2,10000
2,2,4.8,25000
2,2,4.8,27000
2,2,3.3,23000
2,2,3.1,20000
3,3,9.6,45000
3,3,9.6,50000
2,2,2.7,20000
2,2,4,28000
3,3,9.6,45000
3,3,9.6,40000
2,2,4,27000
4,3,1,125000
3,3,1,120000
3,3,1,115000
3,3,1,110000
3,3,1,100000
5,5,10,150000
3,3,12,105000
4,4,16,120000
4,4,16,80000
3,3,12,90000
3,3,12,110000
3,3,12,100000
3,3,1,110000
3,3,1,100000
3,3,1,130000
3,3,1,125000
3,3,1,120000
3,3,1,115000
3,3,1,100000
3,3,1,115000
3,3,1,125000
3,3,1,120000
3,3,1,125000
2,2,5.1,6700000
3,3,6.1,14100000
3,3,6.1,14200000
3,3,6.1,14300000
3,3,6.1,14400000
3,3,6.1,14500000
3,3,6.1,14600000
3,3,6.1,14700000
3,3,6.1,14800000
3,3,6.1,15000000
3,3,8,6500000
3,3,8,14000000
2,2,4.2,8500000
3,3,8,20000000
3,3,8,13000000
3,3,6.1,15000000
2,2,4.2,6500000
2,2,5.1,6700000
3,3,8,6500000
3,3,8,14000000
3,3,8,20000000
3,3,8,13000000
3,3,6.1,15000000
2,2,4.2,6500000
2,2,5.1,6700000
4,3,12,38500000
3,3,7.8,27500000
3,3,4.8,13500000
6,7,9.6,32000000
3,3,6.2,9000000
0,3,10,55000000
0,3,13.3,50000000
0,3,9.4,75000000
0,4,12,55000000
0,3,8.9,33500000
0,3,8.9,40000000
0,3,8.9,40000000
2,3,4.8,7500000
2,2,4,4000000
2,2,3.6,3300000
2,2,3.6,2800000
2,2,4.7,4200000
2,2,4.2,4000000
3,3,8,12000000
2,2,4.8,4000000
2,2,4.7,4000000
3,3,8,12000000
2,2,4.7,5500000
2,2,3.6,4500000
2,2,4.2,5500000
2,2,3.6,3500000
2,2,3.6,3200000
2,2,3.6,2500000
2,2,3.6,2800000
4,5,1,70000000
6,6,2,192000000
6,6,1,80000000
3,3,8,15000000
3,3,10,22000000
7,6,1.3,150000000
3,3,10.2,18000000
4,4,16,45000000
4,4,12,65000000
0,0,3.8,5850000
3,3,8,10500000
3,3,4.8,9000000
3,3,6.4,17500000
3,3,8,6100000
3,3,8,6300000
3,3,8,6600000
2,2,4,8000000
4,4,14,20000000
2,2,4.2,9500000
0,0,10,50000
6,5,3.6,450000
7,6,10,110000
6,5,2,300000
7,6,1,210000
1,1,1.3,6000
3,3,1.8,125000
3,3,1.2,130000
8,7,1.2,500000
7,6,2.5,280000
4,3,1,100000
4,3,1,38000
3,3,9.8,50000
10,11,2.5,1000000
3,3,3.5,46000
9,9,1.6,495000
3,3,1,45000
5,5,10,110000
3,3,10,28000
7,6,1,120000
7,6,1,90000
2,1,5.4,16000
3,3,10,50000
2,2,8,35000
0,0,12,175000
5,5,8,70000
7,6,1,53000000
4,4,15,3000000
5,5,1.2,55000000
3,3,8.5,1800000
6,6,11,58000000
2,2,3.1,4500000
1,1,2.2,3638000
5,4,4.4,17500000
7,6,1,48000000
8,7,1,51000000
0,0,6,28000000
3,3,4.9,8242000
7,6,14.5,33000000
0,5,10,34500000
0,7,10.9,36500000
0,8,10,38000000
0,6,12,38500000
0,3,6,23000000
0,4,5,19000000
0,4,10,32500000
0,5,12,33500000
1,1,1.4,2200000
5,4,4,14400000
1,1,2.4,3900000
3,3,6,12500000
0,0,1,2500000
0,0,2,6200000
0,0,5,8500000
0,0,4,12500000
0,0,2,6200000
0,0,5,8500000
0,0,4,12500000
0,0,2,6200000
0,0,5,8500000
0,0,4,12500000
0,0,2,6200000
0,0,5,8500000
0,0,4,12500000
0,0,2,6200000
0,0,5,8500000
0,0,4,12500000
0,0,2,6200000
0,0,5,8500000
5,3,5,7000000
0,0,10,17800000
0,0,10,17700000
1,3,5,3200000
2,2,3,3700000
2,2,4.5,5000000
2,2,5,6000000
1,1,2,2200000
6,5,10,20000000
6,4,10,19500000
7,6,7,12500000
6,4,10,18000000
7,6,10,16500000
6,5,10,25500000
6,5,10,25000000
0,0,7,50000
0,0,7,35000
0,0,10,50000
0,0,1,13000
0,0,7,32000
0,4,10,50000
2,2,5,55000
0,3,10.8,50000
4,3,12.4,45000
8,6,12.4,90000
2,2,4.2,28000
3,2,12.4,36000
3,3,12.4,35000
2,2,10,32000
4,5,1,65000000
3,3,5,12000000
3,3,5,11400000
4,3,5,11100000
3,3,5,11300000
4,3,7,20000000
5,5,10,22000000
3,3,5,11500000
5,5,1,45000000
7,6,1,39000000
6,5,1,49100000
6,5,1,45500000
5,5,10,18500000
3,3,5,11200000
6,5,1,56500000
0,4,12,25000000
6,5,1,49900000
0,4,10,28000000
0,5,10,16000000
5,5,2,190000000
2,3,3,4600000
1,2,5,1700000
5,4,1,42500000
3,3,3,6500000
3,3,3,6500000
4,3,5,8700000
3,3,6,13000000
3,3,3,6000000
3,3,3,6000000
3,3,3,6000000
5,5,6,12000000
4,4,3,6000000
0,3,5,11000000
3,3,5,12000000
4,4,2,5000000
2,3,3,4500000
6,5,1,45000000
7,6,1,38000000
2,2,2,3200000
4,4,7.5,17000000
4,4,11,16000000
0,0,10,33500000
3,3,5,7000000
3,3,5,7000000
2,2,4,4200000
3,3,3,3750000
6,5,10,23000000
5,4,10,28000000
7,6,10,23000000
0,6,3,145000000
4,3,3,6500000
5,7,15,28000000
0,0,1,92500000
6,4,10,24500000
3,3,3,2490000
5,4,10,32000000
0,0,5,7000000
0,0,5,7500000
0,0,1.4,60000000
0,0,19,85500000
0,0,2.5,2800000
0,0,5,4000000
0,0,2.5,2400000
0,0,2.5,2000000
0,0,5,5600000
0,0,11,17500000
0,0,11,15000000
1,2,3,3200000
2,2,7,6500000
3,3,5,7000000
6,6,1,41000000
3,3,10,7800000
2,2,4,3600000
2,2,3.6,4000000
2,2,7,6800000
0,2,3,3800000
0,2,4,4300000
0,2,5,5500000
0,2,5,5500000
0,4,6.5,7000000
0,2,6,4500000
2,2,4,3700000
2,4,5,9800000
2,2,4.8,3500000
1,1,2.2,4000000
4,3,5,6000000
1,1,2.2,3800000
3,3,1,100000
2,2,2,30000
2,2,4.2,30000
2,2,4.2,37000
0,4,1.2,300000
0,4,16.7,200000
0,2,4.2,45000
0,3,7.1,60000
0,3,8.9,350000
0,5,16,225000
0,3,1,95000
0,3,12,100000
7,6,1.3,400000
0,0,12,65000
3,3,12,60000
2,2,5.1,28000
2,2,4.4,30000
2,2,2.2,20000
4,3,8.4,35000
2,2,2.2,19000
2,2,2.2,21000
5,5,8.4,18000000
3,3,8,11000000
3,3,8,11900000
3,3,8,11800000
3,3,8,11600000
1,2,2,4000000
3,3,8,12000000
3,3,8,11500000
2,2,3.1,5200000
3,3,8,11300000
3,3,8,11100000
2,2,3.8,5800000
3,4,6.7,9000000
2,2,3.2,7100000
4,4,12,35000000
3,3,8,30000000
4,4,16,45000000
4,4,12,35000000
3,3,10,32500000
3,3,6,20000000
3,3,6,18000000
0,0,8,60000000
8,7,8,85000000
8,7,12,85000000
3,3,5.6,15000000
3,2,4.7,8900000
2,3,4.8,7000000
2,2,3.1,3625000
2,4,14.2,24000000
2,2,3.3,6500000
2,2,3.3,6500000
2,3,7.3,12500000
2,3,7.3,12000000
2,2,6.4,9500000
2,2,3.8,7000000
2,3,7.8,12000000
2,4,14.2,25000000
2,4,14.2,25000000
3,6,8,26000000
3,6,8,25000000
2,2,3.2,7500000
3,9,9.6,54000000
2,6,8.6,40000000
2,3,4.8,12500000
2,3,4.8,14500000
2,2,8,12500000
2,3,10,22500000
4,4,4.8,15000000
6,8,1,135000000
5,4,4.8,13500000
3,3,5.8,8800000
6,6,8,27000000
2,2,4.8,7500000
6,6,8,32500000
2,2,4.8,9500000
2,2,3.3,4500000
4,3,7.3,18000000
4,4,14.6,30000000
3,3,9.6,13500000
6,5,1,110000000
3,3,10.9,34000000
3,3,3.2,9300000
5,4,9,60000000
2,2,4.7,2100000
2,2,4,28000
0,0,8,45000
4,4,2,280000
3,3,1,60000
8,7,2.4,1800000
3,3,1.2,100000
7,6,1.1,500000
5,5,1.6,280000
4,3,1,55000
1,1,4.3,20000
3,3,1.1,72000
3,3,7,32000
2,2,5,35000
5,6,14,160000
9,8,1.3,700000
10,10,1.3,1000000
10,10,1.3,1000000
1,1,1.6,9000
9,8,2,700000
5,6,14,160000
6,5,1.3,400000
7,9,14,200000
5,4,4,46000
1,1,1,30000
10,10,1.3,600000
3,3,10,52000
4,3,1,75000
0,4,2,200000
3,3,12.4,35000
5,4,4,55000
5,4,1.3,300000
3,2,5.6,32000
9,8,1,600000
6,5,1,220000
9,8,1.3,320000
2,2,10,50000
6,5,1.3,350000
2,2,4,28000
3,3,1,80000
3,3,10,37000
1,2,5,4300000
0,2,5,3200000
0,2,5,5500000
0,2,5,5500000
2,1,3.6,7000000
1,2,3,2950000
3,3,8,12000000
0,0,2,3000000
5,5,6,9000000
0,0,8,11000000
0,0,7,9000000
6,5,1,41000000
4,4,5,35000
0,0,16,90000
0,0,7,80000
0,0,2,225000
0,0,1,200000
1,1,2.6,30000
2,2,3.5,27000
2,2,3.1,45000
2,2,5,15000
5,4,10,55000
2,2,4.4,35000
5,4,7,45000
1,1,2.2,28000
3,3,1,45000
4,3,11,60000
4,4,10,47000
3,3,1,150000
6,5,10,16000000
4,3,5,12500000
4,3,5,9500000
0,3,3.5,4000000
0,2,3,4000000
0,3,2,4000000
0,0,3,7200000
0,3,5,7500000
5,4,10,22000000
0,0,10,34000000
3,3,1.5,4850000
4,4,10,24000000
7,5,10.7,25000000
5,5,2,190000000
0,4,6,15000000
0,3,3,4250000
0,4,3,6150000
0,3,3,3600000
0,4,5,6150000
0,3,3.5,4150000
0,3,3,3600000
5,4,5,6650000
4,3,4,4600000
4,3,10,11500000
0,0,10,26000000
7,5,1,51500000
5,4,10,21500000
5,4,10,31000000
6,5,1,31500000
7,5,10,17600000
7,5,10,17400000
5,4,10,30500000
6,5,1,40000000
2,2,4.2,40000
2,2,3.6,28000
2,2,2.2,20000
2,2,2,24000
2,2,2.2,22000
2,2,3.6,25000
3,3,6.4,70000
3,3,1,125000
7,6,1,300000
3,3,2,300000
0,0,14.4,170000
3,3,7.3,110000
0,0,1.1,60000
3,2,4.4,50000
3,3,8,85000
3,3,2,300000
2,2,4.2,21000
2,2,4.8,28000
3,2,4.8,27000
2,1,2.2,30000
2,2,4.8,30000
2,2,3.2,3300000
4,4,4.8,21000000
7,6,1,107500000
5,4,1,90000000
1,2,2.6,3200000
1,0,1,4950000
3,3,6.4,9000000
5,4,2,120000000
6,5,8,67500000
6,5,1,120000000
4,4,13.8,19000000
3,3,8.4,15000000
4,4,13.8,18500000
3,3,8.4,14000000
3,3,8.4,13000000
4,4,13.8,19500000
4,4,13.8,19000000
4,4,13.8,18500000
3,3,8.4,15000000
3,3,8.4,14000000
4,4,13.8,18500000
3,3,8.4,13000000
4,4,13.8,19000000
3,3,8.4,15000000
3,3,8.4,14000000
3,3,9.3,14000000
3,3,8.4,13000000
4,4,13.8,19500000
3,3,7.6,28000000
4,4,13.8,19000000
4,4,13.8,19000000
4,4,13.8,18500000
3,3,8.4,15000000
3,3,8.4,14000000
3,3,8.4,13000000
4,4,13.8,19500000
4,4,13.8,19000000
4,4,13.8,18500000
3,3,8.4,15000000
2,3,6.9,20000000
3,3,8.4,14000000
3,3,8.4,13000000
4,4,13.8,19500000
4,4,13.8,19000000
4,4,13.8,18500000
3,3,8.4,15000000
3,3,8.4,14000000
3,3,8.4,13000000
4,4,13.8,19500000
4,4,13.8,19000000
3,3,13.8,18500000
3,3,8.4,15000000
3,3,8.4,14000000
3,3,8.4,13000000
3,3,8.4,15000000
4,4,13.8,19500000
5,4,13.8,18500000
5,5,1,90000000
2,2,5.8,5950000
1,1,2.3,2900000
1,1,2.5,3100000
0,7,4,9200000
3,3,16.2,32000000
6,6,14.2,25500000
8,8,16,62000000
6,5,1.1,90000000
0,0,5,13200000
0,0,5,8700000
9,8,1.6,1000000
4,3,1,40000
3,3,11,120000
4,4,2.4,250000
2,2,1,150000
3,3,1,55000
6,5,10,90000
3,3,1,95000
9,8,1,320000
2,2,8.5,300000
0,2,4,15000
3,3,1,130000
2,2,8.5,300000
8,7,1,300000
4,3,1,80000
4,4,17.8,110000
5,5,1,100000
6,6,1,110000
6,6,1,120000
6,6,1,130000
2,2,17.8,100000
3,3,9.2,35000
3,3,1.8,125000
3,3,17.8,150000
7,6,2,220000
5,5,2.6,1800000
3,3,1,125000
3,3,15.1,39000000
7,5,1.3,105000000
6,5,1.3,105000000
6,5,7,24500000
5,5,10,12500000
2,2,3.5,5000000
5,4,6,10600000
6,5,10,24000000
5,4,10,18000000
7,6,1,47000000
4,3,11,23000000
0,0,10,8200000
0,5,1,33000000
2,2,5,6100000
7,5,12,28000000
0,0,3,20000
2,2,5,35000
2,2,7,45000
3,2,12.4,30000
1,1,2.4,16000
4,4,1,45000
0,5,10,70000
4,3,1,50000
0,0,10,68000
6,5,10,23500000
4,4,1,60000000
1,2,3,4900000
4,4,5,13500000
7,5,10,18000000
5,4,10,17000000
6,5,1,44500000
8,7,2,92500000
4,3,3,6500000
4,3,6,8800000
4,3,5,12500000
4,3,5,10800000
4,3,6,9500000
6,5,10,22500000
4,5,10,11500000
0,0,2.9,3350000
0,0,4.2,4750000
0,0,4.2,4750000
6,5,10,13500000
6,5,1,77500000
4,3,5,7400000
7,6,1,92500000
5,4,10,21000000
6,5,1,49000000
6,4,8,13300000
5,4,10,23000000
5,5,1,37000000
5,3,5,9600000
5,4,6,12500000
3,5,10,25000000
6,5,1,20000000
4,3,10,11500000
6,5,1,59500000
4,3,5,10200000
4,3,5,10100000
4,3,5,9900000
4,3,5,10400000
5,3,5,9800000
4,4,5,11500000
6,5,1,40000000
5,4,2,27000000
0,3,4,8500000
4,3,1,30000000
5,5,1,85000000
3,3,8.4,13000000
4,4,13.8,19000000
2,2,4.2,5000000
4,4,13.8,18500000
6,5,1,400000
3,3,14.4,180000
4,3,1.3,135000
2,2,4.2,20000
2,2,4.2,20000
2,2,4.2,20000
2,2,4.2,20000
2,2,4.2,21000
2,2,4.2,21000
2,2,4.2,21000
2,2,4.2,21000
2,2,4.2,22000
2,2,4.2,22000
2,2,4.2,24000
2,2,4.2,24000
2,2,4.2,25000
2,2,4.2,25000
2,2,4.2,25000
2,2,4.2,25000
3,3,10,35000
3,3,10,35000
3,3,10,35000
3,3,10,35000
3,3,10,36000
3,3,10,36000
3,3,10,36000
3,3,10,36000
3,3,10,37000
3,3,10,37000
3,3,10,37000
3,3,10,37000
3,3,10,38000
3,3,10,38000
3,3,10,38000
3,3,10,38000
3,3,10,39000
3,3,10,39000
3,3,10,39000
3,3,10,39000
3,3,10,40000
3,3,10,40000
3,3,10,40000
3,3,10,40000
3,3,8.4,15000000
4,4,13.8,18500000
3,3,8.4,15000000
3,3,9.4,9000000
3,3,4.8,11500000
0,0,3.2,8500000
5,3,2.9,7500000
3,3,7.6,35000000
4,4,4,34000000
6,6,16,41500000
2,3,12,26000000
2,4,4.8,14500000
2,2,4.9,5000000
2,2,4.8,9000000
4,3,4,45000000
3,3,6,13500000
2,4,3.2,10000000
8,8,1.2,80000000
2,2,4.2,5000000
3,3,16,35000000
3,3,4.8,16500000
4,4,8,40000000
6,6,2,160000000
3,3,4.8,17000000
2,2,4.8,6500000
3,3,8.2,16500000
0,0,4.8,6500000
0,0,5.8,10000000
0,0,2.2,5500000
5,4,12,13200000
3,4,3.6,5000000
2,2,3.3,5500000
6,6,9.6,33500000
6,6,16,48500000
6,6,9.6,42500000
6,6,16,52500000
6,6,16,55000000
6,6,9.6,32500000
6,6,9.6,32500000
6,6,16,45000000
6,6,16,45000000
8,8,16,65000000
5,5,1,100000000
4,4,6,29000000
8,6,10,36000000
0,6,12,47500000
5,4,2.4,180000000
0,6,10,40000000
0,3,5,13000000
0,0,1,2500000
0,3,14.2,5000000
6,5,1.8,115000000
6,5,5.6,22500000
2,2,6.1,10200000
0,4,6.7,17000000
5,5,4,7000000
5,4,4.4,16000000
3,3,9.3,22000000
5,4,4.4,16000000
5,4,1.2,95000
4,4,1.2,300000
4,4,4,400000
5,5,1,140000
3,3,1.2,75000
3,3,8,80000
3,3,1.3,120000
2,2,9,23000
7,6,1.1,300000
3,3,14,55000
8,5,10,110000
2,2,7.6,16000
0,4,8.9,50000
0,7,9.3,160000
7,6,1,170000
2,2,6,30000
2,2,6,30000
1,2,4,22000
8,6,14,250000
3,3,1.2,95000
7,5,7,15500000
2,2,5,3800000
3,7,7,8000000
4,3,5,8500000
0,2,3.5,3500000
0,0,7,15000000
0,0,7,14500000
0,0,7,15000000
0,0,1,35000
0,0,1,35000
0,0,1,42000
0,0,1,70000
0,5,16,60000
0,6,16,70000
0,3,12.5,45000
0,5,8,40000
0,5,7,35000
0,0,10,95000
0,4,10,50000
3,3,10,30000
3,3,14,42000
6,5,7,55000
5,4,10,23500000
6,5,1,42500000
5,4,10,33500000
6,6,1,59000000
6,5,10,41500000
7,6,2,109000000
1,1,2.9,3750000
6,3,5,11500000
6,5,6.2,16500000
2,2,47.5,600000
0,0,2,240000000
5,3,5,12000000
0,5,10,16000000
0,5,10,16000000
0,5,3.5,8000000
0,3,4,4000000
0,3,5,2500000
7,6,2,190000000
6,5,10,24000000
4,3,5,16500000
5,4,10,27000000
3,3,10,13000000
0,0,4.5,6000000
0,5,10,30000000
0,4,5,14000000
0,5,5,18500000
0,3,2.5,6500000
0,3,2.8,7500000
0,3,3,9000000
0,2,1.5,3000000
0,3,2,4000000
0,5,8.2,22000000
0,5,8.2,18000000
0,4,3,9000000
0,4,3,9000000
0,4,5,15000000
0,3,3,9000000
0,3,2,5000000
3,3,10,12500000
0,2,4,4500000
0,2,1.5,3000000
0,4,4,6000000
0,3,2,5000000
0,4,5,9000000
0,5,5,13000000
0,1,1,1200000
0,3,6,6500000
0,3,2,3500000
0,3,2,3500000
0,3,1,2000000
0,3,2,3500000
0,2,4,4500000
0,3,2,5000000
0,4,5,9000000
5,3,5,10900000
6,5,1,56000000
6,5,1,32500000
0,0,10,23000000
6,5,10,21000000
4,3,5,12200000
6,5,1,65000000
6,3,5,11400000
6,5,1,63500000
4,3,5,4300000
5,3,5,12500000
6,5,10,22000000
6,5,1,45000000
6,5,8,25000000
2,2,5,7800000
6,5,1,46000000
7,6,2,185000000
5,3,5,11000000
3,3,5,9500000
7,3,5,11900000
6,6,12,25000000
5,4,10,22000000
6,5,18,35000000
7,6,6,55000000
5,4,10,29500000
6,5,1,61000000
4,3,5,9700000
4,3,4,120000
3,3,8,35000
3,3,8,35000
3,3,8,35000
3,3,8,35000
3,3,8,36000
3,3,8,36000
3,3,8,36000
3,3,8,36000
3,3,8,37000
3,3,8,37000
3,3,8,37000
3,3,8,37000
3,3,8,38000
3,3,8,38000
3,3,8,38000
3,3,8,38000
3,3,8,39000
3,3,8,39000
3,3,8,39000
3,3,8,39000
3,3,8,40000
3,3,8,40000
3,3,8,40000
3,3,8,40000
3,3,8,80000
6,5,1,270000
3,3,6,35000
3,3,6,35000
3,3,6,35000
3,3,6,35000
3,3,6,36000
3,3,6,36000
3,3,6,36000
3,3,6,36000
3,3,6,37000
3,3,6,37000
3,3,6,37000
3,3,6,37000
3,3,6,38000
3,3,6,38000
3,3,6,38000
3,3,6,38000
3,3,6,39000
3,3,6,39000
3,3,6,39000
3,3,6,39000
3,3,6,40000
3,3,6,40000
3,3,6,40000
3,3,6,40000
3,3,8,50000
3,3,8,50000
3,3,8,50000
3,3,8,50000
3,3,8,51000
3,3,8,51000
3,3,8,51000
3,3,8,51000
3,3,8,52000
3,3,8,52000
3,3,8,52000
3,3,8,52000
3,3,8,53000
3,3,8,53000
3,3,8,53000
3,3,8,53000
3,3,8,54000
3,3,8,54000
3,3,8,54000
3,3,8,54000
3,3,8,55000
3,3,8,55000
3,3,8,55000
3,3,8,55000
2,2,4.4,45000
2,2,4.4,45000
3,3,8.9,75000
4,4,14.2,100000
4,4,10,85000
5,4,1,200000
2,2,5.3,30000
4,4,4.4,48000
5,4,16,24500000
5,5,1,100000000
4,3,8.9,31000000
3,3,4.9,6000000
4,3,6,13000000
2,2,4,6500000
3,3,8,18500000
2,2,4.2,7500000
4,3,11.6,60000000
3,3,8.9,30000000
3,3,8,9000000
3,3,5,5300000
6,5,8,26500000
5,4,4,16500000
2,2,4,3200000
2,2,2.7,3600000
7,5,7,17500000
7,6,1,60000000
6,6,1,63000000
4,4,6,26000000
2,2,5,15600000
2,2,5,16000000
5,4,11,19500000
1,1,4.3,5808000
0,0,1.3,77500000
5,5,4,14000000
1,1,2.7,60000
2,2,3.1,32000
2,2,3.3,27000
4,4,1,35000
4,3,1,50000
2,2,8,27000
2,2,8,33000
4,3,8,32000
3,3,10,35000
8,8,1,140000
5,5,14.2,150000
6,5,1,115000
10,9,14.2,300000
0,0,8,28000
3,3,12,40000
3,3,12,40000
3,3,12,40000
5,3,1,38000
3,2,6,30000
3,3,10,30000
6,5,1,125000
3,3,1,42000
2,2,4,23000
3,3,10,30000
2,2,5,17000
3,3,14,36000
4,4,9.8,14000
2,2,5.6,31000
0,0,1,40000000
0,0,1.1,60000000
0,0,1,42500000
6,5,15,25000000
3,3,3,5500000
4,7,6,12000000
0,5,5,9500000
0,0,2,6300000
3,3,10,19000000
3,3,10,20000000
4,4,10,20000000
6,7,1.2,35000000
5,5,8,16500000
4,4,12,28000000
5,5,15,55000000
3,3,10,11300000
5,4,4,8000000
5,4,5,30000
0,0,17,200000
3,3,5,30000
0,0,14,50000
1,1,2,20000
3,2,10,43000
3,2,9.5,25000
4,4,1,48000
5,6,10,55000
4,4,16,48000
4,3,1.2,120000
2,2,3,22000
4,4,12,70000
2,2,12,36000
2,2,5,20000
5,4,10,19000000
6,5,4,9500000
6,5,1,35000000
6,4,8,15800000
5,4,1,26500000
3,3,2.5,6700000
6,5,10,18000000
2,2,2,4500000
7,5,1.1,42500000
6,4,1,25500000
7,5,1.1,42500000
5,4,5,14000000
1,2,5,9500000
4,3,3,3000000
2,3,2,6500000
2,2,5,5200000
6,6,5,8500000
4,5,5,15500000
7,11,12,37500000
5,5,5,13000000
5,4,5,11200000
0,0,1,43000000
5,3,4,6100000
6,6,5,3500000
3,3,3,8000000
4,4,5,12500000
3,3,5,10700000
5,5,10,27000000
3,3,10,19000000
5,5,10,21000000
5,5,10,27000000
5,5,13,25000000
4,4,12,20000000
5,5,10,23500000
3,3,5,10800000
4,8,4,3500000
5,4,10,28000000
4,3,5,11500000
5,4,10,25500000
5,4,10,31000000
3,3,8,6000000
3,3,8,19000000
5,4,1,100000000
3,3,4.8,7800000
6,6,1,125000000
0,0,4,7500000
3,3,9.4,9000000
4,3,8,37500000
2,2,4.7,10500000
3,3,6.1,14000000
6,6,4.8,9000000
6,5,1,105000000
2,2,2,1800000
3,4,5.4,6200000
3,3,6,9500000
2,2,4.4,6500000
5,5,1,25000000
2,2,3,3500000
3,3,5.1,8000000
0,0,14.4,220000
6,5,1,270000
4,3,1,110000
5,5,12,180000
5,5,2,550000
2,2,4,50000
3,2,5.9,60000
2,2,4.2,20000
3,3,8.9,100000
2,2,4.4,45000
6,6,2,600000
4,4,10.7,100000
4,4,14.4,110000
2,2,3.8,25000
2,2,4.2,65000
4,4,4,120000
3,3,8,115000
2,2,4.8,40000
2,2,6,50000
3,3,8,60000
7,7,1.2,150000
3,3,12,75000
4,4,1,300000
3,3,9.6,42000
4,4,9.6,80000
5,4,12,55000000
6,6,9.6,35000000
4,4,4.8,18500000
3,3,6.3,9000000
4,6,16,50000000
3,3,1.5,3200000
7,6,4.8,13500000
3,3,8.6,11500000
2,2,3.2,4000000
4,4,14,17000000
4,3,8,14000000
3,3,8,14000000
2,2,3.9,7500000
2,2,3.2,5000000
4,4,4.8,16500000
3,2,4.8,7300000
3,3,5.3,3400000
6,6,8,33000000
3,3,4.8,7800000
2,2,6,20000000
3,3,8,30000000
6,5,6,65000000
7,6,8,67500000
5,4,12,57500000
5,4,12,72500000
6,5,12,75000000
3,3,5,13000000
3,3,5,13000000
3,3,5,13000000
3,3,5,13000000
3,3,5,13000000
3,3,5,13000000
3,3,5,13000000
3,3,5,13000000
2,2,5.7,5000000
10,10,2.3,450000000
2,4,8.4,26000000
3,3,5,18000000
7,7,1,85000000
5,5,10,30000000
10,9,4.8,850000000
6,6,1,40000000
10,9,4.8,850000000
6,4,5,18000000
3,3,7,10000000
6,4,5,8500000
1,1,2.7,4500000
3,2,5.6,5000000
1,1,2.7,4500000
0,0,4.4,17000000
4,4,8,17500000
4,4,10,41000
2,2,4.4,28000
3,3,14,60000
3,4,1,85000
4,3,14.2,45000
4,3,14.2,33000
4,4,1.2,400000
1,1,1,12000
6,5,1.1,580000
2,2,9.3,55000
3,3,1,50000
6,5,1,350000
9,7,2.4,900000
5,4,1.2,380000
4,4,1,230000
2,2,4.4,25000
4,3,8,46000
6,6,1,175000
5,5,10,50000
3,3,3,6500000
4,3,7,7800000
5,4,5,6000000
3,2,5,2800000
3,2,5,4800000
3,4,5,5500000
3,3,5,6500000
6,6,9,13000000
2,1,4.2,7000000
4,4,5,12000000
6,5,10,23500000
6,5,10,20000000
6,5,10,24000000
7,6,1,44000000
2,2,2,12000
3,5,5,80000
3,3,12,32000
6,5,10,68000
5,4,10,29000000
5,4,10,29900000
5,4,10,36500000
5,4,10,24500000
5,4,10,24500000
5,4,10,26000000
5,4,10,24000000
5,4,10,37000000
5,4,10,31500000
5,4,10,32000000
5,4,10,26500000
3,3,2,5000000
3,3,2,5500000
3,3,2,6000000
7,7,5,16500000
0,4,3,9000000
0,4,2,4800000
0,3,2,5500000
0,3,2,5500000
0,3,2.5,7500000
0,2,1.5,3500000
0,3,2,5000000
0,3,2,4500000
3,3,3,5500000
5,5,1,48000000
5,5,1,49500000
2,2,5.3,9600000
5,5,1,52500000
5,5,1,55000000
0,6,1,28500000
0,5,10,19000000
0,5,10,22500000
0,5,10,19000000
0,5,10,24000000
0,5,1,35000000
0,6,1,45000000
0,5,1,55000000
4,4,1,20700000
4,4,1,20600000
5,5,1,55000000
2,2,6.2,11200000
4,4,1,20400000
5,5,1,57500000
5,5,1,55000000
5,5,10,29000000
0,4,5.5,20000000
0,4,10,17000000
0,4,8,28000000
0,4,8.5,28000000
0,4,5,22500000
0,5,6,11500000
0,3,12,17500000
0,4,10,17000000
0,3,3,4500000
0,4,3.8,6500000
0,2,4.8,6500000
0,5,5,7500000
0,5,5,7600000
0,5,5,7650000
0,2,10,14000000
5,5,10,32000000
5,5,10,32500000
5,5,10,29000000
5,5,10,30000000
5,5,10,35000000
5,5,10,32500000
6,6,10,25000000
8,7,2,100000000
8,7,1,55000000
5,5,1,55000000
4,4,10,22500000
5,4,13.2,41200000
6,6,1.3,200000000
6,6,2,220000000
4,3,6.7,12900000
6,5,4.8,17000000
7,6,1.2,75000000
4,3,12,27500000
3,2,6,22500000
6,0,4.8,15500000
3,3,6.7,19000000
0,0,3.2,7000000
4,5,9.6,17500000
4,4,8.9,30000000
4,3,15.6,82000000
3,2,4.8,5700000
6,5,1,325000
7,6,1,325000
7,6,1,325000
3,3,5.8,28000
3,3,8.9,75000
5,4,12.7,40000
5,5,1,300000
3,3,11.6,170000
2,2,4.2,32000
1,2,3.1,18000
6,5,1,275000
6,5,1,275000
5,4,12.4,110000
7,6,1,375000
3,3,5.6,45000
0,0,4.4,30000
8,8,16,130000
3,3,6,48000
5,5,2,350000
3,5,8,37000
3,2,6,22000
3,3,1.2,85000
4,4,1,115000
3,3,6.7,85000
2,2,4.8,25000
2,2,4.8,16000
2,2,4.8,20000
3,2,4.8,23000
3,3,5.3,65000
0,0,4.4,1600000
2,2,2.7,4000000
0,0,7.3,25000000
3,3,4.7,13000000
2,2,4.2,12500000
2,2,4,6500000
2,2,4.2,8500000
7,6,1.3,180000000
6,6,2,180000000
6,6,1,150000000
3,3,6.1,15000000
6,6,1,150000000
6,6,1.2,165000000
6,6,1,150000000
3,3,5.3,17000000
2,2,4,9500000
2,2,4,12500000
3,3,8,21000000
3,3,5.8,9500000
3,3,8,12000000
3,3,8,15500000
6,6,9.6,45000000
8,7,16,25000000
4,4,9.6,37500000
8,7,12,57500000
7,6,12.6,45000000
4,4,1,105000000
3,3,6,9500000
0,0,4,20000000
5,5,8,35000000
5,5,8,31000000
0,0,3.8,7000000
0,0,4,19000000
2,1,2.1,4000000
2,1,2.1,4000000
2,1,2.1,4000000
2,1,2.1,4000000
2,1,2.1,4000000
2,1,2.1,4000000
2,1,2.1,4000000
2,1,2.1,4000000
2,1,2.1,4000000
2,1,2.1,4000000
2,1,2.1,4000000
4,3,5,15000000
4,3,5,16000000
7,6,1,53000000
7,6,1,54000000
7,6,1,55000000
7,6,1,50000000
7,6,1,45000000
7,6,1,40000000
5,4,10,29000000
5,4,10,24500000
5,4,10,25000000
5,4,10,27000000
5,4,8,6000000
2,2,4,8000000
2,2,3.8,35000
1,0,1.6,18000
1,1,1.8,20000
1,1,1.8,22000
2,2,4.2,45000
1,1,2.7,30000
1,1,2.2,27000
2,2,5.1,45000
3,3,5.1,36000
3,3,5.1,35000
2,2,3.3,28000
2,2,3.3,35000
0,0,8,120000
0,0,10,140000
0,0,8,40000
0,0,10,45000
0,0,10,45000
0,0,1,100000
0,0,1,80000
0,0,8,35000
0,0,10,50000
0,0,10,75000
0,0,1,70000
0,0,10,35000
0,0,4,60000
0,0,5,70000
0,0,10,100000
0,0,14,120000
0,0,14,60000
0,0,14,55000
0,0,4,30000
0,0,5,32000
0,0,8,40000
0,0,10,45000
3,3,14,60000
2,3,1,50000
5,5,9,100000
2,2,4.4,22000
6,5,1,220000
6,5,1,200000
6,5,1,180000
5,4,10,100000
5,4,10,95000
5,4,10,90000
6,5,1,80000
6,5,1,70000
6,5,1,60000
5,4,10,50000
5,4,10,45000
5,4,10,40000
5,4,10,35000
4,3,5,60000
4,3,5,55000
4,3,5,50000
4,3,5,45000
3,3,10,50000
0,0,2,700000
0,0,2,750000
2,2,4,45000
2,2,4,30000
3,3,1,90000
7,6,4,90000
1,2,3,2500000
0,0,7,15000000
0,0,3,2500000
0,0,4,7500000
0,0,4,7525000
0,3,5,10000000
0,0,5,10000000
0,0,10,16500000
0,3,5,10500000
3,3,7,7000000
3,2,5,5500000
5,5,1,35000000
5,5,1,30000000
0,3,2,28000
4,4,10,17500000
5,5,10,21000000
4,4,10,25000000
5,5,10,28000000
4,4,10,20000000
6,6,5,15000000
5,4,10,35500000
5,5,10,30000000
5,5,10,29500000
10,11,14,400000000
0,6,1,37500000
0,2,5,22500000
0,3,5,22000000
0,5,8.5,15000000
0,5,10,9500000
5,4,10,14000000
5,4,10,19000000
5,4,10,19500000
4,3,5,10000000
1,1,2,4500000
1,1,2,4000000
3,3,5,12500000
3,3,5,10800000
5,5,1,75000000
5,5,1,80000000
5,4,10,40000000
5,5,1,80000000
5,5,2,115000000
0,3,7.5,13000000
5,5,2,120000000
5,5,2,135000000
5,5,2,135000000
5,5,3,180000000
5,5,3,200000000
3,3,4.9,7500000
6,6,1.3,200000000
6,5,14,17500000
2,2,4.2,6500000
2,3,6.7,8500000
2,2,4.4,7000000
2,2,3.3,5500000
2,2,2.9,4500000
2,2,4.2,7500000
2,2,4.4,8000000
2,3,6.7,6000000
2,2,4.4,8500000
2,2,4.4,7500000
2,2,4.4,7500000
0,0,1.6,10500
5,5,17.1,115000
2,2,2.4,22000
2,2,3.6,20000
3,3,6.2,45000
3,3,9.6,40000
2,2,4,22000
3,3,5,12500000
8,7,8,24000000
2,2,4.4,5500000
3,3,6.9,9000000
6,6,13.3,18000000
0,3,6.2,25000000
2,2,4.2,5100000
4,4,13.1,15500000
3,3,8,18500000
2,2,4.4,8000000
2,2,4.2,6500000
4,4,14,17000000
3,3,5,15000000
3,3,9.4,9800000
3,3,8,13500000
3,3,8,15500000
3,3,8,21000000
3,3,8,14000000
3,3,8,14500000
3,3,8,15000000
3,3,7.1,14500000
3,3,8,13000000
3,3,8,13500000
3,3,8,14000000
3,3,6,8000000
3,3,6,8500000
3,3,6,9000000
3,3,6,12000000
3,3,7.1,14500000
3,3,7.1,14500000
3,3,7.1,14500000
3,3,7.1,14500000
3,3,8,19500000
3,3,8,20000000
3,3,7.1,14500000
3,3,7.1,14500000
3,3,8,20500000
3,3,8,21000000
3,3,7.1,14500000
3,3,7.1,14500000
3,3,8,21500000
3,3,7.1,14500000
2,2,4.7,9500000
3,3,6,14500000
2,2,4.7,9500000
2,2,4.7,9500000
3,3,6,14000000
2,2,4.7,9500000
2,2,4.7,9500000
3,3,6,15000000
3,3,6,15500000
2,2,4.7,9500000
2,2,4.7,9500000
2,2,4.7,9500000
3,3,6,16000000
3,3,12,42000000
2,2,4,25000
2,2,1,45000
4,4,4,50000
4,4,4,50000
5,5,7,75000
4,4,5,9000000
7,6,5,420000000
10,3,5.6,10600000
0,0,5,10000000
0,0,3,7500000
0,0,5,8000000
0,0,5,8000000
0,0,2,4800000
0,0,5,10000000
0,3,5,10000000
0,0,3,6500000
0,3,5,10000000
0,0,12,15000000
0,0,10,9000000
0,0,4.5,5025000
0,0,5,7530000
0,0,5.2,17500000
0,0,5,32500000
0,0,5,15000000
2,4,2,3500000
4,4,4,17000000
4,4,5,18000000
2,2,5,14000000
0,0,10,35000000
3,3,12,14000000
0,0,5,10000000
0,0,5,10500000
0,0,5,10000000
0,0,5,9000000
0,0,5,15000000
0,0,6,11000000
0,0,5,9000000
0,0,4,6000000
0,0,5,12000000
0,4,10,12500000
0,3,10,8000000
0,2,5,4500000
0,3,5,6500000
0,0,1.5,4500000
0,4,5,11500000
0,0,8.8,11000000
0,0,4.5,21500000
4,4,5,11000000
0,0,5,35000
0,0,5,35000
0,4,5,40000
0,3,5,35000
0,2,5,30000
0,2,5,28000
0,2,5,35000
0,2,5,32000
0,2,5,32000
0,3,7,45000
0,3,7,42000
0,3,7,40000
0,3,7,38000
0,2,5,30000
0,2,7,40000
0,3,7,45000
2,2,1.3,8000
0,0,5,50000
4,4,5,11500000
3,3,6,14500000
4,4,4,7500000
3,3,2,8500000
5,5,2,8000000
3,3,5,12000000
3,3,5,13000000
4,4,5,9500000
4,4,10,20000000
5,5,1,35000000
5,5,1,33500000
0,2,6,8500000
0,2,6,7500000
5,4,10,18000000
4,3,5,11500000
4,3,5,11500000
5,4,10,21000000
4,3,5,16000000
4,3,5,12000000
7,5,10,17500000
5,4,10,24000000
5,4,10,18000000
0,8,10,15000000
0,2,1,18000000
0,6,1,28000000
0,10,2.8,60000000
0,6,11,19000000
4,3,5,12000000
4,3,5,10500000
4,3,5,11000000
4,3,5,11500000
2,2,8,30000000
4,3,5,11000000
5,5,8,23500000
0,9,2,80500000
0,7,1,35000000
0,6,2,90000000
3,3,5,12000000
3,3,10,13500000
6,5,1,49900000
0,3,1,17000000
0,4,10,13500000
0,6,10,14500000
0,3,5,7500000
0,4,10,26000000
0,4,10,25000000
0,5,10,30000000
0,5,10,27000000
0,5,10,28000000
0,0,7.5,28500000
0,5,10,27500000
0,3,3,9000000
0,4,5,16000000
0,3,2,6500000
0,3,3,9500000
0,4,5,15000000
0,3,3,9200000
0,5,10,29000000
0,5,10,28000000
5,5,5,12000000
2,3,2,3500000
3,3,3,7400000
4,4,5,7500000
3,3,10,16500000
3,3,2,8500000
5,5,5,10500000
6,5,1,42500000
6,5,1,24500000
3,3,5,12500000
6,5,1,31000000
3,3,5,11800000
3,3,5,12000000
3,3,5,12200000
3,3,5,12500000
3,3,5,12300000
3,3,5,12000000
3,3,5,11500000
0,5,1.1,40000000
0,3,6.5,13500000
0,0,5,6500000
0,0,11,15000000
0,0,18,26000000
2,2,4.7,9500000
2,2,4.7,9500000
3,3,7.1,14500000
2,2,4.7,9500000
2,2,4.7,9500000
2,2,4.7,9500000
2,2,4.7,9500000
2,2,4.7,9500000
2,2,4.7,9500000
2,2,4.7,9500000
2,2,4.7,9500000
2,2,4.7,9500000
2,2,4.7,9500000
2,2,4.7,9500000
2,2,4.7,9500000
2,2,4.7,9500000
2,2,4.7,9500000
2,2,4.7,9500000
2,2,4.7,9500000
2,2,4.7,9500000
2,2,4.7,9500000
2,2,5.1,9500000
2,2,5.1,9500000
2,2,5.1,9500000
2,2,5.1,9500000
2,2,5.1,9500000
2,2,4.2,9500000
2,2,4.2,9500000
2,2,4.2,9500000
2,2,4.2,9500000
2,2,4.2,9500000
2,2,4.2,9500000
0,0,4.4,4000000
2,3,3.1,3700000
3,3,6.4,24000000
2,2,4.4,15000000
2,2,4,13200000
3,3,8,30000
3,3,8,30000
3,3,8,30000
3,3,6,25000
3,3,8,48000
3,3,6,40000
3,3,8,50000
3,3,8,35000
3,3,8,30000
2,2,4.2,20000
3,3,5,27000
3,3,7.6,55000
3,3,8,53000
2,2,4.2,48000
2,2,5.6,40000
3,3,8,67000
2,2,2.4,25000
3,3,1.2,65000
3,3,12.2,65000
3,3,12.2,37000000
3,3,10.7,28000000
0,3,7.1,16500000
0,3,6,7500000
4,4,4.8,25000000
6,6,9.6,32500000
3,3,6,8000000
3,3,8.4,9500000
3,3,12.2,41000000
3,3,10.7,28000000
3,3,12.2,37000000
3,3,10.7,40000000
3,3,10.7,37000000
2,4,4.8,16500000
3,6,4.8,16500000
2,3,2.4,11000000
3,3,10.7,40000000
5,5,2,220000000
3,3,10.7,35000000
3,3,10.7,37000000
5,5,1,155000000
3,3,10.7,40000000
3,3,7.2,20000000
3,3,12.2,40000000
2,2,4,5000000
2,2,3.4,6500000
4,4,5.2,26000000
2,2,3.8,6500000
7,7,1.6,140000000
5,5,7,80000
6,6,10,85000
4,4,17.8,200000
9,8,4.5,500000
2,2,4,37000
4,4,1.3,280000
0,0,1.3,450000
0,0,1.3,480000
0,0,1.3,500000
0,0,1.3,550000
0,0,1.3,580000
0,0,1.3,600000
0,0,1.3,650000
0,0,1.3,680000
0,0,1.3,700000
0,0,1.3,730000
0,0,1.3,750000
0,0,2,780000
0,0,2,800000
0,0,2,850000
0,0,2,870000
0,0,2,890000
0,0,2,900000
0,0,2,930000
0,0,2,950000
0,0,2,960000
0,0,2,980000
2,2,3.1,35000
0,0,1.3,480000
0,0,1.3,500000
0,0,1.3,530000
0,0,1.3,550000
0,0,1.3,580000
0,0,1.3,600000
0,0,1.3,630000
0,0,1.3,680000
0,0,1.3,700000
0,0,2,750000
0,0,2,780000
0,0,2,800000
3,3,17.8,130000
0,0,2,950000
6,5,2,320000
6,5,1,250000
10,9,2,500000
2,2,2.4,150000
0,0,4,6500000
0,0,4,6500000
0,0,4,6500000
0,0,4,6500000
0,0,4,6500000
0,0,4,6500000
0,0,4,6500000
0,0,4,6500000
0,0,4,6500000
0,0,5,11000000
0,0,4,6500000
0,0,4,6500000
0,0,5,10000000
0,0,4,3600000
0,0,3,3600000
0,0,4,6500000
0,0,5,10000000
0,0,4,6500000
0,0,4,6500000
0,0,4,6500000
0,0,4,6500000
0,0,4,6500000
0,0,4,6500000
0,0,4,6500000
0,0,4,6500000
0,0,4,6500000
0,0,4,6500000
0,0,4,6500000
0,0,3,5500000
0,0,3,5500000
0,0,3,5500000
0,0,3,5500000
0,0,3,7000000
0,0,2,3500000
0,0,2,4500000
0,0,2,4000000
0,4,5,5600000
0,2,5,4700000
0,6,11,14000000
0,2,6,5800000
0,5,10,9000000
0,2,5,4900000
0,3,10,9000000
0,4,4.2,6500000
0,3,7,6800000
0,2,2.5,2500000
0,2,2.5,2500000
0,2,3.2,3500000
0,0,4,40000000
0,0,5,50000000
0,0,5,20000000
0,0,7,25000000
0,0,7,25000000
0,0,7,22500000
0,0,7,32500000
2,2,5.6,5800000
2,2,6,7000000
2,2,5,6000000
2,2,5,5800000
5,4,5,9200000
4,4,5,11000000
0,0,5,35000
0,4,1,28000
0,5,10,42000
0,3,7,55000
0,3,7,45000
0,0,5,25000
0,0,5,26000
0,0,5,27000
0,0,5,28000
0,0,5,29000
0,0,5,31000
0,0,5,29000
0,0,5,28000
0,0,5,36000
0,0,5,33000
0,0,5,18000
0,0,5,19000
0,0,5,20000
0,0,5,21000
0,0,5,22000
6,5,7,50000
7,7,7,45000
3,3,5,11000000
5,5,5,18000000
5,5,11,26000000
5,5,12,22500000
5,5,12,22500000
5,5,6,18500000
3,3,3,9000000
6,6,12,36500000
5,5,5,16500000
5,5,5,14500000
6,5,1,45000000
0,5,10,32500000
0,5,9,16000000
0,4,8,17000000
0,4,7,14000000
0,4,6,14000000
0,4,5,11500000
0,4,6,13000000
0,5,5,13500000
0,5,5,12500000
0,3,3,7500000
0,5,1.1,45000000
0,3,3,5500000
0,4,8,15000000
0,4,10,16000000
6,5,1,52500000
6,5,1,49000000
6,5,1,47500000
6,5,1,45000000
6,5,1,50000000
6,5,1,52500000
6,5,1,47500000
4,3,10,27000000
4,5,10,23500000
4,3,10,20500000
4,3,10,25000000
6,5,1,45000000
7,6,1,39000000
0,5,5,14500000
0,5,1,57000000
0,6,1.6,120000000
0,3,5,11800000
0,5,5,13000000
0,3,5,12000000
0,5,5,12000000
0,3,5,11000000
0,5,5,16500000
0,5,5,16500000
0,3,5,12500000
0,4,5,13000000
0,4,8,19500000
0,5,1,45000000
0,5,10,33000000
0,5,10,32500000
0,6,10,34000000
4,3,10,19000000
4,3,10,22500000
4,3,10,20000000
4,4,1,10000000
4,4,1,10000000
4,4,1,10000000
3,3,10,6500000
4,4,1,17000000
4,4,1,10000000
4,4,1,10000000
4,4,1,10000000
3,3,10,6500000
4,3,10,21000000
4,3,10,21500000
4,3,10,25000000
4,4,1,17000000
6,5,1,35500000
6,7,7,17500000
2,2,6,3000000
2,2,3,3000000
6,5,1.5,175000000
6,5,1,62000000
5,4,10,30800000
0,3,5,12000000
0,5,1.6,120000000
0,2,16,55000000
0,3,2.3,60000000
0,5,1,46000000
0,5,5,12500000
0,4,3.5,11500000
0,4,7.5,19500000
0,5,5,16500000
0,5,7.5,22500000
0,5,12,35000000
0,3,5,12000000
3,3,12.2,80000
3,3,10.7,65000
3,3,12.2,90000
3,3,12.2,85000
2,2,4.2,15000
3,3,10.7,75000
2,2,2.4,25000
3,3,12.2,80000
2,2,9.6,40000
3,3,12.2,65000
3,3,9.6,55000
3,3,12.2,75000
3,3,12.2,90000
3,3,12.2,65000
3,3,10.7,60000
3,3,10.7,60000
3,3,12.2,95000
3,3,10.7,60000
3,3,10.7,60000
3,3,10.7,65000
3,3,7.1,30000
3,3,10.7,65000
2,2,4.2,15000
3,3,6,30000
2,2,2.4,25000
3,3,12.2,65000
2,2,2.4,25000
3,3,12.2,80000
2,2,9.6,40000
3,3,12.2,65000
3,3,1.2,65000
3,3,12.2,65000
3,3,9.6,55000
3,3,1,145000
3,3,12.2,65000
3,3,10.7,75000
3,3,1,120000
3,3,10.7,75000
0,2,5.3,70000
0,3,8.9,80000
0,2,5.3,50000
0,3,8,70000
0,4,2,550000
3,3,12.2,80000
3,3,12.2,65000
3,3,12.2,75000
3,3,12.2,90000
3,3,12.2,85000
3,3,12.2,80000
3,3,12.2,65000
3,3,12.2,75000
5,5,1.2,80000
2,2,2.7,20000
2,2,3.2,25000
2,2,3.8,25000
4,4,4.8,15000000
6,6,9.6,26500000
3,3,9.6,21500000
4,4,3.6,13000000
7,6,5.4,600000000
6,6,14,13000000
6,6,7,14500000
6,5,1.3,115000000
6,6,10,14000000
0,10,10,30000000
0,1,2.1,3500000
0,0,2.2,16000000
0,1,4.4,5600000
0,2,5.7,7700000
0,2,5.7,7700000
0,2,6.4,8700000
0,3,10.2,13500000
5,5,1.2,31000000
6,5,2.1,190000000
4,4,6,9000000
7,6,1,63000000
6,5,10,23500000
6,7,1,300000
2,2,3.7,20000
2,3,14.2,42000
5,5,1.6,500000
5,5,1.6,450000
5,5,1,300000
6,6,1,150000
2,2,14.2,45000
5,4,1.3,180000
3,3,1,100000
0,0,3,5500000
0,0,3,5500000
0,0,3,5500000
0,0,3,5500000
0,0,3,5500000
0,0,2.5,1300000
0,0,2.7,4000000
0,0,2.7,4000000
0,0,2.7,4200000
0,0,2.7,4100000
0,0,2.7,4200000
0,0,3.5,6500000
0,0,2.7,3800000
0,0,3.5,4300000
0,0,3.5,4300000
0,0,3.5,4200000
0,0,3.5,4000000
0,0,2.7,4000000
0,0,2.7,4000000
0,0,2.7,4200000
0,0,3.5,6500000
0,0,5,11000000
0,0,2.5,3800000
0,0,5,9500000
0,0,2.7,4000000
0,0,2.7,4100000
0,0,5,12500000
0,0,2.7,4100000
0,3,5,11500000
0,0,5,10000000
0,0,5,12500000
5,5,8,15000000
5,5,7,10000000
6,6,12,20000000
4,4,6,14000000
4,4,7,16000000
5,5,10,16000000
4,4,5,10000000
0,5,5.5,10000000
0,5,4,10000000
0,4,6,18000000
0,0,4,15000000
0,0,3.2,6000000
0,4,8.5,13000000
5,5,5,8500000
5,5,12,20000000
4,4,11,16500000
6,5,7,14600000
1,1,2.4,4500000
3,3,5,6500000
6,5,10,28000000
4,4,10,25000000
3,3,10,14000000
6,6,10,21500000
5,5,12,20000000
6,6,12,21000000
5,5,5,13000000
0,6,12,18000000
0,0,5,40000
5,5,10,55000
0,3,14,40000
0,3,7,30000
0,2,4,22000
0,3,3.5,20000
0,1,2,13000
0,0,2.5,14000
0,2,5,26000
0,2,5,25000
0,1,1.5,11000
0,3,5,22000
0,2,4,20000
0,5,4,35000
0,2,4,25000
0,0,1,5000
5,3,1.2,60000
3,2,10,35000
0,0,1,60000
0,6,12,80000
0,9,12,125000
0,3,12,35000
0,3,12,38000
5,4,6,12500000
5,4,10,34500000
3,3,5,11000000
4,4,6.2,11500000
2,2,5,11500000
5,5,10,25000000
5,5,10,19000000
5,5,10,25000000
5,4,1,37500000
0,3,5,12500000
0,3,10,19000000
0,4,8,14000000
0,3,5,8900000
8,7,2,117500000
3,3,5,12500000
4,3,5,11500000
3,3,5,13800000
0,5,1,63500000
6,5,2,61000000
8,7,1,55000000
4,3,5,10800000
4,3,10,13200000
2,2,6,4500000
4,3,5,10800000
4,3,5,10800000
2,2,6,4600000
6,5,1,37500000
3,3,3,8000000
3,3,3,8000000
3,3,3,8000000
3,3,3,8000000
2,2,2,6000000
3,3,3,8000000
5,4,10,26500000
5,4,10,25000000
1,1,2.7,2200000
5,4,10,24000000
3,3,10,20500000
0,3,6.7,11500000
0,3,6.7,11500000
0,3,6.7,14200000
0,2,4,12000000
0,2,4,12000000
0,0,7.2,45000000
0,3,6.7,11500000
6,6,9.6,32500000
6,6,8,27000000
6,6,8,29000000
6,6,16,40000000
6,6,8,17500000
3,3,8,7000000
3,3,8,7000000
2,2,2.9,6000000
2,2,2.2,6500000
2,2,2.2,6500000
2,2,2.2,6500000
3,3,5,9500000
3,3,5,9000000
3,3,5,9000000
3,3,8,16000000
3,3,5.3,13000000
2,2,2.2,4500000
2,2,4,5000000
2,2,4,6500000
2,2,4,7000000
2,2,4,7000000
2,2,3.1,2800000
2,2,2.2,6400000
2,2,2.2,6700000
2,2,2.2,6800000
5,5,1,105000000
5,4,4.8,41000000
2,2,4.2,4800000
4,4,3.2,8800000
2,2,2.4,5000000
2,2,2.4,5000000
2,2,2.4,5000000
2,2,2.4,5000000
2,2,2.4,5000000
2,2,2.4,5200000
2,2,2.4,4800000
2,2,2.4,5200000
2,2,2.8,5400000
2,2,2.4,4800000
2,2,2.8,5400000
2,2,2.4,4800000
2,2,2.8,5400000
2,2,2.8,5400000
2,2,2.4,4800000
2,2,2.8,5600000
2,2,2.8,5600000
2,2,2.8,5600000
2,2,2.8,5600000
2,2,2.8,5600000
0,5,1,105000000
0,4,12,65600000
0,6,1,95000000
0,4,14.9,35000000
0,4,11.8,35000000
0,3,7.1,16500000
0,4,8.9,37500000
0,3,8,34000000
0,3,7.6,42500000
0,3,6.2,15000000
1,1,2.7,1480000
2,2,2.4,5500000
2,2,4.4,9500000
2,2,4,40000
3,3,7.2,100000
0,3,8,55000
0,3,6.7,40000
2,2,4,40000
2,2,4,40000
2,2,4,40000
3,3,8,40000
3,3,16,40000
3,3,8,40000
3,3,8,40000
2,2,4,40000
2,2,4.8,35000
3,3,5.6,45000
2,2,4,40000
1,1,4.8,12000
1,1,2,20000
4,3,11.9,60000
3,3,16,60000
2,2,4.2,35000
2,2,4.2,35000
2,2,4.2,35000
2,2,4.2,22000
2,2,4.2,35000
3,2,4.8,28000
5,5,14,170000
5,4,16.2,180000
0,4,1.1,450000
0,3,10.4,135000
0,4,10,200000
0,3,8,60000
0,3,8.9,60000
0,3,6.5,30000
0,3,6.5,30000
0,2,14,60000
0,2,14,60000
0,3,11.1,130000
0,3,8,70000
0,5,1,275000
4,4,8.9,90000
3,2,4.8,27000
3,3,6.7,8500000
6,6,4.8,19000000
6,6,4.8,27000000
6,6,4.8,27000000
6,6,4.8,27000000
6,6,4.8,27000000
6,6,4.8,19000000
6,6,4.8,27000000
6,6,4.8,19000000
6,6,4.8,19000000
6,6,4.8,19000000
2,2,2.9,3700000
2,2,2.9,3700000
2,2,2.9,3800000
2,2,2.9,3800000
2,2,4.8,8000000
2,2,4.8,9000000
2,2,4.8,9000000
2,2,4.8,8500000
2,2,2.9,3500000
2,2,2.9,3500000
3,3,5.6,12500000
1,1,2.7,1480000
0,0,1,17000000
0,5,8,14000000
0,4,1.2,25000000
0,6,16,25000000
0,6,1,25000000
0,5,10,14000000
0,4,5,8000000
0,3,5,7500000
0,2,10,11000000
0,6,1,25000000
0,1,2.7,5517000
0,1,1.8,3536000
0,2,4.9,9900000
0,1,3.6,4400000
0,1,2.7,5517000
0,1,1.8,3536000
0,2,4.9,9900000
0,1,3.6,4400000
0,5,10,17000000
0,4,5,9500000
0,3,1,18000000
0,2,5,7500000
0,6,10,13500000
0,4,6,11500000
0,4,5,8500000
0,6,1,25000000
0,5,10,13500000
0,6,14.2,22500000
0,4,6,12000000
0,9,10,16500000
0,6,12,16500000
0,4,7,12500000
0,4,7,11000000
0,5,10,12500000
6,6,6,28200000
1,1,2.4,2200000
2,2,3.6,3800000
6,5,1,55000000
3,2,5,4500000
3,2,5,4500000
2,2,4.2,4200000
2,2,4,23000
3,3,17.8,70000
6,6,9,120000
2,2,8,42000
6,6,1,260000
4,3,1,110000
4,6,1.3,471000
0,0,10,55000
6,6,1,400000
3,3,1,70000
8,7,1,240000
4,4,13.3,95000
3,3,1,38000
6,6,1,130000
6,5,10,80000
0,0,7,40000
5,5,4.4,48000
2,2,8,25000
4,4,1.2,200000
2,2,5,23000
2,3,6,25000
3,3,1,60000
6,4,5,40000
1,1,1,12000
6,5,1,120000
6,5,8,85000
0,2,5,20000
0,3,10,28000
0,4,5,40000
0,2,7,24000
0,4,10,50000
0,2,10,25000
0,3,14.2,30000
5,5,1.3,220000
4,4,1,125000
5,5,2,300000
8,6,10,70000
6,6,1,110000
3,3,1,38000
6,6,1,100000
7,7,1,105000
1,2,2,16000
2,2,7,43000
3,3,1,80000
7,6,10.9,95000
6,6,1,95000
0,0,5,11500000
0,3,5,11500000
0,0,5,10000000
0,0,2.5,4000000
0,0,3,4500000
0,0,5,7000000
0,0,3,6500000
0,0,5,9500000
3,3,4,10000000
6,6,7,10000000
5,5,10,16500000
5,5,8,16000000
0,6,4,21000000
0,0,3.5,12000000
0,0,10,17000000
0,7,7,27000000
6,5,15,38000000
8,8,4.5,12000000
8,8,4.5,12000000
8,8,4.5,12000000
6,4,5,8500000
4,4,5,8800000
5,4,15,28500000
4,3,11,8500000
4,4,7,9500000
6,6,10,13000000
3,3,7,6500000
4,4,5,11000000
5,5,10,12500000
2,2,5,6000000
2,2,4,4800000
4,4,9,13500000
0,3,5,35000
0,0,12,35000
0,1,4,6000
0,1,4,55000
0,12,1.5,500000
0,28,2,1300000
0,14,1,650000
0,2,10,36000
0,3,7,35000
0,3,7,35000
0,2,5.5,35000
0,2,5.5,35000
6,6,1,150000
3,3,1,50000
6,6,1,150000
3,3,1,65000
2,2,10,28000
3,3,10,27000
2,2,10,30000
5,5,10,80000
3,3,10,32000
2,2,6,18000
3,3,8,20000
2,2,6,22000
2,2,5,18000
3,3,10,30000
2,2,10,24000
3,3,10,27000
3,3,1,80000
2,2,10,35000
3,3,1,65000
2,2,10,40000
2,2,10,40000
2,2,10,37000
5,5,10,80000
2,2,4.9,30000
6,5,10,80000
5,4,10,23000000
6,5,1,46500000
5,4,10,22000000
5,4,10,20500000
5,4,10,19500000
4,3,8,17500000
8,5,1,67000000
2,2,2,5200000
5,4,10,25000000
4,3,5,20000000
6,5,1,41500000
3,4,3,5900000
7,6,1,65000000
6,5,1,39000000
4,3,6,18000000
4,4,2.1,40000000
5,3,6.2,11500000
6,4,5,8000000
0,3,2.5,6000000
0,3,3.5,8000000
0,2,2,3000000
0,2,1.5,2500000
5,4,10,25000000
5,4,5,12800000
6,5,10,15500000
6,5,1,69000000
3,3,5,11000000
5,4,9,22000000
3,3,1,47500000
5,4,10,31500000
2,2,3,4500000
0,4,11.6,45000000
0,3,8.9,47500000
0,3,5.8,16000000
0,2,5.1,16000000
0,3,6.7,22000000
0,3,8.2,32000000
0,2,6,225000000
0,3,7.3,20000000
0,3,7.6,34000000
0,3,8.2,25000000
0,3,7.5,30000000
0,3,8.9,48000000
0,4,12,60000000
0,4,12,60000000
0,3,7.6,37500000
0,4,11.1,48000000
0,4,11.6,57500000
0,4,11.6,60000000
0,4,11.6,60000000
0,3,8.9,46000000
3,0,6.4,12000000
2,2,4.2,8500000
2,2,4.4,10500000
1,1,2.7,1450000
3,3,4.8,16000000
2,2,3.8,14000000
3,3,4.7,7600000
3,3,9.6,16500000
3,3,4.8,16000000
1,1,2.7,1460000
7,9,4.8,27500000
2,2,4,8000000
2,2,4.4,33000
5,5,14,165000
5,5,4.8,30000
10,8,2,700000
2,2,4,33000
5,5,14,165000
2,2,4.8,25000
2,2,4.8,28000
2,2,3.8,23000
2,2,4.8,30000
3,3,4.8,35000
3,3,1.3,90000
2,2,4.8,25000
2,2,3.8,23000
2,2,4.8,25000
3,3,5.1,26000
2,2,4.8,27000
7,6,2,650000
3,3,6,40000
7,6,1,500000
10,10,4,1100000
5,4,12,200000
1,1,1,40000
8,7,1.3,450000
2,2,2,32000
1,1,12,70000
3,3,6.3,13500000
2,2,3.1,3600000
4,4,4.8,20000000
4,4,4.8,16000000
6,6,4.8,14000000
4,4,4.8,12000000
8,7,4.8,16500000
3,2,5.1,12500000
1,1,2.2,1600000
2,2,3.1,2700000
2,2,2.9,2500000
4,4,4.8,16500000
4,4,4.8,15500000
2,2,3.1,3800000
2,2,3.1,4000000
3,3,6.7,6500000
2,2,3.6,4500000
4,4,4.8,23500000
6,6,4.8,24000000
2,2,3.1,4200000
2,2,3.1,4000000
4,4,4.8,20000000
4,4,4.8,16000000
7,7,14.2,25500000
7,6,1.1,75000000
6,5,8,31000000
2,2,6.3,6600000
0,0,2.3,3500000
5,5,10,7500000
5,5,1.3,120000000
5,5,1.2,125000000
5,5,2,105000000
5,5,1.3,125000000
5,5,1.2,120000000
5,5,1.3,140000000
8,8,16,64000000
2,2,3.3,4888000
2,2,5,3700000
0,0,3,4200000
0,0,3.2,4500000
0,0,6,4200000
0,5,10,12500000
0,2,10,11000000
0,5,10,14500000
0,0,7,9500000
0,4,5,10500000
0,4,5,9200000
4,4,1.3,75000
3,3,6.7,36000
2,2,5.6,36500
2,2,5.3,60000
1,2,6.7,25000
6,6,1,85000
4,3,5,55000
2,2,10,45000
3,3,14.2,75000
4,4,1.3,350000
0,0,30,180000
3,3,1,60000
6,6,2,380000
7,6,1,115000
3,3,14,65000
3,3,10,55000
2,2,6,30000
6,5,8,85000
3,3,14,55000
0,0,5,35000
0,2,5,18000
0,3,10,28000
0,2,10,27000
0,5,10,65000
0,0,10,50000
0,0,10,55000
0,0,10,58000
0,0,10,26000
0,0,10,29000
0,0,10,27000
0,0,10,28000
0,3,10,27000
0,2,10,28000
0,3,1,40000
0,3,1,45000
0,3,14.2,35000
7,5,8,85000
5,5,4.4,48000
6,5,8,85000
0,2,6,26000
0,2,6,25000
0,2,7,40000
0,2,6,22000
0,3,6,45000
0,4,4,36000
0,2,4,19000
3,3,1,80000
0,2,4.4,20000
0,3,4.4,22000
0,2,4.4,19000
0,2,6.7,30000
0,2,6.7,32000
0,3,8,38000
0,4,5.3,35000
0,2,5.8,75000
4,4,10,16500000
4,4,10,15500000
6,6,10,22500000
4,4,10,21000000
5,5,10,22000000
3,3,10,18000000
3,3,10,13500000
3,3,10,15500000
4,5,5,10500000
5,6,4,8000000
3,3,5,7000000
3,3,8,6800000
2,3,2,3600000
5,5,10,24000000
4,4,3,45000
2,2,10,25000
3,3,7,28000
2,2,7,22000
2,2,5,20000
4,4,7,52000
3,3,10,35000
3,3,10,50000
4,4,10,55000
5,5,10,60000
6,5,10,80000
1,2,2.2,30000
5,5,7,46000
2,2,5,20000
1,1,3.2,45000
4,4,7,46000
2,2,5,17000
3,4,10,20000
3,0,8,40000
0,3,11,40000
0,0,11,45000
0,0,11,35000
0,0,11,35000
2,2,5,20000
7,7,2,92500000
5,5,10,14000000
3,3,5,8500000
2,2,3,5000000
3,3,2,3000000
5,4,10,20000000
4,3,3,6000000
6,5,1,41800000
4,3,5,13500000
3,3,4,7500000
5,5,1,67000000
5,4,10,20000000
0,5,10,21000000
0,5,10,22000000
0,5,1,36500000
0,5,1,35000000
0,5,1,37000000
0,4,10,22500000
0,4,10,24000000
0,4,10,25000000
0,4,1,35000000
0,4,10,24500000
5,4,10,29000000
5,5,1,62900000
0,0,24,6000000
4,3,5,11000000
6,5,2,95000000
5,5,1,49900000
4,3,5,11000000
6,5,10,21500000
6,5,2,120000000
6,5,1,59000000
6,5,10,20500000
6,6,15,32500000
5,3,5,13000000
6,5,1,61000000
7,6,2,190000000
4,4,4.8,23000000
4,4,4.8,17200000
2,2,4.8,6000000
4,4,4.8,14500000
4,4,4.8,14500000
2,2,4.8,13000000
2,2,4.8,27500000
8,7,4.8,31000000
2,2,4.8,6500000
8,7,4.8,40000000
2,2,4.8,13000000
3,3,8,35000000
0,3,8.9,47500000
0,3,8.9,32500000
0,3,8.4,37500000
0,3,8,32500000
0,4,1.3,130000000
0,3,5.8,37500000
0,4,9.8,37500000
0,3,8,23000000
0,3,7.6,24000000
0,2,4.7,15000000
0,5,8.9,35000000
0,3,8,30000000
0,4,11.6,40000000
0,3,8,30000000
0,3,10.7,40000000
0,4,11.6,62500000
0,6,2,280000000
0,2,4.4,17500000
0,4,1,85000000
0,3,8,35000000
8,7,4.8,21000000
2,2,3.1,3300000
4,4,4.8,14000000
2,2,2.9,3500000
6,6,4.8,14000000
4,4,4.8,15000000
4,4,4.8,15500000
2,2,4,3500000
4,4,4.8,17000000
4,4,4.8,17500000
4,4,4.8,18500000
4,4,4.8,16500000
6,6,4.8,14000000
4,4,4.8,18500000
4,4,4.8,17500000
3,3,8,9000000
2,2,4.4,8500000
4,4,8.7,19000000
4,4,14,15000000
3,3,8,13000000
8,6,1,102500000
3,6,16,52500000
0,6,1.2,180000000
0,6,1.3,170000000
0,5,1.7,160000000
0,7,2,250000000
0,6,2,220000000
3,3,8,26000000
4,4,12,52000000
2,2,3.8,4200000
7,6,1,200000
2,2,4.8,19000
3,2,4.8,23000
2,2,4.8,16000
2,2,4.8,18000
2,2,4.8,22000
2,2,4.8,23000
2,2,4.8,24000
2,2,4.8,25000
2,2,4.8,27000
2,2,4.8,23000
2,2,4.8,19000
4,4,4.8,50000
2,2,4.8,15000
2,2,4.8,23000
2,2,4.8,27000
4,4,4.8,120000
2,2,4.8,22000
2,2,4.8,26000
2,2,4.8,25000
3,3,5.3,50000
0,3,8.9,90000
0,3,7.6,80000
0,3,7.6,90000
2,2,4.7,45000
4,3,16,50000
2,2,4.8,25000
2,2,4.8,27000
2,2,4.8,24000
2,2,4.8,22000
2,2,4.8,25000
2,2,4.8,30000
2,2,4.8,24000
2,2,4.8,24000
2,2,4.8,21000
2,2,4.8,23000
2,2,4.8,25000
2,2,4.8,23000
2,2,4.8,25000
2,2,4.8,22000
2,2,4.8,25000
2,2,4.8,25000
2,2,4.8,27000
6,5,14,250000
2,4,8,38000
2,4,13.1,60000
0,4,1,140000
0,3,1,105000
0,3,1.3,120000
0,3,12,85000
0,2,2,80000
0,2,16,60000
0,3,1,115000
0,3,1,100000
0,5,2,225000
0,2,12,55000
3,4,12,50000
0,0,9.8,105000
3,3,6.7,30000
1,1,2.7,40000
6,6,1,375000
2,2,3.8,18000
6,5,1,410000
5,5,1,73000000
0,0,5,8200000
8,8,1.8,110000000
4,4,5,23000000
0,0,1,14000000
0,0,2.7,5722000
0,0,4,7704000
0,0,5.5,11500000
0,0,4,8355000
0,0,3.9,8116000
0,0,5,10500000
0,0,5.1,9666000
5,4,6,14800000
1,1,3.2,6408000
0,0,9.3,15000000
0,0,9.3,16000000
0,0,9.3,17000000
0,0,9.3,17500000
0,0,1,30000000
0,0,7.1,11000000
0,0,7.1,13000000
0,0,14.2,22000000
0,0,1,27000000
4,3,8,7500000
3,2,8,8500000
8,6,1,44000000
0,5,10,42500000
0,4,9.3,15000000
0,6,10,42500000
7,6,1,49500000
0,6,8,11000000
0,6,9.3,17000000
0,4,1,18000000
6,6,8,11000000
0,6,9.3,17000000
4,4,14,120000000
0,0,8,12000000
0,6,10,25000000
4,4,5,27000000
7,6,1,52500000
0,0,4,25000
10,9,1,275000
6,6,14,135000
0,2,4.4,18000
0,2,4.4,20000
0,2,4.4,17500
0,2,6.7,18000
0,4,4.4,38000
0,4,4.4,35000
0,2,6.7,30000
0,2,5.6,35000
0,2,5.6,35000
0,2,4,30000
0,2,4.4,18000
0,3,4.4,18000
0,2,6.7,28000
0,2,6.7,22000
0,2,4.4,17000
0,0,4.4,40000
3,3,1,160000
0,0,4,25000
4,3,8,40000
0,0,1,36000
1,1,5,15000
2,2,12,90000
3,3,1,62000
0,0,4,23000
0,0,4,45000
3,3,1,56000
0,0,10,47000
3,3,2,110000
10,0,2,400000
7,7,10,110000
0,0,10,45000
0,6,14,165000
0,0,10,95000
3,3,1,71000
0,0,10,38000
1,1,1.8,29500
3,3,1.2,75000
0,4,14,66000
5,5,10,110000
0,0,14,125000
3,3,1,66000
4,4,12,65000
4,4,1,46000
3,3,5,43000
3,3,1,44000
5,3,10,45000
3,3,11.6,48000
5,5,1,110000
0,0,5,13000000
0,0,7,16500000
0,0,7,19000000
0,0,7,17000000
0,0,5,12000000
0,0,10,30000000
0,0,11,32500000
0,0,5,12500000
0,0,5,13000000
0,0,5,11000000
0,0,5,14000000
0,0,7,15500000
0,0,7,14500000
0,0,5,12500000
6,5,2,70000000
5,4,7,17000000
6,5,10,26000000
0,0,7,12500000
0,0,10,15000000
5,4,7,16500000
0,0,5,11000000
2,3,4.8,4800000
3,3,7,9500000
1,1,3,3600000
6,5,10,25000000
4,4,5,35000
3,6,5,70000
4,4,5,50000
5,5,1.2,95000
0,0,2.5,8000
0,0,3,8000
0,0,7,30000
0,0,10,125000
0,0,5,21000
0,0,2,10000
0,0,10,30000
0,0,10,22000
0,0,7,20000
0,0,3,12000
0,0,2.5,12000
0,0,2.5,10000
0,0,6,17000
0,0,2.5,8500
0,0,10,30000
0,0,4,20000
0,0,5,15000
0,0,2.5,10000
0,0,5,27000
0,0,7,35000
0,0,4,20000
0,0,5,16000
0,0,2.5,15000
0,0,4,20000
0,0,2.5,12000
0,0,3,8000
0,0,8,28000
0,0,8,20000
4,3,10,30000
3,3,1,70000
6,5,1,29000000
4,3,5,10000000
7,7,10,35000000
6,5,10,18500000
6,5,1.2,60000000
3,3,10,25500000
6,5,10,25000000
0,3,4,3500000
0,0,4,3600000
8,6,7,15000000
4,3,3.5,8900000
4,4,1,48000000
4,3,5,13000000
3,3,3.8,4500000
2,2,2.7,4100000
4,4,4.8,21500000
0,0,5.1,6500000
6,6,16,65000000
2,2,2.4,3200000
7,6,9.6,35000000
2,3,6.4,9500000
0,4,2,140000000
0,8,2,170000000
0,7,1.2,170000000
0,7,2,210000000
0,6,1,160000000
0,6,1,117500000
0,6,1,145000000
0,6,1,120000000
0,5,1,90000000
0,6,1,128000000
0,6,1,115000000
0,6,1,140000000
0,6,1,135000000
0,6,1,120000000
0,6,1,100000000
0,6,1,172500000
0,6,1,125000000
0,6,1,125000000
0,6,1,100000000
0,6,1,120000000
0,5,1,120000000
0,6,1,80000000
0,4,16,70000000
0,5,1,120000000
0,6,1,75000000
0,4,12,75000000
0,4,12,85000000
0,3,4,40000000
5,5,1,71500000
2,2,5,12000000
3,3,5.8,8000000
2,3,3.2,4200000
2,2,4.4,5500000
3,3,5,9500000
2,2,3.6,5850000
3,3,6.7,12900000
2,2,3.6,5800000
3,3,6.7,12900000
3,3,8,8300000
2,2,2.9,4100000
3,6,2,220000000
2,5,2,220000000
2,2,4.2,8500000
3,6,1.2,130000000
2,4,4,36000000
3,5,2,170000000
3,5,2,145000000
2,3,4,31000000
2,2,4.2,10500000
2,2,4.2,5500000
2,3,9.8,16000000
3,3,8,12500000
3,3,8,12500000
2,2,4.8,8000000
3,3,6.8,17000000
4,4,4,32500000
3,3,5,13000000
0,0,6.1,14000000
2,2,3.8,1700000
7,6,1,25000000
5,4,9.8,19000000
0,0,8,19500000
5,5,1,72500000
2,2,4,5800000
3,3,8,12000000
0,3,9.4,9000000
3,3,8,12500000
3,3,8,12500000
2,2,5.1,7800000
5,5,1,70500000
5,4,4.8,15000000
3,3,12,16000000
2,2,4.2,5600000
2,3,4.8,6500000
4,3,9,15500000
3,3,12,15500000
3,3,6.4,6500000
2,3,5.3,7000000
5,5,1,68500000
3,3,6,32000
4,4,1,70000
0,2,1,85000
0,4,4,90000
4,4,1,100000
4,4,1,80000
2,3,6.4,55000
2,3,6.4,55000
2,3,6.4,55000
2,3,8.9,75000
2,3,9.8,65000
2,2,4.2,35000
4,4,1,110000
4,4,4.8,70000
3,3,5.6,35000
2,2,1,40000
6,6,16,140000
0,0,2,600000
3,3,9.8,45000
2,2,4.8,30000
2,2,4.8,25000
3,3,8,5500000
3,3,11.6,27000000
5,5,1,69000000
3,3,6,14500000
3,3,6,14600000
3,3,6,14600000
3,3,6,14700000
3,3,6,14700000
3,3,6,14800000
3,3,6,14800000
3,3,6,14900000
5,5,10,30000000
1,1,4.4,12000000
7,7,2.1,150000000
6,5,1.9,185000000
7,7,1,52500000
1,1,3.4,6500000
3,3,5,12500000
6,5,6.7,27000000
2,2,5,2300000
6,6,1.6,105000000
5,5,1.8,107500000
4,4,1,71000
7,5,10,80000
3,2,4.9,22000
5,5,1,95000
0,3,14.2,75000
0,2,1,45000
0,4,1,75000
0,3,14.2,45000
0,2,8,45000
0,5,4.4,70000
0,6,14.2,160000
0,6,14.2,180000
0,3,1,75000
0,3,14.2,80000
0,5,14.2,140000
0,3,9.3,45000
0,3,10.9,50000
0,2,6.7,35000
0,3,14.2,60000
0,2,14.2,40000
0,3,14.2,60000
0,2,14.2,40000
0,3,14.2,55000
0,3,14.2,65000
3,3,10,33000
5,5,1.3,200000
2,2,10,31000
2,2,3.6,16000
3,3,12.4,70000
3,3,5,45000
5,5,10,90000
2,2,6.7,42000
3,2,5,350000
3,3,9.1,35000
3,3,1,44000
3,3,12.4,70000
0,0,7,18000000
4,4,7,13500000
6,5,10,15000000
0,0,8,22000
0,0,10,50000
0,0,4,20000
0,0,7,40000
0,0,4,12000
0,0,4.5,15000
0,0,2.5,8000
0,0,5,14000
0,0,5,15000
0,0,3,15000
0,0,7,20000
0,0,3,7000
0,0,2.5,5000
0,0,4,14000
0,0,3,15000
0,0,8,50000
0,0,2.5,13000
0,0,8,70000
0,0,2.5,10000
0,0,5,10000
0,0,3,17000
0,0,3,15000
0,0,4,10000
0,0,10,30000
0,0,10,30000
0,0,7,20000
0,0,9,30000
0,0,5,20000
0,0,5,17000
1,1,1.8,22000
3,3,10,32500000
2,2,5,4500000
2,2,3,3800000
0,5,1,32500000
0,5,1,35000000
0,5,11,24000000
0,5,10,25500000
0,4,8,18500000
0,5,10,23500000
0,3,8,12000000
0,5,1,52500000
0,3,11,17500000
0,4,8,17500000
0,4,8,17500000
0,5,10,24000000
0,5,10,24500000
0,5,10,21500000
0,3,5,12500000
0,3,5,12000000
0,5,12,25500000
0,5,1,42500000
0,5,5,12500000
0,5,1,45000000
0,5,1,37500000
0,5,1,45000000
0,5,10,21000000
0,5,10,20000000
0,5,10,27000000
0,5,10,23500000
0,5,10,18500000
0,5,10,22500000
0,5,10,24500000
7,5,2,91500000
4,3,3,8500000
3,3,6,14900000
3,3,6,15000000
3,3,6,15000000
3,3,6,15000000
3,3,6,15100000
3,3,6,15100000
3,3,6,15200000
3,3,6,15200000
3,3,6,15300000
3,3,6,15300000
3,3,6,15400000
3,3,6,15500000
3,5,5.8,10000000
3,3,8,20000000
3,3,8,20000000
3,3,8,20100000
3,3,8,20200000
3,3,8,20200000
3,3,8,20200000
3,3,8,20300000
3,3,8,20400000
3,3,8,20400000
3,3,8,20500000
3,3,8,20600000
3,3,8,20700000
3,3,8,20800000
3,3,8,20900000
3,3,8,21000000
3,3,8,21100000
3,3,8,21200000
3,3,8,21300000
3,3,8,21400000
3,3,8,21500000
3,3,8,21600000
3,3,8,21700000
3,3,8,21800000
3,3,8,21900000
3,3,8,22000000
3,3,8,22100000
3,3,8,22200000
3,3,8,22300000
3,3,8,22400000
3,3,8,22500000
3,3,8,13000000
3,3,8,13000000
3,3,8,13100000
3,3,8,13100000
3,3,8,13200000
3,3,8,13200000
3,3,8,13300000
3,3,8,13300000
3,3,8,13400000
3,3,8,13400000
3,3,8,13500000
3,3,8,13500000
3,3,8,13600000
3,3,8,13600000
3,3,8,13700000
3,3,8,13800000
3,3,8,13800000
3,3,8,13900000
3,3,8,13900000
3,3,8,14000000
3,3,8,14000000
3,3,8,14100000
3,3,8,14100000
3,3,8,14200000
3,3,8,14200000
3,3,8,14300000
3,3,8,14300000
3,3,8,14400000
3,3,8,14400000
3,3,8,14500000
2,2,3.3,2800000
3,3,5.6,4100000
0,2,3.3,3500000
1,1,2.4,2250000
5,5,1,73000000
5,4,6,8500000
4,4,9.3,17500000
2,4,4.8,13000000
2,4,4.8,13500000
2,4,4.8,12800000
2,4,3.6,11000000
2,3,4.8,11500000
3,6,16,35000000
4,4,4.8,17000000
2,2,4.8,6800000
3,3,5.6,6000000
2,2,3.3,2300000
3,3,4.2,3100000
0,0,3.4,3300000
3,3,5.1,3600000
0,0,16.8,47500000
2,2,4.4,6000000
3,3,4.4,3500000
2,2,3.1,2800000
2,2,4,30000
1,1,2.4,24000
2,2,4.8,35000
2,2,4.8,37000
3,3,6,27000
5,5,4.8,45000
5,4,2,650000
3,3,7.1,55000
0,0,1,220000
3,3,9.6,40000
3,3,10.7,65000
0,0,5.6,27000
3,3,10.7,75000
4,3,10,53000
3,2,4.9,5200000
0,4,6,19500000
7,7,2.1,150000000
0,0,4,32500000
2,2,2.7,3000000
2,2,5,13000000
6,5,2,200000000
9,9,10,23000000
9,9,10,23000000
2,2,5,3800000
5,4,8,17500000
2,2,3.6,4000000
3,4,6,17500000
6,4,6,22500000
2,2,4.2,5500000
1,1,2.7,2900000
3,3,12,16000000
5,5,10,32500000
3,3,12.4,80000
3,3,12,45000
3,3,12,60000
6,6,12.4,140000
0,3,1,65000
0,3,5,40000
0,4,8,55000
2,3,12.4,50000
6,6,1,200000
4,3,1,95000
2,2,12.4,55000
0,0,12,70000
2,3,7,50000
6,6,1,200000
4,4,1.2,90000
9,9,2,750000
4,3,1.2,110000
0,0,10,50000
2,3,1,75000
1,1,4,27000
1,1,4,27000
4,4,1,60000
2,2,4,25000
3,2,4.4,25000
1,1,1,10000
1,2,5,12000
4,3,3,8500000
4,3,3,9500000
6,5,8,17300000
7,6,2,130000000
4,3,5,10000000
3,4,6,7500000
4,3,4,9500000
6,5,3,7800000
3,4,2,4500000
0,2,1.5,3000000
0,3,2,4000000
0,3,2.5,6500000
0,3,2.5,6500000
0,5,5,10000000
6,5,8,17000000
4,3,5,11200000
0,5,1,51500000
0,6,1,62500000
0,6,1,55000000
0,6,1,50000000
0,6,7,13000000
0,2,2,5500000
0,2,2,3500000
0,2,2,3500000
0,3,5,9000000
0,5,7,9000000
0,5,7,13500000
0,2,2,3700000
0,3,5,9200000
0,3,2,4500000
0,2,1.5,3000000
4,3,5,13500000
6,5,10,23000000
1,2,3,2300000
4,3,7,21000000
0,5,1,48000000
0,4,4,219000000
0,5,2,135000000
0,5,1.4,60000000
0,6,1,41500000
0,5,1,57500000
3,3,5,3500000
5,4,10,24000000
4,5,10,21000000
5,4,10,20500000
5,4,10,19000000
5,4,10,19900000
0,0,2.9,3350000
6,5,10,32500000
7,5,12,20000000
3,3,6,12000000
2,2,3,1990000
5,4,10,26900000
6,5,1,57000000
6,5,1,46000000
5,4,8.4,8300000
7,6,1,99900000
4,4,5,9700000
5,4,10,31500000
6,5,1,47500000
5,5,10,20000000
8,5,10,43500000
6,5,1,37500000
4,4,3.6,13000000
3,3,3.5,6500000
0,0,2.4,3480000
0,0,3.3,5000000
0,0,2.4,3746000
0,0,2.4,3731000
0,0,2.4,3480000
0,0,3.3,5000000
0,0,2.4,3746000
0,0,2.4,3731000
2,2,4,3500000
5,5,2,45000000
7,7,1.5,120000000
8,8,1.7,35000000
6,6,1.4,40000000
1,1,2,1800000
0,0,12.4,30000000
2,3,4,2500000
0,5,1,34000000
0,5,15.5,27500000
6,5,1,52500000
6,6,10,27500000
2,3,5,9500000
6,6,6.5,22500000
3,3,5,31000
4,3,10,30000
4,3,5,35000
3,3,5,35000
3,3,5,33000
3,3,12,45000
2,2,5,30000
3,2,12,40000
3,3,1.2,60000
2,2,10,28000
3,2,5,50000
6,6,1.5,150000
3,3,8,45000
6,6,1.5,180000
3,3,1,50000
0,3,17,18000
5,4,6,35000
5,5,10,80000
3,0,12,40000
5,4,1,75000
5,4,5,12500000
2,2,6,7000000
7,6,1,38000000
4,3,5,11000000
3,2,10,5800000
5,5,10,23500000
2,2,5,2500000
5,5,12,26000000
5,5,10,22000000
5,5,10,24000000
5,5,1,45000000
0,0,10,25000000
5,5,5,17000000
5,4,5,12000000
4,3,8.9,10000000
3,3,8,36000000
6,6,8,28000000
6,5,12,85000000
2,2,5.2,6300000
5,4,4.8,14000000
5,6,16,41500000
5,4,12,58000000
2,2,5.3,16500000
2,3,6.7,20000000
2,3,7.3,16000000
3,6,1,120000000
3,6,2.2,280000000
3,6,1,110000000
3,6,1,125000000
4,7,2,300000000
3,6,1,120000000
3,6,1.3,185000000
3,6,2,160000000
2,3,6.2,24000000
0,0,1,75000000
2,3,6.2,24200000
3,6,1,127500000
4,4,10.2,25000000
3,3,8,11000000
2,2,4.2,8500000
3,3,10.2,41000000
3,6,4.9,10000000
3,3,6.7,21000000
2,2,5.3,9960000
3,3,11.2,22500000
5,5,2.4,15000000
4,2,4.8,6500000
3,3,4.8,6800000
2,3,4,2700000
3,3,8.9,19000000
2,2,4.2,4500000
6,5,1,118500000
0,0,3.3,5900000
4,3,4,32500000
3,3,11.5,25000000
6,6,1,95000000
1,1,2.7,3500000
2,2,3.8,7800000
2,2,4.8,7600000
4,4,16,35000000
1,2,2.7,1700000
4,4,4.8,17000000
6,6,9.6,41500000
7,8,16,125000
3,3,9.3,40000
5,5,1.2,290000
2,2,6.4,35000
9,9,16,350000
0,0,14.4,170000
3,3,8,55000
2,4,1.4,300000
2,4,1,125000
0,68,6.6,2500000
4,3,10.2,115000
10,10,4,1200000
0,0,16.7,270000
2,2,2.2,25000
3,3,7.4,65000
7,6,1.2,380000
2,2,2,20000
3,3,6.2,35000
3,3,1,110000
5,4,1,260000
4,3,6.7,60000
7,6,1,220000
4,3,5.3,60000
7,6,1,220000
1,1,2.2,9000
1,5,1,95000000
0,6,6,18000000
7,8,11,41000000
1,1,2.4,3900000
3,2,5,7500000
5,5,20,180000000
3,3,1.2,110000000
11,10,7.4,900000000
3,3,8,6500000
3,3,6.7,21000000
7,5,7,25800000
5,5,1,38500000
8,7,10,36000000
9,8,17.5,50000000
8,5,7,24500000
0,1,2,5000000
5,3,4,15700000
2,4,2.3,600000
5,3,4,17000000
1,2,3.7,6000000
5,3,4,16500000
5,3,4,15500000
7,6,7,13500000
0,0,1,60000
8,6,2.1,750000
5,5,2.2,170000
3,2,1.9,120000
6,5,1,300000
2,2,4,45000
1,1,2,25000
2,2,1,75000
3,3,1,130000
2,2,5,50000
1,1,2,35000
2,2,4.4,25000
2,2,4.4,25000
7,5,10,80000
5,3,10,50000
8,6,10,110000
3,2,7,33000
5,5,1,50000
2,4,5.8,38000
3,3,12,55000
3,3,12,50000
4,4,15.6,125000
0,0,8.2,35000
0,0,8.2,33000
0,0,5.3,24000
0,0,4.9,27000
0,0,4.4,25000
0,0,6,42000
0,0,6,40000
0,0,8,30000
0,0,1,80000
0,0,8,55000
0,0,10,55000
0,0,1,75000
0,0,8,50000
0,0,10,130000
0,0,8,120000
3,3,1,85000
3,3,14,70000
3,3,14,75000
2,2,10,60000
2,2,8,50000
2,2,6,45000
2,2,8,45000
2,2,8,50000
2,2,6,40000
2,2,10,55000
2,2,10,60000
3,3,14,75000
3,3,14,70000
3,3,1,80000
3,3,1,85000
6,6,1,280000
6,6,1,250000
6,6,1,220000
6,6,14,180000
4,4,8,130000
1,1,1.8,2400000
5,5,10,38000000
5,3,5,13500000
6,5,8,18000000
4,3,5,13000000
5,5,5,12000000
3,2,15,20000000
3,3,3,6500000
3,3,4,5500000
2,2,4,7000000
2,2,5,4200000
2,3,2.5,5700000
3,3,3,6200000
3,3,3,6300000
3,3,3,6500000
3,3,3,6200000
5,5,10,17000000
2,2,2,5000000
2,2,2,5000000
3,3,2.5,7000000
3,3,2.5,7500000
3,3,2,6500000
6,4,6,15500000
3,3,2,4600000
5,5,1,55000000
5,5,10,23000000
3,3,2,4500000
3,3,3,5500000
3,3,5,10000000
1,1,2.2,4500000
5,5,10,16500000
4,4,5,12500000
4,4,5,12500000
4,4,5,8500000
4,9,10,17500000
0,0,3,5500000
0,0,3,5500000
0,0,3,5500000
0,0,3,5500000
0,0,3,5500000
0,0,3,5500000
0,0,3,5500000
0,0,4,6500000
0,0,4,6500000
0,0,4,6500000
0,0,4,6500000
0,0,4,6500000
0,0,4,6500000
0,0,4,6500000
0,0,4,6500000
0,0,4,6500000
0,0,8,6500000
0,0,4,6500000
0,0,4,6500000
0,0,4,6500000
0,0,4,6500000
0,0,5,9500000
1,2,3,2620000
2,2,5,10000000
3,3,7,27000
4,4,1,75000
4,4,7,45000
4,4,8,40000
2,2,5,30000
4,4,7,45000
4,3,10,29000
0,0,10,29000
3,2,5,20000
4,3,8,15300000
5,4,10,18500000
5,4,12,22500000
5,5,8,14500000
3,3,2,6000000
3,3,2,6000000
3,3,2,7500000
3,3,2,6000000
3,3,2,7500000
3,3,8,13000000
2,2,3.8,4000000
6,6,4.8,14000000
2,2,3.6,2500000
6,6,1,85000000
3,5,6,3500000
3,3,5.8,6500000
4,4,4.8,15500000
2,2,2.9,7500000
3,4,9,18500000
3,2,6,8500000
3,3,5.3,8500000
3,3,6.4,10500000
0,0,3.2,3500000
2,2,3.2,3500000
0,0,14.4,62000000
4,5,9.6,37500000
4,3,9,15300000
3,3,6.2,15000000
1,1,1.8,1650000
4,6,4.8,13000000
3,3,6.1,15000000
3,3,8,21000000
3,3,8,12000000
3,3,8,15500000
2,3,2.6,2575000
6,8,12,52500000
2,2,4.2,7000000
2,2,3.8,8500000
3,3,6.4,22000
2,2,2,26000
2,2,2,25000
5,4,2,265000
2,2,4.2,40000
3,3,8,37000
3,3,8,37000
2,2,4.2,20000
1,1,4.2,15000
3,3,9.8,110000
0,11,2.4,1200000
0,0,3.3,18000
3,3,7.8,65010
3,3,16,45000
2,2,4.2,20000
3,3,1,125000
4,4,1,125000
2,2,4.2,22000
3,3,8,70000
3,3,7.1,65000
2,2,6.4,65000
3,3,6,70000
5,7,1,350000
2,2,5.6,50000
3,3,7.1,38000
2,2,4,25000
0,0,10,16000000
0,0,10,15000000
0,0,10,17000000
0,0,5,8000000
4,4,1,60000000
6,5,8,16000000
7,6,14.2,24500000
6,5,8,15800000
8,6,1,29500000
4,4,7,14000000
6,5,8,15000000
5,4,4,15500000
0,0,1.2,18500000
5,4,4,16000000
5,4,7,25000000
8,7,1,29500000
8,7,1,29900000
8,7,1,29700000
8,7,1,29800000
8,7,1,30000000
7,6,14,22000000
7,6,14,22200000
7,6,14,22600000
7,6,14,22000000
0,0,4.4,11500000
0,0,4.4,11000000
0,0,6.7,18000000
0,0,5.6,14000000
0,0,5.6,19000000
0,0,6.7,14500000
0,0,4.4,8500000
7,6,14,22500000
5,4,7,21000000
7,6,12,18500000
7,6,12,18200000
7,6,12,17800000
6,7,1.5,45000000
7,6,12,17500000
7,6,12,18000000
7,6,8,14400000
7,6,8,14100000
7,6,8,14600000
5,5,1.3,57500000
5,5,1.2,53000000
7,6,8,14200000
7,6,8,14500000
0,0,1,53500000
4,3,1,90000
0,0,10,20000
0,0,9.3,35000
0,0,1,40000
3,3,1,100000
3,3,1,80000
3,3,1,80000
4,3,1,85000
3,3,12,50000
0,4,7,50000
3,3,12,55000
4,4,10,110000
3,3,1,130000
0,0,6.7,38000
0,0,6.7,40000
0,0,5.6,32000
0,0,5.6,30000
0,0,5.6,23000
0,0,4.4,30000
0,0,4.4,65000
0,2,6.7,22000
0,2,6.7,28000
0,2,4.4,20000
0,0,6.7,45000
0,0,6.7,50000
1,1,2.2,13000
4,4,3,170000
3,2,6,22000
3,3,16,75000
3,2,10,35000
3,3,2,7500000
3,3,2,7500000
3,3,2,7500000
4,4,10,19500000
4,4,4,8000000
3,3,5,9000000
3,3,5,15000000
5,5,7,13500000
3,3,5,15000000
5,5,7,13800000
0,3,5,8500000
0,5,5,11000000
4,5,6,12000000
5,4,10,15500000
5,5,10,16500000
4,4,5,9200000
4,3,8,12500000
4,4,5,9100000
4,5,6,11500000
5,5,8,14800000
3,4,4,6800000
3,3,3,5600000
3,3,3,5500000
3,3,3,5700000
4,4,6,12000000
4,4,5,11000000
4,4,5,10000000
4,4,5,10000000
4,5,6,12200000
5,5,1,37500000
6,6,1,40000000
3,3,1,18000000
4,5,5,9400000
3,3,5,11500000
0,4,10,27500000
4,4,1,20600000
4,4,1,18300000
4,4,1,18200000
4,4,1,18000000
3,3,6,9700000
4,4,1,17800000
5,5,10,16500000
4,5,5,9200000
3,3,5,13500000
0,0,5,13000000
5,5,10,19000000
0,4,10,23000000
0,5,1,34500000
0,4,14,31200000
0,4,14,30000000
0,6,2,85000000
0,6,2,90000000
0,5,1,31500000
0,5,1,36000000
0,2,3,5500000
0,3,10,9500000
0,4,5.5,11000000
0,4,11,16000000
0,3,4,7000000
0,3,4,7200000
4,3,3,5000000
4,4,10,15000000
4,3,10,19000000
5,5,10,23000000
3,3,5,12000000
3,3,5,11500000
5,5,18,37500000
5,5,1,35000000
1,1,1.8,3200000
2,2,5,7500000
5,5,8,17500000
3,3,4,7000000
5,5,7,16000000
3,3,4,8000000
6,6,8,16000000
2,2,8,11000000
3,3,4,9500000
4,3,5,11000000
3,3,5,11000000
5,5,1,43000000
5,5,1,54000000
5,5,1,60000000
5,5,1,60000000
5,5,1,59000000
5,5,1,62500000
5,5,1,59000000
5,5,1,55000000
5,5,1,56500000
5,5,1,43000000
5,5,10,34000000
4,4,5.2,10500000
3,3,5,11000000
5,5,10,35000000
5,5,10,34000000
3,3,3,5700000
3,3,3,5800000
5,5,10,34000000
3,3,3,5900000
3,3,3,6000000
3,3,5,10500000
3,3,4,7800000
5,5,1,56500000
3,3,4,7800000
4,4,8,16000000
5,5,1,55000000
5,5,1,59000000
3,3,3,7500000
3,3,3,7000000
3,3,2,5500000
3,3,2,4500000
2,3,5,6500000
4,4,7,9000000
6,5,1,92500000
0,0,5,8500000
0,0,5,10000000
0,0,5,9000000
0,0,5,8500000
0,0,2,4000000
0,0,5,8500000
0,0,5,8500000
0,0,5,8500000
0,0,7,12500000
0,0,7,12500000
0,0,5,8500000
0,0,2,3000000
0,0,2,2800000
0,0,2,3200000
0,0,2,3500000
0,0,2,3500000
0,0,7,12500000
0,0,5,8500000
0,0,5,8500000
0,0,5,8500000
0,0,5,8500000
0,0,5,8500000
0,0,5,8500000
0,0,5,5000000
0,0,3,2600000
0,0,5,8500000
0,0,11,10000000
4,4,8,15000000
4,3,10,11300000
4,4,4,12000000
7,7,10,20000000
5,5,10,22500000
0,2,5,5200000
0,2,5.5,6200000
0,2,5,6000000
0,4,8,9500000
0,2,4,5000000
0,3,3,4500000
0,5,7,10000000
6,6,7,15000000
6,6,5,15500000
4,4,6,18000000
2,2,3,1900000
2,2,4,2400000
2,3,3,2800000
0,0,4,35000
3,3,4.7,13000000
3,3,4.7,13000000
2,2,4.2,12500000
2,2,4,6500000
2,2,4.2,8500000
0,2,4.7,5000000
0,2,4.7,5000000
0,3,4.7,7500000
0,1,2,2400000
0,2,2.7,4000000
0,2,2.7,4000000
2,2,4.2,7300000
3,3,8,10800000
3,3,8,14500000
0,2,1.8,1500000
3,3,8,12000000
3,3,8,10000000
3,3,8,9000000
3,3,6.1,17000000
3,3,6.1,14500000
3,3,8,14200000
3,3,6.1,13600000
3,3,6.1,13500000
3,3,6.1,13800000
3,3,6.1,13700000
3,3,6.1,13900000
3,3,6.1,14000000
2,2,4.9,6800000
2,2,4.9,5800000
0,2,4.7,5000000
0,2,4.8,5000000
0,3,4.7,7500000
0,2,3.3,4500000
0,2,3.3,4000000
0,1,1.6,2400000
0,0,3.3,3600000
0,2,4.7,8000000
2,2,3,5500000
0,0,12,85000000
5,6,1,82000000
7,7,9.3,45000000
0,0,4.8,5000000
0,0,2.4,4000000
0,2,2.9,4200000
0,0,4.8,14000000
0,0,9.6,27500000
0,0,4.8,14500000
0,0,4.8,5500000
0,0,2.4,4000000
0,0,2.4,4000000
0,0,4.8,14000000
2,2,4.2,5000000
2,2,4.9,5000000
0,0,2.6,1900000
0,0,2.6,1400000
0,0,3.2,2900000
0,0,2.6,1800000
2,2,4.2,7200000
2,2,4.2,7100000
2,2,4.2,7000000
3,3,6.2,13000000
2,2,4.2,6900000
2,2,4.2,6800000
2,2,4.2,6700000
2,2,4.2,6600000
2,2,4.2,6500000
2,2,4.2,6400000
2,2,4.2,6300000
2,2,4.2,6200000
3,3,10,12300000
3,3,10,12200000
3,3,10,12100000
3,3,10,12000000
3,3,16,75000
10,11,2.4,600000
3,3,1,80000
3,3,1.2,70000
3,3,1.2,70000
4,4,1.3,130000
3,3,9.8,75000
3,3,8.3,65000
0,0,12.8,200000
0,0,3.8,20000
3,3,1,120000
0,0,9.8,100000
0,0,6,11500000
0,4,6.7,11000000
1,1,2.4,3900000
0,4,5,9700000
0,4,5,10700000
7,8,12,23000000
0,4,7.5,13000000
6,5,10,17500000
5,6,8,13000000
0,9,12,25000000
0,4,7,14000000
5,5,5,18500000
0,0,15,70000
0,0,15,70000
0,3,5,33000
0,0,10,32000
0,0,5,35000
1,2,2,10000
0,0,1,55000
0,0,4,25000
0,0,10,20000
6,6,12,85000
3,3,12,40000
3,3,12,42000
3,3,4,8800000
1,2,3,2800000
2,2,7,7000000
3,3,4,8800000
6,5,2,92000000
1,1,4,6000000
3,3,4,7000000
5,5,8,12200000
4,4,5,8500000
4,4,5,9200000
4,3,10,21000000
3,3,5,7500000
3,3,4,8800000
4,3,10,21500000
5,4,1,36000000
0,3,2,5950000
0,3,1.5,4850000
0,3,5,13500000
3,3,4,9000000
4,3,5,8500000
4,4,10,22500000
4,4,12,26500000
3,3,10,20500000
4,4,1,38000000
3,3,3,7200000
4,4,1,33000000
5,5,14,22500000
3,3,3,7200000
4,3,5,9000000
5,5,10,20000000
3,3,5,10500000
5,5,8,25000000
4,3,5,9000000
5,5,10,27500000
2,2,3,1340000
2,2,3,1345000
2,2,3,1375000
7,7,10,23000000
5,5,12,32500000
2,2,3,1350000
2,2,3,1450000
2,2,3,2100000
2,2,3,1300000
2,2,3,1975000
2,2,3,1875000
2,2,3,1750000
2,2,3,2000000
2,2,3,2200000
2,2,3,1900000
2,2,3,1850000
2,2,3,1700000
5,5,10,26500000
2,2,3,1600000
2,2,3,1800000
2,2,3,1650000
2,2,3,1550000
6,5,7,13000000
2,2,3,1500000
5,5,10,26500000
5,5,10,21000000
5,5,10,20000000
3,3,5,9500000
5,5,10,22000000
5,5,10,26000000
5,5,10,25500000
5,4,5,9800000
6,5,1,36500000
5,5,10,23000000
6,5,1,35000000
5,5,10,25000000
5,5,10,23000000
0,3,3,9000000
0,0,2.5,8000000
0,5,8.5,16000000
0,5,5.5,11000000
0,3,3,9000000
0,4,10,28000000
0,4,8,25000000
0,3,2.8,9200000
0,4,5,12500000
0,3,3,9200000
6,5,1,25000000
5,5,10,23500000
5,5,10,24500000
6,5,1,35000000
5,5,10,24000000
6,5,1,35000000
5,5,10,24000000
5,5,10,26000000
1,1,5,13000000
6,5,1,37000000
5,5,1.2,50000000
3,3,5,12800000
5,4,10,22500000
5,4,10,24500000
5,4,10,38500000
0,0,3,3200000
0,0,4.5,6500000
0,0,3,2200000
0,0,2.5,1900000
0,0,4,4500000
0,0,5,3700000
0,0,5,5500000
0,0,2.5,1900000
5,5,10,27000000
0,4,6,3800000
0,4,5,5500000
0,2,4,6200000
0,3,5,4100000
0,3,5,4100000
0,0,8,14000000
0,0,5.5,8000000
0,0,5,7000000
0,0,5,5500000
0,0,10,16000000
0,0,3,4000000
0,0,6,13000000
0,0,12,26000000
0,0,10,18000000
0,0,10,26500000
0,0,10,27000000
0,0,10,18500000
6,6,6,8500000
2,2,5,3800000
4,4,12,14000000
2,2,3,2000000
6,2,5,4200000
6,6,10,23000000
4,3,5,4200000
2,2,4,3500000
4,4,10,7500000
3,3,6,4800000
3,3,6,3800000
3,3,5,4700000
0,3,5,3500000
0,3,5,3500000
0,2,3,1500000
3,3,11.6,13500000
3,3,10,11900000
3,3,10,11800000
3,3,7.4,12100000
3,3,10,11700000
4,4,11.1,18200000
3,3,8.8,14400000
4,4,11.4,18800000
3,3,10,11600000
2,2,6.4,10600000
2,2,6.4,10600000
3,3,10,11500000
2,2,6.4,10600000
2,2,6.4,10600000
2,2,5.1,8395000
3,3,8,13100000
2,2,5.1,8395000
2,2,5.1,8395000
2,2,6.4,10400000
3,3,8,13100000
2,2,6.4,10400000
2,2,5.1,8395000
2,5,2.4,4200000
2,2,5.1,8395000
2,2,6.4,10600000
3,3,9.2,14800000
2,2,4.9,8030000
3,3,9.2,14800000
4,4,11.1,18200000
2,2,6.1,10100000
3,3,9.3,15300000
2,2,6.8,11200000
3,3,7.4,12100000
3,3,7.6,12400000
2,2,4.9,8030000
3,3,8,12000000
2,2,4.9,8030000
2,2,5.6,9271000
2,2,5.6,9271000
2,2,4.9,8030000
2,2,4.9,8030000
1,2,2.2,1650000
2,4,4.8,3600000
1,2,1.8,1350000
1,2,1.8,1250000
1,2,1.8,1275000
2,2,2.8,3300000
2,2,2.9,3300000
1,2,2.2,1800000
2,2,2.8,3300000
3,3,6,7500000
2,2,3.1,3600000
2,2,2.9,3300000
3,3,6,7500000
3,3,3.6,3600000
3,3,3.6,3800000
2,2,2,1500000
2,2,2,1500000
2,3,2.9,2400000
1,2,2,1700000
0,3,4.8,34000000
0,2,2.6,6500000
0,2,2.6,4500000
0,2,2.6,4800000
0,2,2.6,3200000
0,2,2.6,3800000
0,2,2.6,6500000
0,2,2.6,4500000
0,0,2.6,4800000
0,2,2.6,3200000
0,2,2.6,3800000
3,3,6.2,45000
2,2,4.7,35000
2,2,4.9,35000
2,2,10,45000
0,2,3.6,18000
0,1,2.2,14000
0,1,1.3,10000
1,1,4,11000
3,3,9.9,185000
3,3,8,32000
4,3,1.3,160000
7,5,7,24500000
0,0,12,29500000
6,6,12,22500000
4,4,6,11800000
0,0,10,23000000
5,5,7,14000000
7,7,1,25000000
0,6,1,25000000
0,6,1.2,15000000
0,1,2,2000000
0,2,2,4200000
8,6,10,36000000
5,3,4,16500000
7,5,7,25800000
5,3,5,14000000
0,0,1.8,4000000
0,0,3.3,5500000
0,0,4.2,6500000
0,0,3.1,5000000
0,0,4.7,7000000
0,0,7.1,10000000
0,0,4.9,7000000
0,0,4.9,7500000
0,0,6.7,9200000
0,0,4.9,8000000
0,0,4.9,8000000
0,0,3.6,4500000
0,0,3.8,6500000
0,0,3.8,5500000
0,2,6.2,11500000
7,7,1,160000000
0,1,1.3,3000000
5,4,10,9500000
6,6,14.2,47500000
0,6,10.9,40000000
0,5,8,27500000
0,4,4.4,16500000
0,0,4.4,14500000
0,6,9.3,25000000
8,6,12,44000000
6,5,10,85000
0,0,6,20000
3,3,1,40000
0,0,5.3,35000
0,0,4.9,40000
0,0,3.1,30000
0,0,1.6,22000
0,0,1.6,22000
0,0,6.2,50000
0,0,3.1,45000
0,0,3.3,50000
0,0,6,80000
0,0,10,120000
0,0,14,160000
0,0,6,40000
0,0,1,80000
0,0,1,80000
0,0,14,60000
0,0,6,45000
0,0,1,50000
0,3,5,35000
0,3,5,35000
0,0,5,20000
0,0,6,22000
0,0,5,22000
0,0,10,25000
0,0,6,25000
0,0,5,18000
0,0,12,58000
0,0,10,50000
0,0,10,65000
0,0,10,65000
0,0,10,50000
5,5,10,50000
5,5,10,65000
3,3,10,40000
2,3,5,30000
7,6,8,15000000
4,4,12,19500000
0,4,10,11000000
0,3,5,5000000
0,3,3,5000000
0,2,2,3100000
0,2,2,3200000
4,4,5,7200000
0,2,12,17500000
0,4,7.5,15500000
0,3,3,12000000
0,4,10,20000000
0,5,12,18000000
7,5,1,46000000
3,3,5,12000000
0,0,10,23500000
0,0,5,8500000
5,5,10,25000000
3,3,5,17600000
4,4,7.6,16500000
0,3,5,12500000
0,0,5,12500000
0,4,7,18500000
0,0,7,17500000
0,5,15,35000000
0,0,3,6500000
0,4,10,25000000
0,0,2,3000000
0,0,2.7,7500000
0,4,10,27500000
0,0,3,6500000
4,3,2,4700000
0,0,2.5,4500000
0,3,5,12500000
0,0,3,4000000
0,0,3,4000000
0,0,5,11500000
0,0,3,6000000
0,3,5,12500000
0,3,5,12500000
0,4,7,18500000
6,6,12,24000000
6,6,12,17500000
2,2,5,6000000
6,5,10,13000000
4,3,10,9000000
2,2,4,4300000
0,0,5,5000000
0,0,4,4500000
0,0,5,7000000
0,0,5,9000000
0,0,10,19000000
6,6,12,15000000
2,2,4,3500000
5,5,7,14500000
0,0,2.2,2700000
0,0,4,4500000
0,0,3,4500000
0,0,2,2000000
0,0,4,3800000
0,0,4,3200000
0,0,4,3000000
0,0,4,2700000
0,0,2.5,3500000
0,0,5,6500000
0,0,5.5,4200000
0,0,5,9000000
2,2,5,6000000
8,8,1,350000
0,0,3.2,5900000
0,0,3.2,6500000
0,0,3.2,6200000
0,0,3.4,180000000
3,3,8,27500000
6,6,8,42500000
1,1,2.7,1480000
6,6,12,52500000
6,6,1.2,67500000
0,0,3.2,7200000
3,3,3.4,3500000
0,0,2.4,6500000
3,3,3.4,4200000
2,2,2.4,2500000
6,6,16,65000000
3,3,16,52500000
3,3,1.2,72500000
3,3,2,120000000
6,6,1,100000000
0,0,3.2,6400000
3,3,1.2,64000000
6,6,1,71500000
5,5,1.5,70000000
5,5,2,75000000
2,2,2.4,3000000
3,3,4.8,7500000
6,6,3,160000000
0,0,1.8,1950000
0,0,1.8,1900000
0,0,1.8,1950000
1,2,2,1300000
2,3,4.2,3500000
2,3,4.2,3500000
2,3,4.2,3500000
3,3,9.3,26500000
3,3,8,14200000
3,3,8,14000000
3,3,8,14400000
3,3,8,14300000
3,3,8,14100000
3,3,8.9,30000000
4,4,5.6,40000000
3,3,8,13900000
0,0,4.2,4800000
0,0,4.2,5000000
3,3,8,13800000
0,0,4.2,5100000
2,2,4.8,4500000
3,3,8,13700000
0,0,4.2,5200000
0,0,4.2,5300000
0,0,4.2,5400000
3,3,8,13600000
3,3,8,13500000
3,3,6.1,15300000
3,3,6.1,15400000
3,3,6.1,15200000
2,2,4.8,4500000
3,3,6.1,15100000
3,3,6.1,15000000
3,3,6.1,14900000
3,3,6.1,14800000
3,3,6.1,14700000
1,1,2.7,1480000
1,1,2.7,1480000
1,1,2.7,1480000
1,1,2.7,1480000
3,3,6.1,14600000
1,1,2.7,1480000
3,3,6.1,14500000
3,3,4.8,8500000
3,3,8,20900000
3,3,8,20800000
3,3,4.8,8500000
3,3,4.8,10500000
3,3,8,20700000
3,3,4.8,8500000
3,3,4.8,8500000
3,3,8,20600000
2,2,4,6500000
3,3,8,20500000
3,3,4.8,6000000
3,3,4.8,10500000
6,6,6,17000000
5,5,12,75000000
3,3,8,18500000
2,2,4,8500000
3,3,8,20100000
4,4,12,70000000
2,2,4,9500000
3,3,8,19000000
3,3,4.8,7000000
2,2,4,9000000
3,3,8,20000000
0,0,3.1,3400000
3,3,6.1,14500000
3,3,8,20000000
3,3,6.1,14500000
3,3,8,20000000
3,3,6.1,14500000
3,3,8,20000000
5,5,2,160000000
2,2,2.9,2500000
6,6,16,185000
4,4,12,165000
0,2,6.2,120000
0,2,6.2,55000
0,2,6.2,60000
0,2,6.2,60000
0,2,6.2,65000
0,2,6.4,75000
0,2,6.4,80000
0,2,6.4,40000
0,2,6.4,45000
6,6,2,600000
1,1,4,45000
2,2,4.2,25000
0,3,1,80000
0,3,1,85000
0,3,1,90000
0,3,1,95000
0,3,1,100000
0,6,1,160000
0,6,1,180000
0,3,8,90000
0,3,9,110000
0,3,9,120000
1,1,5.5,25000
0,0,5.6,180000
4,4,1,230000
4,4,15.6,115000
0,0,2.2,2750000
5,5,6,27500000
7,7,1,140000000
4,3,4.4,16000000
6,4,5,12000000
5,5,4.4,16200000
0,0,2.2,2750000
0,0,2.2,2750000
0,0,2.2,2750000
0,0,2.2,2750000
0,0,2.2,2750000
0,0,2,2450000
0,0,2,2450000
0,0,2,2450000
0,0,2,2450000
0,0,3.8,4650000
8,7,1,40000000
4,4,8,17000000
4,4,8,17000000
6,6,10,35000000
6,6,1,61000000
5,5,9.3,13000000
7,5,10.7,14000000
3,3,3.9,9000000
1,1,4.4,6000000
5,4,4.4,16500000
1,1,2.4,4300000
7,6,1,45000000
0,5,1,100000
0,0,3.3,14000
0,0,3.3,15000
0,0,2.2,12000
0,3,5,33000
0,3,1,36000
0,0,2.7,185000
1,1,6,26000
4,3,1,52000
2,2,1,130000
5,4,4.4,48000
0,0,10,35000
0,0,1.8,18000
0,0,11.6,86000
3,3,2,130000
6,6,4,85000
0,0,7,30000
0,0,7,30000
0,0,10,25000
0,0,5,25000
0,0,5,25000
10,11,14,170000
2,2,10,19000
2,2,10,22000
6,5,1,55000
4,4,1,35000
3,3,10,25000
0,0,8,22000
0,0,10,28000
0,0,7,25000
0,0,10,25000
2,2,6,20000
4,3,10,30000
1,1,2,30000
0,0,6,35000
0,0,8,17000
0,0,5,15000
0,0,5,15000
0,0,5,12000
0,3,3,5000000
0,5,3,4800000
0,2,2.5,2250000
0,2,2.5,2250000
0,6,5,7000000
0,3,3,3200000
0,3,3,3300000
5,5,7,24500000
5,5,10,25000000
0,0,10,25000000
7,5,10,17500000
7,5,9,23500000
5,5,10,22000000
3,3,5,12500000
5,5,10,23500000
3,3,5,12500000
0,3,3,5500000
0,4,5,12900000
0,2,4.5,8400000
0,3,3,8200000
3,3,5,12500000
4,4,5,18000000
3,3,5,12200000
5,5,10,21000000
4,3,5,14000000
0,5,10,16000000
0,5,7,12000000
0,3,3.5,4000000
0,2,3,4000000
0,3,2,4000000
0,0,3,7200000
0,3,5,7500000
5,5,10,22500000
5,5,10,22500000
5,5,10,19500000
5,5,10,22000000
5,5,10,23000000
2,2,5,5500000
2,5,3,4500000
5,5,10,19000000
8,6,2,80000000
7,5,1,64000000
3,3,5,12500000
4,3,1.2,25000000
5,5,1,45000000
5,5,1,43000000
5,5,10,21500000
7,5,1,39000000
6,6,1,34000000
5,5,10,23000000
5,4,5,11800000
3,3,5,12200000
5,5,10,23000000
3,3,5,13500000
2,2,2,3300000
2,2,2,3300000
2,2,2,3300000
2,2,2,6200000
2,2,2,3300000
2,2,2,5500000
2,2,2,3300000
3,3,2,4800000
3,3,2,6500000
3,3,3,8000000
3,3,2,4800000
3,3,2,4800000
3,3,3,8000000
3,3,3,8000000
3,3,2,4800000
3,3,2,4800000
3,3,3,8000000
3,3,3,5500000
3,3,3,8000000
3,3,3,8000000
3,3,3,5500000
3,3,3,8000000
3,3,3,8000000
3,3,3,8000000
3,3,3,5500000
2,2,2,6000000
3,3,3,5500000
3,3,3,8000000
3,3,3,5500000
6,5,6,12000000
4,3,3,8500000
7,7,14,22500000
5,5,1,45000000
5,4,10,25800000
5,4,10,25500000
4,8,5,9000000
0,4,7,17500000
0,0,5,10000000
0,0,5,10000000
0,5,15,25000000
8,6,1,40000000
0,0,15,25000000
0,5,15,25000000
0,0,10,15000000
0,5,7,22000000
6,5,8.4,12000000
6,5,15,45000000
3,3,7,14500000
4,4,5.1,8000000
6,6,2,26000000
4,4,5,9500000
4,4,10,16000000
2,2,3.1,3000000
2,2,3.1,2500000
2,2,4.2,3000000
0,0,8.5,27500000
0,0,3.2,6300000
6,6,1.3,200000000
6,6,2,280000000
4,4,12,55000000
3,5,3.2,8000000
2,2,3.2,8500000
2,2,3.2,8500000
2,3,4.8,9300000
3,3,8,13000000
2,4,1.6,4700000
2,2,2.9,2500000
2,4,2.4,3200000
4,3,11.1,52500000
2,2,4.2,5000000
2,2,5.3,13000000
5,5,9.6,37500000
2,2,4.4,15500000
3,3,7.1,25000000
2,2,4.2,5000000
2,3,4.9,5500000
6,7,4.8,16000000
2,2,4.4,3000000
0,0,12.4,7500000
6,6,1,125000000
0,0,3.2,17000000
2,3,3.2,9000000
3,3,6.4,23000000
3,3,7.6,24500000
5,5,6.4,47500000
5,5,10.4,67500000
3,3,5.8,7500000
3,3,6,10000000
3,3,6.2,13000000
3,3,6,9000000
2,2,3.1,4000000
2,2,4.8,15000000
3,3,5.3,9500000
3,4,16,35000000
6,6,16,35000000
3,3,6.4,5000000
6,8,1,110000000
4,4,2,800000
2,2,4,12000
5,5,1,350000
6,6,1.3,450000
5,5,2,350000
4,4,7.1,70000
2,2,4.4,55000
3,3,5.1,46000
4,4,16,140000
3,3,16,50000
3,3,9.6,35000
3,3,1,110000
5,5,1,225000
3,3,5.3,38000
6,6,1.2,550000
4,4,12,150000
4,4,8.6,40000
2,2,4.8,35000
2,2,5.3,35000
7,6,2,700000
2,3,12,50000
2,3,6.7,25000
2,2,4.2,18000
2,3,10.6,55000
2,2,8,20000
2,2,3.1,16000
2,2,2.7,14000
2,4,4.8,70000
3,3,1,80000
6,6,16,200000
3,3,5.3,35000
4,4,8,40000
3,3,9.6,35000
4,4,16,70000
0,3,11,55000
2,2,4.4,25000
2,2,4.4,25000
4,4,1.2,225000
2,2,4.4,25000
1,3,5.6,23000
5,4,2,270000
2,2,10,35000
4,3,4.4,45000
3,3,1,75000
5,4,2,250000
2,3,4.4,22000
2,2,3.8,30000
6,5,8,80000
4,3,1,58000
2,2,9.3,25000
2,2,5.6,18000
2,2,4.4,22000
0,4,10,55000
0,7,6,45000
0,3,10,25000
0,3,5,20000
0,3,10,28000
0,3,6,25000
0,3,6,25000
0,2,5,25000
0,2,5,24000
0,2,5,23000
0,4,10,55000
0,7,6,45000
0,3,10,25000
0,3,5,20000
0,3,10,28000
0,3,6,25000
0,3,6,25000
0,2,5,25000
0,2,5,24000
0,2,5,23000
2,3,12.4,55000
4,4,1.3,80000
2,2,3.3,28000
5,5,12.4,150000
2,2,4.4,400000
7,7,14,42500000
5,5,5,24000000
3,3,7.6,8500000
8,7,1,75000000
8,7,1.3,72500000
7,7,9,47500000
6,6,9,49000000
6,6,9,40000000
4,4,9,37500000
4,4,6,35000000
6,6,1.3,95000000
6,6,1.3,100000000
8,7,1.3,130000000
5,5,1,65000000
4,4,1,59000000
0,7,1,60000000
0,4,4.4,14000000
0,0,4.4,17000000
0,4,4.4,13500000
0,6,8,27500000
0,0,14.2,26000000
0,0,1.2,60000000
2,2,3.3,6678000
5,5,6,9500000
5,5,8,25500000
0,0,5,6500000
5,4,1,85000000
0,0,5,6500000
0,0,4.4,16000000
0,0,8,25000000
0,0,10.9,32000000
0,0,14.2,40000000
0,0,1,45000000
0,0,5,6500000
0,0,4.4,16000000
0,0,8,25000000
0,0,10.9,32000000
0,0,14.2,40000000
0,0,1,45000000
6,4,5,9500000
0,0,12,21000000
2,2,3.8,7000000
2,2,6.2,10600000
0,4,7,24500000
0,4,4,13500000
0,4,10,30000000
1,1,2,3139000
5,5,7,28500000
4,4,4,17000000
4,4,5,17000000
2,3,4.9,7000000
2,2,4.6,11000000
4,4,7,24000000
3,4,5,18000000
4,4,4,22000000
0,0,3.8,4650000
0,0,2,2450000
0,0,3.8,4650000
0,0,3.8,4650000
0,0,3.8,4650000
0,0,3.8,4650000
0,0,4.2,5150000
0,0,4.2,5150000
0,0,4.2,5150000
0,0,4.2,5150000
0,0,4.2,5150000
0,0,4.2,5150000
0,0,4.2,5250000
0,0,4.2,5250000
0,0,4.2,5250000
7,7,8,16000000
0,1,0.8,16000
0,0,0.9,18000
0,0,0.8,15000
0,0,0.8,15000
0,1,0.9,16000
4,3,1.4,85000
0,4,10,80000
0,3,13,40000
6,5,15.7,70000
0,5,7,45000
3,3,7,45000
7,7,14,95000
5,4,10,22000000
5,4,10,22000000
5,4,10,19000000
5,5,9,22000000
5,5,10,22500000
5,5,10,22000000
6,5,10,35000000
6,5,10,35000000
3,2,14,40000000
5,5,6,13500000
7,6,1,37000000
5,5,1,39500000
6,5,10,22500000
0,4,1,37500000
0,5,10,25000000
0,4,10,19500000
0,6,10,24000000
0,4,10,20000000
0,3,10,25000000
0,4,1,35000000
0,3,5,10500000
0,3,3,8000000
0,3,5,11500000
1,1,1.1,1350000
1,1,1.1,1550000
3,4,16,20500000
6,5,8,18000000
6,5,1,35000000
0,3,5,4500000
0,3,5,14500000
0,3,5,12500000
0,4,10,16000000
0,3,7,13500000
0,4,8,15000000
0,4,10,15000000
4,3,5,9500000
5,6,5,10000000
5,4,4,8000000
5,4,10,32500000
0,5,1,105000000
3,3,3,7700000
3,3,3,7800000
3,3,3,8000000
3,3,3,7300000
6,5,2,75000000
3,3,3,7300000
0,0,7,17500000
0,0,5,11500000
0,0,5,10000000
0,0,5,9500000
0,0,7,17500000
2,2,5,4500000
2,2,6,5700000
2,2,5,6000000
2,2,5,7300000
6,6,1,54000000
0,0,5,4000000
0,0,10,10000000
0,0,3,2200000
0,0,3,3500000
0,0,5,4800000
0,0,7,6000000
0,0,5,4000000
0,6,8,8500000
0,2,5,4500000
5,10,7,12000000
0,0,1,27000000
0,0,10,18000000
0,0,12,21000000
0,0,8,13500000
0,0,5,8500000
0,0,5,9000000
0,0,5,19000000
0,4,6,9000000
0,4,6,8500000
6,6,4.8,15000000
3,3,4.9,16000000
6,6,4.8,17000000
3,3,8,6500000
3,3,8,14000000
3,3,8,20000000
3,3,6.1,15000000
2,2,4.2,6500000
2,2,5.1,6700000
2,2,3.1,5200000
2,2,3.6,5500000
3,3,8,6500000
3,3,8,14000000
3,3,8,20000000
3,3,6.1,15000000
3,3,8,13000000
2,2,4.2,6500000
2,2,5.1,6700000
6,6,10.2,42500000
3,3,8,13000000
3,3,6.1,14500000
3,3,8,20000000
6,6,2,280000000
3,3,6.1,14500000
3,3,8,20000000
5,5,1,63500000
5,5,1,65000000
5,5,1,64500000
5,5,1,64000000
5,5,1,66000000
4,4,1,59500000
4,4,1,60000000
6,6,1.1,72500000
6,6,1.1,82500000
3,3,6.4,9000000
2,2,4.2,13500000
6,5,16,87500000
4,4,12.4,43000000
4,4,12.4,45000000
4,4,10.7,40000000
4,4,11.6,35000000
4,4,11.6,37500000
0,0,6,45000000
3,3,6.7,15500000
4,3,7.6,24000000
4,3,8,13000000
6,5,1,60000000
2,2,5.3,8500000
2,2,4.8,8500000
2,2,4.2,11000000
2,2,4.2,9500000
2,2,4.2,11000000
2,2,7.6,9000000
2,2,4.8,12500000
4,4,4.8,15000000
2,2,4,4500000
2,2,4,4550000
2,2,3.6,3500000
3,3,10.7,115000
3,2,4.8,25000
4,4,12.4,130000
2,2,4.4,55000
8,7,18.3,250000
3,3,5.3,32000
3,3,2.2,135000
2,2,4.2,35000
4,3,7.6,75000
2,2,4,22000
3,3,7.6,70000
3,3,5.3,50000
2,2,4.2,35000
2,2,4.2,42000
2,2,4.2,40000
2,2,4.2,40000
2,2,3.6,20010
4,4,12,180000
0,2,4,45000
0,2,4,45000
3,3,6.4,45000
2,2,4.8,24000
2,2,3.2,17000
2,2,4.8,30000
2,2,3.2,17000
2,2,8,35000
4,3,8,65000
2,2,16,45000
2,2,2.4,16000
2,2,2.4,17000
2,2,2.4,16500
2,2,2.4,18000
2,2,2.4,18500
2,2,2.4,19000
2,4,4.8,50000
2,4,4.8,51000
2,4,4.8,53000
2,4,4.8,54000
2,4,4.8,55000
2,4,4.8,54000
2,4,4.8,56000
6,5,1,150000
3,3,7.6,55000
3,2,7.6,50000
2,2,4.2,50000
2,2,6,43000
2,3,5,30000
2,3,5,35000
3,3,1,100000
4,4,6,60000
3,3,10,45000
9,8,1,280000
3,3,1,60000
3,3,10.9,48000
2,0,4,55000
3,2,16,45000
4,4,10.9,93000
3,3,14,37000
3,3,14,37000
5,5,8,65000
5,5,8,65000
3,3,16,90000
5,5,8,65000
5,4,1.3,500000
5,5,8,65000
2,2,8,22000
2,2,8,22000
3,3,10,35000
3,3,10,35000
3,3,14,45000
3,3,14,45000
3,3,14,45000
3,3,14,45000
3,3,7.1,45000
3,3,7.1,45000
2,2,4.9,35000
6,6,10.9,95000
2,2,4.9,35000
2,2,8,28000
3,3,14,37000
3,3,9.1,10100000
8,7,1,50000000
6,5,8,28500000
8,7,1,41500000
0,0,2.2,2750000
0,0,2.2,2750000
8,7,1,50000000
0,0,2.2,2750000
8,7,1,41500000
0,0,2.2,2750000
8,7,1,29000000
0,0,2.2,2750000
3,3,9.3,12000000
8,7,1,29000000
0,0,2,2450000
0,0,2,2450000
0,0,2,2450000
0,0,2,2450000
6,6,12,24500000
8,7,1,41000000
6,6,12,24500000
8,7,1,41000000
2,2,2.5,2400000
6,6,12,27500000
6,6,12,27500000
5,5,7,14500000
5,5,7,14500000
5,5,7,14500000
5,5,7,14500000
5,5,7,14500000
0,0,3.8,4650000
0,0,3.8,4650000
0,0,2,2450000
0,0,3.8,4650000
0,0,3.8,4650000
0,0,3.8,4650000
0,0,4.2,5150000
5,5,7,14500000
0,0,4.2,5150000
0,0,4.2,5150000
0,0,4.2,5150000
5,5,7,15500000
0,0,4.2,5250000
0,0,4.2,5250000
0,0,4.2,5250000
5,5,7,15500000
0,0,8,30000000
0,0,2.2,2750000
0,0,2.2,2750000
0,9,10.4,35000000
0,15,1.3,90000000
0,7,10.9,30000000
0,6,4.4,15000000
0,9,10.4,34500000
0,10,8,13500000
0,0,4.4,16000000
8,7,10,38500000
5,4,5.6,17500000
3,3,9.1,9500000
7,6,10,13500000
4,3,6.7,21500000
6,5,8,17000000
2,2,4.9,9000000
0,0,10.9,29000000
0,0,4.4,13500000
0,6,4.4,19000000
0,0,10.9,33000000
3,2,5,7000000
0,0,4,41000000
0,5,9.3,13000000
0,6,14.2,22500000
0,0,9,25000000
4,5,3.5,6200000
4,4,8,19000000
0,0,1.3,120000000
6,6,10.9,35500000
0,4,8,14000000
0,0,5,32000
0,0,5,35000
0,0,7,45000
0,0,10,60000
0,0,12,80000
0,0,4,30000
0,0,5,20000
0,0,5,18000
0,0,7.5,25000
0,0,7,26000
4,3,1,48000
6,5,10,65000
3,3,3,7500000
3,3,3,7800000
4,3,6,10500000
3,3,5,13300000
3,3,5,13800000
5,5,10,25000000
3,3,5,14200000
4,3,5,9500000
3,3,5,13300000
3,3,5,13500000
3,3,5,13400000
3,3,5,13700000
3,3,5,13700000
3,3,5,13500000
4,3,5,9500000
0,3,3,7500000
4,3,5,9500000
0,5,10,17800000
1,1,5,3800000
1,2,5,3800000
0,3,5,15000000
5,4,10,18000000
0,5,10,13500000
2,1,3,3800000
3,3,5,11000000
3,3,5,11000000
4,4,5,10500000
4,4,5,10500000
5,5,10,17500000
5,5,10,17500000
6,5,1,38000000
6,5,1,40000000
5,4,10,22500000
3,3,3,7500000
2,2,4,11000000
6,5,1,34000000
0,0,5,15700000
3,2,4,11000000
5,5,10,19000000
4,3,5,13500000
5,5,10,29000000
4,3,5,13500000
0,0,5,9500000
0,0,5,10500000
0,0,10,16000000
0,0,15,17500000
0,0,1,10500000
0,0,10,17000000
0,0,10,6700000
0,0,10,9000000
0,4,18,26000000
5,4,7,19000000
0,0,3,3200000
0,0,3,5535000
0,0,9,11500000
0,0,4.5,4500000
0,0,5,10000000
0,0,3,2820000
6,5,10,19000000
6,5,10,24000000
5,5,8,15000000
0,4,5,6000000
0,6,10,14500000
2,2,5,4700000
0,0,8,8500000
0,0,4.5,3200000
0,0,4,4500000
0,0,5,5200000
2,2,5,4000000
0,0,1.4,2500000
0,0,1.4,2500000
0,2,6,6500000
0,2,7,7500000
2,2,2.8,3500000
1,1,1.6,3200000
2,3,4.8,35000
2,3,4.8,35500
2,3,4.8,36000
0,0,6,35000
0,0,4.8,22000
0,0,4.8,22000
0,0,4.8,22000
0,0,4.8,22000
0,0,4.8,20000
0,0,4.8,20000
0,0,4.8,20000
0,0,4.8,20000
2,2,3.2,16000
0,0,3.2,17000
4,4,3.2,7500000
4,4,10,20000000
6,6,5,15000000
3,3,1.9,5000000
1,1,2.4,7200000
2,2,3.6,12500000
2,2,3.6,12000000
2,2,3.6,9000000
4,4,4.8,22000000
6,6,9.6,35000000
3,3,4.8,8300000
2,2,4,6500000
3,3,5,12000000
0,4,16.7,75000000
0,3,14.5,65000000
0,5,1,250000000
0,6,1,115000000
0,2,5.1,13500000
0,6,1,97000000
0,6,1,97000000
5,5,10,37500000
2,2,4.2,4500000
0,0,9.6,30000000
0,0,9.6,30500000
0,0,9.6,32500000
0,0,9.6,35000000
0,0,4.8,17000000
0,0,4.8,17000000
0,0,4.8,17500000
0,0,4.8,17500000
2,2,5.3,4200000
3,3,7.8,27000000
9,8,4.8,30000000
2,3,3.2,5500000
2,2,2.7,6500000
1,1,2.4,3000000
2,2,3.2,5500000
3,3,9.6,32500000
3,3,8,27500000
1,2,4,2600000
2,2,3.3,4500000
3,3,6,14000000
2,2,4.2,3800000
0,4,7.8,17500000
0,2,4.4,9500000
0,2,4,8500000
0,2,4,8500000
3,3,10,12000000
3,3,65,6500000
3,3,9.6,40000000
2,2,40,5500000
3,3,2.8,7800000
2,2,45,5500000
3,5,4.8,10000000
2,2,5.3,11000000
2,2,5.3,1480000
0,0,3.2,8500000
3,3,8.7,15000000
3,3,1.2,100000
3,3,9.6,50000
0,0,8,65000
3,3,4.8,32000
0,4,1.2,350000
0,4,16.7,200000
0,3,14.5,180000
0,4,16.7,250000
0,3,14.5,225000
0,3,1,170000
0,6,2,700000
0,4,1.2,350000
2,2,3.2,18000
2,2,3.2,16000
2,2,3.8,24000
2,2,4.2,20000
8,5,15.6,200000
0,4,16,200000
3,3,14.2,75000
2,2,5,35000
3,3,1,70000
0,3,10.9,45000
0,3,4.4,18000
0,0,8,90000
0,0,10.9,90000
0,0,14.2,110000
2,2,7,30000
2,2,8,43000
5,4,10,110000
3,3,1,100000
7,5,10,82000
0,2,9.3,28000
0,2,5.6,18000
0,3,14.2,35000
0,3,1,45000
0,2,1,15000
0,2,3.1,15000
0,3,1,35000
0,2,10.9,28000
0,2,10.9,28000
0,1,2,12000
0,1,2,12000
4,3,1.2,120000
8,6,10,110000
2,2,4.6,40000
5,3,10,50000
3,3,1,90000
0,0,4.4,18000
0,0,4.4,18000
0,0,4.4,45000
0,0,5.6,28000
0,0,5.6,28000
0,0,8,30000
0,0,8,30000
0,0,10.9,40000
0,0,10.9,40000
0,0,9.3,38000
0,0,9.3,35000
0,0,14.2,45000
0,0,14.2,45000
0,0,1,60000
0,0,1.3,65000
0,0,1.3,70000
0,0,1,65000
3,2,7,32000
5,4,4.4,16500000
7,6,8,27500000
7,7,10.9,35000000
7,7,10.9,35000000
7,6,8,27500000
5,4,4.4,16500000
0,0,1.9,2400000
0,2,3.4,4500000
4,3,14,18000000
0,0,1,95000000
5,3,4,15400000
4,4,8,26000000
7,5,8,16000000
6,6,10,21500000
0,0,2,230000000
0,0,4,340000000
5,10,10,37500000
4,4,4,14000000
5,5,1.3,100000000
0,0,8,21000000
0,0,2,140000000
5,5,2.5,145000000
0,0,10,25000
0,0,5,16500
0,0,5,13000
0,0,10.5,30000
0,0,7.5,20000
0,0,7.5,20000
0,0,15,30000
0,0,12,25000
0,0,7.5,18000
0,0,10,22000
0,0,10,18000
0,0,6,15000
0,0,3,10000
0,0,3.5,14000
0,0,5,18000
0,0,10,35000
0,0,6,16500
0,0,8.5,25000
0,0,4.5,15000
0,0,12,25000
0,0,10,25000
0,4,5,35000
2,2,5,16000
5,5,10,50000
5,8,3,60000
2,2,4.2,60000
5,4,8,45000
3,2,7,25000
3,3,8,39000
4,4,5,35000
4,4,13,45000
4,3,1,55000
6,5,10,22000000
0,6,6,300000000
4,3,5,13000000
6,5,1,49000000
6,5,1,40000000
5,4,10,29900000
3,5,4,4850000
5,5,10,30000000
6,5,9,18000000
5,4,10,32000000
6,5,1,48000000
4,3,5,12600000
4,3,7,19900000
6,5,1.2,59500000
0,3,2.5,8500000
6,5,10,19000000
4,3,5,12600000
5,5,4,180000000
4,3,5,12500000
3,3,3,6000000
2,2,1.5,3500000
2,2,1.5,3500000
3,3,3.5,7000000
3,3,3,6000000
3,3,3,7200000
2,2,2,5000000
2,2,2,5500000
3,3,3,7000000
0,0,10,34000000
4,3,5,12800000
3,3,3,8000000
4,3,5,13500000
4,3,5,12500000
7,5,10,25500000
4,3,5,12700000
0,0,3.5,6000000
0,0,5,6000000
0,0,5.5,6205000
0,0,12,13000000
0,0,7,7505000
0,0,3,6000000
0,0,3,5000000
0,0,3,3715000
0,0,7,7505000
0,0,5,9005000
0,0,1,67500000
0,0,13,26000000
0,0,10,21500000
0,0,10,21000000
5,5,8,15000000
6,5,12,17500000
6,5,7,15000000
6,6,10,20000000
0,0,2.5,3500000
0,4,12,160000
0,5,1,350000
0,3,1,130000
0,3,7.8,75000
0,4,16,200000
0,4,16,200000
0,3,7.8,70000
0,3,12,155000
0,5,1,340000
0,3,1,140000
0,2,4.7,50000
6,6,1,60000
3,3,1,115000
2,2,4.2,36000
6,5,1.2,50000
2,3,2.4,3500000
3,3,8,9800000
5,4,4.8,14500000
2,2,4.9,9500000
3,3,8.6,11500000
2,2,3.2,10500000
4,4,16.7,75000000
2,2,3.1,2600000
4,4,8,16000000
2,2,1.9,7000000
2,2,4.2,6000000
2,2,4.2,6050000
2,2,4.2,6100000
2,2,4.2,6150000
2,2,4.2,6200000
2,2,4.2,6250000
2,2,4.2,6300000
2,2,4.2,6350000
2,2,4.2,6400000
2,2,4.2,6450000
2,2,4.2,6500000
2,2,4.2,6550000
2,2,4.2,6600000
2,2,4.2,6650000
2,2,4.2,6700000
2,2,4.2,6750000
2,2,4.2,6800000
2,2,4.2,6850000
2,2,4.2,6900000
2,2,4.2,6950000
2,2,4.2,7000000
2,2,4.2,7050000
2,2,4.2,7100000
2,2,4.2,7150000
2,2,4.2,7200000
2,2,4.2,7250000
2,2,4.2,7300000
2,2,4.2,7350000
2,2,4.2,7400000
2,2,4.2,7500000
3,3,10,10500000
3,3,10,10600000
3,3,10,10700000
3,3,10,10800000
3,3,10,10900000
3,3,10,11000000
3,3,10,11100000
3,3,10,11200000
3,3,10,11300000
3,3,10,11400000
3,3,10,11500000
3,3,10,11600000
3,3,10,11700000
3,3,10,11800000
3,3,10,11900000
3,3,10,12000000
3,3,10,12100000
3,3,10,12200000
3,3,10,12200000
3,3,10,12300000
3,3,10,12400000
3,3,10,12500000
3,3,10,12600000
3,3,10,12700000
3,3,10,12800000
3,3,10,12900000
3,3,10,13000000
3,3,10,13100000
3,3,10,13400000
3,3,10,13500000
3,3,7.6,27500000
0,0,3.2,6000000
0,0,3.2,5600000
0,0,7.2,16000000
0,0,4.8,15500000
0,0,4.8,15500000
10,10,4.8,17000000
0,0,4.8,12000000
0,0,4.8,11500000
0,0,4.8,11500000
0,0,4.8,12000000
0,0,6.4,11000000
0,0,4.8,8500000
0,0,9.6,18400000
0,0,6.4,11000000
0,0,6.4,11000000
3,3,8,20000000
3,3,8,20000000
3,3,8,20100000
3,3,8,20200000
3,3,8,20200000
3,3,8,20200000
3,3,8,20300000
3,3,8,20400000
3,3,8,20400000
3,3,8,20500000
3,3,8,20600000
3,3,8,20700000
3,3,8,20800000
3,3,8,20900000
3,3,8,21000000
3,3,8,21100000
3,3,8,21200000
3,3,8,21300000
3,3,8,21400000
3,3,8,21500000
3,3,8,21600000
3,3,8,21700000
3,3,8,21800000
3,3,8,21900000
3,3,8,22000000
3,3,8,22100000
3,3,8,22200000
3,3,8,22300000
3,3,8,22400000
3,3,8,22500000
6,6,4.8,42500000
4,4,1,105000000
6,6,4.8,31000000
3,3,8,13000000
3,3,8,13000000
3,3,8,13100000
3,3,8,13100000
3,3,8,13200000
3,3,8,13200000
3,3,8,13300000
3,3,8,13300000
3,3,8,13400000
3,3,8,13400000
3,3,8,13500000
3,3,8,13500000
3,3,8,13600000
3,3,8,13600000
3,3,8,13700000
3,3,8,13800000
3,3,8,13800000
3,3,8,13900000
3,3,8,13900000
3,3,8,14000000
3,3,8,14000000
3,3,8,14100000
3,3,8,14100000
1,1,1.8,22000
7,7,14.4,110000
2,2,3.6,30000
7,5,7,60000
1,1,2.1,20000
3,3,1,55000
3,3,1,65000
3,3,1,45000
3,3,1,40000
5,5,1,135000
6,6,1,160000
7,6,1,220000
6,6,1,120000
6,6,12,120000
3,3,1,55000
2,2,10,60000
4,4,7,60000
2,2,6.6,40000
0,0,2.2,40000
3,3,12,40000
0,0,4,50000
5,4,4.4,50000
0,0,7,75000
0,0,7,80000
0,0,10,85000
0,0,10,90000
0,0,12,100000
0,0,12,110000
0,0,1,120000
0,0,1,130000
0,0,4,24000
0,0,4,25000
0,0,7,38000
0,0,7,39000
0,0,10,43000
0,0,10,44000
0,0,12,52000
0,0,12,51000
0,0,1,63000
0,0,1,62000
0,0,4,25000
0,0,4,26000
0,0,7,37000
0,0,7,38000
0,0,10,43000
0,0,10,45000
0,0,12,50000
0,0,12,52000
0,0,7,34000
0,0,4,24000
4,3,1,45000
1,1,1.8,25000
0,0,2.7,110000000
6,6,8,31000000
4,3,10,13000000
9,9,1,80000000
2,2,4.5,8500000
0,0,1.8,132500000
0,0,8,24500000
0,0,8,26500000
0,0,8,27000000
0,0,4.4,16500000
0,0,4.4,15000000
0,0,4.4,15000000
0,0,10.9,37500000
0,0,10.9,35500000
0,0,2.5,82500000
0,0,1,27000000
6,6,10,38000000
1,1,1,3200000
2,2,2.9,9600000
0,0,4,7000000
2,2,3,2000000
0,2,3,2000000
0,2,3,2000000
2,2,3,2000000
0,2,5,4200000
0,2,4,4500000
0,2,5,5000000
0,0,2,3600000
1,1,2.8,3200000
0,0,6,40000
0,0,2.5,15000
0,0,3,12000
0,0,5,35000
0,0,7.5,30000
0,0,7,10000
0,0,2,25000
0,0,7.5,16000
0,0,7.5,16000
0,0,7.5,26000
0,0,10,28000
0,0,18,300000
0,0,1.1,450000
0,0,1,175000
0,0,1,250000
0,0,1,150000
0,0,18,65000
0,0,1,35000
0,0,13,50000
0,0,10,50000
0,0,1,50000
0,0,7,25000
0,0,10,85000
0,0,1,35000
0,0,5,25000
0,0,5,15000
0,0,8,25000
0,0,5,25000
0,0,5,25000
0,0,3,40000
0,0,1,45000
0,0,1,30000
0,0,1,40000
0,0,13,40000
0,0,5,16000
0,0,5,15000
6,5,10,70000
3,2,10,35000
0,3,1,60000
0,4,6,35000
5,4,5,30000
0,0,5,16000
5,4,10,17500000
6,5,10,21000000
6,5,10,17800000
5,3,10,14200000
6,5,1,33500000
7,7,1.2,58000000
1,1,32.5,3350000
2,2,4.2,4750000
5,4,10,41500000
3,3,3,6700000
1,1,2.9,3350000
2,2,4.2,4750000
1,1,2.9,3350000
3,3,3,6700000
2,2,47.5,4750000
3,3,3,6700000
1,1,2.9,3350000
2,2,47.5,4750000
3,3,3,6700000
3,4,4,9500000
5,4,10,26500000
6,5,1,88000000
5,5,15,30000000
6,5,1,61000000
1,1,1.2,2100000
7,5,2,190000000
5,4,10,21000000
6,5,1,63500000
6,3,5,9700000
5,3,5,11000000
6,5,1,36500000
5,5,10,24000000
7,7,12,29000000
3,3,4.5,10500000
3,3,3.5,9000000
4,4,10,22500000
4,4,10,21000000
5,5,1,37500000
3,3,5,5700000
2,2,3,2200000
8,7,41,118500000
6,3,5,11300000
6,5,1,47500000
0,0,5,8500000
5,3,5,11500000
5,3,5,12500000
0,5,6,5500000
0,2,4,3600000
0,2,5,3800000
7,6,12.4,27500000
6,6,10,25000000
6,5,7,14500000
7,7,1,18500000
2,2,8,7800000
4,3,10,22000000
6,5,1,290000
6,6,1,220000
3,3,16,100000
3,3,6.7,45000
8,8,16,130000
4,3,1,100000
3,3,8,14200000
3,3,8,14200000
3,3,8,14300000
3,3,8,14300000
3,3,8,14400000
3,3,8,14400000
3,3,8,14500000
2,2,4.9,7000000
2,2,4.8,5500000
5,5,1,24000000
3,3,8.7,1300000
3,3,6.8,15000000
6,11,8.4,30000000
0,0,2.6,3200000
0,0,2.6,2500000
0,0,2.6,2400000
0,0,2.6,4500000
0,0,2.6,3600000
0,0,2.6,4500000
0,0,2.6,5000000
0,0,2.6,3800000
0,0,2.6,5000000
0,0,2.6,4800000
0,0,2.6,4800000
0,0,2.6,5200000
0,0,2.6,5000000
0,0,2.6,3200000
0,0,2.6,2800000
0,0,2.6,3000000
0,0,2.6,1500000
0,0,2.6,1450000
0,0,2.6,1350000
0,0,2.6,1200000
2,2,4.8,5500000
3,3,10.2,55000000
2,2,4.2,7000000
3,3,8,19000000
5,5,18.3,100000000
6,6,9.6,40000000
3,3,5,14000000
0,0,4.8,6500000
0,0,3.4,6500000
0,0,2.6,4700000
0,0,2.6,4500000
0,0,2.6,5000000
0,0,2.6,3200000
0,0,2.6,3400000
0,0,2.6,4200000
0,0,2.6,2800000
0,0,2.6,3600000
0,0,2.6,2700000
0,0,2.6,4200000
0,0,2.6,3500000
0,0,2.6,5500000
0,0,2.6,3200000
0,0,2.6,3500000
0,0,2.6,4200000
0,0,2.6,5000000
0,0,2.6,7000000
0,0,2.6,2700000
3,3,5.6,6000000
3,3,6.6,11000000
3,3,5,14000000
9,9,9.3,57000000
4,3,8,13500000
0,0,4.9,6500000
0,0,5.1,7200000
3,3,5,14000000
3,3,16,40000000
2,2,5.6,9800000
1,1,2.2,2500000
3,3,8,19000000
4,4,9.8,42500000
3,3,6.7,31000000
6,6,1,100000000
5,5,1,70000000
3,3,5,14000000
2,2,3.6,5500000
3,3,5.6,9000000
0,0,2.6,3800000
0,0,2.6,3200000
0,0,2.6,4000000
0,0,2.6,3800000
0,0,2.6,2700000
0,0,2.6,2300000
0,0,2.6,5000000
0,0,2.6,3800000
0,0,2.6,2500000
0,0,2.6,2800000
0,0,2.6,1700000
0,0,2.6,1600000
0,0,2.6,900000
0,0,2.6,1100000
0,0,2.6,800000
0,0,2.6,1600000
0,0,2.6,1600000
0,0,2.6,1700000
0,0,2.6,1700000
0,0,2.6,1200000
4,4,4,29500000
2,2,4.8,4500000
5,5,12,95000000
2,2,4.4,10000000
3,3,3.3,8000000
3,3,6,7500000
0,0,4,50000
0,0,4,50000
0,0,7,75000
0,0,7,80000
0,0,10,85000
0,0,10,90000
0,0,12,100000
0,0,12,110000
0,0,1,120000
0,0,1,130000
0,0,4,24000
0,0,4,25000
0,0,7,38000
0,0,7,39000
0,0,10,43000
0,0,10,44000
0,0,12,52000
0,0,12,51000
0,0,1,63000
0,0,1,62000
0,0,1.1,200000
7,5,7,80000
0,0,16,110000
0,0,4,50000
0,0,7,75000
0,0,7,80000
0,0,10,90000
0,0,12,100000
0,0,12,110000
0,0,1,120000
0,0,4,24000
0,0,4,25000
0,0,7,38000
0,0,10,43000
0,0,10,44000
0,0,12,52000
0,0,1,63000
0,0,4,25000
0,0,4,26000
0,0,10,45000
0,0,12,52000
0,0,4,25000
5,5,1.1,150000
2,2,7,28000
7,5,7,80000
0,0,4,25000
0,0,7,40000
0,0,10,45000
0,0,12,47000
0,0,12,48000
0,0,1,60000
0,0,1,65000
0,0,4,55000
0,0,7,80000
0,0,10,78000
0,0,12,93000
0,0,1,110000
0,0,1,120000
2,2,7,25000
0,0,1,200000
0,0,1,150000
0,0,4.4,26000
0,0,4.4,25000
0,0,4.4,55000
0,0,4.4,50000
0,0,8,36000
0,0,10.9,50000
0,0,10.9,50000
0,0,8,85000
0,0,14.2,55000
0,0,8,42000
3,3,1.1,115000
5,5,7,100000
0,0,4,50000
0,0,4,50000
0,0,7,75000
0,0,7,80000
0,0,10,85000
0,0,10,90000
0,0,12,100000
0,0,12,110000
0,0,1,120000
0,0,1,130000
0,0,4,24000
0,0,4,25000
0,0,7,38000
0,0,7,39000
0,0,10,43000
0,0,10,44000
0,0,12,52000
0,0,12,51000
0,0,1,63000
0,0,1,62000
0,0,4,25000
0,0,4,26000
0,0,7,37000
0,0,7,38000
0,0,10,43000
0,0,10,45000
0,0,12,50000
0,0,12,52000
0,0,7,34000
0,0,4,24000
1,2,6.7,15000
4,4,11.6,70000
1,3,6.7,28000
5,5,4.4,50000
0,0,6.7,37000
3,2,9.8,50000
3,3,1,110000
3,3,1,90000
1,1,2.4,35000
6,6,1,250000
3,2,4.4,28000
2,2,4.2,4720000
6,5,1,44000000
5,5,10,18500000
0,0,5,30000
4,3,5,75000
5,5,4,40000
4,3,12,70000
6,5,1,41000000
6,5,10,20500000
4,3,5,10500000
6,5,10,19000000
6,5,11,24500000
4,3,5,11500000
6,5,11,24000000
7,5,1,44500000
7,6,1,41000000
6,5,10,19000000
4,3,5,13000000
6,3,5,11400000
4,3,5,13500000
6,6,5,14000000
1,1,2.3,4200000
4,4,10,22000000
5,5,1,41500000
4,4,2.2,115000000
4,4,2.5,110000000
3,3,5,8000000
5,6,5,6500000
0,0,5,12500000
5,4,8,15800000
7,5,1,32500000
6,5,10,16200000
0,0,8,24000000
7,5,1,45000000
6,6,1,48000000
3,3,4,9500000
3,3,5,9800000
6,6,1,45000000
4,4,5,11000000
6,5,10,25000000
4,4,5,14500000
5,3,5,12400000
5,3,5,11500000
5,3,5,11800000
5,3,5,11400000
5,3,5,12000000
5,3,5,11500000
5,3,5,12000000
2,2,5,6800000
2,3,7,11000000
5,5,8,15000000
5,5,8,14000000
5,5,8,15000000
6,6,1,400000
0,0,4.4,45000
3,3,1,120000
5,4,4,125000
4,4,1.1,100000
5,5,1,225000
3,3,2.7,35000
5,5,1,350000
3,3,9.8,65000
3,3,8,37000
0,0,4.9,25000
2,2,2,70000
5,5,1,228000
5,5,1.4,200000
4,4,1,180000
4,4,2,250000
5,5,1,250000
4,4,4,110000
3,3,1,125000
3,3,1.2,275000
10,11,12,200000
2,2,2,32000
4,4,10,230000
2,2,4.4,45000
2,2,4.2,38000
2,2,4.2,30000
2,2,4.4,35000
2,2,4,30000
2,2,4.9,40000
2,2,5.3,45000
2,2,4.2,30000
2,2,4.2,35000
2,2,4.2,35000
2,2,4.2,35000
2,2,4.2,40000
3,3,5.1,43000
3,3,4.4,38000
1,1,1.8,28000
3,3,12,120000
3,3,12,165000
2,3,5.3,25000
4,4,12.8,180000
3,3,1,115000
2,2,4,11500000
5,5,1.2,70000000
0,0,3.4,4700000
0,0,2.6,2750000
0,0,2.6,2800000
0,0,3.4,3100000
0,0,3.4,3400000
0,0,2.6,3000000
0,0,2.6,3100000
0,0,2.6,3000000
0,0,3.4,3400000
0,0,3.4,3400000
0,0,3.4,6200000
0,0,3.4,6200000
0,0,3.4,9500000
0,0,3.4,6500000
0,0,5,6500000
0,0,3.4,9500000
0,0,3.4,6200000
0,0,3.4,6200000
0,0,3.4,9500000
0,0,3.4,6200000
3,3,5.6,25000000
4,4,4,43500000
5,5,2,150000000
8,7,1,70000000
2,2,4.4,7000000
3,3,6.4,12000000
2,2,4,6500000
3,3,8,20000000
2,2,3.1,3600000
3,3,6.4,11000000
9,6,8,49500000
2,2,4.8,9000000
9,7,16,52500000
2,2,4.8,8500000
4,3,2,7200000
6,5,14,125000000
2,2,4.2,18000000
2,2,4.2,7500000
4,4,12,16500000
3,3,2.9,9800000
2,2,3.8,3800000
1,2,2.9,2500000
2,2,4.2,6500000
5,5,1,26500000
3,3,4.9,7500000
6,4,4.8,12000000
2,1,2,2500000
2,2,2.9,3200000
3,3,8,20000000
3,4,5.3,9000000
9,8,16,50000000
3,3,10,30500000
3,5,3.2,7000000
8,8,16,57000000
2,2,2.8,655000
2,2,2.8,650000
2,2,2.8,645000
2,2,2.8,640000
2,2,2.8,635000
2,2,2.8,630000
2,2,2.8,630000
2,2,2.8,620000
2,2,2.8,615000
2,2,2.8,610000
2,2,2.8,605000
2,2,2.8,600000
2,2,2.8,595000
2,2,2.8,590000
2,2,2.8,585000
2,2,2.8,580000
2,2,2.8,575000
2,2,2.8,570000
2,2,2.8,560000
3,4,7.1,15000000
0,0,8.8,30000000
3,3,8.9,23000000
1,1,2.7,4980000
3,4,7.6,10000
3,4,9.6,13500000
3,3,7.3,23500000
7,6,1,41000000
3,3,7,14000000
3,3,6,10000000
6,5,10,29500000
2,2,5,2400000
3,3,6.7,700000
0,0,4,18500000
0,0,4,19000000
0,0,4,15000000
0,0,5,27000000
0,0,5,25000000
0,0,10,38000000
0,0,5,25000000
0,0,5,21000000
0,0,8,35000000
0,0,10,47000000
0,0,10,43000000
0,0,14,55000000
0,0,4,17500000
0,0,4,18500000
0,0,4,17500000
0,0,4,19000000
0,0,4,15000000
0,0,5,25000000
0,0,5,25000000
0,0,5,21000000
0,0,5,27000000
0,0,8,35000000
0,0,10,38000000
0,0,10,47000000
0,0,10,43000000
0,0,14,55000000
6,5,1,33000000
0,0,23.5,61000000
4,3,8,4500000
4,3,8,6500000
2,2,1.9,7000000
4,3,12,21500000
3,3,8,40000
4,3,1.2,75000
3,3,14,40000
4,4,2,300000
3,3,13,34000
3,3,6,37000
7,7,14,120000
2,2,3.6,18000
2,2,500,70000
3,3,1,95000
0,0,4,50000
0,0,1.2,140000
0,0,8,80000
0,0,10,50000
0,0,1.2,80000
0,0,1,80000
0,0,14,55000
0,0,10,50000
0,0,14,60000
0,0,10,50000
0,0,14,55000
0,0,5,35000
0,0,4,23000
0,0,14,40000
0,0,1,60000
0,0,10,50000
0,0,14,55000
0,0,4,50000
0,0,1.2,140000
0,0,8,80000
0,0,10,50000
0,0,1.2,80000
0,0,1,80000
0,0,14,55000
0,0,10,50000
0,0,14,60000
0,0,10,50000
0,0,14,55000
0,0,5,35000
0,0,14,60000
0,0,4,23000
0,0,14,40000
0,0,1,60000
0,0,1,60000
4,4,1.2,250000
7,7,8,60000
4,4,1,90000
7,7,9,60000
3,3,1,90000
4,4,2,450000
0,0,5,9500000
0,0,5,9000000
2,2,3.3,6000000
2,2,3,3600000
6,4,10,17000000
2,2,3.3,2800000
7,5,12,27000000
1,1,2.2,3300000
0,0,4.7,6500000
2,2,4.2,5500000
1,1,3.3,3900000
4,4,7.4,9900000
4,3,5,35000
4,4,5,35000
0,0,5,36000
4,3,7,70000
5,4,7,70000
4,3,5,34000
3,3,12.4,42000
2,2,5.3,45000
3,3,10,40000
3,3,4,10000000
7,5,10,22000000
7,5,10,21500000
3,3,3,5700000
7,5,10,17500000
2,2,2,4500000
0,0,10,15500000
5,3,5,11800000
5,3,5,11500000
5,3,5,12500000
7,5,10,17500000
3,2,5,9000000
8,8,4,250000000
3,3,5,10400000
6,6,1,38500000
4,4,4,9500000
3,3,2,3500000
1,1,1.7,2000000
4,3,8,145000000
4,4,10,21000000
4,3,5,15800000
6,6,1,70000000
5,5,1,70000000
4,4,3,8000000
3,3,3,8500000
5,5,3,9600000
5,5,10,21000000
2,2,4,10000000
3,3,3,8500000
6,6,1,65000000
5,5,5,8700000
3,3,5,8700000
3,3,5,8700000
6,5,1,59500000
3,3,3,8000000
3,3,3.5,8000000
3,3,3,8000000
3,3,3.5,9000000
3,3,3.5,8500000
5,5,5,16000000
4,4,5,9500000
4,4,5,13500000
3,3,2.5,5500000
4,4,2.5,6500000
4,4,2.5,7500000
4,4,2.5,7500000
6,6,5,15000000
6,6,5,15000000
3,3,5,12500000
5,5,10,20000000
5,5,10,22500000
5,5,1,50000000
5,5,10,21000000
5,5,10,23500000
3,3,5,12500000
5,5,10,21500000
5,5,10,23500000
3,3,5,12000000
4,4,8,17500000
5,5,10,25000000
5,5,10,19000000
4,4,8,18500000
3,3,11,16000000
5,5,10,20000000
5,5,1,35000000
5,5,10,17000000
5,4,4,16000000
2,3,3,7000000
2,3,3,7000000
2,3,3,7000000
4,3,4,7000000
5,4,10,21000000
4,3,10,17500000
4,3,8,17000000
3,3,8,12000000
4,3,3.5,7500000
5,5,5,9400000
3,4,3,5500000
3,3,5.6,60000
2,2,3.3,20000
4,4,10,200000
2,2,4.2,85000
4,4,1,130000
0,0,4,40000
5,5,1,500000
4,4,1,30000
3,3,10,150000
3,3,1,100000
3,3,8,90000
3,3,1,100000
2,2,3.6,20000
3,0,1,120000
3,3,8,75000
2,2,6,65000
3,3,12,55000
3,3,5.3,120000
0,0,9.6,45000
6,5,1,260000
0,0,16,150000
1,1,12,30000
3,3,6.9,55000
2,2,4.2,50000
3,3,16,65000
3,3,5.8,35000
3,3,6,47000
3,3,0.5,37500
3,2,4.8,20000
4,4,9.8,100000
3,2,8,60000
3,3,7.8,70000
4,3,3.3,22500000
4,4,10.4,30000000
4,3,7.8,22000000
2,2,5.1,15500000
3,3,4.7,3200000
4,4,17.8,34000000
2,2,4.7,12000000
3,3,8.4,9900000
5,4,12,38000000
2,3,4.4,1700000
2,2,3.2,5500000
2,2,4,5000000
2,1,2,4250000
8,8,9.8,32500000
3,3,7.1,14000000
2,2,4,6000000
2,2,3.1,3800000
2,2,4,9000000
3,3,4.2,8500000
4,4,10.8,65000000
4,4,10,75000000
3,3,8,35000000
3,3,9.6,17500000
3,2,4.8,6500000
4,3,12.8,47500000
2,2,4.9,8030000
3,2,4.9,5800000
3,3,3.2,7000000
2,2,4,6600000
0,2,4.8,8000000
0,2,4.8,8000000
0,3,7.1,6500000
0,3,7.1,6500000
0,2,4.8,9000000
0,2,4.8,9000000
0,3,6.9,6500000
0,3,6.9,6500000
0,2,4.4,3200000
0,2,4.4,3200000
4,4,5.3,7000000
3,3,6,8500000
3,3,10,12000000
2,2,5.1,6500000
2,2,4.9,9000000
3,3,6.2,12500000
3,3,6.2,12500000
3,3,10.7,25000000
5,5,1,37500000
5,3,4,15800000
7,5,7,26500000
0,3,3,4200000
1,1,2.7,4500000
0,0,4,42500000
3,3,5,6000000
3,3,4,15700000
0,0,14,55000000
0,0,8,7000000
0,0,8,7000000
0,0,8,7100000
0,0,8,7100000
0,0,8,7200000
0,0,8,7200000
0,0,8,7300000
0,0,8,7300000
0,0,8,7400000
0,0,14,55000000
0,0,8,7400000
0,0,8,7500000
0,0,8,7500000
0,0,8,7600000
0,0,8,7600000
0,0,8,7700000
0,0,8,7700000
0,0,8,7800000
0,0,8,7800000
0,0,8,7900000
0,0,8,7900000
3,3,1,70000
5,5,1,420000
4,4,1,95000
6,6,2,599000
5,5,1.3,280000
7,7,1,160000
1,1,0.9,26000
6,5,1,120000
6,5,1,450000
4,3,1,55000
1,1,5,13000
5,5,1,120000
6,6,2.4,350000
4,3,1,55000
7,7,2.4,350000
5,5,1,200000
5,5,1,190000
5,3,10,45000
3,3,12,60000
2,2,10,38000
2,2,4,35000
2,2,3.3,50000
2,2,3.3,35000
2,2,3.3,45000
2,2,3.6,35000
3,3,5.3,40000
1,1,2.2,25000
2,2,3.3,32000
2,2,3.1,25000
0,0,1,325000
0,0,14,230000
0,0,10,55000
0,0,10,75000
0,0,14,55000
2,2,3.6,35000
1,1,1.8,26000
3,3,5.3,40000
2,2,3.3,32000
2,2,3.1,25000
1,1,2.2,25000
0,0,1,325000
0,0,14,230000
0,0,10,55000
0,0,10,75000
0,0,8,50000
0,0,10,55000
0,0,1,85000
0,0,10,55000
0,0,8,50000
0,0,14,65000
0,0,8,5600000
0,0,8,5600000
0,0,8,5700000
0,0,8,5700000
0,1,3.6,8500000
0,0,8,5800000
0,0,8,5800000
0,0,8,5900000
0,0,8,5900000
0,0,8,6000000
0,0,8,6000000
0,0,5,3300000
0,0,5,3300000
0,0,5,3400000
0,0,4,6500000
0,0,4,6500000
0,0,4,6500000
0,0,4,6500000
0,0,4,6500000
0,0,4,5500000
0,0,4,6500000
0,0,4,6500000
0,0,5,6500000
0,0,4,6500000
5,5,7,13500000
3,3,3.5,4500000
4,3,5,8500000
0,0,5,6800000
1,1,2.4,3480000
6,5,10,65000
3,2,10,35000
3,3,10,32000
4,3,5,33000
4,4,5,35000
6,6,7,65000
4,3,12,27500
1,2,3.5,14000
4,4,4,7000000
3,4,3,5500000
4,3,8,13500000
3,4,3,5500000
5,5,5,9400000
4,4,4,7000000
3,2,3,5500000
3,4,3,5500000
4,3,10,16500000
4,4,12,21000000
4,4,12,22500000
6,5,14,34000000
5,4,7,16500000
4,4,1,20000000
4,4,1,21200000
4,4,1,20000000
6,3,8,17500000
4,4,1,21800000
4,4,1,21800000
4,4,1,21500000
4,4,1,22200000
4,4,1,22000000
4,4,1,22000000
4,4,1,22500000
5,4,10,19500000
3,3,2,3500000
3,3,3,4400000
3,4,1,27000000
3,4,1,24500000
3,4,1,27000000
3,4,1,24500000
3,4,1,25000000
4,3,5,12500000
3,3,3,6000000
3,3,3,6000000
5,3,5,11500000
5,4,10,27000000
5,3,5,13000000
3,3,4,5000000
5,4,7,16000000
5,5,10,24000000
5,5,10,26000000
5,5,1,37500000
5,3,5,12200000
3,3,4,5000000
4,3,7,20500000
4,4,11,19000000
2,3,2,5500000
5,4,10,20000000
5,3,5,12000000
6,5,1,46500000
5,3,5,13200000
4,4,5,12500000
3,3,6.2,12500000
3,3,6.2,12500000
3,3,9.8,38000000
3,3,12,12200000
3,3,9.8,38000000
2,2,4.9,9000000
2,2,4.2,5500000
3,3,9.4,9200000
3,3,8,13500000
3,3,6.2,12500000
2,2,4.9,9000000
3,3,6.2,12500000
3,3,8,5800000
2,2,4.9,9000000
2,2,4.9,9000000
2,2,4.9,9000000
3,3,8,14500000
0,0,0.9,30000
2,2,4.4,28000
0,0,8,75000
3,3,12,40000
3,3,10,38000
3,3,10,45000
3,3,9.6,46500
6,5,19.6,125000
4,3,8.4,120000
4,4,14.2,125000
4,4,10,130000
4,4,10,175000
3,3,8,50000
3,3,7.1,40000
3,3,7.1,50000
4,4,11.2,250000
6,5,16,115000
2,2,3.1,15000
2,2,4.8,22000
6,5,1,250000
3,3,8.9,45000
3,3,5,11500000
3,3,6.1,14500000
3,3,8,20500000
2,2,4.2,6000000
3,3,7.3,10500000
7,6,16,45000000
0,3,8,13000000
3,3,6.7,9000000
4,4,4,44000000
2,3,6.7,16500000
2,3,6.2,16000000
1,2,1.8,2000000
3,3,4.2,7500000
4,4,4.8,18000000
6,6,9.6,32000000
6,6,9.6,24000000
2,2,2.4,2200000
4,4,12,62500000
4,4,12,62500000
4,4,11.6,60000000
3,3,8,42500000
1,2,1.8,1600000
2,2,4.9,5800000
1,2,1.8,1300000
3,3,3.4,3500000
0,3,8,12000000
0,3,8,12000000
0,3,8,12000000
9,3,4,15000000
2,2,2.4,2000000
3,3,6,15500000
5,5,4.8,12000000
2,2,2.6,3300000
2,2,3.2,3700000
3,3,6,14900000
3,3,10,12200000
2,2,4.2,5450000
2,2,4.2,6000000
0,0,5,3400000
0,0,5,3500000
0,0,5,3500000
0,0,5,3600000
0,0,5,3600000
0,0,5,3700000
0,0,5,3700000
0,0,5,3700000
0,0,5,3700000
0,0,5,3800000
0,0,5,3800000
0,0,5,3900000
0,0,5,4000000
0,0,5,4000000
0,0,5,4100000
0,0,5,4100000
0,0,5,2600000
0,0,5,2600000
0,0,5,2700000
0,0,5,2700000
0,0,5,2800000
0,0,5,2800000
0,0,5,2900000
0,0,5,2900000
0,0,5,3000000
0,0,5,3000000
0,0,3.6,3800000
0,0,4.9,5200000
0,0,4.9,5200000
0,0,4.9,5000000
0,0,4.2,5500000
0,0,3.6,3600000
0,0,4.9,5200000
0,0,3.6,4000000
0,0,3.6,4000000
0,0,3.6,3600000
0,0,6.7,6500000
0,0,6.7,6500000
0,0,7.3,6000000
0,0,4,16500000
0,0,5.1,3500000
0,0,5,21000000
0,0,3.6,4100000
0,0,8,32500000
0,0,10,40000000
0,0,4,20000000
0,0,3.6,4000000
0,0,14,55000000
0,0,1,70000000
0,0,1.2,100000000
0,0,5.9,5300000
0,0,4.9,5500000
0,0,1,112500000
0,0,4.9,5200000
0,0,1,80000000
0,0,1.3,130000000
6,5,4,500000
5,4,16,125000
0,0,3.6,16000
0,0,3.6,16000
0,0,4.9,21000
0,0,4.9,22000
0,0,4,6500000
0,0,4,6500000
0,0,4,6500000
0,0,4,5500000
0,0,4,5500000
0,0,4,6500000
0,0,5,10000000
0,0,4,6500000
0,0,4,5500000
0,0,4,6500000
0,0,4,6500000
0,0,4,6500000
0,0,4,6500000
0,0,4,6500000
0,0,4,6500000
0,0,4,6500000
0,0,4,6500000
0,0,4,6500000
0,0,4,5500000
0,0,3,5500000
0,0,3,5500000
0,0,3,5500000
0,0,6,5500000
0,0,3,5500000
0,0,3,5500000
0,0,3,5400000
0,0,5,9000000
0,0,5,9000000
0,0,5,4500000
0,0,3,4500000
0,0,2.5,4000000
0,0,2.5,4000000
0,0,2.5,4500000
0,0,2.5,4500000
0,0,4,5000000
0,0,5,8800000
2,2,3.3,5000000
1,1,2.4,3746000
1,1,2.4,3731000
1,1,2.4,3480000
2,2,3.3,5000000
1,1,2.4,3746000
1,1,2.4,3480000
4,4,4,20000000
6,5,10,65000
2,2,3.3,29000
5,4,10,70000
5,4,10,80000
6,5,10,75000
3,2,10,40000
6,5,10,70000
6,5,10,65000
6,5,10,60000
2,2,4,38000
2,2,4,39000
2,2,4,40000
2,2,5,35000
2,2,4,37000
2,2,5,36000
2,2,5,37000
2,2,5,38000
6,5,10,60000
2,2,5,39000
2,2,5,40000
2,2,5,41000
2,2,5,42000
2,2,5,43000
2,2,5,43000
2,2,5,44000
2,2,5,45000
2,2,5,46000
2,2,5,47000
2,2,5,48000
2,2,5,49000
6,5,10,55000
3,2,10,35000
5,5,1,45000000
6,5,1,39500000
4,3,5,13500000
3,3,10,21000000
4,4,10,23500000
4,4,10,23000000
5,5,1,50000000
4,4,13,28000000
3,3,5,7600000
3,3,5,7300000
3,3,5,7500000
3,3,4,6000000
3,3,5,7500000
3,3,5,7700000
3,3,5,7600000
3,3,5,7500000
3,3,5,7500000
3,3,5,7500000
5,4,10,22500000
3,3,10,14000000
5,5,10,18500000
5,5,1,50000000
5,5,1,46000000
5,5,1,55000000
2,2,3,6500000
2,2,3,6500000
2,2,3,5500000
2,2,3,5500000
2,2,3,6000000
6,5,1,36000000
0,4,0.5,19000000
2,2,3,2290000
3,3,5,9500000
3,3,6,10000000
3,3,3,6000000
3,3,4,4000000
5,3,5,12000000
5,4,9,22000000
5,5,10,26000000
5,5,10,26000000
4,4,8,18500000
4,4,8,19000000
4,4,5,14000000
3,3,4,14000000
5,5,10,25000000
5,5,10,26000000
5,5,10,27000000
5,5,10,28000000
5,5,10,29000000
5,5,10,28500000
2,3,10,24000000
3,3,2,6300000
5,3,5,12000000
5,5,5,14000000
0,0,5,9500000
4,3,5,11000000
3,3,3,9000000
3,3,2,7500000
5,5,10,29000000
5,5,10,29000000
5,4,10,28000000
1,1,2,3200000
1,1,2,3200000
3,3,5,12500000
1,1,2,3200000
1,1,2,3200000
2,2,4,7000000
2,2,4.2,20000
3,3,8,35000
3,3,6,40000
0,25,3,550000
4,4,12,160000
4,4,12,170000
4,4,12,140000
4,4,1,350000
3,3,2.4,27000
3,3,1,100000
6,6,4.8,16500000
6,6,4.8,13500000
4,4,4.8,11000000
2,2,4.8,3400000
2,2,4.8,5500000
2,2,4.8,6200000
2,2,4.8,6000000
2,2,4.8,6500000
2,2,4.8,6200000
2,2,3.3,4200000
3,3,5.8,9000000
4,4,4.8,16200000
4,4,4.8,15500000
4,4,4.8,14500000
4,4,4.8,14800000
3,3,7,9500000
3,3,7,9500000
4,4,4.8,23000000
4,4,4.8,23600000
4,4,4.8,17000000
4,4,4.8,22000000
4,4,4.8,21500000
4,4,4.8,23000000
4,4,4.8,16200000
3,3,9.3,32500000
4,4,4.8,12800000
3,3,4.8,18100000
4,4,4.8,13000000
6,6,4.8,15000000
4,4,4.8,15000000
1,1,4.9,29000000
3,3,8.9,55000000
2,2,8.9,32500000
3,3,13.3,47500000
8,7,4.8,22500000
4,4,4.8,15500000
4,4,4.8,14800000
4,4,4.8,14800000
4,4,4.8,13500000
2,2,4.8,7000000
2,2,4.8,6500000
4,4,4.8,16500000
2,2,4.8,15500000
3,6,8,17000000
2,2,4.2,6000000
2,2,4.2,6000000
0,0,1.1,90000000
0,0,1,75000000
0,0,10,40000000
0,0,14,55000000
0,0,3.6,16000
0,0,6.7,26000
0,0,6.7,30000
0,0,4,50000
0,0,5,65000
0,0,8,75000
0,0,10,100000
0,0,14,120000
0,0,1,160000
0,0,4,25000
0,0,5,32000
0,0,8,38000
0,0,10,45000
0,0,14,55000
0,0,1,70000
0,0,10,38000
0,0,14,45000
0,0,1,60000
2,2,7.8,60000
3,3,7.8,85000
3,3,8.2,60000
2,2,7.8,45000
4,4,10,120000
3,3,8.7,75000
2,2,7.8,60000
5,4,45,48000
4,4,10,110000
2,2,7.8,65000
0,0,1,100000
3,3,8.7,80000
2,2,7.8,60000
3,3,12.4,70000
1,0,3.8,35000
2,2,7.8,55000
0,0,10,45000
2,2,7.8,50000
2,2,7.8,38000
3,3,8.7,50000
3,5,3,55000
0,0,14,55000
2,2,7.8,45000
1,0,3.8,30000
0,0,4,25000
0,0,8,38000
4,4,1,300000
6,5,8,85000
0,0,4,50000
0,0,4,55000
0,0,4,25000
0,0,4,25000
0,0,4,25000
0,0,4,25000
0,0,4,50000
0,0,4,25000
0,0,7,75000
0,0,7,80000
0,0,7,78000
0,0,7,40000
0,0,7,42000
0,0,7,37000
0,0,7,38000
0,0,10,85000
0,0,10,90000
0,0,10,78000
0,0,10,90000
0,0,10,45000
0,0,10,48000
0,0,10,43000
0,0,10,45000
0,0,12,100000
0,0,12,110000
0,0,12,90000
0,0,12,93000
0,0,12,47000
0,0,12,49000
0,0,12,50000
0,0,12,52000
6,6,10.9,100000
0,0,1,120000
0,0,1,130000
0,0,1,120000
0,0,1,60000
0,0,2.2,10000
0,0,1,65000
0,0,1,68000
0,0,1,70000
0,0,1,75000
0,0,4,24000
0,0,4,25000
0,0,7,38000
0,0,7,39000
0,0,10,43000
0,0,10,44000
0,0,5,8800000
0,0,2.7,4800000
0,0,3.2,4800000
0,0,5,9500000
0,0,4,6000000
0,0,5.3,8500000
0,3,5,10000000
0,3,5,11500000
3,2,5,5500000
6,4,5,8200000
5,5,5,9000000
5,5,5,9000000
5,5,6,9500000
0,1,3.7,9000000
5,5,5,8800000
0,8,6,8000000
0,0,4,105000000
0,2,4,3900000
0,0,5,2300000
0,5,7,10000000
0,4,7,5000000
0,3,1,14000000
0,0,10,25000000
0,0,10,25000000
0,0,10,25000000
0,4,3,3200000
0,4,5,6500000
0,1,2.5,2000000
0,5,13,9000000
0,4,5,6500000
0,3,8,7500000
0,2,4,3800000
0,0,3,3500000
0,0,1,50000000
5,5,5,8000000
3,2,5,6800000
3,3,7,21000
1,1,2.4,19000
3,3,10,35000
3,3,10,30000
3,3,10,32000
3,3,10,30000
1,1,3.8,50000
3,3,10,33000
2,2,6,65000
2,1,3.8,45000
3,2,10,38000
3,2,10,40000
3,2,10,33000
0,1,3.8,45000
3,2,10,32000
0,2,10,37000
3,2,10,35000
3,3,4,8000000
4,5,1,70000000
3,3,5,10500000
3,3,5,10000000
3,3,5,9500000
3,3,5,9000000
5,5,1,50000000
1,1,2.3,4500000
5,4,10,29500000
4,4,2,155000000
5,5,2,115000000
5,5,1,80000000
5,5,1,65000000
3,3,1,55000000
3,3,1,16500000
5,5,1,30000000
8,7,1,51500000
2,3,3,4500000
3,2,8,8500000
3,2,8,7500000
5,5,1,59000000
4,4,10,33000000
4,4,1,35500000
7,7,1,30000000
3,3,5,12500000
7,4,10,32500000
6,6,1,52500000
3,3,5,23000000
5,5,1,75900000
6,6,1,98000000
4,4,10,40000000
5,5,11,35000000
5,5,1,65000000
5,5,1,61000000
8,6,1,48000000
0,4,7,26500000
0,5,1,26500000
0,4,10,28000000
3,3,5,13000000
3,3,5,15000000
3,3,5,15000000
3,3,5,14500000
3,3,5,13500000
3,3,5,13500000
3,3,5,14500000
3,3,5,14000000
4,4,4,10500000
3,3,3,8000000
8,6,1,37500000
3,3,3,8000000
3,3,3,8000000
3,3,3,8000000
3,3,3,8000000
3,3,3,8000000
3,3,3,8000000
5,5,11,22000000
2,2,2,6000000
3,3,3,8000000
5,5,15,35000000
5,5,2,55000000
7,6,2,75000000
5,5,1,41500000
6,6,1,45000000
3,3,6,12500000
4,4,9,20000000
3,3,4.8,8000000
3,3,5.8,8000000
3,3,4.8,8000000
3,3,4.8,8000000
0,6,9.6,23000000
0,4,5.6,15000000
0,3,5.8,11000000
3,3,4.8,8000000
3,3,5.8,8000000
3,3,4.8,15000000
3,3,5.3,4000000
3,3,4.8,15000000
3,3,5.3,4000000
3,3,5.3,4000000
2,2,3.1,4000000
2,2,3.1,4000000
2,0,3.1,4000000
2,2,4.2,6000000
2,2,3.1,4000000
2,2,4.2,6000000
3,3,5.8,8000000
8,7,12,40000000
2,2,2.9,3000000
2,2,4.9,5000000
3,3,5.8,7000000
2,2,4.4,7000000
2,2,2.9,2800000
2,2,2.9,2800000
2,2,6.4,10600000
3,3,4.4,40000
1,1,2,19000
3,3,1,115000
3,3,6.4,10800000
4,4,4,44000000
1,2,2,1900000
1,2,2,1400000
1,2,2,2000000
1,2,2,1950000
1,2,2,2100000
4,4,9.8,17400000
3,3,7.6,12500000
6,7,3.2,7500000
2,3,6.2,5500000
2,3,6.2,5500000
2,2,4.8,10000000
2,2,4.8,10000000
3,6,9.6,27000000
3,6,9.6,26000000
3,6,9.6,26500000
3,6,9.6,27000000
3,6,9.6,26500000
3,6,4.8,14000000
3,6,9.6,22000000
3,6,9.6,20000000
1,2,2,2000000
2,2,4.4,6500000
3,3,6.2,8000000
2,2,3.2,5800000
1,2,2,2100000
2,2,2.7,5000000
2,2,2.7,8000000
2,2,4,8500000
0,0,3.6,4200000
0,0,3.6,4000000
0,0,3.6,3700000
0,0,3.6,4000000
5,5,4,17000000
0,0,3.6,4100000
5,3,4.4,17000000
0,0,6.7,7300000
0,0,6.7,6800000
6,6,7,24500000
6,6,7,27000000
4,4,4,16500000
4,4,4,15000000
4,4,4,15000000
7,7,10,37500000
7,7,10,35500000
0,0,7.3,8000000
0,3,7.3,6000000
0,3,7.3,5800000
0,0,10,22000000
6,4,8,19500000
3,3,10,10500000
3,3,4,5500000
3,3,4,5500000
3,3,4,5500000
4,4,3,4000000
1,2,4,26000
3,3,1,90000
5,4,1.3,300000
3,3,4,45000
6,6,8,60000
3,3,6,22000
2,2,4,26000
2,2,4,25000
4,4,4,55000
4,4,4,50000
3,3,7,36000
3,3,7,36000
3,3,10,50000
3,3,10,50000
4,4,7,42000
6,6,7,85000
6,6,10,90000
3,3,12,55000
6,5,3,200000
3,3,1,75000
3,3,1.3,85000
0,0,12,35000
10,10,1.8,650000
8,7,1.3,1000000
3,3,5.8,33000
1,1,2,18000
6,5,5,35000
4,3,10.9,50000
2,0,6,25000
4,4,4,50000
4,4,4,50000
5,5,7,80000
6,6,10,85000
6,6,10,90000
6,6,12,100000
6,6,12,110000
6,6,1,120000
5,5,7,75000
6,6,1,130000
4,4,4,55000
0,3,5,9500000
0,0,5,10000000
0,0,14,32500000
0,0,7,17500000
0,3,5,9500000
0,4,5,12500000
0,4,7,17500000
0,0,5,10000000
0,4,10,23500000
4,4,5,12500000
0,4,7,18000000
3,3,5,4800000
2,2,3,2800000
5,4,5,9000000
0,0,10,36000000
0,5,7,16000000
0,6,10,16000000
0,7,10,18000000
0,6,10,14000000
0,5,7,13500000
0,4,5,10000000
0,4,5,10500000
0,6,1.2,32000000
0,27,3,80000000
0,6,10,16000000
0,4,5,11500000
0,4,5,11000000
0,4,5,9500000
0,6,10,16500000
0,6,10,17000000
0,5,5,12000000
0,4,5,10500000
0,5,7,14000000
0,7,1,30000000
0,7,10,19000000
0,7,5,9000000
6,5,10.8,19000000
0,0,7,40000
3,2,10,38000
3,2,10,40000
3,2,10,34000
3,2,10,31000
3,2,10,32000
3,2,10,33000
3,3,10,30000
2,2,5,16500
2,2,5,17000
2,2,5,17500
2,2,5,18000
2,2,5,18500
2,2,5,19000
2,2,5,19500
2,2,5,20000
2,2,5,17000
2,2,5,17500
4,4,10,22500000
3,3,3,7500000
3,3,3,7600000
3,3,3,6600000
3,3,3,6500000
3,3,3,7200000
4,3,3,7000000
3,3,3,5600000
4,3,3,5500000
0,3,4,7500000
0,4,8,13500000
0,4,10,26000000
5,4,10,16500000
5,4,10,16500000
5,4,10,32000000
6,5,10,25000000
5,4,14,27500000
6,5,1,50000000
0,3,6,16500000
10,11,1.3,50000000
0,3,1,108500000
0,3,9,20000000
6,5,10,28000000
6,5,10,23000000
6,5,10,27500000
5,4,1,34000000
5,4,10,23500000
0,3,5,8500000
0,3,3.5,7000000
0,2,8,11000000
0,0,3,8500000
5,4,10,18000000
5,4,10,23500000
6,5,2,175000000
1,1,4,4500000
4,4,1,21500000
4,4,1,21200000
4,4,1,21000000
0,0,8,11000000
5,5,10,24500000
4,4,5,14500000
4,4,1,20800000
4,4,10,14000000
4,4,5,11500000
3,3,10,17500000
4,4,1,20700000
4,4,1,20500000
4,4,1,20300000
4,4,1,20200000
4,4,1,20000000
4,4,1,19800000
4,4,1,19700000
4,4,1,19300000
4,4,1,19500000
5,5,10,23500000
4,4,1,19200000
6,5,1,55000000
4,4,1,19000000
4,4,1,18700000
4,4,1,18800000
4,4,1,18500000
5,4,10,12000000
4,4,1,18300000
4,4,1,18200000
5,5,10,29000000
4,4,1,18000000
5,5,10,28000000
5,5,10,27000000
5,5,10,26000000
5,5,10,25000000
4,4,10,24000000
4,4,7,18500000
5,5,5,14000000
3,3,4,13000000
3,4,5,14500000
3,3,3,9000000
3,3,4,13500000
5,5,10,28000000
6,5,10,23000000
0,5,5,15500000
0,4,5,12000000
0,4,5,12500000
0,5,1,37500000
0,5,1,33500000
0,4,10,16500000
3,3,5,9500000
3,3,4,9500000
3,3,5,10000000
3,3,5,9500000
3,3,5,10500000
5,5,8,15000000
3,3,4,10000000
5,5,6,13000000
5,5,8,14000000
5,5,6,12500000
6,6,8,16000000
3,3,4,10000000
0,2,3.8,4800000
0,6,9.6,26500000
0,3,8,12500000
0,6,9.6,27000000
0,3,7.8,11000000
2,2,4,9000000
2,2,4,9500000
4,4,8,27000000
0,0,4.2,5000000
0,0,4.2,4900000
0,0,3.1,3600000
0,0,3.1,3500000
0,0,3.1,3400000
0,0,1.8,2000000
0,0,3.1,3350000
0,0,1.8,1950000
0,0,1.8,1900000
0,0,1.8,1850000
2,3,5.3,8300000
5,5,1,105000000
2,2,2.2,6800000
2,2,2.2,6700000
2,2,2.2,6400000
6,4,4.8,12500000
2,2,3.8,8000000
5,5,17.1,115000
5,5,17.1,105000
5,5,17.1,115000
5,5,17.1,105000
5,5,17.1,100000
5,5,17.1,100000
2,0,9.6,16000
3,3,16,75000
4,4,12,275000
3,3,5.3,38000
4,4,8,70000
2,2,4,35000
2,2,4,35000
3,3,8,72000
3,3,8,70000
3,3,8,75000
5,5,1,260000
5,5,1,240000
5,5,1,270000
5,5,1,280000
0,0,5,12000000
4,4,4.4,14000000
6,6,14.2,40000000
6,4,8,21500000
4,4,4.4,17000000
4,4,4.4,15500000
3,3,5.6,17500000
6,3,1.7,120000000
2,2,4.4,6500000
0,1,4.4,5600000
0,2,5.7,7700000
0,2,6.4,87000000
0,3,10.2,13500000
2,2,3.3,7000000
4,4,4,16000000
4,4,5,21000000
4,4,6,19500000
0,0,7,18500000
4,4,6,17000000
4,4,4,53000
5,5,7,78000
5,5,7,80000
6,6,10,78000
6,6,10,90000
6,6,12,90000
6,6,12,93000
6,6,1,110000
6,6,1,120000
2,2,4,25000
2,2,4,25000
3,3,7,40000
3,3,7,40000
3,3,10,45000
3,3,12,40000
3,3,1,75000
4,3,14.4,80000
10,11,1,150000
3,3,14.2,70000
9,9,12,385000
1,1,2.4,90000
0,0,0,60000
7,6,1,390000
0,0,7,60000
2,2,14.2,55000
4,4,8,110000
7,7,12,85000
4,3,1.8,270000
0,0,12,85000
2,2,10,44000
7,6,1,280000
0,0,8,38000
3,3,10,48000
2,2,3.6,35000
3,4,4,60000
0,4,7,14000000
0,0,5,11500000
0,4,8,17500000
4,4,7,20000000
0,0,5,11500000
4,4,10,25000000
0,4,7,17500000
0,3,5,12500000
0,0,5,8500000
4,4,7,20000000
0,3,5,11500000
0,4,5,10000000
0,4,7,18500000
0,0,5,8500000
0,4,7,14000000
0,4,7,14000000
0,3,5,9500000
0,4,7,14000000
3,3,6,5000000
4,3,5,6500000
7,6,10,25000000
4,4,5,6800000
3,3,5,10500000
5,5,5,8500000
7,6,10,25000000
0,0,2,50000000
3,3,5,10000000
0,0,5,35000
0,2,5,20000
2,2,5,18000
2,2,5,18500
4,4,5,27000
4,4,5,27000
4,4,5,27500
4,4,5,28000
4,4,5,28500
4,4,5,29000
4,4,5,29500
4,4,5,30000
4,4,5,31000
3,3,5.3,55000
1,1,2,20000
3,3,105,120000
0,0,1,14000000
5,5,8,14000000
5,5,8,15000000
3,3,4,9800000
7,5,2,79000000
3,4,3,4400000
3,3,3,9000000
0,0,16,45000000
3,3,3,9000000
3,3,3,9000000
0,3,3,5000000
0,3,2.5,6500000
0,2,5,4500000
3,3,12,24000000
4,4,2,7000000
5,5,12,26000000
4,4,4,12500000
7,7,7,10000000
4,4,4,10500000
0,0,6,16500000
3,5,5,8500000
6,4,5,13000000
3,3,5,13000000
4,4,4,7500000
3,3,5,7500000
0,0,1.4,16000000
5,5,10,22500000
7,6,2,87500000
5,5,10,26000000
3,3,4,9000000
4,4,4,9000000
6,4,1,27500000
5,3,8,22000000
3,3,4,8000000
0,5,2,130000000
0,5,1,42500000
0,3,4.5,8500000
0,4,12,32500000
0,3,1,37000000
0,5,5,13000000
0,6,1,47500000
0,6,1,52500000
0,5,10,25000000
0,7,1.2,35000000
3,3,2,4000000
3,3,2,3600000
4,3,5,11000000
4,4,1,40000000
5,4,10,23000000
6,5,1,59500000
5,4,7,24000000
6,5,1,43000000
6,5,1,59000000
4,3,5,12500000
10,6,2,110300000
4,3,5,11000000
4,3,5,11500000
6,5,1,39000000
3,3,5.6,10500000
3,3,6.4,21000000
2,2,4.2,11500000
3,2,4,5000000
4,4,10,17000000
0,8,2,170000000
0,7,2,165000000
0,7,1.8,140000000
0,6,1.3,125000000
0,6,1,80000000
0,3,12,62500000
3,3,7.8,20500000
6,6,12,72500000
3,3,8.4,25000000
0,0,8,57500000
3,3,9.4,11400000
4,4,12,65000000
0,0,1,700000
0,0,9.6,4500000
2,4,16,40000000
4,8,8,17500000
2,3,5.4,13500000
2,2,4.2,5000000
2,2,4,2500000
2,2,4,2500000
3,3,8,14000000
3,4,4.8,9500000
1,2,2.4,2800000
0,7,1.5,120000000
0,5,1.3,115000000
0,6,2,155000000
0,7,2,220000000
0,6,2,250000000
0,6,2,260000000
0,6,2,300000000
3,3,5.8,10000000
3,3,5.6,11500000
1,2,2,2400000
3,3,10,14000000
2,2,4,6000000
6,6,8,26500000
8,7,16,50000000
4,4,10,19000000
4,4,10.6,20000000
6,6,8,36000000
2,2,3.8,4200000
6,6,8,30000000
2,2,4.2,7000000
3,3,6.1,13500000
8,7,10.2,48000000
3,3,10.2,16500000
5,4,3.6,10500000
3,3,10.2,16500000
3,3,10.2,16500000
3,3,7.6,75000
4,4,10,225000
3,3,8,100000
3,3,8,95000
3,3,8,110000
2,2,4,60000
0,6,2,550000
0,4,1.3,190000
0,4,1,170000
0,5,12,140000
0,4,4.8,100000
0,4,1.1,125000
0,4,1,125000
0,4,1.2,100000
0,2,8,65000
0,3,1,80000
4,4,12,200000
8,7,2,600000
3,3,1.6,150000
6,6,2,400000
3,3,8,85000
4,4,1,250000
0,0,4,25000
3,6,8,30000
2,3,6.6,25000
4,4,2,300000
8,6,1,315000
3,3,5.8,35000
2,2,4.8,26000
3,3,9.6,40000
3,3,9.6,38000
3,3,9.6,40000
7,6,1,210000
3,3,8,70000
3,3,6.9,45000
3,3,10,55000
2,2,3.8,22000
4,4,10,75000
3,3,1.2,75000
3,3,9.3,45000
3,3,8,42000
3,3,1,100000
6,6,8,90000
7,6,1,350000
0,8,2,1600000
0,10,2.4,1200000
0,4,4.8,110000
0,4,4.8,110000
2,2,3.6,25000
2,2,3.6,25000
2,2,3.6,20000
3,3,6.2,12900000
2,2,3.6,4200000
3,3,6.2,12100000
4,4,16,73500000
4,4,1,103500000
3,3,9.6,39000000
6,5,8,27000000
3,3,5,13500000
0,0,12,23500000
5,4,4.4,16500000
1,1,4,4500000
6,6,12,47500000
4,4,5.5,25000000
4,4,5.5,25500000
2,2,3.1,6800000
2,2,3.1,6800000
2,2,3.1,6500000
2,2,3.1,6500000
2,2,3.1,5700000
2,2,3.1,6000000
2,2,4,8000000
2,2,4,7800000
2,2,4,7500000
2,2,4,7000000
2,2,4,7000000
2,3,4.9,11500000
2,3,4.9,10000000
2,3,4.9,9500000
2,3,4.9,9000000
6,5,1,75000000
3,3,6,8000000
3,4,8,11800000
6,6,5,13500000
4,4,4,11800000
4,4,5.6,12000000
2,2,5,30000
2,2,6,25000
0,0,5,40000
4,4,1.2,85000
4,4,8,120000
2,2,6,37000
4,5,5,70000
1,1,0.5,10000
3,3,12.4,60000
6,5,1,100000
3,3,10,31000
2,2,3.1,25000
2,2,3.1,27000
2,2,3.1,28000
2,2,4,33000
2,2,4,30000
2,2,4,30000
2,2,4,28000
2,2,5,30000
2,2,4,28000
2,2,7,40000
2,2,7,50000
2,2,7,45000
3,3,6,29000
2,2,4,22000
3,3,10,50000
3,4,1.2,85000
4,5,7,110000
2,3,6,38000
3,2,7,36000
4,3,10,55000
1,1,2.3,4000000
1,1,2.3,4000000
1,1,2.3,4000000
0,3,5,8500000
0,3,5,10000000
0,2,5,6500000
0,2,5,7500000
0,4,7,13500000
0,0,6,13500000
0,4,6,15000000
0,3,5,7500000
0,0,1,30000000
0,4,7,17500000
0,4,10,25000000
0,0,4,7500000
0,0,5,8250000
0,0,1,37100000
0,0,10,15000000
2,2,5,4700000
3,2,5,5200000
3,2,5,5200000
2,2,5,4000000
3,3,5,6500000
5,6,10,15000000
3,3,5,6800000
3,2,5,5000000
7,5,2,22000000
5,4,7,15000000
2,2,6,5500000
3,3,5,6500000
6,5,1,46000000
3,3,11,9500000
1,1,2.5,4500000
0,3,5,40000
0,4,7,45000
0,5,12,80000
2,1,3.6,52000
6,5,10,70000
2,1,3.6,45000
3,2,7.6,100000
5,5,7,45000
3,3,7,26000
3,3,7,24000
2,1,3.6,45000
3,2,10,30000
6,5,1,46000000
6,6,14,23500000
6,5,10,21000000
6,5,1,37000000
4,3,8,13500000
6,5,7,12000000
6,5,1,45000000
8,7,2,150000000
6,5,1,47500000
6,5,1,42000000
0,4,10,21000000
0,4,10,21000000
0,3,5,12500000
0,0,10,22500000
0,4,10,22500000
0,4,10,26000000
0,5,1,42500000
0,4,10,19000000
0,4,10,17500000
0,5,1,35000000
5,4,5,9000000
6,5,10,25500000
4,4,10,31000000
4,4,10,30000000
0,4,10,21000000
0,4,10,21000000
0,3,5,12500000
0,0,10,22500000
2,2,4.8,18000000
2,2,4.8,20500000
3,3,6,11600000
2,2,4,7500000
3,3,7.6,22500000
4,5,4.8,11500000
1,1,2.7,1480000
2,4,4.8,13000000
2,2,3.3,2500000
2,2,3.2,4700000
2,4,3.2,7000000
2,4,3.2,7000000
2,2,4.4,15000000
5,4,12,13000000
3,3,2.4,12500000
3,3,8.4,10500000
6,6,9.6,35000000
3,3,7.1,12000000
3,3,7.1,12000000
3,3,7.1,12000000
3,3,6.2,8500000
3,3,6.2,8500000
2,2,4.4,7000000
2,2,4.4,7000000
3,3,7.3,2050000
5,5,1,65000000
5,5,1,68500000
5,5,1,67000000
5,5,1,67500000
5,5,1,70000000
5,5,1,68000000
5,5,1,66000000
2,2,4.4,9500000
2,2,2.4,5500000
6,6,1,135000000
2,2,5.1,5500000
8,7,2,190000000
2,2,4,20000
5,5,1,225000
2,2,8,42000
0,5,2,260000
0,5,2,350000
2,2,4,25000
6,5,1,110000
3,3,0.9,80000
0,4,10,160000
3,3,1,90000
6,5,1,280000
4,4,12,180000
1,2,1.8,12000
0,3,8.9,60000
0,3,5.1,40000
0,3,6.2,65000
0,2,4.2,45000
0,2,4.2,40000
0,2,4.2,40000
0,3,8.9,60000
0,3,5.1,40000
0,2,4.2,45000
0,2,4.2,45000
2,2,4,25000
4,4,9.6,45000
3,3,7.2,60000
4,3,7.3,45000
3,3,6.9,35000
3,3,5.3,55000
2,2,4.2,43000
3,3,7.2,55000
2,2,4.2,45000
2,2,4.2,42000
6,6,1,400000
2,2,4.2,38000
2,2,4.2,40000
0,0,14.4,215000
3,3,1,130000
6,5,1,310000
2,3,6.4,36000
2,2,4.8,18000
3,3,16,50000
3,3,6.2,50000
2,2,4.4,42000
3,3,7.1,50000
3,3,12,60000
3,3,8,75000
2,2,4.2,7500000
4,4,8,18000000
2,2,2.9,2800000
4,4,4.8,10500000
2,2,2.7,3500000
2,2,4,6200000
2,3,4.2,6800000
2,2,4.2,6000000
2,3,7.6,25000000
2,2,4.4,8000000
2,2,4.2,6000000
2,3,7.6,25200000
2,2,4.4,8000000
3,3,7.8,16500000
4,4,8.2,14500000
2,2,4,8500000
0,0,8,9100000
2,2,4.2,6200000
3,3,5.3,12000000
1,1,1.4,4200000
5,5,9.6,27500000
2,2,4.4,7500000
3,3,8.9,23500000
1,1,2.3,4000000
1,1,2.3,4000000
1,1,2.3,4000000
1,1,2.5,4200000
1,1,2.5,4200000
1,1,2.5,4200000
1,1,2.5,4200000
1,1,2.8,5000000
1,1,2.8,5000000
1,1,2.8,5000000
4,4,16.6,20500000
4,4,16.6,20500000
1,1,2.8,5000000
1,1,3.7,6200000
1,1,3.7,6200000
1,1,3.7,6200000
1,1,3.7,6200000
2,2,4,6600000
2,2,4,6600000
2,2,4,6600000
2,2,4,6600000
2,2,4.8,7700000
2,2,4.8,7700000
4,4,16.6,20500000
2,2,4.8,7700000
2,2,4.8,7700000
2,2,5.1,8100000
2,2,5.1,8100000
2,2,5.1,8100000
2,2,5.1,8100000
2,2,5.5,8600000
2,2,5.5,8600000
4,4,16.6,20500000
2,2,5.5,8600000
2,2,5.5,8600000
3,3,6.9,1537000
3,3,6.9,10200000
3,3,6.9,1537000
3,3,6.9,10200000
3,3,8.5,1537000
3,3,8.5,1537000
3,3,8.5,10200000
3,3,8.5,10200000
7,6,2.2,50000000
2,2,2.7,3500000
5,3,4.4,16500000
5,4,12,26000000
2,2,3.6,3700000
2,2,6.9,52500000
2,2,3.6,4000000
3,3,1,250000
2,2,1,100000
4,4,1,300000
2,2,1,80000
3,3,1,300000
2,2,1,120000
4,4,1,300000
2,2,1,75000
2,2,2.6,55000
5,5,1,350000
3,3,1,120000
6,5,10,72000
3,3,1,250000
2,2,1,75000
3,3,1,300000
3,3,1,100000
5,5,1,280000
4,4,1,280000
2,2,1,130000
4,4,1,300000
5,5,1,300000
2,2,1,120000
4,4,1,300000
2,2,1,80000
3,3,10,65000
3,3,7,50000
3,3,7,50000
3,3,1,45000
4,4,5.6,65000
3,3,1,50000
1,1,1.6,12000
1,2,6.7,15000
3,3,1,50000
2,2,3.1,16000
2,2,5,25000
3,3,1,36000
3,3,1.2,70000
3,3,12,60000
2,3,2.5,3000000
0,0,3.5,5500000
0,0,3,2500000
0,0,14,16500000
0,0,3,4500000
0,0,3,4500000
0,0,3,8000000
0,0,3,11000000
2,2,5,4700000
6,4,10,22000000
0,0,2.2,25000000
2,2,4,4300000
4,4,1,18500000
3,3,10,9500000
5,5,10,22000000
0,0,5,25000
3,2,7,25000
2,2,2.2,100000
2,1,3.6,30000
0,0,7,24000
2,1,3.6,45000
2,1,3.6,45000
1,1,3.6,35000
3,3,10,30000
1,1,3.6,40000
2,2,3.5,27000
2,2,3.5,45000
5,4,7,45000
4,3,16,35000
0,3,5.5,10400000
8,7,1,85000000
5,4,8,9800000
6,5,8,20500000
5,4,10,17000000
6,5,1,80000000
7,5,1,68000000
6,5,12,21000000
7,5,1,48000000
1,1,3,3350000
5,5,1,42500000
4,3,10,19000000
2,4,3,6300000
5,4,10,30000000
4,3,5,12000000
7,5,1,45000000
7,5,1,52500000
6,5,6,12500000
7,5,1,61500000
6,5,1,58500000
1,1,1.8,6300000
7,5,1,67000000
6,5,1.1,42500000
0,0,2,3000000
6,5,10,18500000
5,5,2,220000000
7,6,14,24500000
0,0,4,45000000
7,5,1,46000000
0,0,4,6400000
3,3,5,9000000
3,3,5,9000000
4,4,6,11000000
5,5,5,12000000
5,5,10,25000000
3,3,4,8000000
3,3,4,8000000
4,3,5,17500000
0,0,8,13600000
3,3,3,6200000
2,2,3,4200000
0,4,5,6500000
3,3,8,75000
4,4,8.9,75000
3,3,8,70000
2,2,6,45000
3,3,12,65000
3,3,1,75000
3,3,7.1,55000
2,1,2,30000
4,3,7.8,43000
2,2,4.8,23000
2,2,4.8,22000
2,2,4.8,21000
2,2,4.8,20000
2,2,4.8,19000
2,2,4,28000
2,3,8,40000
0,0,8,35000
3,5,1,250000
2,3,8,100000
2,2,6.8,18000
2,2,2,24000
3,2,5.3,35000
6,10,4,1300000
2,2,2.2,30000
3,3,5.3,35000
2,4,4.4,27000
3,3,9.6,53000
3,3,5.3,40000
3,3,12,130000
0,3,10.2,50000
0,3,10.2,50000
0,3,10.2,50000
0,3,5.6,45000
4,4,12,65000
0,3,1,125000
0,2,4.4,6500000
0,2,4.4,6500000
3,3,11.4,31500000
6,4,5,8500000
5,3,4,16000000
5,5,10,15500000
7,5,7,26000000
2,2,5,2500000
10,8,7,32000000
0,2,4.9,5300000
0,2,3.6,3500000
5,5,4,18000000
0,0,3.6,4000000
0,1,2.7,5517000
0,1,1.8,3536000
0,2,4.9,9900000
0,1,3.6,4400000
0,1,2.7,5517000
0,1,1.8,3536000
0,2,4.9,9900000
0,1,3.6,4400000
3,2,4,5000000
4,4,8,18500000
4,4,8,18500000
4,4,8,18700000
4,4,8,18700000
4,4,8,18900000
4,4,8,18900000
4,4,8,19000000
4,4,8,19000000
4,4,8,19000000
4,4,8,19000000
4,4,8,19000000
4,4,8,19000000
4,4,8,18800000
4,4,8,18800000
4,4,8,18600000
4,4,8,18600000
4,4,8,18400000
4,4,8,18400000
4,4,8,18200000
4,4,8,18200000
5,5,10,25500000
5,5,10,25200000
5,5,10,25000000
3,3,1,60000
8,7,2,275000
5,5,3,150000
6,6,1.3,450000
3,3,2.5,75000
5,6,1.3,220000
2,3,12.4,47000
3,3,1,50000
0,3,14.2,65000
0,9,14.2,180000
0,5,14.2,110000
0,3,14.2,70000
0,3,1.2,75000
0,3,1.2,55000
0,6,1,200000
0,6,1,200000
3,2,12.4,60000
1,2,6,30000
3,3,1.2,75000
1,2,1.9,1500000
0,6,7.5,28500000
0,4,5,25000000
0,4,3,7500000
0,4,5,12000000
0,4,4,8500000
0,2,3,5500000
0,4,5,15000000
0,4,3,8000000
0,4,5,17500000
0,6,7,25000000
0,4,5,17500000
0,0,7,14000000
0,0,4,14000000
0,0,5,13000000
0,0,5,11000000
0,0,6,12000000
0,0,5,9000000
0,0,2.5,6000000
0,0,3,7500000
0,0,3,5500000
0,4,5,14000000
0,6,3,7500000
0,4,3,7500000
0,0,2,6000000
0,0,2,6000000
0,0,1.5,5500000
0,0,1.5,4500000
0,0,3.2,9500000
0,4,5,14000000
0,6,3,7500000
0,4,3,7500000
0,0,2,6000000
0,0,2,6000000
0,5,1,12000000
5,4,6,7500000
3,3,8,9000000
5,4,5,9200000
3,3,3,4000000
0,0,6,20000
0,0,6,22000
0,0,7,24000
3,3,7,35000
6,6,10,65000
2,2,4,35000
6,5,10,65000
2,2,5,25000
3,3,8,40000
0,3,5,35000
2,2,8,25000
3,3,7,35000
2,2,7,25000
6,5,7,44000
6,5,1,120000
3,3,10,30000
3,3,5,14000000
0,5,10,18500000
0,5,10,19000000
0,5,10,23500000
0,5,10,23500000
0,3,5,15000000
0,5,10,16500000
0,3,3,8500000
0,3,3,8200000
0,3,3,7500000
0,3,3,7800000
6,5,1,78000000
0,3,5,10800000
0,3,5,11500000
0,3,5,11000000
0,4,7.5,16000000
0,4,7.5,15500000
6,5,1,45000000
7,6,1,92500000
4,4,5,9000000
1,1,3,4500000
0,2,6.4,11200000
6,5,9,23200000
6,5,1,36000000
3,3,5,11000000
3,3,5,11000000
3,3,5,11000000
3,3,3,5500000
3,3,5,11000000
3,3,5,11000000
3,3,5,11500000
3,3,5,11500000
3,3,5,11500000
0,4,8,17000000
0,4,7.5,16000000
0,5,5,17500000
0,5,10,32500000
0,5,10,29000000
3,3,8,14000000
3,3,8,20000000
3,3,8,13000000
3,3,6.1,15000000
3,3,8,6500000
2,2,4.2,6200000
2,2,5.1,6700000
3,0,6,8500000
3,3,8,14000000
3,3,8,20000000
3,3,11.4,26500000
3,3,8,13000000
3,3,6.1,15000000
3,3,8,6500000
3,3,11.4,27000000
3,3,11.4,27500000
3,3,11.4,28500000
3,3,11.4,29000000
3,3,11.4,30500000
3,3,11.4,30000000
3,3,8,14000000
3,3,8,20000000
3,3,8,13000000
3,3,6.1,15000000
3,3,8,6500000
3,3,11.4,31500000
2,2,4.2,6200000
8,8,1.2,112500000
3,3,11.4,31000000
4,4,8,55500000
3,3,8,14000000
3,3,8,20000000
3,3,8,13000000
3,3,6.1,15000000
3,3,8,6500000
2,2,4.2,6200000
2,2,4.9,10000000
3,3,5.8,12500000
2,2,4,5600000
2,2,2.9,5700000
0,0,10,28000000
0,0,8,25000000
0,0,8,26000000
0,0,16,42500000
0,6,16,45000000
0,6,10.2,40000000
0,6,9.6,45000000
0,0,8,26500000
0,0,8,25000000
0,0,9.3,30000000
2,2,4.1,6500000
3,3,4.8,19000000
2,2,2.4,4500000
3,5,5.1,3200000
2,2,3.3,5500000
0,2,4.7,8500000
0,0,1.2,65000000
2,2,5.1,7000000
2,4,10,35000000
2,4,14,15200000
2,4,14,16500000
2,2,4.2,5000000
2,3,5,9000000
3,3,10.7,17000000
0,0,16,52500000
0,0,16,47500000
0,0,8,25500000
0,0,4.8,14000000
0,0,8,27500000
0,7,16,52500000
0,0,8,23000000
0,3,10.2,18000000
0,3,11.4,19000000
0,4,9.6,19000000
0,0,8,27000000
2,2,3.3,4500000
2,2,2.9,3500000
0,0,5.3,16500000
2,3,4.8,8200000
6,6,16,50000000
2,2,12,88500000
3,3,5.1,15000000
2,2,2,6400000
2,2,2,4600000
3,3,8,9900000
0,2,3.6,4000000
0,2,4.3,4800000
0,2,5.3,7500000
0,2,5.3,10500000
0,2,4.4,6500000
0,3,6.4,10000000
0,3,5.3,7500000
0,0,5.3,16500000
0,3,1.2,75000
0,2,4.4,32000
0,3,9.6,52000
3,3,16,85000
3,3,8,42000
3,4,2.7,70000
0,0,1.3,70000
3,3,10.2,47000
0,7,16,170000
0,5,1.2,100000
0,0,16,230000
3,3,11.4,55000
3,3,11.4,55000
3,3,11.4,55000
3,3,11.4,55000
3,3,11.4,55000
3,3,11.4,60000
3,3,11.4,47000
3,3,11.4,45000
3,0,12,33000
3,3,9.6,35000
2,2,2.7,12000
2,2,2,35000
6,5,1,300000
0,10,18,325000
3,3,16,50000
0,3,1.2,90000
0,3,1.5,95000
0,3,16,60000
0,2,4.4,32000
0,2,4.4,32000
0,3,5.3,50000
0,2,4.7,37000
3,2,4.2,36000
2,2,4,35000
3,3,10.2,48000
0,4,12,65000
0,3,5.3,45000
0,3,5.3,50000
0,3,5.3,50000
3,3,5.3,30000
3,3,10.7,90000
4,4,16,65000
0,3,8,32000
0,2,8,25000
0,3,16,48000
0,3,16,55000
0,3,8,32000
0,3,8,45000
0,3,8.8,45000
2,2,4.2,42000
4,4,16,65000
2,2,1,115000
4,4,1,230000
3,3,5.1,55000
2,2,4.4,55000
3,3,12,95000
3,3,6.7,60000
5,5,10,25000000
5,5,10,24800000
5,5,10,24800000
5,5,10,24600000
5,5,10,24600000
4,3,4,16500000
5,5,10,24400000
5,5,10,24400000
7,7,1,40000000
4,3,8,7500000
6,6,10,34500000
1,1,3.3,8000000
7,7,1,39600000
7,7,1,39600000
7,7,1,39400000
7,7,1,39400000
7,7,1,39200000
7,7,1,39200000
7,7,1,39000000
7,7,1,39000000
6,6,14,30300000
6,6,14,30300000
6,6,14,30500000
6,6,14,29900000
6,6,14,29700000
6,6,14,29800000
6,6,14,29500000
6,6,14,29500000
6,6,14,29500000
6,6,14,30000000
7,7,1,40000000
4,3,8,4500000
0,3,11.8,18500000
0,4,14.4,20000000
0,4,14.4,21000000
0,3,11.8,17500000
2,2,7.1,10500000
6,6,8,19000000
0,5,9.3,15000000
0,5,8,16000000
0,5,9.3,17500000
0,4,7.1,13500000
0,4,7.1,11500000
0,6,1,30000000
0,3,5.4,4500000
0,2,4.2,3500000
0,5,9.3,16500000
7,6,16,47500000
5,5,8,18500000
0,4,14.4,55000
0,3,11.8,45000
0,3,11.8,45000
0,3,11.8,40000
0,3,1,45000
0,4,10,75000
0,3,1,65000
0,2,4.9,23000
0,2,4.9,20000
0,3,5.8,30000
0,2,5.9,50000
1,2,5.6,15000
5,4,12,60000
2,2,7,30000
4,4,4,50000
7,6,1.9,320000
0,5,10,20000000
0,4,5,13000000
0,4,7.5,19000000
0,3,3.5,9500000
0,3,3,8500000
3,3,5,11500000
3,3,5,11500000
3,3,5,11500000
0,4,1,39000000
3,3,5,11500000
4,4,3,9000000
3,3,5,11500000
0,5,1,47500000
5,5,5,12000000
3,3,5,11500000
6,5,1,40000000
5,5,1,30000000
3,3,5,11500000
3,3,5,10500000
5,5,1,37500000
4,3,7,21000000
7,5,10,18500000
3,3,5,10500000
0,3,10.5,23000000
3,3,5,10500000
3,3,5,10500000
0,0,5,11500000
3,2,6,6800000
3,4,4,5800000
3,2,4,3800000
6,4,5,8200000
0,2,5,4000000
0,0,5,4500000
0,0,5,5000000
0,2,5,2700000
0,2,5,4700000
3,3,5,6600000
0,0,2.5,5500000
0,0,6,9500000
0,0,5,8500000
0,0,5,7500000
0,0,5,8000000
0,0,4,4000000
0,2,3.5,4500000
0,2,3.5,2200000
0,2,6.2,9800000
0,2,6.7,12300000
0,3,6.3,10800000
0,4,14,19400000
0,0,1.5,4000000
0,0,10,20000000
0,0,10,25000000
0,0,6,11000000
0,0,5,6000000
0,0,7,15000000
0,0,5,8500000
0,0,5,8500000
0,0,10,12500000
0,0,5,8000000
3,2,6,6100000
0,0,2,6000000
0,0,5,8000000
0,0,5,9000000
0,0,5,8000000
0,5,10,20000000
0,5,15,23000000
0,0,5,27000
0,0,7,17500
0,0,2.5,10000
0,0,2.5,12000
0,0,2.5,15000
0,0,3,18000
0,0,3,18000
0,0,3,20000
0,0,5,22000
0,0,5,25000
0,0,3,23000
0,0,2.5,15000
0,0,3,23000
0,0,5,30000
0,0,2.5,18000
6,5,10,70000
3,3,5,35000
2,2,4.4,85000
6,5,7,45000
0,0,5,15000
0,0,5,16000
0,0,5,17000
0,0,5,18000
0,0,5,19000
0,0,5,20000
0,0,5,21000
0,0,5,22000
0,0,5,23000
0,0,5,24000
0,0,5,15000
0,0,5,16000
0,0,5,17000
0,0,5,18000
0,0,5,19000
0,0,5,20000
0,0,5,21000
0,0,5,22000
0,0,5,23000
0,0,5,24000
2,2,10,40000
4,3,1,55000
6,5,1,110000
0,0,5,16000
0,0,5,17000
0,0,5,18000
0,0,5,19000
0,0,5,20000
0,0,5,17000
0,0,5,18000
0,0,5,19000
0,0,5,20000
0,0,5,21000
0,0,5,20000
0,0,5,21000
0,0,5,22000
0,0,5,23000
0,0,5,24000
0,0,5,25000
0,0,5,26000
0,0,5,27000
0,0,5,28000
0,0,5,29000
6,5,10,65000
1,2,5,20000
3,3,5,10500000
6,5,1,42500000
4,4,6,12000000
0,0,3,5800000
8,7,2,130000000
5,5,5,8500000
4,4,5,10500000
7,5,1,41000000
8,7,2,145000000
0,5,10,23000000
0,3,5,12500000
0,3,5,12000000
0,4,10,17000000
5,4,10,32500000
3,3,5,12500000
4,3,10,19000000
7,5,1,45000000
0,3,5,8200000
0,3,5,8300000
0,5,10,18500000
0,3,5,10500000
0,5,10,21000000
3,3,8,18000000
2,2,4.2,5000000
3,3,10,12000000
3,3,9.4,9000000
3,3,6.1,8000000
3,3,8,12800000
2,2,4.2,5400000
3,3,8,13000000
2,2,4.2,10500000
4,3,7.8,13000000
7,7,1.6,139500000
3,3,8,24900000
3,3,8,19500000
2,2,3.3,6200000
6,5,1,102500000
0,2,3.6,4000000
0,2,4.3,4800000
0,2,5.3,7500000
0,2,5.3,10500000
0,2,4.4,6500000
0,3,6.4,10000000
0,3,5.3,7500000
0,0,5.3,16500000
0,2,2.9,3500000
0,0,5.3,16500000
5,6,9.6,32000000
6,5,1,105000000
3,3,9.6,17000000
0,0,8,13000000
0,0,4.8,8000000
0,0,4.8,16000000
2,2,4,5000000
2,3,6.4,9500000
3,6,1,115000000
3,6,12,75400000
3,6,12,73200000
3,5,1,97500000
3,6,1.3,141000000
3,6,1,105000000
2,5,1,105400000
2,6,1,116000000
3,6,12,75500000
3,5,1,100000000
3,6,1,105000000
3,6,1,105600000
3,6,1,115000000
3,6,2,240000000
3,6,1,113500000
3,6,1,115500000
3,6,12,75500000
3,5,12,73000000
3,5,1,97500000
3,6,1.3,140000000
3,6,12,75000000
3,6,1,105000000
3,6,1,115000000
3,6,2,240000000
3,6,2,190000000
3,6,1.3,140000000
3,5,1,97500000
3,5,1,85000000
3,6,12,75500000
3,5,12,74000000
3,3,6,5000000
5,4,4.8,18500000
0,3,5.3,9000000
0,3,5.3,9000000
0,3,4.8,8500000
0,3,5.8,9000000
0,2,4,6000000
0,2,4,7500000
0,3,5.3,7500000
0,2,4.4,6500000
0,0,7.1,18500000
0,3,5.3,9000000
0,0,8.9,42500000
0,0,5.3,9500000
0,3,5.3,9500000
4,4,1.2,170000
10,11,4,1200000
5,4,18,200000
3,3,16,60000
4,4,1,150000
7,6,1.2,600000
3,2,4,35000
0,2,3.6,24000
2,2,2.4,10000
6,5,1.2,290000
3,3,8,50000
0,0,16,65000
0,0,1.2,60000
0,0,12,55000
0,0,4.8,90000
0,0,4.8,30000
0,0,16,60000
0,0,4.8,30000
0,0,8,28000
0,0,16,65000
0,0,1.2,60000
0,0,12,55000
0,0,4.8,90000
0,0,4.8,30000
0,0,4.8,30000
0,0,4.8,30000
4,2,20,35000
5,4,11.2,180000
3,3,8.7,50000
4,4,16,65000
6,5,8,26500000
6,5,8,27500000
6,5,8,26000000
5,4,4,15000000
6,6,5,13500000
4,4,20,100000000
0,0,5,1500000
0,5,7,25000000
2,2,3.3,5500000
2,2,4,6200000
0,5,7,25000000
0,5,10,40000000
6,5,8,26000000
2,2,3,3800000
6,6,10.9,36000000
5,5,8,18500000
5,5,8,18500000
0,0,1,95000000
6,6,13,28000000
0,4,7,25000000
0,2,5,6000000
0,4,4,6800000
0,0,5,9000000
0,0,3,7000000
0,2,5,5500000
0,4,5,6500000
0,0,2,180000000
0,0,1,5000000
6,6,13,26000000
1,1,5.6,48000
2,2,7,36000
4,3,14.2,65000
6,6,4,400000
4,4,7,31000
1,1,3.2,22500
5,5,8,60000
3,3,8.9,51000
10,9,10,140000
0,0,5,16000
0,3,1,40000000
4,4,10,18000000
4,4,10,13000000
4,4,8,11500000
4,4,8,13500000
0,4,10,28000000
0,5,10,16000000
6,5,12,29000000
4,3,5,12500000
4,3,5,13000000
4,3,5,13000000
6,5,10,18500000
0,3,2.5,6500000
0,3,2.5,6500000
0,3,2.5,6000000
0,3,2.5,6000000
0,4,5,13000000
0,0,11,7515000
0,0,1,25000000
6,7,16,45000000
3,2,3.8,2300000
0,5,2.5,2500000
0,2,5,5100000
0,0,5,6000000
2,3,8.5,9000000
0,4,5,6200000
0,2,5,4500000
0,4,10,14900000
0,2,7.5,6500000
0,2,4,4100000
0,2,4,4100000
0,2,4,4800000
0,0,2.5,4500000
0,0,2,3500000
0,0,2,3500000
0,0,5,9000000
0,0,4,8000000
0,0,4,4800000
0,0,2,3500000
0,0,2,3500000
0,0,5,9000000
0,0,2.5,4500000
2,2,4.4,3400000
3,3,5,9100000
0,4,5,7500000
0,0,5,7500000
0,0,2,5000000
0,0,3,6500000
0,0,2,6500000
0,0,5,7500000
0,0,2,5000000
0,0,3,6500000
0,0,2,6500000
0,0,3,3500000
0,0,3,5000000
4,4,5.3,9500000
3,3,5,35000
0,0,6,15000
3,3,7,45000
3,3,5,25000
2,2,8,45000
6,6,10,55000
4,4,8,45000
2,2,8,25000
0,5,5,13000000
0,6,5,13000000
0,6,5,13000000
0,2,2.5,4500000
0,1,2.5,4000000
0,2,5,6500000
0,3,4,8000000
0,3,3,7000000
0,5,5,11000000
0,5,5,11000000
4,4,5,13000000
1,1,1.8,2700000
5,5,1,52500000
4,3,10,19000000
3,3,8,18900000
0,6,4,30000000
0,4,4,30000000
0,4,6,51000000
0,4,4,36000000
0,3,4.9,13000000
0,2,4.4,11500000
0,2,2.3,5500000
0,2,2.3,4800000
0,12,1.2,120000000
0,6,1,90000000
0,0,5.3,8000000
0,0,16,45000000
0,0,16,42500000
0,0,8,33000000
0,0,8,35000000
0,0,4,5000000
0,0,4.4,5500000
0,0,4.4,7500000
3,3,6,13400000
3,3,8,12500000
3,3,8,11500000
3,3,8,18500000
3,3,8,18500000
3,3,8,18600000
3,3,8,18600000
3,3,8,18700000
3,3,8,18800000
3,3,8,18800000
3,3,8,18900000
3,3,8,18900000
3,3,8,19000000
3,3,6.1,10900000
5,4,10.7,54000000
0,0,16,55000000
0,0,2,110000000
0,0,16,45000000
0,0,1,50000000
0,0,4,9000000
0,0,4,9000000
0,0,5.8,13500000
0,0,4,8500000
0,0,16,45000000
3,3,6.1,13500000
3,3,6.1,13500000
3,3,6.1,13600000
3,3,6.1,13600000
3,3,6.1,13700000
3,3,6.1,13800000
3,3,6.1,13800000
3,3,6.1,13900000
3,3,6.1,13900000
3,3,6.1,14000000
3,3,6.1,14000000
3,3,6.1,14100000
3,3,6.1,14100000
3,3,6.1,14200000
3,3,6.1,14200000
3,3,6.1,14300000
3,3,6.1,14300000
3,3,6.1,14400000
3,3,6.1,14400000
3,3,6.1,14500000
3,3,6.1,14500000
3,3,6.1,14600000
3,3,6.1,14600000
3,3,6.1,14700000
3,3,6.1,14700000
3,3,6.1,14800000
3,3,6.1,14800000
3,3,6.1,14900000
3,3,6.1,14900000
3,3,6.1,15000000
3,3,6.1,7699000
3,3,8,10000000
3,3,8,10100000
3,3,8,10200000
3,3,8,10300000
3,3,8,10400000
3,3,8,10500000
3,3,8,10600000
3,3,8,10700000
3,3,8,10800000
3,3,8,10900000
3,3,8,11000000
3,3,8,11100000
3,3,8,11200000
3,3,8,11300000
3,3,8,11400000
3,3,8,11500000
3,3,8,11600000
3,3,8,11700000
3,3,8,11900000
3,3,8,12000000
3,3,8.9,15000000
6,5,1,70000000
3,3,8,8600000
2,2,4.2,5500000
0,3,4.4,7000000
0,2,4.3,6000000
0,0,8.6,32500000
0,1,1.6,3500000
0,2,4.3,7500000
0,3,4.8,8000000
0,2,4,6500000
0,0,4.8,15000000
0,2,4,6500000
0,2,2.7,4200000
0,2,3.6,5000000
0,3,5.3,7500000
0,2,4.9,6000000
3,3,9.4,8850000
0,0,1.2,61000000
0,0,18,42500000
0,0,16,52500000
0,0,16,50000000
0,0,2,107500000
0,0,16,36000000
0,0,1.2,65000000
0,0,16,58000000
0,0,8,24000000
0,0,18.8,43500000
0,0,1.1,55000000
2,2,4.2,11500000
4,7,1,110000000
2,5,1,115000000
2,3,5.1,14500000
4,4,14,14000000
2,2,4,6800000
2,2,2.7,5000000
2,2,4,6000000
3,3,5.8,8000000
3,3,6,9000000
3,3,6,9000000
3,3,6,9000000
2,2,4.4,7000000
2,2,4.4,7000000
2,2,4.4,7000000
2,2,3.6,5000000
2,2,4.9,8000000
2,2,4,6000000
2,2,4.3,7000000
2,2,4.3,7500000
3,3,5.3,9000000
3,3,5.3,9000000
2,2,3.3,5000000
5,5,12,85000000
4,4,16,65000
0,0,16,100000
0,0,16,55000
0,0,16,45000
0,0,16,250000
0,0,1.3,500000
0,0,4.4,25000
0,0,4.4,28000
0,0,16,42000
4,3,8,55000
2,2,4.4,50000
4,3,8.9,130000
3,3,9.6,43000
2,2,4,18000
4,3,8.9,150000
3,3,9.6,45000
4,3,8.9,125000
5,4,4.8,125000
4,3,16,45000
3,3,16,55000
0,0,12.8,62000
0,0,16,50000
0,0,1.2,65000
0,0,2.7,22000
0,0,16,130000
0,0,1,150000
2,2,4,33000
2,3,1,155000
2,2,4.4,30000
2,3,8,55000
2,2,4.4,31000
3,5,2,180000
2,2,4.2,40000
3,6,2,450000
2,2,4.8,18000
3,3,3.3,65000
4,3,10.2,120000
3,3,12,45000
5,5,16,92500000
2,2,4.8,8200000
0,6,10,18500000
0,3,10,13000000
0,2,5,7500000
0,0,2.7,3000000
0,2,8,10000000
0,2,2.7,3000000
0,1,0.9,1650000
0,1,0.9,1650000
0,8,1,30000000
0,6,1,25000000
3,3,8.6,14000000
0,0,2.7,5722000
0,0,4,7704000
0,0,5.5,11500000
0,0,4,8355000
0,0,3.9,8116000
0,0,5,10500000
0,0,5.1,9666000
4,4,16,20000000
1,1,2.7,2210000
1,1,2.8,5000000
2,2,1,4000000
2,2,2.9,3000000
0,7,12,18000000
0,7,12,18000000
0,7,12,18000000
0,7,12,18000000
7,7,14.4,46000000
2,2,3.6,3700000
5,5,4.4,16200000
4,3,1,60000
6,6,1,115000
3,3,6.7,36500
0,0,6,25000
0,0,10,32000
0,0,10,28000
0,0,1,50000
0,0,8,25000
0,0,8,23000
0,0,1,56000
0,0,7,25000
0,0,5,20000
0,0,12,28000
0,3,2,160000
0,3,2.5,4900000
0,4,3.5,7200000
0,4,5,7800000
0,3,4,7500000
0,3,3,5500000
0,4,6,11500000
0,3,3,6000000
0,4,5,8000000
0,5,1,40000000
0,5,10,32500000
0,7,10,25000000
0,5,10,30000000
0,1,10,23000000
0,5,10,25000000
0,6,10,25000000
0,5,10,27500000
0,5,10,30000000
0,3,5,15000000
5,5,1,33000000
4,3,10,14500000
0,6,5,11000000
0,4,7.2,15000000
0,5,6,13000000
0,4,4.5,8000000
0,3,5,8500000
0,5,7,18000000
0,3,5,12000000
0,4,10,17200000
0,4,10,17000000
0,4,10,16500000
0,3,5,12500000
0,3,5,12800000
0,3,5,11000000
0,4,7,13000000
0,5,1,27500000
0,5,1,29000000
0,5,1,22500000
0,5,1,29500000
0,4,10,16500000
0,4,10,19000000
0,3,5,11500000
0,3,5,11700000
0,3,5,10600000
3,3,5,9800000
0,0,6.1,11000000
0,3,5,13500000
0,3,5,11000000
0,2,10,14000000
0,3,5,12000000
0,3,5,11000000
0,4,1,28000000
0,3,5,14000000
0,5,1,29000000
0,4,10,22500000
0,5,1,40000000
0,4,10,17000000
0,3,5,11800000
0,3,5,11000000
0,3,5,11400000
0,4,9,15000000
0,5,5,8600000
0,5,5,8500000
0,0,10,21000000
0,3,3.5,8500000
0,3,3,9000000
0,3,2.8,7500000
0,3,2.5,7500000
0,0,1.2,55000000
0,0,1.1,50000000
4,3,10,25000000
3,2,3,5200000
0,0,8,8000000
0,8,5,15000000
0,0,5,8500000
0,0,1.5,5000000
0,0,4,9000000
0,0,4,9000000
0,4,2,4500000
3,2,6.2,8500000
0,0,12,25000000
0,0,3,5000000
0,0,2,4500000
0,0,4.5,9000000
0,0,4.5,9000000
0,0,3,5000000
0,0,2,4500000
0,0,4.5,9000000
0,0,4.5,9000000
0,9,1,23000000
0,5,10,13500000
0,10,2,30000000
0,4,10,14500000
6,6,8,15000000
0,5,5,22500000
0,4,12,22500000
0,4,12,22500000
0,4,12,22500000
0,4,12,22500000
0,0,10,15000000
0,0,10,15000000
0,0,10,15000000
0,0,10,15000000
0,4,12,22500000
0,4,12,22500000
0,4,12,22500000
0,4,12,22500000
0,0,10,15000000
0,0,10,15000000
0,0,10,15000000
0,0,10,15000000
6,4,7,15000000
0,0,4,12000
0,0,4,13000
0,0,4,14000
0,0,4,15000
0,0,4,15000
0,0,5,16000
0,0,5,17000
0,0,6,21000
0,0,6,22000
0,0,6,25000
0,0,4,15500
0,0,5,16500
0,0,5,20000
0,0,5,18000
0,0,3,15000
0,0,2,10000
0,0,10,28000
0,0,5,23000
2,2,4.8,6200000
3,3,8,12500000
3,3,5.2,6500000
3,3,5.3,7500000
3,3,5.3,7200000
3,3,5.3,6500000
3,3,4.3,7500000
2,2,4,5500000
2,2,4.2,6500000
2,2,4.8,5200000
2,3,8,19000000
2,3,6.1,14500000
2,3,8,14200000
2,3,3.2,1800000
0,0,8,20000000
0,0,16,49000000
0,0,16,75000000
0,0,16,55000000
0,0,16,41000000
0,0,16,32500000
0,0,16,46000000
0,0,8,27500000
0,0,5.3,20000000
0,2,2.9,6000000
0,2,3.8,5500000
0,3,5.8,6500000
0,2,3.6,6000000
5,8,4.8,16000000
0,0,9.1,45000000
0,0,8.9,35000000
0,0,8.6,32500000
0,0,5.3,22000000
0,0,5.3,20000000
0,2,2.9,4500000
0,2,2.9,4500000
6,9,4.8,13000000
3,3,4.6,10000000
3,3,4,45000000
0,0,16,55000000
0,0,16,60000000
0,0,16,37500000
0,0,8,25000000
0,0,5.8,18000000
0,0,16,50000000
0,0,16,65000000
0,0,1.2,90000000
0,0,1.2,80000000
0,0,8,28000000
2,2,4.8,2000000
2,2,1.7,2000000
2,4,4.5,4700000
2,2,3.2,1800000
6,5,4.8,22500000
3,3,10,10500000
3,3,10,10600000
3,3,10,10700000
3,3,10,10800000
3,3,10,10900000
3,3,10,11000000
3,3,10,11100000
3,3,10,11200000
3,3,10,11300000
3,3,10,11400000
3,3,10,11500000
3,3,10,11600000
3,3,10,11700000
3,3,10,11800000
3,3,10,11900000
3,3,10,12000000
3,3,10,12100000
3,3,10,12200000
3,3,10,12300000
3,3,10,12400000
3,3,10,12500000
3,3,10,12600000
3,3,10,12700000
3,3,10,12800000
3,3,10,12900000
3,3,10,13000000
3,3,10,13100000
3,3,10,13200000
3,3,10,13300000
3,3,10,13400000
3,3,10,13500000
3,3,10,13600000
3,3,10,13800000
3,3,10,13700000
3,3,10,13900000
3,3,10,14000000
3,3,10,14100000
3,3,10,14200000
3,3,10,14300000
3,3,10,14500000
4,4,4,30000000
0,2,2.9,2500000
0,2,2.9,3000000
0,2,2.9,2500000
0,0,5,6500000
2,2,5.3,9000000
3,3,9.6,42500000
2,2,2.9,3200000
2,2,4.4,8000000
2,2,4.2,9000000
2,2,4.2,12500000
2,3,8,12000000
2,3,9.3,22000000
3,3,4.3,28000
2,2,4.3,25000
3,3,4.3,30000
2,2,4,22000
2,2,3.1,14000
2,2,4.2,20000
3,3,7.1,75000
2,3,5.6,28000
0,0,16,60000
0,0,8,40000
0,0,16,55000
0,0,13.6,70000
0,0,3.1,30000
0,0,1,250000
0,0,1,80000
0,0,8,35000
0,0,16,80000
0,0,16,45000
0,0,16,65000
0,0,8,35000
0,0,8,35000
0,0,16,52000
0,0,16,45000
0,0,16,50000
0,0,8,45000
0,0,16,53000
0,0,8,49000
0,0,4.2,28000
0,0,8,38000
0,2,3.2,15000
1,3,5.3,23000
2,3,5.3,25000
3,3,5.3,30000
0,2,5.3,23000
3,3,9.6,50000
3,3,16,55000
3,3,5.8,28000
3,3,8,85000
6,6,1.3,350000
3,3,16,55000
2,2,2.4,65000
2,2,2.4,16000
2,2,4.4,40000
4,3,12.2,85000
4,4,12,250000
3,3,6.1,40000
1,1,1,40000
4,3,12.2,65000
3,3,9.6,43000
3,3,5.3,30000
3,3,1,150000
3,3,4,90000
3,3,12,45000
0,0,2.4,12000
0,0,2.4,10000
0,0,2.4,10000
0,0,5,10000
0,3,5.3,30000
0,3,5.3,28000
0,2,5.3,22000
0,2,5.3,17000
0,2,2.7,16000
0,2,2.9,15000
0,2,4.3,15000
0,4,8.6,40000
0,2,4.3,25000
0,2,2.7,15000
0,2,3.6,20000
0,2,4,15000
0,3,5.3,26000
0,4,8.6,40000
0,3,16.9,40000
0,4,10,40000
0,3,5.3,30000
0,2,3.6,20000
0,2,4,20000
2,3,7.6,45000
2,2,3.1,25000
1,1,1.3,15000
2,2,4.2,35000
2,4,11.1,90000
3,4,8,85000
6,6,13,27000000
5,5,4.4,16500000
3,3,9.1,12000000
0,0,6.4,17000000
10,8,7,32000000
6,5,10.9,36000000
3,3,4,17000000
4,4,14.2,23000000
2,2,4,9500000
4,5,4,17000000
2,2,3.6,3700000
10,11,12,235000
6,5,7,90000
3,3,1,42000
1,1,3.1,43000
2,2,4,25000
3,2,4.9,22000
2,2,5.7,35000
3,2,7,40000
3,3,8.6,45000
4,4,16,75000
1,1,2.8,22000
2,2,2.9,18000
1,1,1.8,12000
5,4,2,325000
3,3,5,60000
2,2,6,32000
5,3,1,45000
2,1,4,24000
2,3,7,50000
6,5,7,85000
3,3,1,100000
3,3,1,90000
4,3,7,43000
2,2,7,42000
0,0,5,20000
0,0,5,18000
0,0,3,15000
0,0,2,10000
0,0,10,28000
0,0,5,23000
0,5,5,60000
2,2,5,18000
5,4,10,23500000
4,4,5,10500000
6,5,1,45000000
6,5,1.5,82500000
5,4,10,29000000
6,5,1,38000000
3,3,5,17000000
6,5,1,50000000
5,4,7,16500000
3,3,5,14000000
0,0,5,11500000
5,4,10,18000000
3,3,5,6500000
6,5,10,19800000
7,6,10,25000000
5,4,10,28000000
5,4,6.5,16000000
5,5,1,45000000
6,5,1.5,90000000
5,5,1,30000000
5,5,10,22000000
5,5,10,17000000
2,2,10,16500000
3,3,2,6000000
3,3,1,22500000
0,0,3,7500000
4,4,8,17000000
3,3,8,14500000
4,4,10,15500000
3,3,5,11500000
3,3,5,12000000
3,3,5,10000000
6,5,5,15000000
3,3,5,12700000
1,1,2.2,4500000
1,1,2.2,3500000
3,3,5,10500000
3,3,3.6,6000000
7,6,1,80000000
0,0,5,13500000
3,3,5,11700000
6,5,10,21000000
6,5,10,22500000
6,5,1,38400000
8,7,2,55000000
7,7,6,12000000
0,4,10,14000000
0,6,5,11500000
6,5,1,63500000
4,4,7,12500000
3,3,10,13000000
0,0,7,15000000
0,0,7,16000000
0,0,7,14000000
0,0,1.1,14000000
0,0,14,31500000
0,0,11,19000000
0,0,2.5,4000000
0,0,3.5,5000000
0,0,5,5000000
0,0,2,2500000
0,0,3,3500000
0,0,3,4000000
0,0,2.5,4200000
0,0,2.5,4200000
0,0,2.5,4200000
0,0,2.5,4000000
0,0,2.5,3500000
0,0,2.5,3500000
0,0,4,6500000
0,0,5,7500000
0,0,4,9500000
0,0,1.5,3500000
0,0,3.2,5500000
0,0,3,6000000
0,0,1.8,2500000
1,1,2.3,3500000
2,2,3.6,5000000
6,6,7,14500000
4,3,10,9000000
3,3,5,6400000
3,0,4,5700000
3,3,5,6300000
6,6,1,17500000
0,2,4,5000000
0,5,1,38000000
2,2,4.8,6000000
5,4,6,10500000
6,6,10,25500000
4,3,5,9500000
5,5,1,33000000
7,6,10,30000000
2,2,3,3400000
3,3,9.6,30000000
5,4,14.2,25500000
3,3,4,42500000
3,3,8,36500000
3,3,11.2,14400000
3,4,4.8,25000000
2,2,4.4,7800000
2,2,6.4,5800000
0,0,1,700000
0,0,9.6,4500000
2,4,16,40000000
4,8,8,17500000
2,3,5.4,13500000
2,2,4.2,5000000
2,2,4,2500000
2,3,4.7,3000000
2,2,4,2500000
2,2,4.8,3800000
2,2,2.4,8000000
3,3,3.1,3500000
6,6,6.4,40000000
3,3,8.9,16500000
0,0,4.8,19500000
2,2,5.6,12000000
0,0,2.4,5500000
2,2,5.6,10500000
2,2,4.2,13400000
4,4,10.6,35000000
5,4,4,16100000
0,0,2.4,22500000
2,2,3.3,5900000
2,2,4,5000000
3,3,8,12000000
3,3,5.3,11000000
6,5,1,106500000
4,3,8.7,36000000
5,5,1.2,117500000
2,2,3.3,3500000
5,5,10.9,29800000
1,1,1.8,2100000
4,3,6.7,12900000
0,0,4.8,25000
6,6,1,450000
2,2,4,23000
0,0,4.8,30000
3,3,8.9,110000
5,4,8.7,55000
4,4,1,150000
2,2,4.4,29000
3,6,8,30000
2,3,6.6,25000
2,2,5.3,50000
5,5,16,75000
3,3,9.6,48000
3,3,9.6,40000
3,3,1,170000
3,3,1,140000
3,3,8,53000
3,2,8,40000
3,3,9.3,125000
3,3,8,100000
3,3,7.6,70000
3,3,1,130000
4,3,1.2,120000
3,3,10.2,65000
3,3,7.6,35000
4,3,1,120000
3,3,4.8,26000
3,3,16,90000
4,3,1,130000
5,4,10.2,125000
1,1,2,55000
7,6,1,175000
2,2,7.6,70000
3,3,1,60000
3,3,1,80000
2,2,7.6,50000
3,3,1,70000
2,2,5,29000
6,6,1,275000
5,5,1,200000
3,3,10,30000
2,2,4,25000
10,9,1,350000
0,0,1.2,140000000
7,7,14.2,65000000
3,3,1.2,66000000
0,0,14,75000000
7,6,14.2,60000000
6,6,12.4,55000000
6,6,14.2,62500000
6,5,1.3,95000000
1,1,1.8,8000000
0,0,4,4750000
0,0,5,5250000
0,0,5,7850000
0,0,4,22500000
0,0,4,24500000
0,0,4,27500000
6,5,1.2,120000000
5,5,7,23000000
2,2,3,3200000
0,0,12,35000
0,0,1,30000
0,0,1,40000
3,3,1.2,75000
2,2,14,45000
2,2,5,35000
3,3,1,125000
6,6,16,170000
3,3,4,40000
3,5,5.6,60000
2,2,8,40000
6,5,8,58000
6,5,1,400000
8,8,2.2,190000
2,2,4,28000
4,4,13.3,100000
2,2,7,33000
10,11,12,230000
0,0,5.6,36000
1,1,6,25000
2,2,1.2,80000
3,3,1.2,110000
4,3,1.6,110000
0,0,8,45000
0,3,1,60000
0,3,1,55000
0,3,1,60000
0,2,4,28000
0,2,4.2,30000
6,5,10,42000
2,2,8,22000
4,4,9,40000
4,3,3.5,8500000
4,3,4,12500000
4,3,1,18000000
1,3,11,9000000
6,5,10,23000000
6,5,1,48500000
1,2,3,3500000
4,3,3.5,5200000
6,5,2,175000000
6,5,1,56500000
6,5,1,43500000
2,2,2,5000000
2,2,4,2800000
6,5,10,22500000
4,4,10,25000000
4,4,10,25000000
4,4,10,50000000
3,3,5,11000000
3,3,5,11000000
3,3,5,11000000
6,5,1,52000000
6,5,1,52500000
6,5,1,49000000
6,5,1,55000000
6,5,1,46000000
6,5,1,36000000
6,5,1,47000000
6,5,1,52500000
0,0,10,19000000
3,3,5,12500000
5,5,10,22500000
5,5,1,42000000
5,5,10,22500000
4,3,10,19000000
5,5,10,22500000
3,3,3,7000000
4,4,5,13500000
4,4,5,13500000
5,5,10,22500000
5,5,10,22000000
6,5,1,53000000
3,3,5,10500000
3,3,5,9900000
3,3,5,12000000
3,3,5,9900000
6,6,12,25000000
3,3,5,9800000
3,3,5,9800000
3,3,4,7200000
3,3,4,7500000
3,3,4,8000000
3,3,5,9600000
5,5,8,15000000
5,5,8,15500000
5,5,6,12500000
5,5,6,12000000
5,5,10,16000000
5,5,10,17500000
5,5,10,20000000
5,5,10,17500000
5,5,10,22500000
5,5,10,20000000
3,3,4,8500000
3,3,4,9000000
3,3,4,9500000
3,3,4,10000000
5,5,8,12000000
5,5,8,12500000
5,5,8,13000000
1,1,1.8,3200000
6,6,7,19500000
2,3,12,20000000
5,5,10,21000000
7,5,14,33000000
5,6,1.2,28000000
6,5,10,22500000
6,5,10,22000000
2,2,5,4900000
4,4,10,15000000
6,5,10,24000000
4,4,6,7500000
5,5,5,9000000
4,4,5,9500000
5,5,5,12000000
5,5,7,12500000
5,5,5,9000000
4,4,5,9500000
8,7,10,15000000
2,2,5,6000000
0,0,2.5,5200000
6,5,10,15500000
2,2,3,3200000
5,3,5,11000000
3,2,4,4500000
3,2,4,4500000
3,2,4,4500000
0,0,5.2,3800000
3,3,5,12500000
2,2,4.2,6500000
2,2,4.2,8500000
6,5,14,17500000
5,5,1,300000000
3,3,8,16000000
3,3,8,15500000
3,3,7.1,35000000
3,3,7.3,16500000
1,1,2.7,1480000
3,3,2.6,11500000
2,2,5.3,9960000
3,3,6.1,13400000
2,2,4.8,5000000
3,3,2.6,11500000
3,3,4.9,6800000
2,2,5.1,9200000
6,0,4.8,15000000
3,3,4.9,14500000
2,1,2,7200000
2,3,3.6,5500000
2,5,3.4,8900000
2,2,4.2,5500000
3,2,4.9,5250000
2,2,4.2,4400000
2,2,4.2,6500000
2,2,1.6,2000000
2,2,1.7,6000000
3,3,2.8,11500000
2,2,1.7,6800000
2,2,1.7,8000000
3,3,5.3,10000000
2,2,3.1,6000000
2,2,2.8,5500000
3,3,6.1,15000000
4,4,17.8,27000000
2,2,5.6,12500000
4,4,9.8,32500000
3,3,8,21000000
2,2,5.6,12500000
2,2,5.6,12500000
2,2,5.3,11000000
3,3,8,12000000
3,3,12,65000
3,3,7.1,75000
2,2,2.2,25000
3,3,8,100000
2,2,5,23000
5,5,1,300000
3,3,5.3,12000
6,5,1,225000
2,2,4.9,42000
3,3,4.9,65000
9,8,1.3,400000
1,1,1,22000
1,1,1,25000
6,6,1.2,180000
3,3,4.8,31000
3,3,16,50000
4,3,9.8,85000
3,3,8.9,65000
5,3,14.4,170000
2,2,4.8,20000
3,3,5.3,54000
2,2,1,75000
2,2,1,75000
3,3,8,75000
3,3,8,75000
2,2,4.8,60000
2,2,4,45000
3,3,1,145000
1,1,12,30000
1,1,1,25000
1,1,1,40000
1,1,1,50000
6,5,1,235000
0,0,4.2,32000
0,0,4.2,32000
0,0,4.2,32000
3,3,1,90000
0,0,4.2,35000
3,3,8.9,75000
3,3,6.7,70000
2,2,3.1,18000
3,3,8.9,75000
0,0,1,65000
0,0,6,40000
0,0,1,55000
0,0,6,50000
6,5,1,42500000
5,4,10,28000000
6,5,1,42500000
6,5,1,42500000
6,5,1,42500000
6,5,1,42500000
6,5,1,42500000
6,5,1,42500000
6,5,1,42500000
6,5,1,42500000
6,5,1,42500000
6,5,1,42500000
6,5,1,42500000
6,5,1,42500000
6,5,1,42500000
6,5,1,42500000
6,5,1,42500000
6,5,1,42500000
6,5,1,42500000
6,5,1,42500000
5,4,10,28000000
5,4,10,28000000
5,4,10,28000000
5,4,10,28000000
5,4,10,28000000
5,4,10,28000000
5,4,10,28000000
5,4,10,28000000
5,4,10,28000000
5,4,10,28000000
5,4,10,28000000
2,3,4.9,13500000
5,4,10,28000000
5,4,10,28000000
5,4,10,28000000
5,4,10,28000000
5,4,10,28000000
5,4,10,28000000
5,4,10,28000000
5,4,10,28000000
5,4,10,28000000
5,4,10,28000000
5,4,10,28000000
5,4,10,28000000
5,4,10,28000000
3,3,5,14000000
3,3,5,14000000
3,3,5,14000000
3,3,5,14000000
3,3,5,14000000
3,3,5,14000000
3,3,5,14000000
3,3,5,14000000
3,3,5,14000000
3,3,5,14000000
3,3,5,14000000
3,3,5,14000000
3,3,5,14000000
0,3,8,6000000
0,3,8,4500000
0,3,8,7500000
0,3,8,6000000
0,3,8,4500000
4,4,5,24000000
3,3,7,23000
1,1,2.2,26000
6,4,10,60000
8,6,1,120000
3,3,10,35000
4,4,1,75000
3,3,14,35000
2,2,5,20000
3,3,10,35000
2,2,7,22000
3,3,8,25000
5,5,10,50000
2,2,5,20000
3,3,8,27000
3,3,8,26000
2,2,5,15000
2,2,6,17000
5,5,8,13500000
5,5,8,14000000
5,5,8,14500000
5,5,10,19900000
3,3,5,12500000
3,3,3,5500000
5,5,10,22500000
3,3,3,5500000
3,3,3,5500000
3,3,3,5500000
3,3,3,5500000
5,5,12,26000000
4,4,7,16000000
5,4,10,27000000
6,5,1,39000000
2,2,10.2,10500000
2,2,10.2,10500000
2,2,5.3,11000000
4,4,8,17500000
2,2,4,8500000
3,3,8,15000000
3,3,6.9,17000000
3,3,6,10000000
3,3,6,8500000
4,4,8,13500000
3,3,8,13500000
3,3,7.1,21000000
3,3,7.1,20500000
3,3,7.1,20000000
4,4,9.8,22500000
2,2,3.6,6000000
2,2,4.2,5000000
2,2,3.8,5200000
3,3,8,13000000
3,3,8,20000000
3,3,6,14500000
4,4,13.1,14500000
3,3,10,10500000
2,2,4.2,5600000
3,3,6,13000000
3,3,8,12500000
3,3,6,13000000
3,3,6,10000000
3,3,6,8500000
3,3,6,8500000
3,3,8,20000000
4,4,13.1,14500000
3,3,6,14500000
3,3,10,10500000
2,2,4.2,5600000
3,3,8,13000000
3,3,8,12900000
3,3,8,13000000
4,3,7.1,32500000
2,2,8,13000000
3,3,10,9800000
2,2,4.2,4600000
3,3,6,13500000
3,3,8,12500000
2,2,4.2,7200000
2,2,4.2,6800000
4,4,17.8,28000000
2,2,3.3,4150000
2,2,3.3,3900000
2,2,3.3,4000000
2,2,3.3,3900000
2,2,3.3,3950000
2,2,3.3,4000000
2,2,3.3,3950000
2,2,3.3,4050000
2,2,3.3,4050000
2,2,3.3,4050000
2,2,3.3,3950000
2,2,2.4,3000000
2,2,2.4,3000000
2,2,2.4,2900000
2,2,2.4,3050000
2,2,2.4,3000000
2,2,2.4,3050000
2,2,2.4,2900000
2,2,2.4,2900000
2,2,2.4,3050000
2,2,2.4,2950000
2,2,2.4,2950000
2,2,2.4,3050000
2,2,2.4,2950000
2,2,2.4,3000000
2,2,3.3,4050000
2,2,3.3,3950000
2,2,3.3,3950000
2,2,3.3,4100000
1,1,2,1425000
2,2,4.2,6500000
5,5,1,38500000
3,3,6,10000000
3,3,8,14000000
1,1,2,1450000
1,1,2,1425000
1,1,2,1425000
1,1,2,1425000
1,1,2,1400000
1,1,2,1450000
1,1,2,1450000
1,1,2,1400000
1,1,2,1425000
1,1,2,1425000
1,1,2,1425000
1,1,2,1400000
1,1,2,1400000
1,1,2,1400000
1,1,2,1425000
1,1,2,1425000
1,1,2,1400000
1,1,2,1400000
1,1,2,1400000
6,6,4,22500000
1,1,5,16000
2,2,5,25000
1,1,1.1,16000
1,1,1.1,18000
2,2,3.8,35000
8,6,2.1,1240000
2,1,5,26000
1,2,3.3,22000
2,2,6,40000
2,2,5,32000
0,0,6,40000
2,2,4,25000
4,4,4,65000
4,3,1,130000
4,4,6,17500000
6,6,4,16000000
6,6,1,39000000
0,0,4,8800000
0,0,7,23500000
6,6,1,40000000
4,4,7,18000000
0,0,7,31500000
6,6,14,30000000
4,4,14,31500000
4,4,7,18000000
4,4,7,18000000
4,4,7,18500000
4,4,14,31000000
4,4,14,30500000
0,2,5,4000000
0,2,5,4000000
6,6,14,80000
3,3,14,38000
3,3,14,38000
3,3,14,38000
3,3,14,80000
3,3,1,89000
3,3,14,80000
9,8,2,740000
3,3,1,60000
3,3,14,37000
4,4,7,60000
3,3,1,53000
2,2,7,42000
0,0,1,80000
4,4,7,55000
0,0,6,120000
4,4,7,60000
4,4,7,62000
2,2,7,26000
0,0,5,10000000
0,0,5,16000000
0,0,6,17000000
0,0,5,8800000
0,0,3,7000000
2,2,3.3,6000000
4,4,3,15000000
4,4,3,14000000
4,4,4.5,12000000
4,4,2.5,7500000
6,6,10,22000000
0,0,3,32000
0,0,4,50000
0,0,3,25000
0,0,3,14000
0,0,4,23000
0,0,3,31000
0,0,3,16000
2,2,5,25000
4,4,5,12000000
4,3,5,12000000
4,3,5,12000000
2,2,5,4000000
4,3,3,8700000
5,5,10,22500000
5,5,10,22500000
4,3,5,11500000
4,3,3,8700000
4,3,5,11500000
4,3,5,10800000
4,3,5,11000000
4,3,5,10600000
4,3,5,12500000
3,3,2,4000000
4,4,2,5000000
5,5,18,25000000
3,3,3,7500000
3,3,5,13000000
3,3,5,12500000
5,5,10,24500000
3,3,5,12500000
3,3,5,12500000
5,5,10,23000000
3,3,5,12500000
3,3,5,12500000
3,3,5,12500000
4,3,5,11000000
3,3,5,13000000
4,3,5,12000000
4,3,5,11000000
3,3,5,12500000
4,3,5,11000000
4,4,5,10500000
4,3,5,11500000
5,5,5,8500000
4,4,6,12000000
2,2,2,2800000
2,2,2,3000000
2,2,2,3200000
0,4,8,16000000
4,3,5,11500000
3,3,5,13000000
4,3,5,11500000
4,3,5,12500000
4,4,8,19500000
5,5,5,14500000
1,2,5,3700000
3,3,3,4600000
3,3,3,4400000
3,3,10,10000000
5,5,5,12500000
1,2,5,2400000
5,5,5,13000000
5,5,1,49000000
1,2,5,2100000
5,5,5,12500000
4,3,5,8500000
4,3,5,10000000
5,4,10,20000000
5,4,10,25000000
4,3,6,9500000
1,2,5,1900000
5,5,5,13000000
5,5,1,46000000
1,1,2.2,5000000
6,5,12,29000000
2,3,5,5300000
9,6,10,34000000
3,3,10,14000000
5,5,5,14500000
3,3,10,15500000
1,2,5,3900000
5,5,5,14500000
5,5,5,14500000
1,2,5,3700000
0,5,1,65000000
0,5,1,70000000
0,5,1,64000000
0,3,1,47500000
0,5,1,100000000
0,0,6,350000000
0,8,3,150000000
0,6,2,110000000
0,4,7,19000000
0,5,10,22500000
0,4,10,22500000
0,6,1,150000000
0,0,10,25000000
0,0,10,25000000
0,0,5,10000000
0,0,5,10000000
0,0,5,10000000
0,0,5,10000000
0,0,6,10000000
0,0,5,9500000
0,0,5,11000000
0,0,5,10000000
0,0,5,10000000
0,0,5,10000000
0,0,5,10000000
0,0,5,10000000
0,0,5,10000000
0,0,5,10000000
0,0,5,10000000
0,0,5,10000000
0,0,5,10000000
0,0,7,14500000
0,0,7,14500000
0,0,5,14500000
0,0,5,10000000
0,0,5,10000000
0,0,5,10000000
0,0,5,10000000
0,0,5,10000000
0,0,5,10000000
0,0,5,10000000
3,3,8,30000
2,2,4.2,20000
0,6,2.2,300000
1,1,2,1450000
1,1,2,1400000
1,1,2,1425000
1,1,2,1425000
1,1,2,1450000
1,1,2,1425000
1,1,2,1425000
1,1,2,1425000
1,1,2,1400000
1,1,2,1450000
1,1,2,1400000
0,5,1,150000000
0,6,1,110000000
0,6,1,135000000
0,6,4,330000000
0,3,8,62500000
0,5,1,165000000
0,5,1,155000000
2,2,3.6,2500000
1,1,2,1400000
1,1,2,1400000
1,1,2,1450000
1,1,2,1400000
1,1,2,1425000
1,1,2,1400000
1,1,2,1400000
1,1,2,1400000
1,1,2,1450000
1,1,2,1400000
1,1,2,1425000
1,1,2,1450000
1,1,2,1450000
2,2,3.3,3900000
2,2,3.3,3900000
1,1,1.6,1900000
1,1,1.6,1900000
1,1,1.6,1900000
1,1,1.6,1900000
1,1,1.6,1900000
1,1,1.6,1900000
1,1,1.6,1900000
1,1,1.6,1900000
1,1,1.6,1900000
1,1,1.6,1900000
1,1,1.6,1900000
1,1,1.6,1900000
2,2,3.3,3900000
2,2,3.3,3900000
2,2,3.3,3900000
2,2,3.3,3900000
2,4,3.6,12500000
3,3,4.2,15500000
0,3,10.2,12500000
3,3,8,21000000
2,2,4.2,35000
0,0,1,250000
7,6,1,390000
8,7,1,324000
3,3,8,23000
10,9,1,350000
0,0,1,45000
10,11,5.4,1450000
6,6,8,50000
6,6,1,28000000
6,6,12,31500000
1,1,4.2,4800000
2,2,4.7,5800000
3,3,10,15000000
8,7,1.3,85000000
2,2,5.1,9500000
2,2,7.3,12500000
1,0,5.6,9000000
6,6,12,32500000
0,0,5,11000000
0,0,5,11000000
6,6,12,26000000
8,6,1.9,8500000
6,6,12,30000000
6,6,12,32500000
0,5,14,38000000
0,0,4,17000000
0,0,4,17500000
0,0,4,19000000
0,0,5,25000000
0,0,5,22000000
0,0,5,24000000
9,6,4,1650000
9,8,1.3,340000
6,5,1,240000
0,0,2,950000
1,1,4.2,55000
2,2,4.7,70000
3,3,10,160000
0,0,1,180000
2,2,7.3,50000
2,2,7.3,70000
9,8,1.2,415000
1,0,5.6,50000
1,0,5.6,50000
1,0,5.6,50000
0,0,2,900000
0,0,1,55000
0,0,1,55000
5,4,1,176000
0,0,2,880000
0,0,1,45000
0,0,1,45000
0,0,1,50000
0,0,2,850000
0,0,1,50000
2,2,1.3,80000
0,0,1,60000
0,0,12,60000
0,0,1,60000
0,0,10,45000
10,11,2.9,540000
0,0,2,830000
0,0,1,125000
0,0,1,125000
2,2,4,35000
2,2,4,36000
2,2,4,37000
2,2,4,38000
2,2,4,39000
2,2,4,40000
2,2,4,41000
2,2,4,42000
2,2,4,43000
2,2,4,44000
2,2,4,45000
2,2,5,35000
2,2,5,36000
2,2,5,37000
2,2,5,38000
2,2,5,38000
2,2,5,39000
2,2,5,40000
2,2,5,41000
2,2,5,42000
3,3,1,50000
4,4,14,80000
2,2,10,37000
3,3,10,35000
3,2,10,27000
3,2,10,35000
3,3,10,38000
3,3,5,20000
2,2,10,35000
2,2,10,33000
2,2,10,31000
2,2,10,34000
2,2,10,50000
2,2,10,30000
3,3,10,35000
2,2,10,27000
2,2,10,32000
2,2,10,30000
3,3,10,37000
3,3,10,11500000
4,4,13,15000000
4,4,13,17200000
1,2,5,2300000
4,4,13,18500000
3,3,10,20000000
5,5,5,16500000
3,3,10,21000000
1,2,5,2000000
4,4,10,25000000
5,5,10,32500000
1,2,5,1800000
4,4,5,9000000
5,4,5,14000000
6,6,6,15000000
4,4,10,20000000
4,4,5,6500000
5,5,5,15000000
3,3,2,5000000
7,7,5,14000000
0,0,5,9000000
0,0,5,9000000
0,0,5,8500000
0,0,5,8500000
0,0,3,5500000
0,3,3,5500000
0,3,3,5600000
0,3,3,5800000
0,5,5,10000000
4,4,5,12000000
4,4,5,12000000
6,6,1,35000000
4,4,7,16000000
3,3,3,7000000
3,3,3,7000000
3,3,3,5300000
3,3,3,5000000
3,3,3,5200000
4,4,7,14000000
4,4,5,11500000
3,3,3,5500000
3,3,3,7200000
3,3,3,7200000
4,4,5,11500000
3,3,3,7000000
4,4,7,14000000
3,3,3,4500000
3,3,3,5200000
2,2,3,3300000
3,3,3,7500000
2,2,3,4500000
5,5,3,5000000
4,4,7,17000000
4,4,9,17500000
4,4,7,16500000
4,4,7,16500000
5,5,10,17500000
4,4,1,19500000
4,4,1,19200000
4,4,1,19000000
4,4,1,18800000
5,5,10,21000000
4,4,1,18700000
4,4,1,18500000
4,4,1,18300000
4,4,1,18000000
5,5,10,21000000
5,5,10,22000000
4,3,3,9500000
2,3,3,5850000
4,3,3.5,12000000
5,5,10,21000000
4,3,3,9500000
4,3,3.5,12000000
4,3,3,9500000
5,5,1,35000000
4,3,3,9500000
5,5,1,32500000
5,5,1,32500000
4,3,4,13500000
5,5,1,50000000
4,3,4,13500000
0,0,5,10000000
0,0,5,10000000
0,0,5,10000000
0,0,5,10000000
0,0,5,10000000
0,0,5,10000000
0,0,5,10000000
0,0,5,10000000
0,0,5,11000000
0,0,5,10000000
0,0,5,10000000
0,0,5,11000000
0,0,5,10000000
0,0,7,15000000
0,0,5,10000000
0,0,5,10000000
0,0,5,10000000
0,6,1.6,35000000
0,5,10,20000000
0,5,12,24000000
6,6,7.6,15000000
0,0,4,3800000
0,0,11,25000000
0,0,4,6500000
0,0,11,11000000
0,0,4.5,3900000
0,0,8,11000000
0,0,5,10000000
0,0,3.5,2400000
0,0,3.5,3100000
0,0,3.5,3100000
0,7,1,25000000
0,6,10,15000000
0,4,10,14000000
0,6,1,19500000
0,6,1,18500000
0,10,1,25000000
0,5,10,13500000
0,4,10,14500000
0,3,10,8500000
0,6,10,13000000
0,4,5,8000000
0,3,5,5500000
0,3,10,9000000
0,2,10,9000000
0,5,1,31500000
0,5,7,14500000
0,5,10,21000000
5,5,1.6,66000000
5,5,1.2,57500000
6,6,1.3,35000000
5,5,16,35000000
4,4,13.3,20000000
3,3,8,20900000
3,3,8,20800000
3,3,8,20700000
3,3,8,20600000
3,3,8,20400000
3,3,8,20200000
3,3,8,20100000
4,4,4.8,52500000
5,5,1,80000000
3,3,8,20300000
3,3,8,20500000
3,3,8,20000000
3,3,8,16000000
3,3,8,16000000
5,4,4,46000000
7,8,9.6,40000000
3,3,1.2,70000000
4,3,8,12500000
5,4,4,125000
3,3,1,125000
3,3,5.3,58000
2,2,4,38000
2,2,2.2,25000
3,3,4.9,38000
2,2,2.9,19000
0,0,2,800000
0,0,6,40000
0,0,10,50000
0,0,10,50000
0,0,8,50000
0,0,10,75000
0,0,2,780000
0,0,10,75000
0,0,14,65000
0,0,1.2,85000
0,0,1,85000
0,0,14,60000
0,0,14,60000
0,0,1.2,95000
0,0,1,90000
0,0,4,50000
0,0,4,50000
0,0,10,65000
0,0,2,750000
0,0,10,65000
0,0,1,50000
4,3,1,60000
0,0,5,25000000
0,0,6,23000000
0,0,4,16000000
0,0,4.4,15000000
6,6,12,30000000
8,6,2.3,25000000
4,4,7,17000000
3,5,3,5000000
2,2,3,3700000
0,3,4,5500000
0,3,4,5500000
0,3,4,5500000
0,6,5,7600000
6,5,7,16500000
0,0,4,27500000
0,0,4,30000000
3,3,11.8,16500000
5,3,11,18500000
4,5,14.2,36500000
6,7,10.9,38500000
3,3,11.8,17500000
2,3,6.7,25000000
3,3,11.8,18500000
0,0,1,50000
0,0,8,45000
0,0,1,55000
0,0,1,55000
0,0,6,40000
0,0,10,50000
0,0,1,90000
0,0,6,42000
0,0,1.3,700000
0,0,1,85000
0,0,9,50000
0,0,8,50000
0,0,10,32000
0,0,10,32000
0,0,10,35000
0,0,10,35000
4,3,1.3,250000
0,0,1,140000
3,3,1.3,120000
0,0,1,140000
0,0,6,40000
0,0,1.3,680000
3,3,12,48000
0,0,1,130000
0,0,1.3,630000
0,0,1,130000
2,2,8,35000
0,0,1,75000
9,8,1.3,490000
0,0,1.3,600000
0,0,1,110000
0,0,1.3,580000
0,0,1,110000
2,2,5,35000
3,3,14.2,65000
0,0,1.3,550000
0,0,11.8,35000
2,2,10,30000
2,2,10,28000
2,2,10,26000
2,2,10,24000
2,2,10,22000
4,4,1,65000
4,4,10,70000
3,3,1,50000
2,2,10,40000
3,3,10,35000
4,4,10,75000
3,3,10,40000
3,3,14,60000
4,4,10,40000
2,2,10,30000
0,4,1,35000
0,1,2.8,35000
0,5,1,115000
2,2,4,11000000
4,3,4,9000000
6,7,7,17500000
2,2,6,3000000
2,2,3,3000000
4,4,6,13500000
3,3,5,15200000
3,3,5,14800000
3,3,5,13500000
3,3,5,13500000
3,3,3,6000000
4,4,4,7500000
3,3,5,13800000
3,3,5,13800000
4,4,10,16500000
3,3,6,13500000
3,3,3,7500000
3,3,8,15000000
3,3,4,7500000
1,1,4,15000000
0,0,5,9800000
0,0,5,7300000
0,0,4,7500000
3,3,5,9000000
4,4,5,13000000
0,6,5,15000000
0,5,5,9000000
0,5,10,15000000
0,5,6,10000000
0,5,13,23500000
0,5,5,12500000
0,3,3,6500000
0,6,5,12000000
0,1,2.2,2500000
0,3,3,8500000
2,3,3,5850000
2,3,3,5850000
2,3,3,5850000
2,3,3,5750000
6,5,1,49000000
2,3,3,5850000
2,3,3,5850000
2,3,3,5750000
2,3,3,5750000
2,3,3,5750000
6,5,1,50000000
6,5,8,16000000
6,5,1,55000000
2,3,3,5750000
6,5,1,62500000
2,3,3,5750000
6,5,1,52500000
6,5,1,50000000
6,5,1,72500000
6,5,1,48500000
6,5,8,16500000
6,5,8,17000000
6,5,8,16900000
6,5,8,16500000
2,3,2.5,4000000
4,4,6,9200000
0,4,10,22500000
0,4,10,24000000
0,5,10,23500000
0,4,10,21000000
0,4,10,20000000
0,4,10,21000000
0,5,10,30000000
0,5,10,22500000
0,4,10,20000000
0,3,10,16500000
7,6,5,13500000
6,5,8,16500000
3,3,8,10000000
6,5,8,16000000
3,3,2,3500000
6,5,8,16500000
0,0,10,18500000
5,5,5,13500000
4,4,5,10000000
4,4,5,10000000
6,6,10,19000000
0,1,3.8,6700000
0,2,7.6,11500000
0,2,7,11800000
0,2,3.5,3100000
0,2,5.8,9700000
0,3,7.1,11700000
0,1,2.7,4583000
0,2,5.2,8790000
0,3,7,11800000
0,4,10.4,17500000
0,5,1,17500000
0,6,1,18000000
0,4,10,15000000
0,4,10,13500000
0,0,5.5,13500000
0,6,10,18000000
0,0,6,13500000
0,0,10,21000000
0,0,4,7500000
0,0,5.5,9500000
0,0,5,8000000
0,5,7,14500000
0,0,5,14000000
4,5,7,15000000
0,2,4.2,8000000
0,2,4.2,7500000
2,2,4.2,5500000
3,3,7.1,13000000
2,2,4.2,10000000
4,4,14,16900000
4,4,9.3,33000000
0,2,4.4,4800000
0,2,3.3,4200000
2,2,4.9,8030000
2,2,2.9,5500000
4,4,4,100000
2,2,4.4,33000
2,2,4.4,30000
2,2,4.8,26000
2,2,2.2,20000
2,2,2.9,22000
2,2,4.7,40000
1,2,2,12000
2,2,4,22000
0,0,11.8,35000
0,0,1.3,530000
0,0,11.8,45000
0,0,11.8,45000
2,2,10,48000
0,0,1.3,500000
0,0,1.3,480000
3,3,14.2,68000
0,0,2,980000
3,3,14.2,65000
2,2,1,55000
0,0,2,960000
2,2,10,48000
0,0,2,950000
0,0,11.8,45000
0,0,11.8,45000
0,0,11.8,35000
0,0,2,930000
0,0,11.8,35000
0,0,11.8,35000
0,0,2,900000
0,0,1,150000
0,0,1,120000
0,0,1,130000
0,0,1,150000
2,2,4,25000
2,2,4,45000
3,3,8,35000
3,3,8,60000
3,3,8,65000
0,0,1,35000
3,3,10,40000
3,3,10,80000
3,3,10,85000
3,3,10,60000
3,3,10,60000
2,2,8,40000
2,2,14.2,40000
0,0,1,40000
0,0,1,40000
0,0,1,30000
0,0,2,890000
2,2,5,36000
0,0,2,870000
3,3,1,75000
0,0,1,50000
3,3,10,50000
0,0,1,70000
0,0,2,850000
0,0,1,35000
3,3,1,60000
0,0,1,35000
0,0,2,800000
4,4,5.6,25500000
4,4,14.2,50000000
4,4,6.7,32500000
0,0,11,34000000
4,4,10.9,32500000
3,3,12,45000000
5,6,1.2,45000000
8,5,5.5,37500000
0,4,10,13000000
0,0,14.2,19000000
0,6,10,15500000
0,0,5,8000000
0,4,9.3,19000000
0,8,1,36000000
0,0,12.1,18000000
0,0,1,140000
0,0,3,15000
0,0,3,15000
0,0,3,15000
0,0,3,15000
0,0,3,15000
0,0,3,15000
0,0,3,15000
0,0,3,15000
5,5,9,50000
0,0,3,15000
0,0,3,15000
0,0,3,15000
0,0,3,15000
0,0,3,15000
0,0,3,15000
0,0,3,15000
0,0,3,15000
0,0,3,15000
0,0,3,15000
2,2,5,25000
0,0,3,15000
0,0,5,16000
0,0,3,15000
0,0,5,17000
0,0,12,35000
0,0,5,18000
0,0,5,19000
0,0,5,20000
0,0,5,21000
0,0,5,22000
0,0,5,23000
0,0,5,24000
0,0,5,25000
0,0,5,21000
0,0,5,22000
0,0,5,23000
0,0,5,24000
0,0,5,25000
0,0,5,26000
0,0,5,27000
0,0,5,28000
0,0,5,29000
0,0,5,30000
3,3,1,100000
3,3,10,60000
3,3,3,4200000
4,3,5,13000000
5,5,5,10500000
0,5,10,22500000
0,2,3,3300000
3,3,3,4000000
6,5,8,16500000
3,3,4,8500000
6,5,1,50000000
7,6,10,25000000
4,3,4.5,9500000
5,4,10,40000000
4,4,6,8200000
6,5,10,20000000
6,5,10,20000000
3,3,4,5000000
3,3,7,21000000
4,4,4,7500000
4,4,2,5500000
4,4,2,5500000
3,3,2,3500000
3,3,3,3600000
3,3,4,7000000
3,3,3,4200000
6,5,1,61000000
0,4,10,17500000
0,3,8,15000000
0,3,5,11000000
0,4,12,23000000
0,5,14,35000000
0,3,8,13000000
0,4,10,23000000
6,5,1,60000000
3,3,4,5000000
5,4,10,26500000
4,3,5,12000000
3,3,4,8000000
2,2,4,6000000
3,3,4,7500000
3,3,2,3250000
0,5,1,56000000
0,6,1,47500000
0,5,5,15500000
0,6,1,42500000
0,5,1,41000000
0,5,1,37500000
3,3,3,4800000
5,4,9,22000000
4,4,1,18500000
0,5,10,22500000
0,5,10,25000000
0,5,10,27000000
5,4,10,23500000
6,5,1,57500000
4,4,2,4000000
4,4,4,8500000
3,3,5,7500000
3,3,2,6200000
3,3,3,8000000
3,3,3,8000000
3,3,3,8000000
3,3,3,8000000
3,3,3,8000000
3,3,3.5,7500000
3,3,3,8000000
3,3,3,8000000
3,3,3,8000000
3,3,3,8000000
3,3,3,8000000
2,2,2,6000000
3,3,6,8200000
3,3,3,4800000
0,1,0.9,3500000
0,1,0.9,1500000
0,2,5.1,5000000
0,4,10,22500000
0,6,10,18000000
0,4,5,11500000
0,5,10,32500000
3,3,8,14000000
3,3,8,13900000
3,3,8,13800000
3,3,9.6,14500000
3,3,8,13500000
2,2,4.2,5300000
0,3,7.1,15500000
0,3,6.2,9500000
0,2,4.2,7500000
0,2,4.2,5200000
0,2,3.3,5200000
0,2,4.4,5200000
0,3,9.6,28000000
0,0,19.2,85000000
0,2,4.4,6500000
0,3,6.2,12000000
2,2,4.2,5000000
3,3,8,20800000
3,3,8,20600000
3,3,8,20500000
3,3,8,20800000
3,3,8,20400000
3,3,8,21000000
5,4,9.8,31500000
4,4,4.8,12000000
0,2,4.4,4800000
0,2,3.3,4200000
4,4,10.6,45000000
3,3,6,15400000
3,4,5.3,5200000
3,3,6,15300000
3,3,6,15200000
3,3,6,15100000
3,3,6,14900000
3,3,6,15000000
3,3,6,14600000
3,3,6,14800000
3,3,6,14700000
3,3,6,14500000
3,2,4.8,5500000
3,3,5,10800000
0,6,17.3,50000000
0,3,2,42000000
0,2,3.1,3200000
0,3,8,8500000
0,3,8,9000000
0,4,4.8,19500000
6,6,11,80000000
2,2,4.2,5200000
3,3,6,14500000
3,3,6,14800000
3,3,8,18500000
2,2,4.8,7300000
3,3,8,21500000
3,3,8,21000000
3,3,8,20500000
2,2,4.2,5400000
3,3,8,20000000
2,2,4.2,5300000
3,3,4.8,8400000
1,1,1.2,1480000
3,3,6,8000000
2,2,4.2,7000000
2,2,4.2,6900000
3,3,6.7,27500000
2,2,4.2,6800000
2,2,4.2,6700000
2,2,4.2,6600000
2,2,4.2,6500000
2,2,4.2,6300000
2,2,4.2,6200000
2,2,4.2,6100000
2,2,4.2,6000000
3,3,9.4,9000000
4,4,9.7,27500000
2,2,3.1,2600000
7,6,1,47500000
0,5,9.3,17500000
4,4,5,9500000
2,3,4,9500000
4,3,5,10000000
1,1,2,6400000
0,0,1,70000
3,3,12,70000
0,0,1,125000
0,0,2,780000
3,2,5,40000
0,0,1,35000
0,0,1,65000
0,0,1.3,750000
0,0,1,47000
0,0,1.3,730000
0,0,1,55000
0,0,1.3,700000
0,0,1,60000
2,2,4.4,28000
0,0,1.3,680000
0,0,1,65000
0,0,1.3,650000
0,0,5,23000
0,0,1.3,600000
3,3,1,70000
0,0,1.3,580000
3,3,5,35000
0,0,1.3,550000
0,0,1.3,500000
0,0,1.3,480000
0,0,1.3,450000
0,4,5,40000
0,4,5,40000
0,2,2.5,11000
0,0,2,750000
0,0,2,700000
0,2,9.3,25000
0,4,5,35000
3,3,4,10000
0,0,1.3,650000
0,0,1.3,650000
6,5,1.3,210000
0,0,1.3,620000
7,6,4,400000
0,0,1.3,600000
1,1,1.8,22000
0,0,1.3,580000
2,2,3.3,30000
0,0,1.3,550000
7,6,1,450000
1,1,1,3200000
2,2,2.9,9600000
3,3,11.8,20000000
7,6,1,33000000
0,0,4.1,4562000
0,0,1.5,1663000
0,0,5,5629000
0,0,5,5629000
0,0,4.1,4562000
0,0,1.5,1663000
0,0,5,5629000
0,0,5,5629000
0,0,4.1,4562000
0,0,1.5,1663000
0,0,5,5629000
0,0,5,5629000
0,0,4.1,4562000
0,0,1.5,1663000
0,0,5,5629000
0,0,5,5629000
4,5,10,19500000
4,4,7,14500000
0,0,5,12000000
0,0,5,9000000
0,0,5,9500000
0,0,3.5,3500000
0,0,7,8500000
3,3,13,12000000
3,3,13,12000000
3,3,10,9800000
2,2,5,5800000
3,3,10,9800000
3,3,10,9500000
3,3,10,9500000
3,3,10,9200000
5,4,8,11500000
4,3,10,8500000
0,6,12.4,30000000
5,5,10,25000000
6,5,7,15000000
0,6,12.4,26000000
0,0,8,35000
0,0,6,30000
0,0,7,55000
0,0,7,25000
0,0,12,20000
0,0,14,22000
2,3,7,65000
0,6,12.4,80000
3,3,3,4200000
3,3,5,13500000
5,5,1,39000000
5,5,1,41000000
5,5,1,42500000
7,7,1,40000000
2,2,2,3500000
4,3,5,16000000
6,5,1,36500000
4,4,4,6000000
4,4,3,5000000
3,3,5,9700000
3,3,5,8800000
7,7,10,23800000
3,3,5,9500000
3,3,5,9200000
3,3,5,8700000
3,3,5,9500000
5,5,1,40000000
5,4,7,15000000
5,4,10,34000000
0,1,3.5,6000000
0,2,7.5,16000000
0,5,10,25000000
0,4,10,25000000
0,3,12,23000000
0,3,5,11000000
0,3,5,11000000
0,3,11,10000000
0,6,10,25000000
0,6,2,100000000
6,4,1,56000000
5,5,1,37000000
4,4,1,26500000
4,4,1,26500000
4,4,1,26500000
6,5,1,36500000
4,4,1,26500000
4,4,1,26600000
4,4,1,26600000
4,4,1,26800000
4,4,1,26800000
4,4,1,26800000
4,4,1,27000000
4,4,1,27000000
4,4,1,27000000
4,4,1,27500000
4,4,1,27500000
4,4,1,27500000
4,4,1,37500000
4,4,1,37500000
4,4,1,37500000
5,5,2,52500000
5,5,2,52500000
5,5,2,52500000
5,5,2,53000000
5,5,2,53000000
5,5,2,53000000
5,5,2,53000000
5,5,1,42500000
6,5,1,45000000
6,5,10,21000000
3,3,2,4700000
5,4,10,19500000
1,2,2.5,3200000
5,5,1,38000000
7,6,2,130000000
5,6,1,45000000
6,5,12,23000000
0,3,1,15000000
0,6,10,13500000
0,4,10,15000000
3,4,4,4850000
0,0,10,13500000
0,3,1,15000000
0,6,10,13500000
0,2,5,11000000
0,2,5,12000000
0,0,10,20000000
0,0,5,15000000
0,0,5,6500000
0,0,5,13500000
0,0,6,7000000
0,0,6,8500000
0,0,6,8500000
1,2,2,12000
10,11,2,800000
3,3,8,36000
4,4,4.8,23000000
2,2,4.4,4000000
0,7,1.2,75000000
4,4,4.8,23000000
2,3,9.6,16000000
2,3,8,32500000
3,7,4.8,14500000
2,2,4.9,6000000
3,3,9.4,9500000
0,3,12.3,45000000
0,2,4.7,7500000
0,3,12.3,45000000
4,4,14,16000000
0,0,6.4,6700000
2,2,3.7,3600000
3,3,8,14400000
3,3,8,14300000
3,3,8,14200000
3,3,8,14100000
3,3,8,14000000
3,3,8,13900000
3,3,8,13800000
3,3,8,13700000
3,3,8,13600000
3,3,8,13500000
3,3,8,20000000
3,3,8,13500000
3,3,8,20000000
3,3,8,13500000
3,3,8,20000000
3,3,8,13500000
3,3,8,20000000
3,3,8,13500000
2,2,4.7,8500000
3,3,8,20000000
7,7,1,85000000
3,3,8,13500000
3,3,8,20000000
3,3,8,13500000
3,3,8,20000000
3,3,8,13500000
3,3,8,20000000
3,3,8,13500000
3,3,8,20000000
3,3,8,13500000
3,3,8,20000000
3,3,8,13500000
3,3,8,13500000
3,3,8,20000000
3,3,8,13500000
3,3,8,20000000
3,3,8,13500000
3,3,8,20000000
3,3,8,13500000
3,3,8,20000000
3,3,8,13500000
3,3,8,20000000
3,3,6.7,13000000
3,3,8,13500000
3,3,8,20000000
6,6,12,75000000
6,6,1,110000000
6,6,1.2,135000000
5,5,17.1,13500000
6,6,1,95000000
0,2,3.3,3400000
0,2,3.8,5500000
0,3,4.4,5000000
0,6,8,32500000
0,4,4.8,16000000
0,4,4.8,18000000
0,4,4.8,17500000
0,6,9.6,32000000
0,6,9.6,33500000
2,2,2.9,4500000
0,2,4,6500000
0,3,4.9,10000000
0,3,5,12500000
0,2,4,6800000
4,4,10.2,58000000
0,0,1.3,500000
3,3,12,70000
0,0,1.3,480000
4,4,6,50000
0,0,1.3,450000
4,3,1,55000
4,3,1,42000
0,0,1.3,450000
3,3,1,45000
0,0,1.3,430000
3,3,1,38000
0,0,1.3,400000
3,3,1,39000
0,0,1.3,350000
0,0,1,300000
5,5,1.3,180000
0,0,1,280000
5,5,7,90000
4,3,13.3,237000
2,1,5,22000
2,2,4.4,57000
4,3,1,62000
0,0,1,250000
0,0,1,230000
2,2,3.8,25000
3,3,10,48000
0,0,1,200000
1,1,2.4,24000
2,1,6.7,180000
0,0,1,150000
3,3,12,55000
5,4,16,140000
0,2,8,45000
0,2,10.9,47000
0,3,14.2,55000
0,2,5,28000
0,2,5,37000
0,2,5,37000
0,2,3.6,28000
0,2,3.6,27000
0,2,3.6,28000
0,2,3,27000
0,2,3.6,32000
0,10,1,350000
3,3,1.3,250000
3,3,10.9,45000
4,4,1,55000
2,2,8,29000
3,3,14.2,40000
3,3,14.2,39000
2,2,8,30000
2,2,8,28000
4,4,1,55000
3,3,14.2,45000
0,0,5,3500000
0,2,6.8,6900000
0,2,3.6,3600000
0,3,4.9,5200000
0,3,6.7,6600000
0,1,3.5,4300000
0,1,3.5,4300000
1,1,2.4,3900000
8,6,2.6,45000000
0,0,14,70000000
6,5,1,47000000
6,5,13,27000000
6,6,7,30000000
0,2,5,22000
0,2,5,25000
0,2,2.5,14000
0,2,5,12000
0,2,6,22000
0,0,5,20000
0,0,5,16000
0,0,5,20000
0,0,5,25000
0,0,5,23000
0,0,5,23000
3,3,10,35000
2,2,5,17000
2,2,10,25000
3,3,10,35000
3,3,7,25000
3,3,7,25000
2,2,10,30000
3,3,10,25000
2,2,8,28000
2,2,7,20000
4,3,8,12000000
6,5,1,65000000
6,5,10,24000000
0,0,5,6500000
7,6,2,180000000
6,5,1.5,59500000
7,6,2,120000000
7,6,1,44000000
4,3,1,17500000
6,5,1,39000000
7,5,2,92500000
3,3,3,7000000
3,3,3,7200000
7,6,2,130000000
6,5,1,60000000
6,5,1,59000000
0,5,5,12000000
6,5,1,42500000
7,6,1,57500000
6,6,10,25000000
3,6,8.5,14000000
0,0,10,25000000
4,3,7,23500000
0,3,3,4380000
6,5,1,47500000
4,3,5,13000000
8,7,2,110000000
3,3,10,11000000
4,3,7,21500000
0,4,10,22000000
7,6,2,160000000
6,6,13,16500000
7,6,2,175000000
6,5,1.1,55000000
6,5,2,120000000
6,5,1,82500000
4,3,5,15500000
7,6,2,210000000
7,6,2,62500000
8,7,2.1,94500000
5,5,10,23000000
7,5,1,47500000
4,4,3.7,6500000
3,3,3,6300000
0,3,5,9300000
3,3,2,4800000
7,5,1,55000000
6,6,2,110300000
7,5,1,55000000
8,7,1,70000000
6,6,10,23500000
7,5,1,55000000
0,3,3,6700000
5,5,10,23500000
3,3,5,12000000
3,3,3,7000000
3,3,3,7500000
3,3,3,6500000
5,5,10,19000000
5,5,10,22500000
3,3,5,15000000
3,3,5,11500000
3,3,5,12500000
4,4,10,16000000
2,2,10,13500000
0,7,2,425000
0,3,7.6,65000
0,2,3.8,35000
0,2,3.8,32000
2,3,6,32000
2,2,5.6,38000
2,3,6.4,45000
2,2,4.7,20000
4,3,12,90000
6,5,1,260000
2,3,3.2,14000
3,3,8.9,120000
4,4,12.4,170000
0,3,10,90000
0,3,16,150000
0,3,16,125000
0,2,9.6,75000
0,2,9.6,100000
0,2,1.2,60000
0,2,2,225000
0,5,12,200000
0,5,12,200000
0,11,1.3,500000
0,3,16,125000
0,3,16,110000
0,3,9.6,110000
0,2,9.6,85000
0,5,12,200000
0,3,8,65000
0,4,12.4,110000
0,3,9.8,110000
0,2,9.6,80000
0,2,4.2,16000
4,4,12,190000
0,3,6.2,60000
0,0,4.8,16000
0,0,2.6,10000
0,0,2.6,8000
0,0,4.8,16000
2,2,4.7,12000000
3,3,4.8,12000000
2,2,3.6,2800000
2,2,4.2,6200000
2,2,4.2,6500000
3,3,10,11900000
3,3,10,12100000
3,3,10,12200000
3,3,10,12300000
3,3,10,12400000
2,2,4.2,6200000
2,2,4.2,6300000
2,2,4.2,6400000
2,2,4.2,6500000
2,2,4.2,6600000
2,2,4.2,6700000
2,2,4.2,6800000
2,2,4.2,6900000
2,2,4.2,7000000
2,2,4.2,7100000
3,3,10,11500000
3,3,10,11600000
3,3,10,11700000
3,3,10,11800000
3,3,10,11900000
3,3,10,12000000
3,3,10,12100000
3,3,10,12200000
3,3,10,12300000
3,3,10,12400000
5,5,1,71500000
3,3,6,14500000
2,2,3.5,3500000
3,3,4.8,8000000
3,3,8.2,25000000
6,5,1,129500000
3,3,4,5200000
2,2,4,9000000
3,3,5.3,34000000
3,3,7.1,15000000
2,4,8.9,35000000
2,2,3.3,5500000
2,2,3.3,5000000
2,2,2.7,4500000
2,2,1.8,3500000
2,3,6.2,14000000
2,3,6.7,22500000
2,4,8.9,30000000
2,2,3.8,15000000
0,0,3.4,6000000
0,0,3.4,9500000
0,0,3.4,7000000
0,0,3.4,4500000
0,0,3.4,5000000
0,0,3.4,3700000
0,0,3.4,6800000
0,0,2.6,2500000
0,0,3.4,7000000
0,0,3.4,5200000
0,0,3.4,3800000
0,0,4.8,6500000
0,0,3.4,6500000
0,0,3.4,3500000
0,0,3.4,4500000
0,0,3.4,5000000
0,0,3.4,7000000
0,0,3.4,6800000
0,0,3.4,3700000
0,0,3.4,6800000
6,6,1,44500000
2,2,8.2,24000000
6,5,1,47000000
0,0,7.8,35000000
0,0,1.8,11000000
0,7,1,48000000
6,6,10.1,15500000
5,5,10,29000000
2,2,4,6000000
4,4,7,15000000
4,4,7,15000000
6,5,1,48000000
2,2,5.6,9500000
3,3,5,5300000
0,5,1.2,105000000
0,5,1.3,110000000
0,6,2.1,180000000
0,5,1,95000000
0,4,1,100000000
0,4,1.3,95000000
0,3,16,70000000
0,4,17.8,75000000
0,5,1,85000000
0,5,1.3,100000000
0,5,1.8,105000000
0,5,4,250000000
5,5,1.2,65000
2,2,7,36000
2,2,4,25000
0,0,2,60000
2,2,6.7,38000
0,0,8,90000
4,4,4,58000
3,3,1,120000
3,3,2,80000
2,2,8.9,300000
1,2,6.7,15000
2,2,4,26000
2,3,6.7,27500
3,3,1,75000
3,3,1,85000
7,7,2,650000
1,1,2,20000
3,3,6.7,38000
3,3,12,70000
3,3,12,60000
3,3,12,62000
3,3,12,55000
2,2,5.6,30000
2,2,8,45000
3,3,12,68000
3,3,12,70000
3,3,12,60000
2,2,5.6,36000
3,3,12,65000
3,3,1,36000
0,3,1,100000
0,3,1,120000
0,3,1,85000
0,3,1,100000
0,3,1,75000
0,3,1,100000
0,5,1,170000
0,5,1,200000
0,6,2,300000
0,5,17.8,200000
0,3,17.8,80000
0,3,17.8,120000
0,5,1,160000
0,7,2,250000
0,3,1,80000
0,3,1,120000
0,5,2,300000
0,3,2,150000
1,1,2.2,26000
7,7,1,170000
5,3,5,8500000
0,0,4,3500000
0,0,5,11000000
0,0,4.5,9000000
0,0,2.5,4000000
0,0,5.5,4500000
0,0,3.5,6500000
0,0,3.5,6500000
0,0,7,6000000
0,0,4,3500000
0,0,6,11500000
0,0,7.5,12000000
5,5,6.6,15500000
5,5,10,65000
3,3,10,32000
2,2,10,35000
1,2,5,18000
0,2,5,20000
0,2,5,19000
3,3,7,25000
3,3,10,32000
7,5,8,50000
3,3,7,23000
5,5,1,35000000
3,3,1,20000000
3,3,1,16000000
2,2,10,13000000
0,6,10,22500000
0,3,5,10500000
0,5,10,25000000
0,4,10,22000000
0,4,10,22500000
7,4,10,32500000
6,6,1,52500000
3,3,5,23000000
5,5,1,75900000
6,6,1,98000000
4,4,10,40000000
5,5,11,35000000
5,5,1,65000000
5,5,1,61000000
8,6,1,48000000
0,4,7,26500000
0,5,1,55000000
6,4,10,28000000
8,6,1,37500000
5,5,1,41600000
2,1,10,11800000
4,4,10,22500000
0,0,1,61000000
3,4,4,9500000
3,4,4,9500000
3,3,2,4800000
5,5,10,25000000
5,5,10,19000000
5,5,10,19500000
5,5,1,51000000
6,5,10,21000000
4,4,10,22000000
0,2,2.9,3350000
0,5,10,23000000
4,4,10,18500000
4,4,5,14500000
4,4,10,16000000
0,5,5,17000000
6,6,1,45000000
4,4,10,23000000
4,3,4,7000000
5,4,10,30000000
5,4,10,37500000
5,4,10,29000000
5,5,10,17500000
2,2,4.2,2800000
5,4,10,26500000
6,5,1,38000000
5,4,10,25000000
2,2,2,2200000
5,4,1,25000000
5,4,10,27500000
0,5,10,9000000
5,4,10,30000000
0,4,4.5,8200000
0,10,2,120000000
0,4,5,12500000
0,5,13.5,24000000
5,4,10,35000000
5,5,1,27500000
3,3,16,50000
3,3,16,45000
2,2,4.4,22000
3,3,6.4,30000
4,4,12,180000
3,3,8,30000
0,0,1.9,20000
2,2,4,90000
5,4,4,1200000
0,3,6.2,35000
0,3,6.2,27000
0,2,4,26000
0,2,4,26000
0,2,4,26000
0,3,5.8,30000
0,3,3.1,17000
0,3,3.1,17000
0,3,9.6,45000
0,3,6.2,32000
2,4,8.9,80000
2,4,8.9,100000
2,4,8.9,50000
2,2,4.4,35000
2,3,6.7,36000
2,2,4,35000
2,2,4.4,26000
2,2,4.4,24000
2,2,4.9,25000
2,2,4.9,30000
2,2,4.9,22000
2,2,4.9,25000
0,0,4,50000
2,2,8,20000
7,6,1,300000
4,4,4.8,45000000
3,3,8.9,21000000
0,3,6.4,9500000
0,3,6.4,10500000
0,3,6.4,13500000
0,2,4.4,6500000
0,2,4.4,7600000
0,2,3.3,5500000
0,2,4.4,6500000
0,2,4.4,6500000
0,3,6,8000000
0,3,7.1,10500000
0,2,3.3,5200000
0,2,4.9,7000000
0,2,4.2,6500000
0,2,4.2,4600000
0,3,8,13500000
0,3,8,13500000
0,6,16,50000000
0,4,4.8,23000000
0,4,16,20000000
0,6,13,47000000
0,6,4.8,26000000
0,4,9.6,17000000
0,3,10.6,14000000
0,6,8,37000000
2,2,5.3,8600000
0,3,5.8,8500000
0,0,4.8,17000000
0,0,4.8,7000000
0,3,4.8,7500000
0,3,4.8,7500000
0,2,4.8,7000000
0,2,5.8,8500000
0,2,4.8,7000000
0,2,4.8,7500000
0,2,3.6,5000000
0,3,8,16000000
0,3,9.6,16000000
0,3,9.6,20000000
0,3,4.8,26000000
0,3,9.6,20000000
0,3,9.6,15500000
0,6,9.6,37000000
0,6,12,60000000
0,5,4.8,25000000
0,3,5.3,9800000
0,3,5.8,8500000
0,3,5.8,10000000
0,0,3.1,6000000
0,1,1.8,4500000
0,3,6.1,17000000
0,4,9.6,17500000
0,2,4.4,9000000
0,2,4.4,9000000
0,0,9.3,30000000
0,2,2.7,6000000
0,2,4.7,9000000
0,4,4,25000000
0,4,4,30000000
0,4,4,29000000
0,0,4.8,16000000
0,0,4.8,6200000
0,0,4.8,6500000
0,0,4.8,6500000
0,0,4.8,7000000
0,0,4.8,7000000
0,0,4.8,13500000
0,0,4.8,7000000
0,0,4.8,14000000
0,0,4.8,14000000
0,0,1.6,2400000
0,0,1.6,2400000
0,0,2.4,3500000
0,0,2.4,3500000
0,0,4.8,17000000
0,0,4.8,20000000
5,5,1,55000000
8,6,2.7,50000000
0,0,4,7500000
0,0,4.5,17000000
0,0,3,4500000
0,0,3,4200000
0,0,3.2,4500000
0,5,2,135000000
0,7,2,150000000
0,5,1,90000000
0,6,1,75000000
0,5,1.1,95000000
0,5,1.8,105000000
0,7,1.2,110000000
0,8,3.6,300000000
0,7,4,250000000
0,6,1.3,95000000
0,5,1.3,110000000
0,5,2,150000000
0,5,1.9,190000000
0,5,2.4,200000000
0,5,6.7,21000000
0,4,5,27000000
0,5,5,19000000
0,5,6.7,21000000
0,5,9.3,27000000
0,5,9.3,27000000
0,5,6.7,18000000
0,5,1,75000000
0,6,1.2,95000000
0,10,2,120000000
0,5,1.1,90000000
0,6,1,75000000
0,7,2,120000000
3,3,115.1,15000000
0,0,0.8,2000000
3,3,10.7,130000
0,0,1,60000
7,7,14.2,150000
3,3,9.3,180000
6,6,4,375000
4,3,12,48000
3,3,12,47000
3,3,1,37000
3,3,14.2,75000
4,4,1.1,400000
3,3,1,54000
7,7,14,98000
4,4,1.2,80000
3,3,1,70000
4,3,1,56000
0,0,12,65000
0,0,12,65000
3,3,7.8,160000
0,0,1,90000
3,3,12,55000
1,1,2.6,95000
1,1,2.2,22000
4,4,7,65000
0,0,12,50000
3,3,10,44000
2,2,3.7,25000
3,3,12,70000
0,0,12,125000
5,5,1,180000
2,2,12,55000
3,3,12,65000
2,2,7,43000
3,3,12,65000
3,3,12,70000
0,6,2.2,160000
4,4,5,10600000
5,5,7,12000000
0,0,4,8500000
0,0,4,7500000
0,0,3.8,7500000
0,0,4.5,9000000
0,0,5,8000000
0,0,5,12500000
0,0,4,6500000
0,0,3.5,7000000
0,0,3,6200000
4,4,5,10500000
4,4,8,10000000
0,9,1,24000000
0,5,10,9000000
0,5,10,10500000
0,2,12,4500000
0,6,12,15000000
7,6,10,70000
3,2,10,40000
3,3,5,32000
2,1,3.8,180000
6,5,1,57500000
0,0,2.7,4400000
6,5,1,49000000
5,4,10,27000000
5,4,10,26000000
5,4,10,25000000
0,5,3,11000000
0,4,4,12000000
0,4,4,9000000
0,2,3.5,3500000
5,4,10,24500000
5,4,10,20000000
5,4,10,25000000
6,5,1,60000000
6,5,1,63000000
6,5,1,74500000
0,0,5,9500000
0,3,5,11000000
0,3,8,12500000
0,4,10,15000000
0,5,14,19000000
0,3,8,15000000
0,4,10,18000000
0,4,12,22500000
0,5,14,35000000
0,3,5,11000000
0,3,8,15000000
0,4,10,18000000
0,4,12,22500000
0,5,14,35000000
5,5,1,35000000
6,5,1,47000000
6,5,1,53500000
0,0,10,14000000
0,6,10,16500000
7,6,1,39000000
6,5,1,45000000
5,5,1,32500000
0,0,10,37500000
0,0,1,51500000
0,0,1,36500000
6,5,1,92500000
2,2,3,1500000
0,5,5,6500000
0,3,5,9500000
0,3,5,11000000
0,3,4.2,7800000
0,3,5,8000000
0,3,4,9500000
0,3,4,9300000
0,3,4,9000000
0,3,4,7800000
0,5,8,15000000
0,5,8,14500000
0,5,8,15500000
0,5,8,14000000
0,5,8,13500000
0,5,10,23000000
0,5,10,22500000
0,5,10,22000000
0,5,14,27000000
0,6,1,34000000
0,0,4.8,7000000
0,0,4.8,7000000
0,0,2.4,5200000
0,0,2.4,4600000
2,2,4,6100000
3,2,12,120000
0,2,4.8,25000
0,2,4.8,25000
0,2,4.8,23000
0,2,4.8,25000
0,2,2.9,16000
4,3,1,130000
4,4,2,180000
7,6,1,220000
2,2,4.2,20000
2,2,4.2,20000
2,2,4.2,20000
2,2,4.2,20000
2,2,4.2,21000
2,2,4.2,21000
2,2,4.2,21000
2,2,4.2,21000
2,2,4.2,22000
2,2,4.2,22000
2,2,4.2,22000
2,2,4.2,22000
2,2,4.2,23000
2,2,4.2,23000
2,2,4.2,23000
2,2,4.2,23000
2,2,4.2,24000
2,2,4.2,24000
2,2,4.2,24000
2,2,4.2,24000
2,2,4.2,25000
2,2,4.2,25000
2,2,4.2,25000
2,2,4.2,25000
0,0,16,200000
0,8,1.2,170000
0,4,1.2,80000
0,3,9.6,50000
0,3,9.6,50000
0,3,8.4,53000
4,3,8,75000
0,2,4.9,30000
2,3,4.8,35000
2,2,4.9,35000
0,2,4.4,37000
0,2,4.4,37000
0,2,4.7,37000
0,2,4.4,37000
3,2,8,75000
0,0,4.8,32000
0,0,4.8,30000
0,0,2.4,18000
3,3,5,25000
5,6,1,400000
7,6,1,300000
0,0,4.8,20000000
0,0,4.8,29000000
0,0,4.8,19000000
0,0,4.8,27000000
0,0,2.8,3500000
0,0,9.6,16500000
0,0,2.8,3700000
0,0,4.8,19500000
0,0,4.8,27500000
0,0,2.9,3700000
0,0,2.9,3500000
0,0,4.8,8500000
0,2,2.7,3900000
0,0,3.3,4300000
0,0,4.2,8000000
0,2,2.7,3950000
3,2,5.1,6700000
0,0,7.1,17500000
0,6,12,50000000
0,6,16,90000000
0,2,4,7000000
0,2,4.2,8500000
0,2,4.2,11000000
0,2,7.1,18500000
0,6,9.6,34000000
0,0,9.6,29000000
0,3,9.3,16000000
0,3,9.3,21000000
0,3,7.1,14500000
3,3,8,12500000
0,0,1,9900000
0,0,5,7200000
0,2,2.7,3100000
0,0,16.9,72500000
0,0,16.9,67500000
0,2,5.1,7800000
0,2,3.1,3600000
0,0,18.8,37000000
0,0,9.8,20000000
0,0,4.8,8500000
0,0,16.9,42000000
0,2,3.6,4200000
0,0,9.6,31000000
0,7,4,390000000
0,7,4,400000000
0,6,1.2,100000000
0,5,1.2,97500000
0,7,4,390000000
0,6,1,110000000
0,5,12,85000000
0,6,1,160000000
0,6,1,150000000
0,6,1,155000000
0,5,1,155000000
0,6,1,140000000
0,5,1,140000000
0,5,16,105000000
0,6,1,120000000
0,6,1,120000000
8,8,4,11000000
0,2,3.1,6500000
0,2,4.9,6500000
0,0,8,42500000
0,0,9.3,29000000
0,2,4.7,7000000
0,0,4,250000000
0,0,1.2,70000000
6,6,2,140000000
0,0,4.8,13500000
0,0,4.8,14000000
0,0,2.4,2500000
0,0,4.8,15000000
0,0,4.8,22500000
0,0,3.1,4000000
0,0,4.8,6500000
0,0,8,42500000
7,6,1,54500000
9,9,12,22500000
3,3,12,62000
3,3,1,80000
3,3,12,135000
3,3,10,50000
6,6,14.2,150000
3,3,10,55000
3,3,12,70000
3,3,12,140000
3,3,12,65000
3,3,12,60000
3,3,12,60000
3,3,12,60000
3,3,12,75000
6,6,10,140000
3,3,12,55000
3,3,12,55000
3,3,12,75000
0,0,3,5000000
0,0,3,5000000
0,0,3,3500000
0,0,3,3500000
0,0,2,3000000
0,0,3,2500000
0,0,3,2500000
0,0,3,4200000
0,0,3,4200000
0,0,3,5500000
0,0,3,2500000
3,3,7,12000000
0,5,10,23500000
0,6,10,23000000
0,4,10,9000000
0,3,10,8000000
0,4,10,12000000
7,5,12,17000000
5,4,7,13500000
1,2,5,4200000
2,2,5,18000
3,3,7,25000
3,3,10,35000
5,5,7,25000
2,2,4.2,75000
4,3,10,32000
3,2,8,35000
0,0,10,60000
0,0,10,65000
0,0,10,70000
0,0,10,30000
0,0,10,35000
0,0,10,35000
0,0,10,40000
0,0,1,95000
0,0,1,100000
0,0,1,105000
0,0,1,120000
0,0,1,45000
0,0,1,50000
0,0,1,55000
6,5,1,49000000
5,5,10,21000000
5,4,10,23000000
6,5,1,50000000
5,4,10,37000000
5,4,10,25000000
5,4,10,26500000
5,4,8,13500000
5,4,10,26000000
5,5,1,75000000
4,3,6,9500000
7,7,1.5,110000000
4,3,5,14000000
1,2,5,7000000
0,4,4,10500000
0,3,6.5,13500000
0,3,9,21000000
0,3,3,8000000
0,3,3,8000000
0,3,8,17500000
0,1,2,2200000
0,3,5,12600000
0,3,5,12600000
0,3,5,12800000
0,3,5,12600000
0,3,5,12600000
0,3,5,12700000
0,5,10,17500000
0,3,7.3,17800000
0,2,10,14200000
0,6,10,14200000
0,1,2.2,4000000
0,2,3.1,5200000
0,0,10,23000000
7,6,1,52500000
5,4,10,24900000
5,4,10,21500000
2,6,6,6500000
4,3,5,9900000
6,5,1,63000000
0,0,7,16000000
1,1,1.1,2800000
6,5,1,42500000
6,5,1,48000000
6,5,1,65000000
6,5,1,59000000
6,5,1,46000000
5,5,4,11000000
12,10,2,90000000
6,5,1,56000000
4,3,5,12000000
6,5,1,55000000
0,0,10,33000000
0,0,10,37500000
0,0,4.8,24000000
0,0,4.8,17000000
0,0,4.8,7500000
0,0,4.8,8500000
0,0,4.8,8500000
0,0,4.8,8500000
0,0,4.8,8500000
0,0,6.4,8500000
0,0,3.6,5500000
0,0,3.6,5500000
0,0,4.8,22000
0,0,4.8,25000
0,2,2.7,16000
3,3,8,35000
3,3,8,35000
3,3,8,35000
3,3,8,35000
3,3,8,36000
3,3,8,36000
3,3,8,36000
3,3,8,36000
3,3,8,37000
3,3,8,37000
3,3,8,37000
3,3,8,37000
3,3,8,38000
3,3,8,38000
3,3,8,38000
3,3,8,38000
3,3,8,39000
3,3,8,39000
3,3,8,39000
3,3,8,39000
3,3,8,40000
3,3,8,40000
3,3,8,40000
3,3,8,40000
0,2,4.2,45000
0,2,4.2,45000
0,2,2,28000
0,2,4.7,48000
0,3,6.4,70000
0,2,4.2,45000
0,2,4.2,42000
0,2,4.2,50000
0,2,2.2,26000
0,6,1,280000
0,6,1,220000
0,7,1,270000
0,5,1,260000
0,5,2,300000
0,6,1,300000
0,2,2,22000
3,2,5.3,75000
3,3,6.1,35000
3,3,6.1,35000
3,3,6.1,35000
3,3,6.1,35000
3,3,6.1,36000
3,3,6.1,36000
3,3,6.1,36000
3,3,6.1,36000
3,3,6.1,37000
3,3,6.1,37000
3,3,6.1,37000
3,3,6.1,37000
3,3,6.1,38000
3,3,6.1,38000
3,3,6.1,38000
3,3,6.1,38000
3,3,6.1,39000
3,3,6.1,39000
3,3,6.1,39000
3,3,6.1,39000
3,3,6.1,40000
3,3,6.1,40000
3,3,6.1,40000
3,3,6.1,40000
4,4,12,200000
3,3,8,45000
3,3,8,45000
3,3,8,45000
3,3,8,45000
3,3,8,46000
3,3,8,46000
3,3,8,46000
3,3,8,46000
3,3,8,47000
3,3,8,47000
3,3,8,47000
3,3,8,47000
3,3,8,48000
3,3,8,48000
3,3,8,48000
3,3,8,48000
3,3,8,49000
3,3,8,49000
3,3,8,49000
3,3,8,49000
3,3,8,50000
3,3,8,50000
3,3,8,50000
3,3,8,50000
3,3,4,90000
4,4,10.2,185000
3,2,1,110000
4,3,7.2,40000
0,3,12,60000
0,3,1.2,70000
0,2,9.3,42000
0,5,1,90000
3,3,16,60000
3,3,16,65000
0,0,5.8,32000
0,0,4.8,22000
0,0,4.8,15000
0,0,2.4,15000
0,0,8,70000
0,0,4.8,23000
0,0,4.8,20000
0,0,1.6,25000
0,0,1.6,25000
0,0,4.8,20000
0,0,4.8,23000
0,0,4.8,11000000
0,0,4.8,15000000
0,0,4.8,20000000
0,0,4.8,20000000
0,0,4.8,5500000
0,0,4.8,18000000
0,0,3.2,13000000
0,0,3.3,4000000
0,0,4.8,30000000
0,3,7.8,20000000
0,3,6.4,23500000
0,6,8,40000000
0,6,8,40000000
0,0,12,51000000
0,0,10,21000000
0,0,10,21000000
0,0,9.6,52500000
0,0,16,80000000
0,0,1.1,80000000
0,0,16.6,50000000
0,0,3,170000000
0,0,8,27500000
0,0,12,52500000
0,0,9.3,45000000
0,0,16,75000000
0,0,1.2,62000000
0,0,8,30000000
0,0,9.3,55000000
0,0,8,23500000
0,0,9.3,18000000
3,3,4.8,6500000
3,3,5.3,6500000
2,2,2.4,3000000
3,2,4,5000000
4,7,1.8,140000000
3,6,1,77500000
3,6,12,65000000
2,4,12,58000000
0,0,16.9,60000000
0,0,19.4,65000000
0,0,18.5,46000000
0,0,18.5,40000000
0,0,1.6,60000000
0,3,6.4,7500000
0,2,4.7,8500000
0,2,4.2,7000000
0,2,3.1,4500000
0,2,4.9,4500000
0,4,4,35000000
0,5,4,30000000
0,3,4,40000000
0,3,4,35000000
0,3,4,38000000
0,4,8,57500000
0,6,8,65000000
0,5,12,80000000
0,5,12,77500000
0,4,12,55000000
6,5,11,31000000
3,2,7.9,7800000
2,2,5,2300000
10,11,1,62500000
4,3,8,7000000
7,6,8,28500000
9,9,1.3,77500000
2,2,10,8500000
4,4,1,110000
1,1,3.8,16000
2,2,3.6,16000
3,3,4.9,20000
2,2,3,28000
3,3,11.8,45000
3,3,12,65000
3,3,12,55000
5,5,10,75000
1,2,6,18000
4,4,12,75000
3,3,12,60000
5,5,12,130000
3,3,10,135000
3,3,12,40000
4,4,1,75000
1,2,5,26000
3,3,12,65000
10,11,2,375000
3,3,1,125000
3,3,10,60000
3,3,12,75000
7,6,1,170000
3,3,12,65000
3,3,12,60000
2,3,6,35000
3,3,12,65000
4,3,1,110000
0,0,3,4000000
0,0,3,4000000
0,0,3,4200000
0,0,3,4200000
6,5,7,20000000
4,4,3,6300000
6,5,10,22000000
6,5,7,19500000
6,5,10,22000000
6,5,10,22000000
0,0,1,60000
0,0,1,65000
0,1,1.7,12000
0,1,1.8,14000
0,1,1.8,15000
6,5,9,60000
0,2,2.7,17000
0,2,2.7,20000
0,2,2.7,23000
0,0,5,33000
0,0,5,35000
0,0,7,40000
0,0,8,50000
0,0,8,25000
0,0,8,28000
0,0,8,23000
0,0,8,25000
0,0,7,42000
0,0,7,45000
0,0,7,48000
0,0,7,25000
0,0,7,27000
0,0,7,28000
0,0,7,23000
0,0,7,24000
0,0,7,25000
0,0,7,40000
0,0,7,45000
0,0,7,48000
0,0,7,25000
0,0,7,28000
0,0,7,23000
0,0,7,25000
0,0,7,40000
0,0,7,45000
0,0,7,48000
0,0,7,25000
0,0,7,28000
0,0,7,22000
0,0,7,24000
0,0,7,25000
0,1,1.8,10000
0,1,1.8,12000
0,1,1.8,13000
0,2,2.7,15000
0,2,2.7,17000
0,2,2.7,18000
0,0,1,90000
0,0,1,100000
0,0,1,105000
0,0,1,115000
0,0,1,50000
0,0,1,60000
0,0,1,65000
0,0,1,45000
0,0,1,50000
0,0,1,55000
0,0,10,70000
0,0,10,75000
0,0,10,80000
0,0,10,85000
0,3,3,5500000
0,5,10,12500000
0,5,5.5,9000000
0,5,6,12500000
0,5,5,10000000
6,5,1,37000000
0,0,10,35000000
6,5,1,49000000
6,5,1,75000000
6,5,1,41000000
6,5,1,70000000
8,7,2,92500000
4,3,5,12500000
0,0,5,7500000
0,8,10,15000000
0,3,1,17000000
0,3,1,17000000
0,3,1,17000000
0,4,10,13500000
0,6,10,14500000
0,6,10,13500000
0,6,1,17500000
0,3,3,4500000
0,5,9,16000000
0,5,9,16000000
0,5,9,16000000
0,4,7,15000000
0,3,7,13000000
0,4,10,24000000
0,7,1,25000000
0,3,7,19000000
0,4,10,59000000
8,7,1,32500000
5,4,1,42500000
0,0,10,41500000
4,3,5,16000000
5,4,5,10000000
7,6,14,210000000
4,3,5,12000000
0,3,10,18500000
0,4,10,17000000
0,4,10,15500000
4,3,5,12000000
3,3,10,13500000
6,5,1,55000000
5,4,5,12500000
1,1,2.9,2000000
2,2,4.2,2800000
1,1,2.9,2000000
2,2,4.2,2800000
3,3,3,6500000
1,1,2.9,2000000
2,2,4.2,2800000
3,3,3,6500000
1,1,2.9,2000000
2,2,4.2,2800000
3,3,3,6500000
1,1,2.9,2000000
2,2,4.2,2800000
1,1,2.9,2000000
2,2,4.2,2800000
0,5,1,60000000
0,5,1,45000000
3,3,3,6500000
1,1,2.9,2000000
2,2,4.2,2800000
3,3,3,6500000
1,1,2.9,2000000
0,0,2,4600000
4,3,5,12000000
5,4,10,22500000
4,4,5,9000000
4,3,5,12000000
4,4,5,13500000
7,5,1,44000000
6,5,10,27500000
6,5,10,22500000
6,5,1,62500000
6,5,1,52500000
7,6,1,28500000
0,5,12,92500000
0,6,12,72500000
0,6,12,77500000
0,4,12,75000000
0,4,12,78000000
0,6,12,77500000
0,6,12,75000000
0,0,12,62500000
0,5,12,82500000
0,0,12,65000000
0,0,12,63000000
0,5,12,62500000
0,0,12,52500000
0,0,12,65000000
0,4,12,59000000
0,5,12,75000000
0,4,12,65000000
0,5,18,80000000
0,6,1,95000000
0,4,1,95000000
0,0,16.9,60000000
0,0,19.4,65000000
0,0,18.5,46000000
0,0,18.5,40000000
0,0,1.6,60000000
0,0,6.4,7500000
0,0,4.7,8500000
0,2,4.2,7000000
0,2,3.1,4500000
0,2,4.9,4500000
6,5,16,20000000
2,2,3.3,4500000
0,6,1,72500000
0,6,12,130000000
0,5,1,140000000
0,2,4,7500000
1,1,4.8,20000
0,4,16,375000
0,6,1,400000
0,7,12,250000
0,6,12,160000
0,2,2.2,25000
0,2,2.2,25000
0,2,2.2,30000
0,2,2,32000
0,4,1,260000
0,0,7.6,46000
2,2,4.3,33000
2,3,12,90000
2,3,1,125000
3,6,1,220000
2,2,1,100000
2,4,1.3,180000
2,4,1.6,130000
2,4,12,165000
2,4,12,150000
2,4,2,150000
2,2,5,52000
2,4,12,110000
3,5,2,325000
2,4,2,300000
3,5,1.3,275000
3,6,1.2,175000
3,6,1,220000
3,5,1,180000
2,4,12,150000
2,4,4.8,100000
2,3,4.9,40000
2,3,8.9,55000
0,3,16.9,60000
0,3,16.9,55000
0,3,16.9,45000
0,3,5.1,30000
0,3,4.9,20000
0,2,4,15000
0,3,5.3,32000
0,3,8,37000
3,3,8,37000
0,2,4.2,45000
0,3,7.6,75000
0,4,1.2,135000
0,3,1,130000
0,2,2.2,30000
0,3,4.7,90000
0,3,1,130000
0,3,1,130000
0,3,6.7,60000
0,3,7.6,90000
0,2,1.2,75000
0,3,1.2,115000
0,4,12,160000
0,4,12,170000
0,2,1,50000
0,3,4,90000
0,0,4.2,45000
2,2,5.8,40000
4,3,1,80000
0,3,16.9,60000
0,3,16.9,55000
0,3,16.9,45000
0,3,5.1,30000
0,2,4.9,20000
0,2,4,15000
0,0,5.3,32000
0,3,8,37000
0,0,6.4,50000
5,4,12,175000
2,2,4,20000
3,3,6.7,60000
3,3,6.4,57000
0,0,4.8,250000
0,0,1,300000
0,0,1,110000
0,0,1,100000
0,0,16.7,240000
5,4,4.4,14400000
6,6,14.2,45000000
6,6,1.2,79000000
6,6,14.2,46000000
6,6,10.9,42500000
6,6,1,61000000
9,9,1,140000000
7,7,1,69500000
9,9,12,70000000
6,5,8,28500000
6,5,8,26500000
6,10,14.2,67000000
6,5,10.9,27500000
10,11,1.6,525000
2,2,4,28000
2,2,4,36000
4,4,17.8,220000
5,4,1,45000
9,8,1,80000
4,5,10,35000
0,0,14.2,45000
3,2,4,75000
3,3,1.1,85000
0,0,8,40000
4,4,1,65000
4,3,5,13000000
6,5,7,15000000
0,0,7,13500000
6,7,15,25000000
5,5,10,26500000
6,5,7,15000000
6,5,5,10500000
2,1,3.6,6400000
2,2,10,22000
5,5,10,70000
2,2,10,35000
3,3,10,35000
5,5,5,11500000
6,5,1,75000000
5,5,5,17000000
2,2,7,5300000
6,5,1,42000000
5,6,1,48500000
4,3,4.5,6900000
6,6,13,16500000
3,3,5,12000000
0,0,16,23000000
0,0,2.1,95000000
6,5,1,35500000
2,2,3,2200000
1,1,1.5,1600000
3,3,5,12500000
3,3,5,12500000
3,3,5,12500000
6,5,1,55000000
5,5,10,22500000
4,3,4,8200000
0,0,12,56000000
0,0,24,150000000
0,0,5,55000000
0,0,16,80000000
3,3,2.5,4100000
6,5,1,52500000
6,5,1,59500000
2,2,4,9000000
2,3,2,5400000
4,4,5,9800000
6,5,1,54000000
6,5,1,62500000
6,5,11,23500000
6,5,11,20500000
6,5,10,20500000
6,5,10,19200000
6,5,10,21000000
6,5,10,16000000
6,5,10,17500000
6,5,10,15500000
6,5,7,12500000
6,5,11,19500000
6,5,1,54000000
6,5,8,17000000
6,5,10,21000000
6,5,1,54000000
6,5,10,20000000
6,5,10,20500000
4,3,3.5,8000000
6,5,10,18500000
0,0,14.5,64500000
0,0,16.7,75000000
3,3,7.1,15000000
5,4,14,15500000
0,2,4.2,9500000
0,4,7.8,29500000
3,3,16.9,25000000
3,3,5,8000000
3,2,3.6,5000000
3,2,3.6,5000000
0,3,5,12500000
0,2,3.6,5000000
0,3,4.4,12500000
0,3,16.9,25000000
0,0,8.6,20000000
0,3,4.4,12500000
3,3,5.8,14000000
0,0,4.2,7700000
0,5,1,100000000
0,5,1,112500000
0,5,1,105000000
0,5,1,115000000
0,6,1,95000000
0,5,1,95000000
0,4,1,92500000
0,5,1,95000000
0,5,1,88000000
0,5,1,95000000
0,5,1,85000000
0,5,1,105000000
0,4,1,105000000
0,7,1,75000000
0,6,1,102500000
0,4,1,82500000
0,6,1,105000000
0,6,1,95000000
0,6,1,115000000
0,5,1,105000000
0,6,1.2,110000000
0,5,1.2,140000000
3,3,4.9,11500000
2,2,3.1,3600000
12,8,1.3,70000000
3,2,4.4,7000000
2,3,3.6,13000000
0,5,1,105000000
0,5,1.3,195000000
0,6,2,250000000
0,4,14,14500000
0,0,8,33500000
0,3,5.3,12000000
0,3,4,41500000
0,4,4,40000000
0,3,2,150000000
0,6,2,300000000
0,5,1,140000000
0,5,4,37500000
0,3,4,40000000
0,0,4.4,12500000
7,6,2.7,87500000
0,0,8.9,22000000
2,2,4.4,7000000
2,2,3.1,2500000
0,0,8,23000000
0,0,3.4,4800000
0,0,3.4,3600000
0,0,3.4,3600000
0,0,3.4,3500000
0,0,3.4,3500000
0,0,3.4,4800000
0,0,3.4,3600000
0,0,3.4,4800000
0,5,1.3,135000000
3,3,8,21600000
2,2,3.3,3500000
2,2,4.4,7000000
0,0,6.2,15000000
6,5,1,110000000
2,2,4,10000000
2,2,4.4,8500000
0,2,4,7000000
0,2,2,6500000
0,2,4,6500000
0,2,4,6000000
0,2,4,6000000
0,2,2.2,5000000
0,2,2.2,4500000
0,3,5.3,13000000
0,4,8,17000000
0,3,8,16000000
0,2,4,10500000
4,3,5,15000000
3,3,8,22100000
3,3,8,21700000
3,3,8,21800000
3,3,8,21900000
3,3,8,22000000
2,2,4.4,6000000
2,2,4.4,6000000
2,2,4.4,6000000
2,2,4.4,6000000
2,2,4.4,6000000
2,2,4.4,6000000
2,2,4.4,6000000
2,2,4.4,6000000
2,2,4.4,6000000
2,2,4.4,6000000
2,2,4.4,6000000
2,2,4.4,6000000
2,2,4.4,6000000
2,2,4.4,6000000
2,2,4.4,6000000
2,2,4.4,6000000
2,2,4.4,6000000
2,2,4.4,6000000
2,2,4.4,6000000
2,2,4.4,6000000
2,2,4.4,6000000
2,2,4.4,6000000
2,2,4.4,6000000
2,2,4.4,6000000
2,2,4.4,6000000
2,2,4.4,6000000
0,0,5.1,12500000
2,2,4.4,6000000
2,2,4.4,6000000
2,2,4.4,6000000
2,2,4.4,6000000
0,0,16.7,220000
0,0,16.7,175000
0,0,16.7,200000
0,4,1.1,325000
0,4,1.2,200000
0,4,2,175000
0,4,4,135000
0,0,1,300000
0,2,2.2,30000
0,2,4.4,70000
0,2,2.2,30000
0,2,2,30000
0,2,2,23000
0,2,2,30000
0,2,2.2,32000
0,2,4,45000
0,2,2.2,30000
0,3,1.2,115000
0,4,1.2,135000
0,4,1,300000
0,3,2,100000
0,4,14,170000
0,4,12,210000
0,4,12,210000
0,3,1,100000
0,0,10,150000
0,0,4,45000
2,2,4.8,60000
6,5,1,430000
0,3,6.7,60000
0,3,7.6,90000
0,2,1.2,75000
0,3,1.2,115000
0,4,12,160000
0,4,12,170000
0,4,4,95000
0,4,4,95000
0,3,1,125000
0,2,1,60000
0,6,16,240000
0,2,4.2,40000
0,2,4.2,50000
0,3,6.2,55000
0,3,8,75000
0,2,4.2,30000
0,2,4.2,35000
0,2,6.2,40000
0,2,2,25000
0,2,2.2,30000
0,2,2.2,22000
0,3,8,85000
0,4,4.8,120000
0,3,4,130000
0,5,1,370000
0,4,15.1,230000
0,1,2,22000
0,2,4.2,40000
0,3,7.1,65000
0,3,8,55000
0,0,4.4,50000
0,0,2,350000
0,3,5.6,45000
0,2,4,40000
0,0,1,110000
0,0,5.3,45000
0,0,4,40000
0,1,2,22000
5,6,1.2,325000
2,2,7.8,11000000
4,5,5,18500000
4,4,4,6750000
6,5,8,18500000
2,2,6.1,8984000
3,3,7.6,12000000
3,3,9.2,14600000
0,0,5,53000000
0,3,6.6,20000000
0,0,8,68000
6,5,1.6,500000
3,2,6,23000
1,1,2,60000
7,6,1,125000
3,3,6,48000
7,5,1.3,300000
4,4,9.8,55000
2,2,4.4,30000
5,6,8,95000
3,3,14.2,60000
1,2,4.4,18000
1,2,4.4,26000
2,2,4,35000
3,3,8,50000
3,3,1,70000
4,4,1,30000
3,3,12,70000
1,1,0.4,12000
3,3,7,26000
3,3,12,70000
4,4,6,50000
6,5,11,21000000
6,5,1,54000000
6,5,10,20500000
6,5,10,20500000
6,5,11,21000000
6,5,1,51000000
6,5,10,20500000
6,5,10,20000000
6,5,1,54000000
6,5,1,49000000
6,5,1,54000000
6,5,1,57000000
6,5,1,56500000
1,1,2.9,3350000
6,5,1,50000000
2,2,4.2,4750000
1,1,2.1,2395000
2,2,3,3495000
0,0,5,8500000
0,0,5,8500000
0,0,5,8500000
0,0,5,8500000
0,0,7,12500000
0,0,7,12500000
0,0,5,8500000
4,4,5,13500000
5,5,1.1,42500000
1,2,3.2,2800000
1,2,3.2,2800000
7,6,10.7,55000000
5,4,7,14500000
7,6,5,15000000
5,5,1,32500000
1,2,5.3,2750000
1,2,5.3,2300000
1,2,5.3,3150000
1,2,5.3,3800000
3,2,7,27000
5,5,10,45000
4,4,8.5,45000
3,3,1.2,60000
0,0,12,80000
3,3,1,50000
4,3,1,70000
6,5,10,22500000
2,2,3.5,6600000
5,4,10,20000000
4,4,10,23500000
0,3,5,11000000
0,2,3,5000000
0,6,1,50000000
0,4,4,9500000
0,0,3,6500000
0,5,12,21000000
0,6,1,35000000
0,3,2.5,5400000
0,0,5,8000000
6,5,1,35000000
0,5,1,70000000
0,2,1,45000000
0,5,1,55000000
0,5,2,110000000
0,5,3,140000000
0,2,10,18000000
0,4,5,12000000
5,4,10,24000000
6,5,1,55000000
6,5,1,52500000
6,5,1,45000000
0,4,4.5,8500000
0,4,4.5,8500000
5,5,6,10000000
7,6,1.2,38500000
0,3,5,11200000
0,5,1,50000000
0,5,1,46000000
0,5,1,55000000
4,3,8,15500000
6,5,1,52500000
6,5,11,20000000
5,5,10,25000000
5,4,5,10500000
6,5,10,21000000
6,5,10,20500000
5,5,10,23000000
2,2,4.4,6500000
3,3,6,8500000
4,4,14,13200000
0,3,4.9,4650000
2,4,4.8,5000000
0,0,4.8,15000000
3,3,4.4,4500000
3,3,5,10000000
5,4,8,16500000
2,2,4,6500000
3,3,7.3,23000000
5,4,11,27000000
6,5,12,35000000
3,3,8,32500000
3,3,7.3,16500000
1,1,2.7,1480000
1,1,2.7,1460000
5,4,10.9,37000000
0,0,10.2,21000000
3,3,10.2,15500000
6,5,16,19000000
2,2,2,2400000
3,3,8,14500000
2,2,4.8,12500000
2,2,3.3,5400000
1,1,1.6,1900000
2,2,5.8,12500000
3,3,5,13000000
3,3,5,13000000
3,3,5,13000000
3,3,5,13000000
3,3,5,13000000
3,3,5,13000000
3,3,5,13000000
4,3,1,120000
4,3,16,55000
3,3,8,55000
3,3,8,45000
4,3,6.9,80000
4,3,1.2,120000
3,3,16,50000
2,2,16,24000
4,3,10.2,115000
3,3,6.7,45000
3,3,5.8,30000
3,3,6.7,74000
3,3,5.6,65000
3,3,8,60000
7,7,1.2,250000
1,3,9.6,35000
2,2,4.7,55000
2,2,4.7,42000
3,3,8,25000
5,4,11.1,120000
0,0,7.3,75000
0,0,8,100000
4,3,16,55000
2,2,3.3,15500
3,3,5,13000000
3,3,12,8500000
1,1,4.8,7500000
6,8,4.5,12000000
4,3,5.3,9000000
2,2,4.8,6800000
3,5,6.9,11500000
2,2,1.6,5850000
3,3,4.8,11000000
4,4,6,37500000
4,4,12,27500000
2,2,4.4,11000000
6,6,6,52500000
0,0,12,72500000
5,5,10,75000000
5,5,12,90000000
3,3,8,10000000
2,2,4.9,12500000
2,2,2.9,4500000
2,2,4,7200000
6,6,12,57500000
0,2,4.4,5000000
0,2,4.4,5000000
0,2,4.4,5000000
0,2,4.2,2660000
0,3,7.1,6300000
0,4,9.8,8260000
0,3,14,14500000
5,4,4,17000000
6,6,12,21000000
3,3,8.7,14000000
4,4,16,20000000
1,1,2.8,5000000
2,2,5.6,8200000
2,2,5.6,9000000
2,3,3,6500000
5,5,5,18000000
3,3,5.8,8500000
6,6,1,50000000
4,3,1,55000
4,3,1,85000
2,2,0.2,36000
5,4,1,120000
2,2,3,26000
3,3,14,65000
2,2,7,37000
4,3,14,70000
2,2,8,50000
4,4,14,55000
4,4,4,45000
10,9,1.3,550000
10,11,1,220000
3,3,1,150000
6,6,10,110000
9,8,4,1200000
3,3,10,48000
2,2,10,47000
7,6,1.3,340000
7,5,7,80000
3,3,1,72000
10,9,2,560000
4,4,7,85000
3,3,14.2,65000
4,3,1.8,265000
3,2,1,35000
10,8,2,650000
1,2,3,70000
6,6,9.3,145000
10,9,1,450000
6,5,4,430000
4,4,14.2,30000
2,2,7,38000
6,5,1,250000
0,0,1,90000
5,4,4,56000
7,6,1.1,440000
2,2,1.3,90000
2,2,4,28000
9,7,1,460000
8,7,1.1,460000
3,4,5,32000
7,6,1,100000
4,3,1,47000
2,2,7.1,100000
2,2,4.4,26000
2,3,5,18000
6,5,1,500000
5,4,4.4,53000
2,2,10,21000
0,0,5,8500000
0,0,5,8500000
0,0,7,12500000
0,0,7,12500000
0,0,7,12500000
0,0,5,8500000
0,0,5,8500000
0,0,5,8500000
0,0,5,8500000
0,0,5,8500000
0,0,5,12000000
0,0,5,11000000
0,0,5,11000000
0,0,5,9500000
0,0,5,9500000
0,0,5,8500000
0,0,5,8500000
0,0,7,17000000
0,0,5,10500000
0,0,5,8500000
0,0,5,9500000
0,0,5,11000000
0,0,12,25000000
0,0,7,16000000
0,0,5,8500000
0,0,5,12000000
0,0,1,55000000
0,0,15,41000000
0,0,10,25000000
0,0,1,50000000
5,5,10,16000000
0,4,5,12500000
0,3,4,8000000
0,0,5,10000000
0,0,5,10000000
1,3,3,2600000
5,4,12,25000000
1,2,2,2850000
6,6,1,23500000
6,6,1,23000000
2,2,2,3500000
3,3,2,6000000
2,2,2,2600000
2,2,4,5000000
8,8,10,22500000
5,4,10,27500000
0,0,6.5,50000
0,0,11,85000
0,0,5,35000
0,0,2.5,23000
0,0,5,25000
0,0,7,50000
0,0,5,33000
0,0,1.2,150000
0,0,7,55000
0,0,5,35000
0,0,5,35000
0,0,15,125000
0,0,10,100000
0,0,7,70000
0,0,5,40000
0,0,1,90000
0,0,6,30000
0,0,7,24000
0,0,5,20000
0,0,5,25000
0,0,5,55000
0,0,5,60000
0,0,5,50000
0,0,5,45000
0,0,5,65000
0,0,5,60000
0,0,5,35000
0,0,5,40000
0,0,5,37000
0,0,5,30000
0,0,10,70000
0,0,10,80000
0,0,5,40000
0,0,5,50000
0,0,5,55000
0,0,5,45000
0,5,6,40000
2,2,5,18000
2,2,5,20000
3,3,10,25000
2,2,8,22000
3,3,10,27000
3,3,10,30000
4,3,10,35000
3,3,4.5,40000
4,3,1,35000
3,3,1,40000
2,2,5,16000
1,1,1,6000
2,2,5,16000
2,2,5,18000
1,2,2,8000
1,2,2,8000
1,1,1,6500
1,1,1,7500
1,1,5,13000
1,2,2,8000
6,6,1,80000
3,3,1,40000
3,3,1,35000
6,6,1,80000
4,4,1,50000
4,4,5,32000
1,2,1,10000
3,3,10,30000
3,2,10,35000
4,4,5,35000
6,5,10,72000
6,5,10,16000000
6,5,11,22000000
6,5,10,23000000
8,7,2,70000000
5,5,1,35000000
5,5,12,35000000
3,3,5,12200000
3,3,5,11800000
5,5,1,45000000
5,5,10,17800000
5,5,10,22500000
4,3,7,23000000
4,4,5,14000000
0,3,5,9500000
0,5,1,40000000
0,5,1,56000000
0,4,10,16000000
0,2,1,25000000
0,8,2,55000000
0,3,15,32500000
0,0,5,30000000
0,3,3,4500000
5,4,6,13500000
6,5,1,50000000
6,5,10,34300000
6,5,1,47500000
3,2,5,8500000
6,5,1,49500000
6,5,1,62500000
3,3,3,3600000
4,4,5,14500000
7,6,1.2,75000000
4,4,1,55000000
7,6,2,83000000
5,5,1.3,65000000
4,3,3,6500000
6,5,1.2,55000000
4,4,10,27000000
2,3,4,4500000
4,3,10,19500000
6,5,1,39500000
7,7,2,120000000
3,4,5,10500000
4,3,5,12200000
5,5,10,22000000
6,6,4,80000000
6,6,9.6,34000000
4,4,4.8,17000000
0,2,5,4200000
0,2,5,4200000
0,3,8,4900000
0,3,8,4900000
0,3,8,4900000
0,3,8,7250000
0,3,8,9850000
3,3,8,25000000
2,2,4.4,16000000
6,6,9.6,24000000
7,8,3,7500000
6,6,9.6,24000000
6,6,9.6,24000000
0,3,5.6,5500000
0,3,5.6,5500000
0,3,5.6,5500000
0,3,5.6,5500000
0,2,3.3,3500000
0,2,3.3,3500000
0,2,3.3,3500000
0,2,3.3,3500000
0,3,6.7,6500000
0,3,6.7,6500000
0,2,3.8,4500000
5,4,8,80000
3,3,12,65000
3,3,1,100000
4,4,12,100000
3,3,12,60000
0,0,1.2,65000
2,2,4.4,40000
3,3,6.2,50000
3,3,1,100000
3,3,12,70000
3,3,7.1,70000
4,4,8.4,75000
4,4,4.4,15500000
5,4,4.4,17000000
7,6,10.9,35000000
4,4,4.4,14700000
2,2,5,2950000
6,5,5.4,27500000
7,6,1,49500000
5,5,8,24500000
0,0,1.7,4000000
3,3,5,6000000
4,3,8,6100000
3,2,10,26000
2,2,5.6,30000
3,2,12,70000
3,2,12,70000
3,2,5.6,35000
3,3,10,55000
1,2,5.6,30000
1,1,0.9,30000
3,2,4.4,26000
2,2,6,25000
3,3,8,40000
3,3,5,25000
4,3,14.2,60000
2,3,10,60000
3,3,1.5,300000
6,5,1,350000
4,3,14.2,60000
4,4,1,200000
5,5,1,380000
3,3,1.6,220000
4,3,1,55000
2,2,6,35000
4,3,1,50000
5,5,10,35000000
5,5,1,32500000
0,3,5,9000000
0,4,5,7500000
5,5,8,21000000
6,5,12,23000000
0,0,5,16000
0,3,3,25000
3,3,3,25000
0,4,5,30000
0,2,4,16000
0,2,7,17000
0,2,7,17000
0,3,5,35000
4,4,7,45000
2,2,10,33000
2,2,7,25000
1,1,2,6500
2,2,5,25000
4,4,7,45000
3,3,5,35000
3,3,8,17500000
6,5,10,22500000
4,3,5,10800000
4,3,5,16500000
5,5,1.2,65000000
6,5,10,17500000
0,0,10,25000000
5,5,10,23500000
5,5,1.1,55000000
6,5,12,21500000
5,5,1,41500000
5,5,1,32500000
5,4,10,29000000
5,5,1,28000000
4,4,1,70000000
3,3,2,150000000
6,5,1.2,65000000
3,3,3.5,6600000
4,4,2,150000000
10,10,2,65000000
6,5,4,7500000
4,4,10,24000000
6,5,1,58500000
3,3,4,12000000
5,5,1,59000000
6,5,1,38500000
3,3,3,5800000
2,4,3,6000000
5,5,1,42500000
2,4,5,6300000
2,4,28.8,5000000
5,4,14,18500000
4,4,39.3,9000000
6,5,4,9000000
6,4,10,19200000
6,4,10,22000000
0,5,10,25000000
0,5,10,21500000
1,1,2.6,2800000
3,3,5,10500000
4,3,8.9,29000000
3,3,6.2,10800000
0,0,8,10500000
0,0,1.6,4600000
2,2,2.1,5500000
0,3,4.6,7000000
0,3,4.6,7500000
0,2,3.6,4500000
6,6,9.6,28900000
6,6,9.6,28800000
6,6,9.6,28700000
6,6,9.6,28600000
6,6,9.6,28400000
6,6,9.6,28500000
6,6,9.6,28300000
6,6,9.6,28200000
6,6,9.6,28100000
6,6,9.6,28000000
6,6,9.6,27900000
6,6,9.6,27800000
6,6,9.6,27700000
6,6,9.6,27600000
6,6,9.6,27500000
6,6,9.6,27400000
6,6,9.6,27300000
6,6,9.6,27200000
6,6,9.6,27100000
6,6,9.6,27000000
6,6,9.6,26900000
6,6,9.6,26800000
6,6,9.6,26700000
6,6,9.6,26600000
6,6,9.6,26500000
6,6,9.6,26400000
6,6,9.6,26300000
6,6,9.6,26200000
6,6,9.6,26100000
6,6,9.6,26000000
6,6,9.6,25900000
6,6,9.6,25800000
6,6,9.6,25700000
6,6,9.6,25600000
6,6,9.6,25500000
6,6,9.6,25400000
6,6,9.6,25300000
6,6,9.6,25200000
6,6,9.6,25100000
6,6,9.6,25000000
6,6,9.6,24900000
3,3,6,15700000
6,6,9.6,24800000
6,6,9.6,24700000
3,3,6.4,14000000
6,6,9.6,24600000
6,6,9.6,24500000
6,6,9.6,24400000
6,6,9.6,24300000
6,6,9.6,24200000
6,6,9.6,24100000
6,6,9.6,24000000
3,3,6,15600000
3,3,6.1,8000000
3,3,6,15500000
3,3,6,15400000
4,4,4.8,15000000
3,3,6,15300000
3,3,6,15200000
3,3,6,15000000
3,3,6,14900000
3,3,6,14800000
8,7,1,175000000
3,3,6,14600000
3,3,6,14700000
3,3,6,14500000
3,3,8,13000000
3,3,10.2,25000000
3,3,8,12900000
3,3,8,12800000
3,3,9.3,32000000
3,3,8,12700000
3,3,8,12600000
3,3,8,12500000
3,3,8,22500000
3,3,9.4,10200000
2,2,2.9,6500000
3,3,8,22400000
5,6,5,20000000
3,3,8,22300000
3,3,8,22200000
3,3,8,22100000
3,3,8,22000000
3,3,8,21900000
3,3,8,21700000
3,3,8,21600000
0,6,9.6,31000000
0,4,4.8,20000000
0,4,4.8,17000000
0,3,5.1,8500000
0,3,4.8,14000000
0,4,16,27000000
0,6,9.6,31000000
0,4,4.8,20000000
0,4,4.8,17000000
0,3,5.3,11000000
0,3,8,11500000
3,3,8,21800000
3,3,8,21500000
2,2,10,15000000
2,2,10,14500000
2,2,10,13700000
2,2,10,13600000
2,2,4.2,18000
2,2,4.2,35000
1,2,2.4,25000
6,5,1,100000
3,3,7.1,50000
7,5,1,225000
2,2,4.2,35000
3,3,8,18500000
3,2,5,5000000
5,5,8,23000000
2,2,5,3600000
6,6,10.9,35000000
7,6,1.5,38000000
4,3,13,13000000
2,2,5,3000000
3,3,8,9000000
1,1,2.7,2150000
7,6,8,32500000
4,3,8,4400000
7,6,1,37000000
2,2,5.1,4500000
2,2,5.5,8500000
2,2,3.1,5273000
6,4,5,9500000
2,2,5,2300000
6,5,10,21000000
2,3,5.6,21000000
3,3,13.3,16000000
4,4,5.6,26000000
4,3,1,55000
3,3,8,46000
6,5,2,300000
3,3,12,60000
3,3,14,65000
10,9,2,600000
3,2,8,40000
2,2,5,30000
3,3,10,40000
2,2,6,20000
6,5,4,450000
2,2,4,25000
4,4,3.6,50000
2,2,5.1,25000
7,6,1.3,600000
0,0,4.2,80000
2,2,8,36000
5,5,1,45000
2,2,5,23000
3,4,5,42000
2,2,4,40000
7,7,8,60000
3,3,1,75000
0,4,7,18500000
0,3,5,12500000
0,4,10,25000000
0,4,10,25000000
0,0,5,12500000
0,3,5,11000000
0,4,7,17500000
0,4,5,20000000
0,0,7,17500000
0,3,5,7500000
0,3,3,6500000
0,3,5,8500000
0,2,2,3500000
0,2,2,3500000
0,0,5,9500000
0,0,5,10000000
0,4,6,15000000
0,0,3,6500000
0,3,2,6000000
7,5,10,24000000
5,5,1.2,33500000
4,4,4.5,9500000
2,2,3.8,3650000
3,3,10,35000
3,3,1,45000
2,2,5,22000
2,2,5,14000
2,2,5,16000
2,2,6,28000
2,2,5,17000
2,2,5,16000
2,2,5,24000
1,2,5,35000
3,3,7,45000
4,4,8,43000
3,3,8,37000
4,4,5,35000
5,4,7,37000
2,2,4,16000
6,5,10,70000
3,2,5,22000
4,4,7,32000
3,3,4.5,35000
3,2,12.4,37000
5,4,10,50000
4,3,6,8800000
5,5,10,16000000
6,4,10,23000000
7,5,10,17400000
3,3,11.1,49000000
6,6,1,52500000
6,5,1,65000000
6,5,1,37500000
7,6,1,39000000
4,3,3,6500000
0,0,10,23500000
6,5,5,16500000
7,5,10,18000000
4,4,5,9500000
5,6,1.1,47500000
0,0,255,80000000
0,2,3,5800000
0,4,7,11500000
0,3,5,9000000
0,3,3,7000000
0,3,3,6800000
0,4,3.2,11500000
0,5,1,95000000
6,5,1,52500000
7,5,12,27000000
6,5,12,26000000
6,5,10,22000000
6,5,10,18500000
0,3,5,14500000
2,2,2.5,2700000
2,2,10,13500000
2,2,10,13400000
2,2,10,13300000
2,2,10,13200000
2,2,10,13000000
2,2,10,12800000
2,2,10,12200000
2,2,10,12000000
2,2,10,11800000
2,2,10,11700000
2,2,10,11500000
2,2,4.2,7500000
2,2,4.2,7400000
2,2,4.2,7300000
2,2,4.2,7200000
2,2,4.2,7000000
2,2,4.2,7100000
2,2,4.2,6900000
2,2,4.2,6800000
2,2,4.2,6700000
2,2,4.2,6600000
2,2,4.2,6500000
2,2,4.2,6400000
2,2,4.2,6300000
2,2,4.2,6200000
2,2,4.2,6100000
4,3,10,12800000
2,2,4.2,6000000
4,4,5.1,38000000
0,0,4.2,9000000
3,3,8.9,8500000
2,2,2.4,7000000
3,3,5,5300000
2,2,4.2,5200000
2,2,4,6600000
2,2,4.3,8000000
2,2,3,5500000
3,3,7.6,7000000
2,2,4.9,8000000
2,2,2.6,3500000
2,2,3.4,4300000
3,3,6.2,14000000
2,2,2.8,3300000
7,6,10.1,37500000
0,3,6.4,9800000
0,3,6.4,9800000
0,3,6.4,9800000
0,3,6.4,9800000
0,3,6.4,9800000
0,3,6.4,9700000
0,3,6.4,9700000
0,3,6.4,9700000
0,3,6.4,9700000
0,3,6.4,9700000
0,3,6.4,8700000
0,3,6.4,8700000
0,3,6.4,8700000
0,3,6.4,8700000
0,3,6.4,8700000
3,3,12,72000000
1,1,1.8,1750000
2,2,3,3600000
2,2,3,3400000
1,1,1.8,2100000
3,3,4.8,9000000
0,0,4.8,13500000
2,5,3.2,5500000
0,3,6.4,9700000
0,3,6.4,9700000
0,3,6.4,9800000
0,3,6.4,9800000
0,3,6.4,8600000
0,3,6.4,8600000
0,3,6.4,9700000
0,3,6.4,9700000
0,3,6.4,8600000
0,3,6.4,8600000
2,2,4.8,11500000
2,2,4.8,28000
7,6,1,250000
2,4,2,160000
3,3,10.6,50000
2,2,7.1,60000
6,5,1,250000
3,3,8,55000
0,3,6.4,25000
0,3,6.4,25000
0,3,6.4,25000
0,3,6.4,25000
0,3,6.4,25000
0,2,4.8,20000
0,2,4.8,20000
0,2,4.8,20000
0,2,4.8,20000
0,2,4.8,20000
4,3,2.2,120000
0,4,6.4,50000
0,4,6.4,50000
0,4,6.4,50000
0,4,6.4,50000
0,4,6.4,50000
0,4,4.8,25000
0,4,4.8,25000
0,4,4.8,25000
0,4,4.8,25000
0,4,4.8,25000
0,3,6.4,25000
0,3,6.4,25000
0,2,4.8,20000
0,2,4.8,20000
0,4,6.4,50000
0,4,6.4,50000
2,1,4.2,35000
6,5,1,285000
1,1,2,3892000
5,4,4.4,16500000
0,0,6.7,27500000
1,1,2.1,2850000
6,5,8,31000000
10,10,4.4,13000000
5,6,10.9,35500000
4,4,8,4900000
3,3,4,17000000
7,7,14.4,47500000
3,3,5,11500000
0,0,14.2,65000000
5,4,5,16000000
3,3,6.4,18000000
3,3,12,65000
4,4,1.3,80000
3,3,1,75000
4,4,13.3,110000
3,3,10,55000
2,2,6,40000
3,3,12,75000
4,3,12,55000
8,5,1,140000
5,4,6,130000
0,0,12,60000
3,3,12,65000
1,1,2.4,40000
0,0,12,140000
5,5,7,50000
3,3,8,27000
2,2,4,30000
5,4,4,48000
3,3,6.2,33000
5,5,10.9,115000
3,2,16,41000
3,3,20,100000
3,3,8,42000
3,3,5,33000
3,3,6.4,75000
0,0,1,200000
3,3,12,85000
3,3,12,60000
6,5,10,21000000
6,5,11,25500000
6,5,10,23500000
4,3,5,13500000
7,6,2,190000000
5,5,8,15500000
6,5,10,24000000
4,3,5,12500000
4,3,5,13000000
4,3,5,11500000
6,5,10,18500000
6,5,10,20000000
6,5,12,29000000
6,5,1,36000000
3,4,4,5500000
0,5,14,21500000
0,7,1,27000000
0,5,5,7500000
0,5,6,12500000
5,4,10,24500000
0,5,5,8700000
0,5,5,8800000
5,4,10,21000000
0,3,2,3600000
0,3,2.5,4500000
0,3,2,3600000
0,3,2,3800000
0,3,2.5,4600000
0,3,5,9000000
0,3,5.5,9000000
0,2,4,7500000
0,2,4,7600000
6,5,10,23000000
5,5,1,70000000
4,4,2,110000000
6,5,1,39000000
1,1,30,4400000
6,5,1,49900000
3,3,8,12000000
4,3,5,11000000
6,5,1,61000000
1,1,1.2,2100000
0,0,7,20000000
0,0,5,11500000
3,3,5.6,6200000
6,5,7,13000000
5,5,1,18000000
5,4,7,15500000
3,3,11,16500000
2,2,3,13000
2,2,7,26000
2,2,7,25000
2,2,7,25000
3,3,9,26000
3,2,10,35000
4,4,12,30000
3,2,15,30000
6,5,1,42500000
6,5,1,32000000
6,6,10.9,17500000
4,3,5,10000000
6,5,1,38000000
6,5,1,32000000
6,6,1,45000000
4,5,2.2,80000000
6,5,1,43500000
6,5,1,44500000
6,5,1,46500000
6,5,1,32500000
4,3,3,8500000
7,6,1,105000000
4,4,7,11900000
6,5,1,63000000
2,2,2.9,5500000
4,4,13,25000000
4,4,4,32000000
4,3,6.4,13000000
4,4,13,25000000
2,2,3.8,6200000
6,5,9,75000000
0,3,8,21500000
5,5,1,69000000
5,5,1,69000000
5,5,1,68500000
5,5,1,68000000
5,5,1,68500000
0,2,3.6,8000000
0,2,3.6,7500000
0,3,5.6,14000000
2,2,2.4,4200000
3,3,4.8,11700000
3,3,4.8,8500000
4,4,14,57500000
5,5,1.2,42500000
4,4,14,57000000
4,4,14,56500000
4,4,14,56000000
3,3,4.8,12900000
3,3,5.2,17000000
3,3,14.4,66000000
2,2,4,6200000
0,3,6.2,14000000
0,3,8.9,22000000
0,2,2.9,3500000
0,2,4.4,5200000
0,3,7.6,10500000
0,3,7.6,12000000
0,3,6.7,21500000
0,4,8.4,27000000
2,2,3.2,3800000
0,0,2.7,2900000
0,2,5.3,6000000
5,4,10.6,50000000
0,4,10.7,19000000
0,4,8,25500000
0,0,6.9,9000000
0,2,3.3,5000000
5,5,2,160000000
2,2,4.2,7000000
3,3,8.8,14000000
7,6,1.6,460000000
3,3,10,23800000
3,2,4.4,7500000
4,4,12,19000000
4,4,12,19000000
3,3,10,24000000
2,2,4,3500000
3,3,10,30000000
3,3,10,29500000
3,3,16,27500000
7,6,4.8,21000000
0,9,8,33000000
0,6,8,23000000
7,10,6,22000000
0,4,5.6,14000000
4,4,4.8,7500000
0,2,5.6,12500000
4,4,4.8,11000000
6,6,4.8,10500000
4,3,14,16000000
4,4,8.9,15000000
2,2,5.3,45000
4,3,1,140000
3,3,8,28000
5,5,12,150000
3,3,1,130000
6,5,1,265000
0,0,1,300000
3,3,1,130000
3,3,7.8,90000
0,0,6.9,60000
5,4,10,165000
5,5,18.6,230000
3,3,16,135000
4,5,14,250000
1,1,3.8,12000
2,2,4,32000
3,3,8.8,45000
4,4,16,60000
3,3,16,48000
2,2,6.4,35000
2,2,4.8,35000
2,2,4.8,35000
2,2,4.8,26000
0,3,5.8,60000
0,3,7.6,36000
2,2,4.8,30000
5,7,6.4,150000
2,2,3.3,20000
5,4,1,260000
5,7,6.4,150000
2,3,8,60000
0,0,12,180000
3,3,1,40000
3,3,10,55000
1,2,4.2,30000
3,2,6.2,60000
6,6,1,300000
4,4,4.8,40000
2,2,2.4,22000
0,2,4.8,28000
0,2,3.3,23000
0,3,8,38000
0,3,16,48000
0,3,16,60000
0,3,16,28000
0,2,2.7,18000
0,3,8,35000
0,2,3.3,24000
6,6,4.8,60000
4,3,14.5,180000
0,4,5,7000000
2,2,5,3600000
2,2,3,4000000
8,6,2.5,37000000
7,6,1,44000000
4,3,11,19500000
3,3,8,8900000
5,5,10,30000000
0,1,2.7,4800000
0,2,5.2,9600000
8,6,2.8,8500000
0,1,4,7200000
0,0,5.4,5920000
0,1,4.2,7900000
0,1,4,6800000
0,2,5.2,8400000
0,1,3,4500000
0,1,2.7,4800000
0,1,4,7200000
0,2,5.8,10600000
0,1,2.7,4900000
0,1,2.7,4500000
0,1,4.2,8000000
0,1,4,6600000
4,0,8,13000000
0,0,4.8,5110000
0,0,4.8,5110000
7,6,12.7,58000000
0,0,4.8,5000000
0,0,4.8,5000000
0,0,4.8,5110000
0,0,2.2,2780000
0,0,2.2,2750000
0,0,2.6,3180000
0,0,2.2,2750000
0,0,2.6,3180000
0,0,2.6,3180000
0,0,2.2,2750000
0,0,2.6,3180000
0,0,2.2,2750000
0,0,2.2,2750000
0,0,2.1,2350000
0,0,4.8,5110000
0,0,4.8,5110000
0,0,4.8,5110000
0,0,4.8,5110000
0,0,4.8,5000000
0,0,4.8,5110000
0,0,4.8,5110000
0,0,4.8,5000000
7,5,9.9,20000000
3,3,8,8000000
2,2,3.6,3700000
2,2,5,3600000
3,3,8,8000000
4,4,4.4,15000000
6,6,10.9,100000
3,3,12,63000
2,2,3,12000
3,3,14,37000
2,2,7,25000
0,0,9.1,90000
1,2,2.7,25000
10,10,2,500000
10,10,4,1500000
7,6,1.3,370000
2,2,8,36000
2,2,12,65000
5,4,4.4,50000
3,3,10.9,50000
1,3,5.6,25000
3,3,12,55000
6,5,1,180000
3,2,10,25000
3,3,1,95000
3,3,5,10000000
6,5,1,48000000
5,5,10,26000000
6,5,1,48000000
6,4,5,16500000
5,4,9,23000000
8,6,1,70000000
6,5,1,37700000
5,4,7,23000000
6,5,1,39000000
6,5,1,36500000
4,3,5,14500000
4,3,5,14000000
5,4,10,22500000
4,3,5,11800000
3,2,10,12500000
4,3,5,10800000
5,4,9,27500000
5,4,10,28500000
4,3,2,6000000
4,3,5,13500000
6,5,2,130000000
6,6,6,15000000
6,5,11,19700000
6,5,1,42500000
4,3,12,23000000
6,5,10,21000000
5,4,7,22500000
6,5,11,21000000
5,4,11,22500000
6,4,10,26500000
5,4,5,5800000
6,5,10,20000000
0,0,2.5,4000000
0,0,5,7000000
0,3,3,3700000
7,6,6,11000000
4,5,3.5,10000000
0,0,4,6000000
0,0,5.5,4200000
4,5,1,20000000
1,1,2.2,717000
1,1,2.2,717000
2,2,5.3,14000000
1,2,2.2,2200000
2,2,4,4500000
1,2,3.6,2200000
5,5,10,22000000
0,0,5,6500000
1,1,1.3,5000
3,3,12,32000
4,3,1,55000
10,9,1,150000
0,0,1,200000
4,4,1,50000
3,2,10,38000
2,3,6,22000
0,0,7,35000
0,0,7,25000
0,0,7,45000
0,0,5,36000
6,5,10,17500000
6,5,10,17500000
4,3,8,21000000
5,4,7,18000000
4,4,5,12500000
6,5,10,23000000
5,5,1,55000000
3,4,2.5,3800000
3,3,10,11500000
4,4,10,26000000
5,5,5,9600000
5,5,7,12000000
4,4,5,9600000
7,8,2,95000000
3,3,5,12000000
5,5,2,170000000
6,4,10,35000000
5,4,10,24000000
4,4,16,35000000
6,2,6,28500000
0,4,16,37000000
0,4,4.8,14500000
0,6,16,38000000
0,3,16,35000000
0,6,16,35000000
3,3,6.7,13500000
2,2,4.4,6800000
7,6,14.4,70000000
2,2,4.4,8500000
3,3,7.8,16000000
6,5,1,140000000
2,2,4,7500000
0,4,4.8,13000000
0,4,4.8,17000000
0,4,4.8,15500000
0,6,4.8,22000000
0,8,4.8,22500000
0,3,6.7,6000000
0,2,3.6,4200000
0,4,4.8,13500000
0,4,4.8,13500000
0,4,4.8,12500000
3,3,2.2,10500000
4,3,14.5,66000000
0,2,2.7,4500000
0,2,2.7,5500000
0,2,4,7600000
0,2,4.8,22500000
5,5,4.8,12500000
3,3,7.1,11000000
0,0,4,9200000
8,6,16,51000000
8,6,16,51000000
0,3,7.3,15500000
0,3,6,6000000
0,2,6,6500000
0,2,3.1,4500000
0,2,3.1,5200000
0,2,4,7200000
0,2,4.4,7400000
0,3,8,16500000
0,3,6,12000000
0,2,4.4,6500000
0,2,4.4,7000000
3,3,7.1,24000000
2,2,4,6000000
3,3,5.3,12000000
2,2,3.3,4500000
2,2,4,6000000
3,3,6,14500000
3,3,8,20000000
0,0,4.7,20900000
2,2,4,8000000
3,3,6,50000
4,3,7.8,80000
2,2,2.4,21000
2,2,6.2,45000
0,0,1,38000
2,2,5.3,35000
2,2,1,39000
7,6,1,315000
0,2,4.8,28000
0,2,4.8,24000
0,2,3.1,16000
0,2,4.8,19000
0,2,4.8,24000
0,2,4.8,23000
0,2,4.8,24000
0,2,4.8,20000
0,2,4.8,23000
0,2,4.8,18000
0,2,4,30000
0,2,4.8,32000
0,15,1.5,450000
0,25,3,900000
0,4,16,90000
0,2,4.8,20000
2,3,3.2,16000
3,2,4.8,18000
0,0,12,70000
5,4,1,120000
3,3,11.2,85000
4,3,16,125000
3,3,1,135000
4,3,12,50000
5,5,1,350000
0,0,2,40000
3,3,1,95000
6,5,8,24000000
2,2,4,5000000
7,6,16,49500000
8,7,1,51000000
6,5,1,55000000
10,9,1.3,152500000
6,6,1,85000
3,3,2,120000
6,6,1,120000
2,2,2,25000
4,4,10,70000
6,5,1,200000
1,1,2.6,90000
2,2,4,20000
2,2,7.1,130000
2,2,10,32000
1,2,5.6,23000
2,2,5.6,37000
2,2,3.3,28000
3,3,1,65000
1,2,5.6,19000
3,3,1,95000
0,0,8,29000
5,5,1,300000
6,6,1,85000
6,6,1,85000
3,2,4.9,45000
6,6,1,200000
0,0,8,60000
6,6,1,120000
0,0,8,60000
2,2,10,20000
2,2,10,30000
4,4,10,70000
1,2,5,25000
0,0,8,30000
2,3,1,75000
0,0,8,30000
2,2,10,55000
3,3,5,30000
4,3,12,55000
2,2,6.7,45000
2,2,5.6,32000
4,4,1,65000
3,3,8,45000
3,3,10,55000
0,0,3.6,18000
1,1,3.3,38000
0,10,2,280000
5,4,10,130000
0,0,3.6,15000
1,1,2.1,18000
0,0,3.3,15000
0,0,3.3,16000
3,3,14,72000
0,0,14.2,34000
0,0,14.2,34000
0,0,14.2,38000
0,0,14.2,37000
0,0,14.2,45000
3,3,8,24000
2,2,4,25000
0,0,14.2,45000
3,3,10,28000
1,3,6.7,25000
2,2,4,25000
2,2,9.8,36000
1,2,6.7,15000
4,3,5,10500000
4,3,5,9900000
4,4,10,24000000
5,5,5,15500000
5,5,10,18800000
2,2,5,7300000
4,4,10,25000000
5,5,10,19500000
3,3,5,11500000
2,2,3,2200000
6,5,1,32500000
0,0,1.1,79500000
6,5,10,22500000
7,6,2,110300000
7,5,10,20500000
5,5,1,45000000
7,5,10,23500000
2,2,4,4500000
3,0,3,9500000
6,5,10,23500000
4,2,7,4000000
7,5,11,21500000
5,5,10,22500000
3,3,5,10500000
3,3,5,11000000
7,5,11,25000000
1,2,3,3500000
7,5,11,20500000
7,5,11,20000000
7,5,11,20000000
7,5,11,24000000
7,5,11,20000000
3,3,5,18000000
7,4,11,21000000
4,3,5,12800000
2,2,2.5,3500000
4,4,5,12500000
5,4,5,10000000
7,7,1,60000000
4,6,11.5,13500000
6,5,12,28000000
5,4,10,20000000
6,5,10,27500000
3,3,10,9000000
2,2,5,4900000
3,3,5,10500000
4,4,5,7000000
6,6,9,11300000
6,5,10,19500000
2,2,3.5,3800000
6,5,7,15000000
6,6,10,14000000
0,0,10,60000
0,0,1,95000
0,0,12,70000
0,0,10,28000
0,0,10,32000
0,0,1,45000
0,0,1,50000
0,0,6.5,15000
0,0,6.5,25000
0,2,11,19500000
2,2,3,2200000
7,5,11,22000000
4,3,3.5,4600000
4,3,5,11500000
3,3,3,4900000
2,2,5,4200000
4,3,5,21000000
4,3,7,25500000
5,4,10,27000000
7,5,1,47000000
6,5,1,41000000
0,1,2.4,1400000
3,3,3.1,4200000
3,5,8.6,11000000
2,2,3.2,4400000
3,3,5.6,6000000
4,4,8.4,18000000
2,2,3.8,5500000
0,0,4.8,1200000
3,3,5.3,5800000
6,8,16,50000000
2,2,2.6,5200000
0,0,3.1,4400000
4,3,11.4,31000000
3,3,6.2,11000000
3,3,8,14000000
7,6,12,87500000
3,3,5,11500000
3,3,4,9000000
3,3,6,8000000
3,3,8,13000000
3,3,5,8500000
4,4,4,41000000
2,2,4,13000000
4,4,4,40000000
2,2,4.2,6300000
6,6,12,36500000
6,6,12,45000000
3,3,8,18000000
0,0,1.2,60000000
2,2,4.4,8000000
3,3,8,10200000
3,3,9.6,28000000
2,2,2.2,8000000
3,3,8,11000000
3,3,7.1,19500000
1,1,2.7,1480000
1,1,2.7,1460000
3,3,5.8,7200000
5,4,12,75000000
5,4,4,30000000
3,3,5.8,4800000
5,4,12,65000000
8,6,12,65000000
3,3,5.6,40000
0,0,7.1,90000
2,2,4.4,25000
3,3,6.2,35000
0,0,9.3,65000
3,3,6.2,35000
3,3,5.8,30000
3,3,8,80000
1,2,3.1,18000
3,3,9.6,35000
8,8,16,350000
2,2,4,20000
2,2,1.8,26000
2,2,2.7,18000
2,2,2.5,14000
3,3,1.2,75000
4,3,10.2,115000
3,3,6.9,45000
3,3,8.4,65000
4,3,1,135000
3,3,4,25000
4,4,2,150000
3,3,7.6,60000
3,3,7.1,70000
2,2,9.6,32000
6,6,16,130000
3,3,7.1,62000
5,5,8.8,400000
5,5,1,400000
3,3,6.5,40000
0,0,8.7,55000
3,2,8,80000
3,3,12,65000
6,6,16,115000
3,3,7.2,37000
2,2,4.2,25000
4,3,1,63000
4,3,9.6,44000
5,5,9.6,60000
2,2,4.8,6000
4,4,13.3,75000
2,2,3.3,20000
5,6,8,13500000
3,3,8,6200000
6,6,1,65000000
5,3,4,17000000
8,6,5,12000000
5,3,4.4,16000000
5,5,5,11500000
5,5,5,10700000
4,4,10,13500000
1,2,9.8,30000
3,3,10,47000
8,7,1.3,200000
4,3,1,75000
2,2,10,45000
2,2,10,60000
2,2,8,39000
1,1,5.6,37000
3,3,1,45000
2,2,7,35000
2,2,4,23000
2,2,3.1,26000
2,2,4.4,23500
3,2,8,34500
5,3,4.4,44000
4,3,1,75000
2,1,4.4,26000
3,3,4,55000
0,0,3,70000
4,4,15.6,130000
4,4,1,100000
4,3,14.2,31000
3,3,16,45000
2,2,9.6,55000
4,3,5,9500000
6,5,1,41000000
7,5,1,30000000
5,4,8,17000000
6,5,10,19500000
4,2,8,7000000
6,5,10,18500000
6,5,10,16800000
3,3,5,16500000
5,4,8,14000000
4,3,8,13500000
7,5,1,33000000
7,5,1,44000000
6,5,1,52000000
5,5,1,49000000
6,5,1,52000000
6,4,5.5,14500000
3,2,3,3950000
0,3,4,46000000
6,5,10,19000000
5,4,8,16000000
5,3,5,11500000
5,3,5,12300000
0,0,5,10000000
0,0,5,10000000
0,0,5,10000000
0,0,5,10000000
0,0,5,10000000
0,0,5,10000000
0,0,5,10000000
0,0,5,10000000
0,0,5,10000000
0,0,7,14000000
0,0,7,14000000
0,0,5,9500000
0,0,4,7500000
0,0,3,4500000
0,0,3,7500000
0,0,3,4000000
0,0,5,11500000
0,0,8,16000000
0,0,7,16500000
0,0,12,25000000
0,0,5,7500000
0,0,5,7500000
0,0,3,4500000
0,0,2,4500000
0,0,2,4500000
0,0,5,7500000
0,0,6,7500000
0,0,5,7500000
0,0,5,8500000
5,6,6.7,6200000
5,4,6,9000000
5,4,5,10500000
3,2,5,6000000
3,3,5,6500000
5,4,5,10500000
3,3,7,18000
3,3,4.5,30000
4,4,5,35000
0,0,5,35000
5,4,10,65000
2,2,10,22000
0,0,5,20000
3,3,10,25000
3,2,10,32000
2,2,10,35000
7,6,1,130000
3,3,10,30000
3,3,10,35000
3,3,9,45000
8,8,1,100000
4,3,5,35000
6,5,10,22000000
6,5,10,19000000
6,5,10,20500000
6,5,10,20000000
6,5,10,21000000
4,4,5.1,8500000
3,2,4.9,6800000
6,5,12,73000000
7,6,1,108000000
4,4,12,71500000
2,2,4.9,14000000
7,6,1.3,125000000
2,2,3,2200000
3,3,7.8,20000000
6,5,6,62500000
4,3,7.1,4000000
2,2,2,4100000
3,3,4.8,7500000
3,3,2.4,7000000
2,2,4,5000000
2,2,4.8,7500000
3,3,16,52500000
1,2,1.8,1700000
3,3,5,13000000
3,3,5,13000000
3,3,5,13000000
3,3,5,13000000
3,3,5,13000000
3,3,5,13000000
3,3,5,13000000
3,3,5.3,10000000
3,3,5.3,10000000
2,2,4.4,9000000
2,2,4.4,9000000
2,2,4.7,8500000
2,2,4.7,8500000
2,2,4.2,8000000
2,2,4.2,8000000
3,3,6.5,13000000
4,3,7.1,13000000
2,3,3.8,4000000
0,7,1.2,75000000
0,6,1.2,65000000
0,6,9.6,38500000
0,3,5.8,6500000
0,2,4,5500000
0,3,10.7,28000000
0,3,10.7,28000000
0,2,3.3,3800000
0,2,4.2,9000000
0,2,3.3,5500000
0,3,12,25000000
0,2,3.3,7000000
0,3,6.4,8500000
0,3,6.4,8500000
0,3,6.4,9000000
0,3,6.4,9000000
0,3,7.8,11000000
0,3,7.8,11000000
0,3,7.8,11500000
0,4,16,45000000
0,6,12,42500000
0,3,9.6,34000000
0,3,9.6,22500000
0,6,9.6,28500000
0,2,3.3,6000000
0,2,3.3,6000000
0,2,3.3,6000000
6,6,9.4,26500000
0,2,4.8,5500000
0,2,3.1,3300000
2,2,4.2,5000000
0,2,4.8,5000000
0,6,9.6,38500000
3,3,8.9,90000
10,8,4,550000
4,4,10,115000
2,2,4.8,17000
2,2,4.2,78500
3,3,1,135000
2,2,4.8,25000
3,2,4.8,23000
2,2,3.3,15500
2,2,8,42000
4,8,4.8,3000000
5,5,1,300000
4,4,8.9,110000
0,0,9.6,45000
3,3,9.6,43000
3,3,12,65000
3,3,9.6,43000
3,3,9.6,43000
3,3,6.4,57000
2,2,3.6,3800000
2,2,3.6,3900000
2,2,7.1,14500000
2,2,7.1,13500000
3,3,6,8500000
5,4,4.4,14500000
2,2,6.1,8984000
4,4,6,13000000
1,1,4.3,5808000
5,7,7,15000000
4,4,8,16500000
4,4,4.4,16500000
3,2,7,8500000
5,4,4.4,16500000
2,2,5,3600000
4,4,4.4,16500000
2,2,6,13500000
9,9,1.5,140000000
5,4,4.4,17000000
4,3,8,8500000
3,3,1,75000
4,4,5,55000
3,3,1.3,110000
10,11,1,365000
5,4,4.4,50000
3,3,10,28000
2,2,3.6,35000
3,3,1,60000
2,2,4.9,28000
3,3,4.4,25000
6,6,1.3,300000
3,3,1,44000
3,3,1,50000
3,3,1,54000
3,3,1,49000
6,6,1,160000
2,2,8,40000
4,4,1,87000
3,3,10,55000
1,1,3.3,50000
2,2,5,18000
6,5,10,17500000
3,3,5,8500000
6,5,10,18500000
5,3,5,12000000
0,0,30,4400000
6,5,10,21000000
5,3,5,12000000
5,3,5,12000000
3,3,10,11500000
4,3,5,11200000
5,3,5,11000000
5,3,5,11500000
6,6,1,30800000
0,0,2,115500000
0,0,2,120000000
5,3,5,11500000
0,0,1,56000000
7,5,1,37000000
5,3,5,11800000
6,5,1,34000000
5,5,10,18000000
3,3,5,12000000
6,6,1,33500000
4,3,5,10500000
6,5,1,30000000
6,5,1,47500000
6,5,1,55000000
6,5,1,52500000
6,5,1,57000000
6,5,1,37000000
4,5,10,18000000
3,6,4,13000000
0,0,3,4500000
0,0,3,4500000
0,0,3,2500000
0,0,3,2500000
0,0,2,2500000
0,0,3,2500000
6,5,1,65000000
0,0,3,2500000
0,0,3,4500000
0,0,3,2500000
0,0,3,5500000
0,0,3,4200000
0,0,3,4200000
6,5,1,65000000
5,4,5,10500000
5,5,10,25500000
5,5,10,24500000
6,6,7,14000000
4,4,4,7000000
8,7,10,17000000
0,0,10,25000000
4,3,5,6500000
3,2,5,5800000
2,2,5,4000000
3,3,4.5,5000000
4,4,13.5,13000000
2,2,5.5,6500000
4,4,5,8800000
5,4,10,25000000
3,3,13,8500000
3,3,4,7000000
2,2,4,4500000
5,5,6,8500000
5,4,5,10500000
5,6,8,11000000
3,3,8,9500000
5,4,6,9000000
4,4,5,8800000
7,5,7,13500000
5,4,6,12500000
4,4,12,50000
2,2,6,22000
2,2,6,25000
2,2,6,18000
2,2,7,20000
2,2,10,25000
2,2,7,20000
2,2,10,45000
6,6,10,40000
2,2,5,18000
7,6,1,150000
6,5,10,65000
3,3,10,38000
3,3,1,60000
4,4,10,65000
0,6,9.6,50000000
0,6,9.6,35000000
0,6,1.2,80000000
0,3,9.6,17000000
0,3,9.6,12500000
0,3,7.2,13000000
0,2,12,38000000
2,2,5,6000000
3,3,9.4,9000000
2,2,4.9,1650000
10,8,2,200000000
0,0,4.8,12500000
0,0,4.8,13300000
0,0,4.8,14000000
0,0,4.8,15000000
0,0,4.8,16000000
0,2,2.9,4000000
0,6,1,75000000
0,4,9.6,37500000
0,4,9.6,42500000
0,3,6,9400000
0,4,8,16000000
0,4,4.8,19500000
0,4,11.6,32500000
0,3,6,15000000
0,3,6,15000000
0,0,4.8,13300000
0,0,4.8,14000000
0,0,4.8,16000000
0,0,4.8,12900000
0,0,4.8,14500000
0,0,4.8,16500000
6,6,4.8,16000000
0,3,6,13200000
0,3,6.7,13500000
0,4,6.7,13500000
0,4,7.6,15500000
0,2,3.8,7000000
0,3,6,13200000
4,3,6.7,13500000
4,3,6.7,13500000
4,3,7.6,15500000
0,2,3.8,7000000
3,2,5.2,12500000
0,0,3.4,8500000
0,0,3.4,8800000
0,0,3.4,8700000
0,0,3.4,9000000
0,0,4,6000000
0,0,5.3,7500000
0,0,4,4500000
0,0,4,4200000
0,0,3.8,2800000
0,0,3.1,3500000
0,0,3.1,3300000
2,0,3.1,3400000
2,0,3.1,3500000
0,0,1.8,1800000
0,0,4,5000000
0,0,4,4600000
0,0,3.3,3800000
0,0,3.3,3600000
0,0,4.8,14500000
0,0,4.8,15200000
0,0,4.8,15600000
0,0,4.8,16000000
0,0,4.8,16500000
0,0,4.8,17000000
0,0,4.8,18000000
0,0,4.8,19000000
0,0,4.8,18500000
0,0,4.8,19500000
4,4,4.8,9000000
0,3,7.6,25000000
0,3,5.6,17000000
0,3,5.3,10000000
0,3,5.3,11500000
0,3,5.3,15000000
0,3,7.6,22500000
0,4,7.6,12500000
0,2,3.8,6500000
0,2,3.8,6500000
0,3,6.1,12500000
0,6,1.6,60000000
0,6,1.1,46000000
0,3,5.8,15000000
0,3,6.2,18000000
0,2,4.4,8000000
0,2,4.2,6500000
0,2,3.1,5500000
0,3,7.6,17500000
0,0,2,1700000
5,5,1.6,350000
0,0,4.8,22000
0,0,4.8,21000
0,0,4.8,20000
2,2,4,35000
0,3,6.2,40000
6,5,1,105000
4,4,9.6,38000
4,3,16,65000
2,2,5,3600000
6,6,1.3,81000000
6,5,10,12000000
2,2,3.6,4000000
1,2,6,13500000
3,2,4.4,8000000
5,4,5,7800000
1,1,1.6,2400000
2,2,5,3000000
4,6,3,6500000
5,5,8,28000000
5,5,1.3,200000
2,2,5,35000
0,0,12.5,60000
2,2,5,37000
2,2,3.6,26000
3,3,10.9,45000
6,6,8,65000
2,2,3.3,30000
2,2,1.8,25000
2,2,3,55000
3,3,14.2,65000
7,6,2,300000
3,3,3.6,70000
3,3,8,47000
3,3,2.7,45000
2,2,7,40000
2,2,2.6,55000
2,2,6.7,42000
3,3,2.6,55000
2,2,7.2,65000
0,0,1.3,7000
1,1,1.3,27000
2,2,1.6,110000
6,6,13,95000
3,2,7,25000
2,2,4,14000
2,2,1,25000
5,5,1,140000
3,3,14.2,65000
2,2,6.7,35000
3,3,14.2,65000
2,2,5,18000
3,3,14.2,65000
6,6,1,100000
3,3,14,65000
4,4,14.2,55000
3,3,1,80000
1,1,1.8,29000
6,6,1.6,225000
5,5,10,90000
3,3,1,40000
5,5,1,125000
5,4,4,56000
2,2,7.2,65000
6,5,8,62000
7,6,10,90000
3,2,7,36000
2,2,7.2,65000
2,2,3.3,15000
6,6,7,78000
4,3,1,50000
3,3,1,60000
1,2,3.1,26000
4,4,1,80000
6,5,8,60000
3,3,1,60000
2,2,3.6,14000
4,3,1.8,140000
4,3,16,18000000
7,6,2,92500000
3,3,2.5,3500000
4,3,5,12600000
6,5,1,39000000
5,3,5,11500000
0,5,1,23000000
6,5,1,35000000
4,3,5,10400000
4,3,5,13700000
6,5,1,32500000
5,4,10,24000000
5,3,5,11500000
3,3,5,11500000
0,3,5,11500000
0,4,5,14000000
0,3,5,12000000
0,5,10,21500000
0,5,10,24500000
0,3,2.8,5000000
0,3,3,5400000
0,3,4,6200000
0,3,6,6500000
0,3,5,9500000
5,4,7,22500000
4,3,5,11500000
5,4,7,22000000
0,2,6,25000000
0,5,6,25000000
0,3,1.3,1950000
7,5,1,45000000
1,1,4,19000000
6,5,1,47000000
5,4,8,22000000
6,6,1,46500000
5,5,10,19000000
6,5,10,19900000
7,6,1,47000000
0,5,8,12500000
0,5,8,13000000
0,5,8,15000000
0,3,4,9000000
5,4,10,28500000
10,7,2,94000000
5,4,5,11000000
6,10,17,30000000
2,2,5,4000000
2,2,4,5000000
3,5,5,6200000
6,6,15,20000000
2,1,4,7000000
0,0,10,25500000
3,2,10,40000
3,3,12,60000
6,6,1,120000
6,6,1,120000
1,1,1.7,20000
6,6,1,120000
6,6,1,120000
3,3,5,32000
6,5,10,70000
6,5,10,70000
6,5,10,65000
6,5,10,65000
3,2,12,30000
2,2,5,25000
4,3,10,40000
4,3,1,45000
4,4,7,50000
5,4,1,50000
0,3,7.6,22500000
0,3,5.6,15000000
0,3,5.6,16500000
0,3,7.2,14000000
0,3,6.4,7500000
0,3,6.9,13000000
2,2,4.2,6500000
2,2,4.8,5000000
7,6,9.6,36000000
0,0,3.2,30000000
0,0,4.8,16000000
0,0,8,70000000
0,0,3.4,8000000
0,0,3.4,8000000
3,3,10,11500000
4,4,13.1,15500000
3,3,5,5500000
3,3,8,6500000
0,0,11.1,20000000
4,4,14,14000000
5,4,11.1,20000000
5,5,9.6,35000000
4,4,4.8,15000000
3,3,4.8,8800000
3,3,8,10000000
2,2,3.3,6000000
2,2,4.8,1474000
2,2,3.6,3600000
4,4,4,30000000
0,6,4.8,19000000
0,6,4.8,17000000
0,4,4.8,15000000
0,4,4.8,16500000
0,0,4.8,13500000
0,0,4.8,14000000
3,3,4.8,7500000
0,2,4.8,6500000
0,3,4.8,11000000
0,2,3,5000000
0,2,2.4,4000000
2,2,4.4,7800000
5,5,8.4,17000000
1,3,3.3,4000000
0,0,18.4,40000000
0,0,19.3,26500000
0,2,5.3,8200000
0,2,4.9,6000000
0,0,16,50000000
0,0,1.2,65000000
0,2,4.2,5500000
0,6,12,38000000
0,0,12,45000000
0,5,1,60000000
0,6,6,27500000
0,2,5.3,6000000
0,0,8,28000000
0,6,10.6,42500000
0,0,9.6,19000000
0,0,4.8,9000000
0,2,2.4,3000000
0,2,2.4,3000000
0,2,2.4,4000000
0,0,2.4,3800000
0,3,2.8,5000000
0,3,2.8,5000000
0,0,4.8,5500000
0,0,4.8,5800000
0,0,4.8,10000000
0,0,4.8,10000000
0,6,4.8,24500000
0,4,4.8,17000000
0,0,4.8,14000000
0,0,4.8,13000000
0,6,4.8,24000000
9,9,4.8,19000000
0,0,10,42500000
0,0,4.8,15000000
0,3,4.8,7000000
0,3,4.8,7000000
7,10,8,33000000
6,6,1,115000000
3,3,2.9,11000000
0,2,4.2,5000000
0,3,5.6,7000000
0,0,18,55000000
0,0,1.3,85000000
0,2,4,5000000
0,3,5.3,7000000
0,3,5.8,7000000
0,2,5.8,7000000
0,2,2.4,3800000
0,2,2.4,3800000
0,2,2.4,4000000
0,2,2.4,4000000
0,3,4.8,7000000
0,3,4.8,7000000
0,0,5.3,7000000
3,3,6,21000000
0,0,3.4,4000000
7,7,2,350000000
3,3,8,17000000
2,2,5.3,6000000
3,3,8.9,35000000
5,5,1,130000000
4,4,16,35000000
2,2,4,9000000
3,3,8,16500000
2,2,4.2,35000
3,3,11.2,48000
0,0,2.4,250000
2,2,2,25000
2,2,2,42000
4,3,2,160000
3,3,8.4,100000
2,2,2,28000
3,3,5.3,38000
0,2,4.8,26000
0,3,4.8,35000
0,2,2.4,18000
0,2,4.8,23000
7,6,1.2,300000
6,5,1.2,235000
0,3,16,50000
0,3,16,55000
0,6,1.2,145000
0,2,8,90000
0,0,1.2,85000
0,2,3.6,17000
5,5,1,300000
2,2,4.2,50000
4,4,1,275000
2,2,4.2,40000
3,3,5.3,32000
4,4,2,350000
0,0,9.6,55000
5,5,1,300000
2,2,4.2,42000
3,3,5.8,35000
2,2,4.4,32000
5,5,1,250000
5,5,1,300000
0,0,1.3,140000000
2,2,2.9,3890000
0,1,2.5,3372000
4,4,4.4,16500000
4,4,4.4,16500000
4,4,4.4,15700000
2,2,5.1,8200000
3,3,16.6,20000000
3,3,7,15000000
6,5,8,26200000
2,2,5.1,8200000
5,4,4.4,15700000
5,4,4.4,16500000
3,6,4,7000000
6,5,8,25800000
6,6,10.9,35500000
6,7,1,66500000
5,5,1.1,70000000
6,6,1,75000000
4,3,8,7000000
4,4,9.3,28500000
5,5,8,25000000
3,3,9,60000
3,5,6.7,57000
3,2,8,30000
3,3,12,40000
2,2,12,55000
3,3,12,65000
4,3,8,30000
2,2,4,25000
5,4,4.4,45000
3,3,1,90000
4,3,14.2,35000
3,3,12,55000
0,0,10,43000
0,0,2,35000
4,3,1,50000
4,3,1,45000
4,3,1,50000
4,3,1,60000
0,0,10,90000
5,5,10,65000
4,3,1,50000
3,3,10,30000
3,3,10,30000
3,3,10,30000
3,3,3,7500000
5,5,10,20000000
0,3,4,8500000
0,3,4,8000000
0,3,4,9000000
0,3,5,8500000
0,3,5,8700000
0,3,5,9500000
0,3,5,9000000
4,3,5,8500000
5,4,10,35000000
7,6,1,49900000
6,5,1,44900000
7,5,10,20900000
5,3,5,11500000
5,5,8,14500000
6,5,1,44000000
7,7,1,50000000
4,3,11,15500000
6,5,1,42500000
3,3,3,7800000
1,1,2.3,5000000
6,5,10,20000000
7,5,10,20500000
4,4,3,200000000
7,5,10,20000000
5,3,5,11800000
3,3,5,9500000
4,3,5,8650000
4,3,5,11500000
3,3,5,12000000
7,5,10,19000000
6,5,10,19500000
6,5,1,39900000
3,3,3,7800000
5,3,10,19500000
6,5,10,18500000
7,5,10,19000000
6,5,10,18500000
3,3,3,7500000
7,6,1,24000000
7,5,10,19000000
5,3,4,7500000
3,3,3,7500000
3,3,3,7600000
7,5,10,19000000
2,2,1,200000
3,3,3,6500000
2,2,1,2000000
6,5,10,27000000
3,3,3,7200000
6,5,5,11500000
4,3,5,5500000
5,5,10,18500000
5,5,10,22500000
8,7,14,35000000
0,0,10,16000000
0,5,1.1,45000000
2,2,5,10000000
2,4,1.5,2950000
2,3,3,5000000
2,3,5,4550000
4,4,5,9000000
4,7,7,10000000
6,5,13,25000000
6,5,12,15000000
6,5,10,20000000
6,5,7,13500000
5,5,9,19500000
5,5,10,23500000
8,5,10,27500000
0,0,10,19500000
0,6,9.3,47500000
0,4,9.3,45000000
0,8,16,70000000
0,6,10,45000000
0,2,2.9,4000000
0,3,6.2,8500000
0,0,9.3,30000000
0,3,9.6,15000000
0,2,3.2,3500000
0,3,4.8,7500000
0,3,4.8,7500000
0,2,3,4000000
0,2,3,4000000
0,4,10,15000000
0,2,3,5000000
0,0,6,11000000
0,2,3.1,4000000
0,2,4.7,10000000
0,0,4.8,17000000
0,0,4.8,18000000
0,0,4.8,16500000
0,0,4.3,6500000
0,3,3.6,6500000
0,3,4.8,7000000
2,2,2.8,4300000
2,2,4.2,12000000
3,3,5.3,8500000
0,0,1.2,55000000
0,6,10.2,40000000
0,0,1.3,80000000
0,3,4.8,7000000
0,3,4.8,6000000
0,0,4.8,10500000
0,2,4.8,4500000
0,2,4.8,3500000
0,0,4.8,8500000
0,0,4.8,8500000
0,2,2.6,4200000
0,2,2.6,3600000
0,2,2.6,3300000
0,4,4.8,7000000
0,4,4.8,7000000
0,0,4.8,7500000
0,2,4.8,6000000
0,2,4.8,5500000
0,4,4.8,8000000
0,3,4.8,10000000
0,2,4.8,5500000
0,3,4.8,6500000
0,3,4.8,6500000
0,0,4.8,7000000
0,0,1.2,110000000
2,2,4,4500000
0,3,8,22500000
3,3,8,16000000
0,3,8,15000000
0,2,8,26500000
0,3,9.6,12500000
0,3,6,7000000
2,2,4.2,6000000
3,3,4.3,7300000
0,2,2.9,3200000
0,3,5.8,8200000
0,3,5.3,7500000
0,0,2,2500000
0,0,4.8,21500000
0,0,12,50000000
0,0,4.8,14000000
0,0,4.8,11500000
0,3,5.8,5600000
0,0,8,40000000
3,3,5.8,7000000
3,3,4.8,11500000
2,2,4.2,6000000
2,2,4.2,6000000
0,0,8,26000000
0,2,4.7,5500000
0,0,9.3,25000000
0,0,4.8,15000000
2,2,4.2,6000000
2,2,4.2,6000000
2,2,4.2,6000000
10,10,8.6,35000000
2,2,4.2,6000000
2,2,2.1,7200000
0,2,4.4,6500000
0,2,3.6,5500000
0,2,4,6000000
0,2,3.6,4200000
0,2,4.4,6500000
0,2,4.4,5200000
2,2,4.2,6000000
2,2,4.2,6000000
3,3,8,9500000
2,2,2,28000
0,15,18,250000
0,12,1.2,250000
0,3,8,38000
0,0,4.8,25000
0,2,4.8,24000
0,3,4.9,28000
0,0,4.8,35000
0,2,4.8,24000
2,3,8.6,35000
5,5,1,250000
3,3,5.6,27000
5,5,1,260000
5,5,1,280000
5,5,1,300000
5,5,1,350000
3,3,9.3,39000
0,3,9.6,35000
0,4,1.2,72000
0,2,1.2,30000
0,3,10.2,39000
0,3,10.2,50000
3,3,10.2,50000
3,3,10.2,48000
3,3,4.9,35000
0,0,4.8,30000
5,5,1.2,350000
2,2,2,48000
6,6,1,300000
0,0,3.8,18000
0,2,4.8,30000
0,2,2.9,14000
3,3,7.8,65000
0,3,6.7,45000
0,3,6.7,45000
0,2,3.6,22000
0,2,3.6,22000
0,3,9.6,32000
0,2,4.8,25000
0,3,9.6,40000
0,3,6.7,33000
0,2,9.6,26000
0,3,6.4,25000
0,2,4,18000
0,3,9.6,40000
0,3,10.2,55000
0,4,16,60000
0,2,4.8,23000
0,0,4.8,50000
0,0,4.8,23000
0,0,4.8,22000
0,0,4.8,20000
0,0,4.8,23000
0,3,4.8,30000
0,3,4.8,28000
0,2,4.8,25000
0,0,3,20000
0,0,2.4,15000
0,0,4,15000
0,0,8,70000
2,2,4.9,45000
4,4,12,75000
4,4,1,75000
5,5,12,130000
1,1,3.1,8000
4,4,1,85000
6,5,6,15500000
2,2,5.5,8500000
2,2,5.5,8500000
2,2,5.5,8200000
2,2,4.8,8500000
2,2,4,6600000
2,2,4,6600000
4,4,7,17500000
2,3,5.3,15000000
2,2,4.8,8500000
2,2,5.1,8200000
1,1,2.3,4000000
1,1,2.3,4000000
2,2,5.1,8200000
2,2,5.1,8200000
1,1,2.8,4500000
1,1,2.5,5300000
1,1,2.8,4500000
1,1,2.5,4300000
3,3,7,8500000
3,3,7,8500000
3,3,16.6,20000000
3,3,16.6,20000000
3,3,16.6,20000000
3,3,9.1,8400000
3,3,9.1,8400000
3,3,7.8,7175000
2,2,6,5535000
2,2,5.1,4715000
2,2,6,5500000
2,2,6,5500000
10,9,1.2,61000000
5,5,14.2,48000000
0,0,12.2,20000000
5,5,1.3,80000000
0,0,7.1,15200000
6,6,1.3,85000000
1,1,2.4,3900000
5,5,10,15000000
0,1,3.4,6850000
2,2,3.6,4400000
7,5,4,7500000
4,4,5,9500000
3,3,8,20000
3,2,8,35000
3,3,16,65000
6,5,7,100000
4,3,1.3,165000
1,2,3.1,26000
3,3,1,90000
6,6,12,125000
3,3,16,45000
5,5,8,65000
0,0,7,65000
12,10,1.2,230000
2,2,3,15000
2,2,3,15000
5,5,9,35000
2,1,4,45000
1,1,3.8,40000
2,1,4,45000
7,6,15,80000
4,3,1,45000
2,1,4,45000
1,1,3.8,35000
2,1,4,45000
2,1,4,35000
7,6,1,130000
2,1,4,45000
2,1,4,45000
2,1,4,45000
4,3,12,65000
4,3,12,60000
1,1,2.7,28000
1,1,3.6,22000
1,1,3.6,25000
2,1,3.6,27000
2,1,4,27000
6,5,10,24500000
3,3,5,9000000
6,4,10,23500000
1,1,1.6,8075000
6,4,10,20500000
3,3,1,15500000
6,4,10,20200000
2,2,5,7000000
9,7,2,87500000
5,5,8,16000000
4,4,8,15000000
5,5,1,36000000
4,3,5,10000000
5,6,5,10000000
3,3,2.7,6000000
3,3,5,11000000
5,3,5,11500000
6,5,12,21500000
3,3,5,9500000
5,5,10,15000000
6,6,1,47000000
6,6,1,46500000
6,6,1,46500000
6,6,1,47000000
2,3,5,7100000
7,5,1,33500000
4,3,5,13000000
2,2,3,2200000
5,5,1,28000000
4,3,5,11700000
6,5,10,17000000
4,3,5,10600000
4,3,8,11400000
4,3,5,10800000
4,3,5,12200000
4,3,8,13500000
4,3,5,10900000
5,4,3,7500000
4,3,8,11500000
4,3,3.2,3800000
5,7,10,22500000
3,4,7,15000000
0,0,5,11000000
0,0,5,10000000
0,0,4,6500000
0,0,5,10000000
0,0,5,10000000
0,0,5,10000000
0,0,5,10000000
0,0,5,10000000
0,0,5,11000000
0,0,5,10000000
0,0,5,10000000
0,0,5,10000000
0,0,5,15000000
0,0,7,15000000
0,0,5,10000000
0,0,5,10000000
0,0,5,10000000
3,2,6.7,7000000
7,5,1,50000000
5,4,10,10500000
8,7,9,24000000
6,6,14,19000000
5,4,5,10500000
2,2,5,6200000
7,5,11.5,22000000
2,0,4,4200000
5,4,5,8500000
2,4,3,7500000
2,2,4.1,1300000
0,3,8,13500000
0,3,8,13500000
0,3,8,42500000
0,4,12,22500000
0,3,8,13500000
0,2,1.2,65000000
0,2,4.3,6000000
0,2,8,30000000
0,0,8,27500000
0,0,8,27500000
0,2,4.3,6000000
6,4,1,860000
1,2,3.2,2850000
2,3,3.4,4000000
3,3,4.8,11500000
4,4,14,17000000
2,2,4.2,6000000
3,4,6,12500000
0,4,4.8,19500000
0,6,4.8,22500000
0,4,2.8,12500000
0,4,4.8,16500000
0,4,4.8,19000000
0,3,2.8,10500000
0,4,4.8,22500000
0,3,3.2,11000000
0,4,4.8,17500000
0,6,9.6,32500000
0,3,6.7,8500000
0,2,4.4,7000000
0,2,3.3,5500000
0,2,2.9,4500000
0,2,4.2,7500000
0,2,4.4,8000000
0,3,6.7,6000000
0,2,4.4,8500000
0,2,4.4,7500000
0,2,4.4,7500000
2,2,4.2,5500000
2,2,1.9,6000000
2,2,4.4,1389000
2,2,4.2,6000000
2,2,4.2,6000000
4,4,13.1,1670000
2,2,4.2,6000000
3,2,5,14500000
2,2,4.2,6000000
2,2,4.2,4000000
1,2,1.9,1700000
0,0,1.9,6000000
2,2,4.2,6000000
4,4,14.4,52500000
0,2,2.9,3500000
0,0,10.7,20000000
0,0,8,18000000
0,4,4.8,16500000
0,6,4.8,16500000
0,3,2.4,11000000
2,2,4,7500000
3,3,8,9500000
3,3,6.4,14200000
3,3,4.8,9500000
3,3,8,14000000
0,0,8,25000000
0,0,12,30000000
3,3,9.6,22000000
3,3,6.2,14000000
2,2,3.1,4200000
2,2,4,4000000
1,1,1.5,2950000
2,3,5.8,11500000
2,2,2.4,4500000
2,2,5.1,10000000
2,3,5.3,6900000
0,0,6,13000000
2,2,2.8,4000000
4,4,13.1,1680000
2,2,5.6,7000000
3,4,5,4000000
3,2,8,12000000
1,1,1.1,3000000
0,0,12,46000000
2,2,4.2,7000000
4,3,1,130000
6,6,1,230000
3,3,7.1,55000
0,0,14,65000
2,2,4.9,55000
0,0,4,35000
0,3,9.6,55000
0,2,4.8,30000
0,3,2.8,35000
0,4,16,80000
0,3,16,70000
0,6,8,80000
0,3,4.8,35000
0,5,16,130000
0,3,4.8,38000
0,3,12,50000
0,3,9.6,55000
0,5,9.6,65000
0,3,9.6,40000
0,3,8,38000
0,3,8,36000
0,2,1,115000
0,2,1.3,18000
1,3,3.6,18000
10,10,4.8,9000
3,4,6,45000
10,10,4.8,9000
3,3,1,120000
4,3,16,65000
3,3,9.6,40000
4,3,8,50000
3,3,6,40000
3,3,3.4,35000
5,5,1.1,300000
8,6,1,125000
4,3,1,50000
3,3,1,25000
3,2,6.7,23000
2,2,4,15000
2,2,10,38000
7,7,10,110000
3,2,15,33000
4,4,1,85000
3,3,5,22000
2,2,4.9,36000
3,2,7,40000
1,1,2.7,25000
3,3,1,75000
2,2,10,40000
3,3,1,50000
2,2,4,25000
3,3,1,42000
3,3,1,60000
2,2,4,35000
8,7,1,235000
3,3,5.8,42000
2,2,5,40000
4,3,7,47000
5,5,10,15000000
3,2,5,5300000
0,0,1,41000000
5,5,10,15000000
0,6,10.9,35000000
0,3,6.7,20000000
0,4,14.2,37000000
0,7,1,115000000
0,4,8,28000000
0,3,6.7,18000000
0,3,6.7,21000000
0,6,10.9,28500000
0,2,3.3,5700000
0,2,4.2,5500000
0,5,10.9,28500000
0,6,10.9,42500000
0,5,8,32500000
0,4,5,18500000
0,4,6.7,16000000
0,4,9.3,35000000
0,4,6.7,25000000
0,4,8,25000000
0,4,8,23000000
3,3,9.6,22000000
3,3,10,25000000
2,2,7.3,10500000
2,2,7.3,11000000
3,3,8.7,20000000
3,3,8.7,18000000
3,3,8.7,27000000
3,3,5,18000000
2,2,6.9,16000000
2,2,6.9,9000000
3,3,10,33000000
1,1,3.8,28000
2,1,4,27000
2,1,3.6,45000
5,5,3,40000
6,5,10,100000
4,3,1,41000
5,4,7,48010
0,0,6,16000
4,5,6,45000
4,5,10,35000
3,3,7,25000
4,4,7,52000
3,3,3,5500000
4,3,5,10600000
4,3,8,11700000
4,3,5,13500000
4,3,5,10500000
5,5,4.8,9500000
4,3,5,10600000
4,3,5,10200000
4,3,5,10000000
4,3,5,11000000
4,4,3.5,8000000
4,3,5,12500000
4,4,3.5,8000000
4,4,2.5,6200000
2,2,1.8,5500000
3,3,3.5,7500000
3,3,3.5,8000000
6,5,10,18000000
6,5,10,18500000
3,3,3.5,7500000
6,5,10,18500000
6,5,11,20500000
6,5,10,18000000
4,4,2.5,6200000
3,3,2.5,6000000
4,4,3.5,8000000
4,4,3.5,8000000
2,2,2,5500000
3,3,3.5,7800000
3,3,3.5,7800000
3,3,3.5,8000000
3,3,3.5,8000000
3,3,3.5,7800000
3,3,3.5,7800000
3,3,3.5,7800000
3,3,3.5,7800000
3,3,3.5,7800000
3,3,3.5,7500000
3,3,2.8,6200000
3,3,3.5,8000000
3,3,3.5,8000000
3,3,2.5,5500000
3,3,2.5,5500000
3,3,2,5700000
3,3,2.2,6000000
3,3,3.5,7800000
3,5,4,8500000
3,3,3.5,8500000
4,4,2,5500000
3,3,2.8,6500000
8,7,1,37000000
5,4,3,6300000
1,1,2.8,2250000
2,2,2,2500000
4,4,3,6300000
2,2,2,2300000
5,4,5,8500000
6,3,7,32500000
4,4,10,22500000
4,4,10,15500000
6,6,10,19500000
6,6,10,22500000
3,3,3,8000000
3,3,3,8000000
3,3,3,7800000
3,3,3,8000000
3,3,3,7800000
3,3,3,7900000
5,5,1,36000000
3,3,3,7600000
4,3,5,10000000
3,3,3,7700000
3,3,3,8000000
3,3,3,7800000
4,3,5,12000000
5,5,1,32500000
4,3,5,12500000
5,5,1,32500000
4,3,5,11000000
5,5,1,32500000
4,3,5,11000000
4,3,5,11000000
5,4,9,22000000
5,5,1,32500000
4,3,5,12000000
4,3,5,11500000
4,3,5,11500000
4,4,4,11500000
4,3,5,10800000
6,6,1,45000000
4,3,5,10800000
4,3,5,11500000
0,0,7,13000000
1,1,2.2,665000
1,1,1.8,576000
4,5,8,31000000
3,3,6.6,20000000
3,3,8,10500000
2,2,3.2,7500000
2,2,1.6,2500000
2,2,4.2,6200000
3,3,5,19000000
4,5,8,26500000
4,4,4.8,21000000
3,3,6,8000000
4,4,9.8,42500000
2,2,4.2,6500000
2,2,2.8,3800000
8,7,8,40000000
0,0,3.2,6500000
2,2,4.2,7000000
2,2,3.8,8500000
3,3,4.7,13000000
3,3,4.7,13000000
4,4,8,28500000
2,2,4.2,12500000
2,2,4,6500000
2,2,4.2,8500000
3,3,6.1,15000000
2,2,4.9,8003000
3,3,8,19200000
3,3,8,19500000
3,3,8,14500000
3,3,8,21000000
3,3,8.9,15500000
3,3,5.1,15000000
2,2,4.2,7200000
2,2,4.2,6500000
2,2,4.2,6200000
2,2,4.2,6400000
2,2,4.2,5500000
3,3,8,20000000
3,3,8,19700000
3,3,8,12000000
4,4,5,10000000
3,3,8,20500000
2,2,4.2,6300000
2,2,4.2,5700000
3,3,8,15500000
3,3,6,16000000
3,3,6,15500000
3,3,6,14000000
3,3,8,21500000
3,3,8,21000000
3,3,8,20500000
3,3,8,20000000
3,3,8,19500000
3,3,8,13000000
3,3,8,15000000
3,3,8,14500000
3,3,8,14000000
2,2,4.2,6200000
2,2,4.2,6100000
2,2,4.2,6000000
3,3,6,15200000
3,3,6,15000000
3,3,6,14300000
3,3,6,14100000
3,3,6,14800000
3,3,6,14700000
3,3,6,14500000
3,3,6,14500000
3,3,6,14000000
8,8,16,38000000
6,6,9.6,28000000
3,3,4,10000000
7,6,1,110000
0,5,6,82000
0,3,1,70000
0,3,1,95000
0,3,1.3,85000
0,4,1.2,85000
0,5,1,170000
0,3,1,75000
0,3,1,80000
2,2,5,35000
2,2,6,35000
2,2,5,35000
2,2,5,28000
2,2,5,30000
2,2,6,32000
2,2,6,32000
2,2,6,35000
2,2,6,35000
2,2,6,35000
2,2,5,32000
2,2,5,30000
2,2,5,30000
2,2,6,35000
2,2,6,35000
2,2,5,32000
2,2,6,33000
2,2,5,30000
2,2,6,32000
2,2,6,30000
2,2,5,32000
2,2,5,32000
2,2,6,28000
2,2,6,32000
2,2,6,33000
2,2,5,32000
2,2,5,35000
2,2,6,35000
2,2,5,30000
2,2,6,32000
4,4,13,27500000
2,2,6.4,10000000
8,7,15.9,52000000
2,2,7.3,14000000
2,2,7.3,16000000
2,2,7.3,17000000
3,3,8.2,13000000
2,2,7.3,11000000
3,3,10,23000000
0,5,10,34500000
0,7,10.9,36500000
0,8,10,38000000
0,6,12,38500000
0,3,6,23000000
0,4,5,19000000
0,4,10,32500000
0,5,12,33500000
0,3,6.7,19500000
0,4,14.2,32500000
0,4,3.6,11000000
0,4,10.9,28500000
0,2,2.2,5000000
2,2,4,8000000
8,8,6.7,32500000
4,4,6.7,22500000
4,4,6.7,22500000
4,4,3.6,12000000
4,4,6.7,19000000
0,4,3.6,12500000
0,3,3.6,12500000
8,8,1,87500000
0,0,4.4,12000000
0,0,4.4,16500000
0,0,4.4,14500000
0,0,8,26000000
3,3,10,12500000
4,4,4,15500000
4,4,4,18000000
4,4,5,19500000
0,14,4,650000
3,3,1,85000
2,2,1,80000
1,1,4,40000
1,1,2.7,50000
14,14,4,650000
2,2,6.9,60000
1,1,2.9,45000
14,9,4,1200000
1,1,2.9,48000
2,2,7.3,70000
2,2,7.3,60000
4,4,10,120000
3,3,8.2,75000
2,2,7.3,60000
3,3,9.6,70000
3,3,7.3,80000
5,5,10,60000
2,2,7.3,50000
5,5,10,52000
5,5,10,55000
5,5,10,58000
5,5,10,59000
5,5,10,59000
5,5,10,57000
5,5,10,56000
5,5,10,54000
5,5,10,53000
3,3,10,25000
3,3,10,29000
3,3,10,26000
3,3,10,27000
3,3,10,28000
2,2,10,30000
2,2,10,26000
2,2,10,28000
2,2,10,28000
2,2,10,29000
2,2,10,27000
0,4,7.5,16000000
0,6,10,26000000
0,5,5,11500000
0,4,5,12000000
0,5,10,17500000
0,2,10,16500000
0,6,10,26000000
0,4,6,14000000
0,4,7,13000000
6,5,10,15000000
0,4,1,45000
0,5,14,90000
0,2,10,35000
0,3,1,50000
0,3,10,25000
0,3,10,35000
0,3,10,32000
0,2,5,18000
0,2,5,15000
0,3,10,28000
6,5,1,40000000
4,3,5,11500000
6,5,1,50000000
4,3,5,12500000
5,5,10,19000000
5,5,10,21000000
6,6,1.1,32500000
5,5,1,45000000
5,5,1,40000000
3,3,5,12500000
6,5,1.2,45000000
4,3,5,10000000
6,5,1,55000000
4,3,5,12200000
5,4,10,24000000
6,5,1,55000000
3,4,4,6400000
5,4,10,25000000
6,5,1,47500000
5,5,10,21000000
5,5,10,21000000
6,5,1,54000000
5,4,10,22000000
6,5,1,49000000
6,5,10,20000000
6,5,1,56000000
5,5,1,47500000
5,5,1,47500000
6,5,12,29000000
4,3,5,10500000
5,4,10,22000000
8,7,3,100000000
8,7,3,100000000
0,0,5,9000000
0,0,3,4200000
0,0,4,5500000
0,0,2,3000000
0,4,10,13000000
0,3,5,8500000
0,3,6,12500000
0,0,5,8500000
0,4,10,16000000
0,3,5,9000000
0,0,5,9000000
0,3,5,8500000
0,0,5,8500000
0,2,3.5,2900000
0,0,14.4,170000
0,0,16.7,195000
4,4,9.3,80000
2,3,6.2,28000
0,3,5.8,25000
0,2,4.8,25000
3,3,7.6,100000
0,2,4.8,4500000
0,2,8,7500000
6,6,1,85000000
6,6,1,85000000
6,6,16,45000000
6,6,16,65000000
6,6,16,75000000
6,6,9.6,30000000
6,6,9.6,35000000
6,6,9.6,40000000
6,6,9.6,40000000
6,6,9.6,37000000
0,3,6.4,10000000
1,2,3.1,2600000
1,1,1.8,2300000
2,2,4.7,6000000
2,2,3.1,3600000
2,2,3.3,3800000
2,2,4,5500000
2,2,3.9,4500000
2,2,2.8,3800000
2,2,4,5000000
2,2,4.8,6000000
2,2,4.8,6000000
2,2,4.8,6000000
5,5,12,93500000
2,2,5.1,5000000
0,0,4.8,14300000
0,0,4.8,15000000
0,0,4.8,15600000
0,0,4.8,16000000
0,0,4.8,16500000
0,0,4.8,17500000
0,0,4.8,17000000
0,0,4.8,14000000
0,0,4.8,15000000
0,0,4.8,16000000
0,0,4.8,17000000
2,2,8,36000
2,2,9.6,42000
3,3,6.4,36000
2,2,4.8,30000
2,2,4.8,26000
3,3,5.2,30000
3,3,1.2,75000
3,3,8,60000
3,3,6.4,60000
2,2,4,22000
3,3,9.6,42000
3,3,9.6,45000
3,3,9.6,45000
3,3,9.6,40000
3,3,9.6,50000
3,3,9.6,42000
3,3,12,150000
3,3,9.6,48000
3,3,5.2,30000
2,2,4.8,35000
3,3,5.2,32000
3,3,5.2,32000
2,2,4.8,32000
2,2,4.8,30000
5,5,16,75000
3,3,5.8,32000
2,2,4.4,25000
2,2,4,25000
2,2,4.8,25000
3,3,5.3,30000
3,3,8,35000
3,3,9.6,42000
3,3,12,115000
2,2,4.8,23000
2,2,4.8,22000
2,2,4.8,21000
2,2,4.8,20000
2,2,4.8,19000
2,2,4.8,19000
2,2,4.8,20000
2,2,4.8,21000
2,2,4.8,22000
2,2,4.8,22000
2,2,4.8,19000
2,2,4.8,21000
2,2,4.8,17000
2,2,4.8,22000
3,3,12,33000
3,3,12,34000
3,3,12,34000
3,3,12,35000
3,3,12,36000
3,3,12,38000
3,3,12,36000
3,3,12,35000
3,3,12,34000
3,3,10,25000
0,5,10.9,110000
0,3,14.2,70000
0,2,5,33000
0,2,5,35000
0,3,14.2,58000
0,3,14.2,60000
0,4,14.2,60000
3,3,10,26000
8,7,1.2,450000
3,3,1,90000
3,3,1,90000
2,2,4,45000
2,2,4,30000
3,3,10,27000
3,3,10,28000
3,3,10,29000
2,2,10,30000
2,2,10,28000
2,2,10,26000
2,2,10,28000
2,2,10,27000
2,2,14.2,35000
2,2,6.7,35000
0,3,14.2,42000
6,5,14.2,130000
0,3,14.2,70000
0,2,6.7,60000
0,4,14.2,60000
0,3,1,78000
0,2,14.2,50000
0,3,14.2,70000
2,4,5,60000
5,4,2,700000
2,2,4,25000
2,2,5,31000
2,2,5,28000
0,2,5.3,8000000
6,6,12,31500000
4,4,4,15500000
0,0,6,20000000
0,0,5,19500000
4,4,4,17500000
4,4,6,23000000
0,5,1,100000000
0,5,1.3,105000000
0,7,1.8,140000000
4,4,4,18000000
5,5,10,48500000
4,4,6,20000000
0,0,8,32500000
4,4,10,48500000
4,4,8,32500000
4,4,4,17500000
0,2,3.1,7000000
2,2,4,27000
5,5,10,60000
2,2,7,22000
2,2,10,32000
2,2,10,30000
2,2,7,21000
2,2,7,20000
2,2,5,18000
2,2,10,24000
2,2,5,25000
2,2,10,35000
2,2,10,34000
2,2,10,28000
2,2,5,20000
2,2,5,19000
2,2,10,26000
2,2,5,22000
2,2,10,22000
6,6,10,65000
2,2,10,34000
2,2,10,33000
3,4,3,4800000
5,5,10,22500000
5,4,5,9500000
5,5,1,42500000
5,5,1,48000000
5,5,1,48000000
4,4,10,32500000
5,5,1,45000000
3,3,5,13500000
3,3,5,11500000
5,5,6,9600000
4,4,5,11500000
5,5,10,17000000
5,5,10,15000000
6,6,11,24000000
4,3,5,9700000
3,3,3,9500000
6,6,5,15500000
4,4,3,8500000
5,5,10,26000000
5,4,10,25000000
4,4,1,37500000
4,4,1,36500000
4,3,5,12200000
5,4,10,26000000
5,5,1,55000000
5,5,1,55000000
3,3,5,15000000
5,4,10,25000000
5,5,1,55000000
4,3,5,12200000
5,4,10,41000000
5,5,10,15000000
5,4,10,22500000
4,3,5,12200000
0,3,5,8500000
0,0,2,44000000
0,0,1.2,37500000
0,0,1,60000000
0,3,5,8500000
0,0,5,7000000
0,3,5,8500000
0,0,5,8500000
0,3,5,8500000
0,3,5,8500000
0,0,12,15000000
0,0,10,9000000
0,0,4.5,5025000
0,0,5,7530000
0,0,5.2,17500000
0,0,5,32500000
4,3,5,6500000
4,4,5,8500000
4,4,6,8000000
1,1,2,1800000
0,0,4,6000000
0,0,4,6600000
0,0,4,6900000
0,0,8,11000000
2,2,2,5800000
0,2,2.4,4500000
0,2,3.3,5200000
0,2,4.2,6500000
0,3,6,11000000
0,3,7.6,12000000
0,3,6.7,7500000
0,2,4.4,8000000
0,1,2,2200000
0,2,3.3,3500000
0,2,4.2,4000000
0,1,2,1500000
0,1,2,2600000
0,0,4.8,13000000
0,0,4.8,14000000
0,0,4.8,15000000
0,0,4.8,16000000
0,0,4.8,17000000
0,0,4.8,18000000
0,0,4.8,16500000
0,0,4.8,15500000
0,0,4.8,13500000
0,0,4.8,12000000
2,2,4.8,8600000
4,4,4.8,13500000
4,4,4.8,13700000
4,4,4.8,14000000
4,4,4.8,14300000
4,4,4.8,14500000
4,4,4.8,14800000
4,4,4.8,15200000
4,4,4.8,15500000
4,4,4.8,15800000
4,4,4.8,16200000
4,4,4.8,16500000
4,4,4.8,16800000
4,4,4.8,17000000
4,4,4.8,17400000
4,4,4.8,17800000
4,4,4.8,18200000
4,4,4.8,18600000
6,6,5,21000000
4,4,4.8,19000000
4,4,4.8,19500000
4,4,4.8,20000000
2,2,4.2,5200000
2,2,4.2,8000000
2,2,2.7,3500000
2,2,3.3,3000000
2,2,5.1,4500000
2,2,4.8,9500000
2,2,4.2,9500000
2,2,5.1,3000000
2,2,4.8,9000000
2,2,4.4,9500000
4,4,4.8,12000000
3,3,5.2,10500000
5,5,9.4,19000000
2,2,4,6500000
5,5,9.4,19000000
3,3,8.9,42000000
4,4,9.8,45000000
4,4,11.6,55000000
3,3,8,32500000
3,3,8.9,47500000
6,6,5.3,16000000
3,3,8,37500000
4,4,10.7,52500000
6,6,5.3,19000000
3,3,8.9,42000000
3,3,8,35000000
6,6,5.3,19000000
3,3,8,30000000
3,3,8.9,45000000
4,4,9.8,50000000
3,3,7.6,22500000
4,4,11.6,65000000
4,4,11.6,65000000
4,4,10.7,50000000
3,3,8,45000000
6,6,5.3,15000000
3,3,8.9,42500000
6,6,5.3,21000000
4,4,12,52500000
3,3,5.3,9000000
3,3,5.3,7000000
3,3,5.3,7000000
3,3,5.3,7200000
3,3,4,7500000
3,3,4,7000000
3,3,4,7800000
3,3,5.3,7500000
2,2,4,7500000
2,2,4,4700000
2,2,4,4500000
2,2,4,5500000
2,2,4,4500000
2,2,4,4000000
2,2,4,4600000
2,2,4,3800000
2,2,4,5000000
2,2,4.3,7000000
2,2,4.3,6300000
2,2,4.3,7000000
2,2,4.3,6500000
2,2,4.3,6500000
4,4,14,17000000
2,2,4,4600000
2,2,4,6000000
2,2,4,4000000
2,2,4,3500000
2,2,2.9,3600000
2,2,4,4500000
2,2,4,4500000
2,2,3.1,3500000
2,2,4.3,3900000
3,2,4.8,25000
0,2,3.3,20000
0,2,3.3,17000
0,2,4.2,25000
0,3,6.2,32000
0,6,9.6,115000
0,3,16,60000
0,3,9.6,45000
0,2,4.8,28000
4,4,11.6,175000
3,3,8.9,125000
2,2,4.2,45000
3,3,8.9,110000
3,3,8,125000
4,4,12,130000
4,4,10.7,120000
4,4,11.6,150000
4,4,9.8,125000
4,4,10.7,130000
3,3,7.6,60000
4,4,11.6,175000
7,5,1,225000
5,5,10,52000
5,5,10,58000
5,5,10,59000
5,5,10,57000
5,5,10,56000
5,5,10,55000
5,5,10,54000
5,5,10,53000
5,5,10,53000
3,3,10,25000
3,3,10,26000
3,3,10,29000
3,3,10,28000
3,3,10,27000
3,3,10,26000
5,4,2,500000
2,2,10,30000
2,2,10,28000
2,2,10,29000
2,2,10,27000
3,3,12,33000
3,3,12,34000
3,3,12,35000
3,3,12,36000
9,8,1,435000
3,3,12,35000
2,2,10,50000
1,2,8,35000
2,2,10,55000
1,2,3,25000
10,9,2.1,1150000
2,2,4.2,45000
0,0,4,26000
2,2,4,40000
8,7,4,550000
2,2,3.6,35000
2,2,3.1,30000
2,2,8,45000
3,3,1,55000
4,3,1.3,135000
2,2,6,40000
2,2,6,42000
5,5,8,95000
3,3,1,85000
2,2,8,50000
2,2,9,50000
2,2,3.8,25000
2,2,3.8,33000
2,2,3.6,35000
1,1,2.2,25000
5,4,1,250000
2,2,4,28000
0,5,1,170000
0,4,2,250000
0,4,2,200000
0,5,2,200000
0,5,2,250000
0,4,1,200000
0,5,1,250000
0,3,1,160000
0,5,2,180000
0,2,10,22000
0,5,1,270000
0,4,1,265000
2,2,6.7,35000
5,4,1,215000
3,3,1,55000
3,3,1,50000
3,3,14,50000
2,2,5,35000
0,0,2.4,500000
2,2,3.1,30000
2,2,8,45000
3,3,1,80000
7,5,4,1100000
3,3,12,60000
2,2,3.6,3000000
3,3,4.7,4000000
3,3,1,75000
2,2,8,40000
2,2,1,65000
10,8,5,1550000
0,0,12,60000
6,5,1.2,450000
4,3,1,60000
4,3,1,60000
4,3,1,50000
0,5,1,45000000
0,3,2.5,7200000
0,4,4.5,8000000
5,5,1,45000000
5,5,1,45000000
5,5,1,80000000
5,5,1,80000000
5,5,1,80000000
5,5,2,60000000
5,5,2,60000000
5,5,2,90000000
5,5,2,90000000
5,5,1,65000000
5,5,1,65000000
6,6,16,25000000
6,6,16,25000000
5,4,10,26500000
3,3,3,6000000
3,3,3,6000000
3,3,3,6000000
3,3,4,8000000
3,3,3,7000000
3,3,2,3500000
6,6,5,7500000
3,4,1,23300000
3,4,1,24000000
3,4,1,20500000
3,4,1,21000000
0,5,1,41000000
0,5,1.1,31000000
0,5,2,110000000
0,6,2,75000000
0,5,1,42500000
0,6,2,115000000
0,5,1,42500000
0,5,1,39000000
3,4,1,20800000
3,4,1,21500000
4,4,14,32500000
3,4,1,22300000
3,4,1,22200000
3,4,1,22000000
3,4,1,22500000
0,0,3.5,6515000
0,0,5,7525000
0,0,3.5,6525000
0,3,5,8500000
4,4,10,16000000
0,0,4.5,4500000
0,0,5,10000000
0,0,5,6500000
0,0,3.5,7500000
0,0,3.5,7000000
0,0,3.5,3515000
0,0,2.5,2620000
0,0,9,11500000
0,0,3.5,8515000
0,0,5,8500000
0,0,8,12100000
0,0,8,12600000
0,0,16,20000000
0,0,16,22000000
0,0,16,23000000
2,2,4,3500000
0,2,5,6000000
0,6,1,22000000
0,6,1,22500000
0,4,4.5,9500000
4,4,5,9500000
4,4,5,9800000
5,5,5,10000000
5,5,5,10200000
5,5,5,10500000
5,5,5,10800000
5,5,5,11000000
5,5,5,11200000
5,5,5,11400000
5,5,5,12000000
5,5,5,12500000
5,5,5,12200000
5,5,5,12800000
5,5,5,12300000
5,5,5,12900000
5,5,5,13100000
5,5,5,13200000
5,5,5,13500000
5,5,5,13600000
5,5,5,14000000
5,5,10,16000000
1,2,5,4500000
5,5,10,16200000
5,5,10,16500000
5,5,10,16800000
5,5,10,17200000
5,5,10,16900000
5,5,10,17300000
1,2,5,4200000
5,5,10,17500000
5,5,10,17700000
6,6,10,18000000
2,2,4.3,3800000
2,2,4.3,3500000
3,3,4.5,6000000
3,3,4.5,7500000
3,3,4.5,6500000
2,2,4.4,5000000
2,2,4.4,5000000
2,2,4.4,5000000
3,3,4.5,6500000
2,2,4.2,2660000
3,3,7.1,6300000
3,3,4.5,6500000
4,4,9.8,8260000
3,3,4.5,6000000
3,3,4.5,6000000
2,2,3.3,3600000
2,2,4.2,4800000
2,2,3.3,3800000
2,2,4.4,4200000
1,1,1.6,1800000
3,3,5,4200000
3,3,8,4900000
3,3,5,4200000
1,1,1.6,1800000
3,3,8,4900000
2,2,4.4,4200000
3,3,8,4900000
2,2,4.2,4800000
3,3,8,7550000
2,2,3.3,3800000
3,3,6,9850000
2,2,4.2,4500000
2,2,3.3,3600000
8,7,8.6,27500000
8,7,8.6,32000000
8,7,8.6,32500000
2,2,1.8,1350000
2,2,4.2,8000000
4,4,4.6,18000000
2,2,1.8,1550000
3,3,8.6,12500000
2,2,1.8,1550000
3,3,8.4,33000000
3,3,8,6600000
3,3,8.6,12500000
3,3,8.6,13000000
3,3,8.6,12000000
2,2,1.8,1450000
3,3,8.6,13500000
4,4,1.1,81000000
3,3,8.6,14000000
3,3,8.6,12500000
3,4,4,3300000
4,4,10,18000000
3,3,8.6,12000000
3,3,8,6600000
3,3,8.6,12500000
3,4,4,3300000
6,6,16,42500000
6,6,1.2,65000000
6,6,16,45000000
2,2,1.8,1650000
3,4,4,3300000
6,6,1.2,70000000
6,6,1.1,70000000
3,4,4,3300000
6,6,16,35000000
7,7,4.8,24000000
3,3,8,6600000
6,6,8.9,30000000
2,3,4,5300000
3,3,4.8,8000000
4,4,16,80000000
3,3,4.8,8000000
2,2,1.8,1550000
3,3,4.8,8000000
3,3,4.8,8000000
2,2,4,6000000
2,2,1.8,1900000
3,3,8,6600000
3,3,4.8,8000000
3,3,6.2,32000
1,1,1.6,9000
2,2,4,25000
2,2,3.1,20000
2,2,4.2,20000
2,2,3.3,17000
2,2,3.3,17000
2,2,4.2,20000
2,2,4.2,45000
2,2,4.2,45000
2,2,4.2,35000
0,0,4.8,20000
3,3,8,32000
3,3,1,110000
3,3,1,120000
3,3,1,140000
2,5,16,8000
3,3,1,140000
3,3,1,120000
4,4,4,110000
2,2,2.2,28000
4,3,1,45000
3,2,1,35000
4,3,1,39000
4,3,1,40000
3,2,1,32000
4,4,18,350000
4,4,8,120000
4,4,8,130000
6,6,14,180000
6,6,14,200000
6,6,1,220000
6,6,1,250000
6,6,1,280000
6,6,1,300000
4,4,6,110000
4,4,8,120000
3,3,1,110000
4,3,1,140000
3,3,1,100000
3,3,1,95000
3,3,1,90000
3,3,1,85000
3,3,1,80000
3,3,14,70000
3,3,14,65000
2,2,10,60000
2,2,10,55000
2,2,8,50000
2,2,6,45000
2,2,6,40000
3,3,1,120000
2,2,4.2,50000
3,3,1,110000
3,3,1,100000
4,4,1,250000
3,3,1,90000
3,3,1,85000
3,3,1,80000
3,3,14,75000
3,3,14,70000
2,2,10,65000
2,2,10,60000
2,2,8,55000
2,2,6,50000
3,3,1,75000
3,3,1,80000
3,3,1,85000
3,3,1,80000
3,3,1,85000
3,3,1,90000
3,3,1,95000
6,6,1,160000
6,6,1,180000
6,6,1,200000
6,6,1,220000
6,6,1,150000
6,6,1,180000
6,6,1,200000
6,6,1,220000
2,2,7.1,12500000
2,2,7.3,13500000
5,4,1.1,45000000
1,1,3.2,1600000
1,1,3.4,13800000
0,5,1,150000000
0,5,1.3,95000000
0,5,1,100000000
0,5,1,100000000
0,7,1.8,220000000
0,8,2,300000000
0,8,2,300000000
0,6,1,85000000
0,6,1,85000000
0,6,1,65000000
3,3,5.8,11000000
6,6,9,50000000
2,2,7.2,16500000
0,0,5,27000
0,0,2.5,18000
0,0,5,17500
0,4,1.2,70000
0,4,14,80000
0,3,1,45000
0,4,10,75000
0,5,14,120000
0,0,5,15000
0,0,5,16000
0,0,5,17000
0,0,5,18000
0,0,5,15000
0,0,5,16000
0,0,5,17000
0,0,5,18000
0,0,10,35000
0,0,8,22000
0,0,8,23000
0,0,8,24000
0,0,8,22000
0,0,1,35000
0,0,1,36000
0,0,1,33000
0,0,1,34000
0,0,10,32000
2,2,5,22000
2,2,5,20000
2,2,5,24000
2,2,5,18000
2,2,5,26000
2,2,5,19000
2,2,5,21000
2,2,5,23000
2,2,5,25000
2,2,5,27000
2,2,7,19000
2,2,7,25000
2,2,7,26000
2,2,7,21000
2,2,7,23000
2,2,7,22000
2,2,7,26000
2,2,7,25000
2,2,7,24500
5,4,5,35000
2,2,7,24000
4,4,5,40000
4,4,5,42000
4,4,5,38000
4,4,5,46000
4,4,10,50000
4,4,10,52000
4,4,10,54000
4,4,10,56000
4,4,10,58000
7,6,1.2,50000000
5,5,1,55000000
5,5,8,14500000
10,8,10,19000000
4,3,5,13500000
6,5,1,56000000
5,5,10,17000000
5,5,10,18000000
3,3,3,6200000
3,3,3,6500000
3,3,3,6500000
3,3,3,5000000
3,3,4,7500000
3,3,5,8500000
1,0,1.1,1650000
3,3,4,7000000
1,0,1.1,1600000
3,3,4,7000000
1,1,1.4,3200000
1,1,2,3800000
1,0,1.2,2300000
1,1,1.8,2250000
2,2,2.7,2800000
2,2,2.7,3100000
1,1,2.2,2700000
6,5,1,52000000
3,3,5,8000000
3,3,3,6000000
3,3,3,6200000
6,5,1,54000000
3,3,2,5000000
3,3,2,5000000
3,3,2,5200000
3,2,10,9500000
7,6,1,30500000
6,5,1,65000000
4,3,4,7800000
0,4,3.5,6500000
0,5,7.2,12000000
0,4,6,12000000
0,5,10,18000000
0,5,10,17000000
0,5,10,16500000
0,5,7,11000000
0,5,14,19000000
0,6,10,14500000
0,3,4,5000000
0,4,5,11000000
0,5,10,15500000
0,3,3,7500000
4,3,4,7500000
3,3,5,9900000
3,3,5,9900000
3,3,5,10500000
3,3,5,10700000
3,3,5,11000000
3,3,5,11000000
5,5,1,28500000
5,5,10,18500000
5,5,10,18500000
3,3,3,7500000
0,0,10,16000000
0,0,3,3200000
0,0,3,2800000
0,0,3,5530000
0,0,5,22500000
0,5,15,25000000
0,3,5,8500000
0,0,5,8500000
6,5,15,25000000
0,3,5,8500000
6,6,10,18400000
6,6,10,18100000
6,6,10,18300000
6,6,10,18200000
6,6,10,18600000
1,2,5,2300000
1,2,5,3300000
0,0,5,2900000
2,2,4.2,9200000
3,3,8,6600000
9,8,9.8,33500000
3,3,4.8,8000000
3,3,12,32500000
3,3,8.7,13000000
2,2,2.4,5500000
2,2,2.4,5500000
4,4,13.3,50000000
2,2,2.4,5500000
2,2,2.4,5500000
3,3,8,6600000
2,2,2.4,5500000
2,2,2,5900000
2,2,2,6500000
2,2,2.4,5500000
2,2,2.4,5500000
2,2,2.4,5500000
2,2,2.4,5500000
2,2,5.6,5500000
7,7,1.2,95000000
6,6,12.4,65000000
7,7,1.2,75000000
7,7,1.2,90000000
7,7,2,220000000
4,4,12,25000000
7,7,1,50000000
7,7,4,350000000
7,7,4,350000000
4,4,4.8,17500000
2,2,4.8,16500000
4,4,10.7,16000000
6,6,4.8,19000000
2,2,4.8,4800000
4,4,4.8,19000000
4,4,4.8,18500000
4,4,4.8,18500000
4,4,4.8,14500000
6,6,4.8,20000000
2,2,4.8,6500000
3,3,10,15000000
3,3,10,14500000
3,3,10,14000000
2,2,4.8,6500000
3,3,10,13800000
2,2,4.8,6500000
2,2,4.8,5500000
2,2,4.4,6500000
3,3,10,13500000
0,6,14.4,29000000
6,6,4.8,18500000
3,3,10,13600000
4,4,4.8,18500000
4,4,4.8,13000000
4,4,4.8,17500000
1,1,2,3000000
2,2,4.4,5000000
3,3,10,13000000
3,3,5,7500000
3,3,8,11500000
3,3,8,12500000
3,3,8,12000000
3,3,8,8500000
3,3,14,14500000
3,3,8,6500000
3,3,5,5500000
2,2,4.2,6900000
2,2,4.2,7000000
2,2,4.2,6800000
3,3,10,12000000
6,6,9.6,32000000
2,2,4.2,6300000
2,2,4.2,6600000
3,3,10,12500000
2,2,4.2,6700000
2,2,4.2,6400000
3,3,6.7,9200000
6,6,7.1,26000000
2,2,4.2,6200000
2,2,4.2,6100000
2,2,4.2,6000000
2,2,4.2,4400000
3,3,10,11500000
1,1,1.1,2250000
2,2,8,33000
2,2,8,26000
2,2,3.8,34000
7,6,2.1,280000
2,2,3.3,38000
3,3,13,42000
6,5,1,330000
8,7,2,400000
6,5,2,280000
2,2,3.8,40000
6,6,1,175000
4,4,2,250000
0,3,10.9,55000
0,3,10.9,55000
2,2,5,38000
0,2,2.7,22000
0,1,0.8,20000
0,1,0.8,17500
0,3,5,50000
0,1,1,22000
0,2,14.2,60000
0,2,5.6,35000
0,2,5,35000
2,2,5,38000
2,2,2.7,25000
1,2,6.7,25000
2,2,6.7,28000
10,10,1,600000
6,5,1,350000
1,2,5,2900000
1,2,5,3300000
1,2,5,2900000
1,2,5,2900000
2,2,5,6500000
5,5,10,21000000
0,0,5,6000000
0,0,4,5500000
0,0,7,8500000
0,0,4,7000000
0,0,7,12000000
0,0,4,4000000
0,0,3,3500000
0,0,5,8000000
3,3,10,12000000
1,1,3.1,4000000
4,3,2,150000
5,5,5,35000
5,5,5,38000
5,5,5,40000
5,5,5,42000
5,5,5,44000
5,5,5,46000
5,5,5,41000
5,5,5,43000
5,5,5,45000
5,5,5,47000
5,5,5,49000
5,5,5,50000
5,5,10,52000
5,5,10,54000
5,5,10,56000
5,5,10,58000
5,5,10,58000
5,5,10,60000
5,5,10,62000
5,5,10,62000
2,2,5,18000
2,2,5,20000
2,2,5,22000
2,2,5,24000
2,2,5,26000
2,2,10,27000
2,2,10,29000
2,2,10,30000
2,2,10,32000
2,2,10,34000
2,2,10,36000
2,2,10,31000
2,2,10,33000
2,2,10,34000
2,2,10,28000
1,2,5,25000
1,2,5,14000
0,0,5,13000
0,0,4,13000
0,0,5,45000
0,0,4,35000
0,0,4,18000
0,0,5,15000
0,0,5,18000
0,0,6,15000
0,0,5,11000
3,2,7,12000
0,0,3,15000
0,0,3,15000
0,0,3,15000
0,0,3,15000
0,0,3,15000
0,0,3,15000
0,0,3,15000
0,0,3,15000
0,0,3,15000
0,0,3,15000
0,0,3,15000
0,0,3,15000
3,3,3,8500000
5,5,8,25000000
5,5,10,27500000
5,5,1,32500000
5,5,1,32500000
5,5,1,32500000
3,3,5,11800000
5,5,10,27500000
3,3,3,8000000
5,5,1,36000000
3,3,3,7200000
3,3,3,7700000
5,5,1,28500000
5,5,1,28500000
3,3,3,7800000
5,5,10,18500000
6,5,10,22500000
0,0,1,4275000
0,3,4,8000000
2,2,4.2,35000
3,3,5.3,50000
2,2,4.2,40000
3,3,7.8,80000
3,3,5.3,55000
2,2,4.2,40000
3,3,8.1,80000
2,2,4.2,40000
7,7,3,600000
1,1,4.2,45000
7,7,12,175000
7,7,1.6,300000
7,7,12,250000
6,6,16,250000
0,0,2,350000
1,1,4.2,45000
4,4,1.2,125000
3,3,3,125000
2,2,4.8,27000
2,2,4.8,25000
2,2,4.8,25000
2,2,4.8,22000
2,2,4.8,30000
2,2,4.8,24000
2,2,4.8,23000
2,2,4.8,21000
2,2,4.8,27000
2,2,4.8,25000
2,2,4.8,22000
2,2,4.8,22000
2,2,4.8,30000
2,2,4.8,25000
2,2,4.8,20000
2,2,4.8,22000
2,2,4.8,25000
2,2,4.8,21000
2,2,4.8,23000
2,2,9.6,17000000
2,2,3.6,6750000
2,2,4.2,9500000
6,6,9,38000000
2,2,4.2,9500000
3,2,3.2,5500000
2,2,4.2,9500000
2,2,4.2,9500000
2,2,4.2,9500000
2,2,4.2,9500000
2,2,4.2,9500000
2,2,4.2,5200000
2,2,4.2,9500000
2,2,4.2,9500000
3,3,5,11600000
2,2,4.2,9500000
2,2,4.2,9500000
2,2,4.2,9500000
2,2,4.2,9500000
3,3,9.4,8900000
2,2,4.2,9500000
2,2,4.2,9500000
6,6,9.3,39000000
2,2,4.2,9500000
2,2,4.2,9500000
2,2,4.2,9500000
2,2,4.2,9500000
3,3,9.6,31000000
2,2,4.2,9500000
8,7,2,200000000
2,2,4.2,9500000
2,2,4.2,9500000
2,2,4.2,9500000
2,2,4.2,9500000
3,3,7.1,14500000
3,3,7.1,14500000
3,3,7.1,14500000
2,3,6.7,8000000
3,3,7.1,14500000
3,3,7.1,14500000
3,3,7.1,14500000
3,3,7.1,14500000
3,3,7.1,14500000
3,3,7.1,14500000
3,3,7.1,14500000
3,3,7.1,14500000
3,3,7.1,14500000
3,3,7.1,14500000
3,3,7.1,14500000
3,3,7.1,14500000
3,3,7.1,14500000
3,3,7.1,14500000
3,3,7.1,14500000
3,3,7.1,14500000
2,2,5.1,9500000
2,2,5.1,9500000
6,6,8,35000000
0,0,2.7,9000000
2,2,7.2,16500000
6,6,1,36000000
0,0,8,22000000
0,0,10.9,36000000
0,0,14.2,42500000
0,0,8,21000000
3,3,5,9500000
7,6,2,400000
2,2,3.1,28000
2,2,3.1,30000
3,3,4.2,32000
3,3,5.6,60000
3,3,5.6,65000
3,3,5.6,60000
3,3,1,70000
3,3,1,70000
3,3,1,70000
3,3,1,70000
3,3,1,70000
4,4,8,70000
4,4,8,70000
4,4,8,70000
4,4,8,70000
3,3,1,75000
3,3,1,75000
4,3,1.3,140000
3,3,1,75000
3,3,1,75000
6,6,12,120000
6,6,12,120000
6,6,12,120000
6,6,1,140000
0,0,10,140000
6,6,1,140000
6,6,1,150000
6,6,1,150000
6,6,1,150000
6,6,1,250000
6,6,1,250000
6,6,1,250000
6,6,1,250000
6,6,1,250000
6,6,1,250000
6,6,1,250000
6,6,1,250000
6,6,1,250000
6,6,1,250000
6,6,1,250000
6,6,1,250000
2,2,8,42000
2,2,9.8,50000
6,5,1,350000
3,3,1,120000
3,3,1,130000
0,0,9.3,65000
2,1,0.5,24000
0,0,3.8,37000
3,3,12.4,75000
6,6,10,13000000
3,3,8.7,23000000
4,4,10,47000000
3,3,5.3,8500000
0,0,1.6,3136000
0,0,2.4,4513000
1,1,1.8,3000000
0,0,10,14000000
8,6,10,28000000
5,4,4.4,17500000
0,0,5,8500000
0,0,10,14000000
0,3,5,9000000
0,4,10,14000000
5,5,1,39000000
4,4,10,14000000
3,3,5,8500000
0,3,5,8500000
4,4,10,14000000
0,2,4,4500000
0,3,3.5,4500000
0,4,5,11500000
0,5,7,9500000
0,4,4.5,4500000
0,2,5,5500000
0,4,4,5500000
0,2,5,4500000
0,4,6,8500000
0,0,3,15000
0,0,3,15000
0,0,3,15000
0,0,3,15000
0,0,3,15000
0,0,3,15000
0,0,3,15000
0,0,3,15000
0,0,3,15000
0,0,3.5,25000
0,2,4,14000
0,2,4,18000
0,2,5,15000
0,2,4,13000
0,4,1,90000
0,3,10,45000
0,3,1,60000
0,4,1,45000
0,5,11,80000
2,2,7,26000
0,0,3,15000
0,0,3,15000
0,0,3,15000
0,0,3,15000
3,3,10,35000
0,0,3,15000
0,0,3,15000
0,0,3,15000
0,0,3,15000
0,0,3,15000
0,0,3,15000
0,0,3,15000
0,0,3,15000
0,0,3,15000
0,0,3,15000
0,0,3,15000
0,0,3,15000
0,0,3,15000
2,2,10,40000
8,7,12,95000
5,5,10,175000
0,0,3,15000
0,0,3,15000
0,0,3,15000
0,0,3,15000
0,0,3,15000
0,0,3,15000
0,0,3,15000
0,0,3,15000
0,0,3,15000
5,5,10,18500000
5,5,1,28500000
2,1,2.7,2200000
1,1,3.3,2200000
6,5,1,34000000
2,2,2,6200000
0,0,7,20000000
0,5,5,10500000
0,2,5,6000000
0,2,5,5000000
0,4,6.5,8000000
0,2,6,9000000
3,3,3,8000000
3,3,2,6500000
3,3,3,8000000
5,4,10,32500000
0,3,5,9000000
0,3,5,10000000
0,4,10,18000000
0,4,10,22000000
0,4,10,20000000
0,4,10,25000000
0,0,4,10000000
0,0,4,16000000
0,3,2,16000000
0,0,8,20000000
0,0,4,10000000
0,3,5,11000000
0,3,5,10500000
0,3,5,10000000
0,3,5,11500000
3,3,3,8000000
3,3,3,8000000
3,3,3,8000000
3,3,3,8000000
3,3,3,8000000
6,5,1,82000000
3,3,3,8000000
3,3,3,8000000
3,3,3,8000000
2,2,2,6000000
2,2,2,6000000
1,1,3,2500000
1,1,4,3700000
3,3,5,5500000
3,3,5,5500000
4,4,8,15000000
3,3,3,4000000
3,3,3,3700000
6,6,5,15500000
4,4,5,11500000
5,5,3,8000000
4,4,7,15000000
0,0,3,2500000
0,0,3,3000000
0,0,3.8,7700000
0,0,2.2,1800000
0,0,5,6500000
6,6,11,24000000
6,5,1,48500000
6,5,5,17500000
5,4,9,25000000
6,6,3,8000000
8,6,1,38500000
6,6,5,12500000
3,3,5,9000000
6,6,3.6,150000000
6,5,1,41000000
0,3,5,8500000
0,4,10,14000000
0,4,10,15000000
0,3,5,8500000
0,3,5,8500000
0,4,10,14000000
0,0,5,8500000
0,3,5,8500000
0,3,5,8500000
0,4,10,16000000
0,4,10,15000000
5,5,1,39000000
0,3,5,8500000
0,5,16,40000000
0,2,7,7500000
0,3,4.2,6000000
0,0,6.5,11000000
0,0,2.5,2200000
0,0,3.5,4500000
3,3,5,12000000
0,3,6,4000000
0,0,14,24000000
0,4,9.5,11000000
0,3,10,10000000
0,8,17,24000000
2,2,5.1,9500000
2,2,5.1,9500000
2,2,5.1,9500000
2,2,5.1,9500000
2,2,5.1,9500000
7,6,2,260000000
2,3,6.7,8000000
0,0,3.8,5700000
2,2,4.4,60000
2,2,8,30000
4,4,9.8,85000
5,4,1,225000
2,2,1.9,20000
3,3,5.3,55000
4,4,14,16500000
7,7,16,57500000
2,2,4.2,5400000
5,5,8,14500000
2,2,4.3,11500000
2,2,2.3,5500000
3,3,4.9,15000000
2,2,4,7000000
2,2,3.6,6500000
1,2,2.6,5400000
1,2,2.6,5400000
1,2,2.6,5400000
2,2,2.3,4800000
1,2,2.6,5400000
0,3,8.4,45000000
0,4,11.1,57500000
0,4,12,62500000
0,3,10.2,42500000
0,3,8.4,35000000
0,3,8.4,49000000
0,4,11.1,47000000
0,4,11.6,60000000
1,2,2.6,5400000
3,3,4.7,6000000
1,2,2.6,5200000
1,2,2.6,5200000
1,2,2.6,5200000
3,5,1,87600000
3,5,1,85000000
2,2,4.2,6500000
2,2,4.2,7500000
2,2,4,7500000
1,2,2.6,5200000
1,2,2.6,5200000
1,2,2.4,5000000
1,2,2.4,5000000
1,2,2.4,5000000
5,5,6,47500000
6,5,1,115000000
1,2,2.4,5000000
1,2,2.4,5000000
1,2,2.4,4800000
1,2,2.4,4800000
1,2,2.4,4800000
1,2,2.4,4800000
1,2,2.4,4800000
7,6,1,120000
3,3,14.2,60000
6,6,14.2,150000
2,2,6.2,58000
3,4,14,125000
1,1,6,27000
6,5,1,350000
3,3,12.4,50000
3,3,1.2,120000
2,2,6.7,150000
2,2,6.7,60000
5,5,1,260000
5,4,10,75000
1,1,30,25000
3,3,1,95000
0,6,13,20000000
0,4,6,12500000
0,5,11,22500000
6,6,10,29000000
3,3,6.3,1979000
2,2,4.9,5800000
0,3,7.3,8987000
0,2,6.3,7832000
0,1,3.6,4477000
0,1,6.2,3828000
5,5,10,25500000
0,1,2.4,3480000
0,2,3.3,5000000
0,1,2.4,3746000
0,1,2.4,3731000
0,1,2.4,3480000
0,2,3.3,5000000
0,1,2.4,3746000
0,1,2.4,3731000
2,2,4.3,5000000
0,0,3,15000
0,0,3,15000
0,0,3,15000
0,0,3,15000
0,0,3,15000
0,0,3,15000
0,0,3,15000
0,0,3,15000
0,0,3,15000
0,0,3,15000
0,0,3,15000
0,0,3,15000
0,0,5,15000
0,0,5,15000
0,0,15,60000
0,0,3,15000
0,0,3,15000
0,0,3,15000
0,0,3,15000
0,0,3,15000
0,0,3,15000
0,0,3,15000
0,0,3,15000
0,0,3,15000
0,0,3,15000
0,0,3,15000
0,0,3,15000
0,0,3,15000
0,0,3,15000
0,0,3,15000
0,0,3,15000
0,0,3,15000
5,5,10,70000
7,6,14,150000
4,3,15,40000
3,3,8,25000
3,2,10,40000
5,5,8,45000
4,3,1,55000
3,3,7,45000
3,3,7,45500
3,3,7,46000
3,3,7,46500
3,3,7,47000
3,3,7,47500
3,3,7,48000
3,3,7,48500
3,3,7,49000
3,3,7,49500
3,3,7,50000
3,3,7,50500
3,3,7,51000
3,3,7,51500
3,3,7,52000
3,3,7,52500
3,3,7,53000
3,3,7,53500
3,3,7,54000
3,3,7,54500
3,3,7,55000
2,2,5,35000
2,2,5,35500
2,2,5,36000
2,2,5,36500
2,2,5,37000
2,2,5,37500
2,2,5,38000
2,2,5,38500
2,2,5,39000
2,2,5,39500
2,2,5,40000
2,2,5,30000
2,2,5,30500
2,2,5,31000
2,2,5,31500
2,2,5,32000
2,2,5,32500
4,4,5,32000
2,2,5,33000
2,2,5,33500
2,2,5,34000
2,2,5,34500
2,2,5,35000
3,3,7,40000
3,3,7,40500
3,3,7,41000
3,3,7,42000
3,3,7,43000
3,3,7,44000
3,3,7,45000
2,2,7,26000
2,2,5,25000
4,4,4,8800000
4,3,5,12000000
4,3,5,12000000
4,4,1,58000000
0,4,5,12500000
0,4,10,21500000
0,7,1.1,60000000
0,3,5,10000000
6,5,1,46000000
5,4,10,22000000
2,2,3,1500000
2,2,3,1460000
2,2,3,1460000
2,2,3,1350000
2,2,3,1460000
2,2,3,1325000
2,2,3,1850000
2,2,3,1725000
2,2,3,1850000
2,2,3,1740000
5,5,15,14500000
2,2,3,1940000
2,2,3,1640000
2,2,3,1740000
2,2,3,1440000
2,2,3,1430000
2,2,3,1440000
2,2,3,1420000
2,2,3,1425000
4,4,10,18500000
4,4,10,18500000
2,2,3,1550000
3,3,3,4800000
2,2,3,1450000
2,2,2,5000000
2,2,2,3500000
2,2,2,3500000
4,4,3,4700000
6,5,1,45500000
3,3,3,4000000
3,3,2,3200000
3,3,3,4800000
3,3,2,3900000
2,2,2,3700000
2,2,2,2700000
3,3,1,2600000
2,2,1,2300000
3,3,2,3600000
3,3,3,6500000
3,3,3,6500000
3,3,3,4800000
3,3,3,4800000
2,2,2,5000000
6,6,1,44000000
6,6,1,38000000
6,5,1,43500000
4,4,12,18500000
6,5,1,42500000
6,5,1,49500000
3,3,10,12000000
6,5,1,42000000
7,6,1,41000000
6,5,11,24500000
6,5,1,38500000
6,6,1,55000000
3,2,3,6000000
6,6,1,52500000
0,3,4,7500000
0,3,4,7500000
0,3,2.5,4800000
0,3,3,6000000
0,3,2,5500000
6,5,1,51000000
0,4,5,11000000
0,3,5,9500000
0,3,3,9000000
0,3,3.5,5000000
0,0,2.5,4200000
0,5,10,15000000
0,5,10,15000000
0,3,3,6000000
0,4,5,11000000
0,3,1.5,4000000
0,2,1.8,3000000
0,4,2,4000000
0,4,4.5,8500000
0,3,5,7500000
0,4,4.5,11500000
6,5,1,37500000
6,5,1,35000000
0,3,5,10500000
0,3,5,10000000
0,4,5,10000000
0,5,5,11000000
2,3,2,3800000
3,3,5,11000000
3,3,5,11000000
3,3,5,11000000
3,3,5,11000000
6,5,1,35000000
3,3,5,11000000
3,3,5,11000000
7,6,10,27500000
3,3,5,11000000
3,3,5,11000000
3,3,10,15500000
3,3,5,11000000
6,5,1,36000000
0,5,1,45000000
4,4,1,125000
4,3,1,135000
2,2,5.3,45000
3,3,1,115000
6,5,2,500000
3,3,1,135000
4,4,12,175000
5,5,1.3,300000
2,2,4.2,30000
3,2,2.9,40000
3,2,4.9,45000
3,2,2.9,28000
3,2,4.9,38000
2,2,4.2,35000
2,2,4.7,40000
2,2,4.2,45000
3,2,4.9,50000
3,4,6.7,30000
2,2,2.2,30000
3,2,4.2,75000
2,2,4.2,32000
4,6,1.3,200000
2,4,8.9,100000
5,4,12,170000
6,5,1,300000
2,2,4.2,30000
7,6,1,350000
1,1,2.7,20000
5,4,1,225000
2,2,4.9,45000
2,2,5.3,50000
4,4,1.3,500000
8,8,1.3,400000
6,6,1.2,280000
5,5,1.3,450000
4,4,1,200000
5,5,1.3,400000
6,6,1.3,650000
3,3,1,150000
2,2,1,85000
3,3,1,85000
3,3,1,90000
4,4,1.4,125000
4,4,1.2,180000
4,4,1,130000
3,3,1,125000
4,4,1,145000
3,3,1.2,100000
3,3,5.1,58000
2,2,6.4,142000000
3,3,9.3,24000000
6,6,1,100000000
8,6,14,48000000
4,4,14.2,20000000
6,5,1,45500000
3,2,7.6,20000000
5,4,4.4,14600000
4,4,5,9000000
5,5,4.4,15000000
7,6,7,13500000
4,4,7,26000000
7,6,1,42500000
1,1,2.4,3850000
3,3,5,10000000
1,1,2,6400000
0,0,5.1,9000000
1,1,1,3200000
6,5,1,36000000
7,6,8,24000000
2,2,2.9,9600000
6,5,1,39500000
8,7,14.2,64000000
6,5,13,27500000
0,0,14.2,60000000
3,3,12.4,55000
3,2,12,75000
4,4,10,47000
2,2,4.4,36000
3,2,8,26000
3,3,1,90000
2,1,5,16000
2,2,14.2,30000
3,2,10,25000
2,2,1,65000
4,3,11,60000
9,8,2,700000
3,3,7,38000
10,11,2,1000000
7,6,2,280000
5,4,2,280000
2,2,9.8,36000
0,5,10,16000000
0,3,3.5,4000000
0,2,3,4000000
0,3,2,4000000
0,0,3,7200000
0,3,5,7500000
3,3,5,11000000
3,3,5,11500000
0,0,5,16000000
0,4,4,6500000
0,4,4,6500000
0,4,4,6500000
0,4,4,6500000
0,4,4,6500000
0,4,4,6500000
0,0,1,25000000
0,0,10,6500000
0,0,1,22500000
0,0,10,20000000
0,1,2.2,717000
6,4,5,11500000
7,6,1,40000000
7,5,8,14500000
4,4,7,45000
6,5,8,45000
2,2,5,25000
4,3,5,30000
2,2,5,20000
5,5,7,45000
3,3,12,60000
0,0,7,45000
0,0,7,46000
0,0,7,47000
0,0,7,48000
0,0,7,49000
0,0,7,50000
0,0,7,45000
0,0,7,48000
0,0,7,49000
0,0,7,50000
0,0,7,45000
0,0,7,46000
0,0,7,47000
0,0,7,48000
0,0,7,49000
0,0,7,50000
0,0,7,45000
0,0,7,46000
0,0,7,48000
0,0,7,50000
3,3,5,11500000
0,4,3,7000000
0,3,2.5,6000000
0,5,8.5,26000000
0,4,2,5200000
0,5,2,5800000
0,4,5,14000000
0,3,2.5,4000000
0,6,3.5,9000000
0,4,2,5000000
0,5,2,6000000
3,3,5,11500000
6,5,1,30500000
3,3,5,11500000
3,3,5,11500000
7,6,10,23500000
3,2,10,9000000
3,3,5,11500000
3,3,5,11500000
3,3,5,11500000
3,3,3,4500000
3,3,5,11500000
0,4,10,14000000
0,3,10,13500000
0,8,2,42500000
0,4,10,15500000
7,6,1,65000000
3,3,5,11500000
3,3,5,11500000
6,4,10,28000000
0,11,2.1,125000000
0,5,1,56000000
0,4,2,5500000
0,4,6,17500000
0,5,8,25000000
0,3,4,11500000
0,0,8,20000000
0,2,11.5,22500000
0,2,11.5,22500000
0,0,1.5,2800000
0,4,8,15000000
0,3,4,13000000
3,3,5,11500000
3,3,5,10500000
3,3,5,10500000
0,7,1.7,210000000
6,5,1,45000000
3,3,5,10500000
3,3,5,10500000
3,3,5,10500000
3,3,5,10500000
7,5,1,65000000
3,3,5,10500000
3,3,5,10500000
3,3,5,10500000
7,5,1,49500000
6,5,1,43500000
3,3,5,10000000
0,3,5,7500000
0,5,1,47500000
3,3,5,9500000
6,5,1,46000000
4,3,5,11000000
3,3,5,12000000
0,4,5,14000000
0,5,10,40000000
0,4,2,5500000
7,6,1,75000000
3,3,5,11500000
4,4,1,45000000
0,5,11,25500000
7,6,2,110300000
6,5,1,35000000
0,5,10,24500000
0,0,4.4,6000000
6,5,12,21000000
7,6,2,120000000
4,3,8,16500000
3,3,7.3,15000000
0,3,9.8,35000000
0,0,12,130000000
0,6,1,100000000
0,7,2,210000000
0,4,14.2,42500000
0,9,1,140000000
0,2,4.9,5500000
2,4,3,3650000
5,4,12,65000000
5,5,1,125000000
0,9,1,135000000
0,3,6.7,11500000
0,3,6.7,14200000
0,2,4,12000000
0,0,7.2,45000000
0,3,6.7,11500000
6,5,1,139500000
2,2,5.3,9000000
7,5,1.2,145000000
3,3,6.2,11000000
5,4,2,140000000
3,3,2.1,14000000
5,5,1,95000000
3,3,6.2,17500000
4,3,7.1,24500000
5,5,4.8,12800000
3,3,8,5700000
3,3,8,12000000
2,2,4.9,32000
4,3,14.4,50000
6,5,12,240000
2,2,5.3,45000
0,2,5.3,70000
0,3,8.9,80000
0,2,5.3,50000
0,3,8,70000
0,4,2,550000
3,3,5.8,26000
4,4,12,165000
5,5,1,270000
3,3,2.4,26000
4,4,4,85000
6,6,1.3,300000
3,3,4,90000
0,3,6.7,42000
0,3,6.7,42000
3,3,7.2,100000
0,3,8,55000
0,3,6.7,40000
2,2,1,100000
3,3,1,130000
3,3,12,95000
5,4,11.6,125000
2,2,4.2,11500000
2,2,4.2,6200000
3,5,15.1,50000000
2,3,8.9,32500000
2,3,10.2,40000000
2,3,8,30000000
2,3,8,35000000
2,3,8,31000000
2,4,10,65000000
2,2,4.7,11000000
2,3,9.3,35000000
2,3,8.9,32500000
3,6,1.1,120000000
2,2,5.3,21000000
2,2,8,27000000
2,2,4.4,9000000
2,2,4.4,9600000
2,3,8.9,31000000
2,3,8.9,31000000
2,3,8,27500000
2,3,7.6,22000000
2,2,4.4,14500000
2,2,2.9,2850000
2,2,2.9,2850000
2,2,3.1,6000000
4,4,4.8,16000000
4,4,14,80000000
3,3,6.2,6800000
3,2,8,24000000
3,3,8,14000000
0,3,5,13500000
3,3,9.2,23500000
1,1,2.7,1480000
6,6,10,25000000
0,0,14.2,62500000
0,0,14.2,65000000
6,5,1,52500000
0,0,14.2,55000000
7,6,1,55000000
0,0,9.3,49500000
0,0,1,90000000
0,0,10.9,40000000
2,2,5.3,14500000
6,6,12.4,50000000
1,1,3.2,5951000
7,6,1,45000000
7,7,14.2,62500000
6,5,1,37500000
11,10,1,52500000
6,6,12,60000000
2,2,3.6,4000000
3,3,11,21000000
7,7,1,110000000
5,4,4,15500000
6,6,10,55000000
3,3,4,17500000
2,2,6.7,13500000
0,0,1,2500000
0,3,14.2,5000000
0,3,14.2,5000000
0,3,8,7200000
3,3,10,35000
6,5,2,300000
1,2,6.7,25000
3,3,10,37000
3,3,3,77000
7,6,1,450000
3,3,10,35000
4,4,2,300000
3,3,12,65000
3,3,6.7,36000
4,4,2,300000
6,5,1.8,155000
2,2,8,46000
1,2,6.7,25500
2,2,10,48000
2,2,6.7,29000
4,4,13.3,110000
2,2,7,38000
6,6,1,175000
2,2,4.7,50000
2,2,1,60000
0,1,1.9,22000
0,3,14.2,60000
0,3,14.2,65000
0,3,1,55000
0,3,14.2,65000
0,3,1,90000
10,11,2,450000
6,6,1.3,400000
3,3,11.8,50000
0,4,8.9,50000
9,8,4,500000
5,5,1.3,225000
5,5,5,150000
3,3,17,130000
10,9,2,500000
3,3,11.8,40000
2,2,2,150000
0,3,8,7200000
0,3,8,7200000
0,3,8,7300000
0,3,8,7300000
0,3,8,7300000
0,3,8,7300000
0,3,8,7400000
0,3,8,7400000
0,3,8,7500000
0,3,8,7500000
0,3,8,7500000
0,3,8,7500000
0,3,8,7500000
0,3,8,7500000
7,6,5,75000000
0,3,5,11500000
0,3,11,12000000
0,0,5,3200000
0,4,5,8500000
5,5,10,22500000
7,6,12.4,24000000
0,0,8.4,14500000
6,4,6,12200000
7,6,12.4,29000000
4,4,5,7500000
1,1,3,1000000
0,0,5,5500000
0,0,5,5500000
0,2,5.5,6000000
0,2,5,5300000
0,2,3.2,3700000
0,2,2.5,2800000
0,2,3.5,4000000
0,2,3,3650000
0,2,1.5,2600000
0,2,3,4500000
0,0,3,5000000
0,0,4,3500000
0,3,4,4000000
0,3,4,4000000
0,3,4,4500000
0,3,4.5,6500000
0,3,9,8500000
0,0,7,9000000
0,0,5,7000000
0,0,4.5,6000000
0,3,12,40000
0,2,7,25000
6,5,14,75000
0,4,1,48000
0,3,5,33000
0,3,14,65000
0,3,1,65000
0,3,14,60000
0,4,10,75000
0,5,10,75000
0,5,10,80000
0,3,10,38000
0,2,14,48000
0,4,1,45000
0,4,1,65000
0,3,11,30000
0,3,10,35000
0,3,10,35000
0,4,10,75000
5,2,5,50000
0,0,5,23000
0,0,5,24000
0,0,5,25000
0,0,5,26000
0,0,5,26500
0,0,5,25000
0,0,5,24000
0,0,5,25000
0,0,5,25500
0,0,5,26000
0,3,8,38000
0,3,8,38500
0,3,8,39000
0,3,8,40000
0,3,8,42000
0,3,8,38000
0,3,8,39000
0,3,8,40000
0,3,8,40500
0,3,8,42000
0,2,3.5,18000
0,2,3.5,18500
0,2,3.5,19000
0,2,3.5,19500
0,2,3.5,20000
0,2,3.5,18000
0,2,3.5,18500
0,2,3.5,19000
0,2,3.5,19500
7,5,1,40000000
6,5,10,22500000
7,5,1,65000000
0,4,5,13000000
7,6,1,61500000
1,2,5,2900000
0,0,10,15000000
0,3,2.5,7500000
0,5,4,7500000
0,3,2,6000000
0,3,2,5500000
0,3,2,5500000
0,4,2,6000000
0,4,2,6000000
0,3,2.2,5500000
0,3,2.2,5500000
0,3,3,7000000
0,3,2,5500000
6,5,1,32500000
6,5,1,50000000
7,5,1,58000000
6,5,2,75000000
7,6,2,190000000
7,5,1,55000000
7,5,1,44000000
6,5,10,22500000
7,5,1,44000000
6,5,1,42500000
0,5,10,26000000
0,5,10,24000000
0,5,12,23000000
0,4,5,15000000
0,4,5,12500000
0,3,5,11000000
7,5,1,47000000
6,6,2,190000000
7,5,1,68000000
5,5,5,10000000
7,6,1,52500000
3,3,4.8,19500000
7,6,1,290000
2,2,14.2,100000
2,3,8,75000
2,3,8,90000
2,3,9.3,92000
2,3,9.3,90000
2,2,1,130000
5,5,12,150000
0,2,4.2,65000
0,2,4.2,32000
0,4,1.3,250000
0,3,1,200000
2,2,4.4,40000
1,1,2.2,27000
2,2,3.7,6500000
2,2,1.5,6500000
4,4,4.8,1
0,6,2,140000000
0,3,10,55000000
0,3,13.3,50000000
0,3,9.4,75000000
0,4,12,55000000
0,3,8.9,33500000
0,3,8.9,40000000
0,3,8.9,40000000
3,3,8,28000000
2,2,4.2,4600000
3,5,1,85000000
3,5,1.7,105000000
2,4,4.8,41000000
2,4,4,32000000
2,3,4,31000000
3,5,1,90000000
3,6,1,95000000
3,6,1,115000000
3,5,12,90000000
2,4,4.8,55000000
2,4,5.2,38000000
3,5,1,105000000
3,6,1,138000000
3,5,4.8,55500000
4,4,4.8,19500000
2,2,4.2,4700000
3,3,8,12500000
3,3,8,5200000
3,3,6,13500000
3,3,5,7700000
3,3,14,14000000
3,3,8,13000000
3,3,8,9000000
2,2,4.2,4600000
3,3,10,9800000
2,2,4.9,5000000
3,3,8,13000000
3,3,4.8,25000000
3,3,8,16000000
3,3,6.2,22500000
3,3,4.8,75000000
3,4,14.2,15000000
2,2,4.2,6000000
0,8,1,85000000
0,5,12,75000000
0,6,1,67500000
3,3,8,12900000
9,7,5,85000000
0,6,14.2,50000000
0,6,14.2,50000000
0,6,14.2,50000000
0,6,14.2,50000000
0,6,14.2,45000000
0,5,10.9,40000000
0,6,10.9,37500000
0,5,10.9,30000000
0,4,6.7,25000000
0,4,6.7,30000000
0,4,6.7,21000000
0,4,5,21000000
0,4,6.7,22500000
0,4,10.7,45000000
0,6,1,90000000
2,5,4,11300000
8,6,1,60000000
2,2,1.8,4400000
5,5,4.4,16500000
0,6,14.2,65000000
0,8,14.2,67500000
0,3,14.2,45000000
0,6,14.2,62500000
0,6,14.2,72500000
0,9,14.2,56000000
0,3,14.2,82500000
0,5,12.4,45000000
0,6,14.2,55000000
6,6,6.6,35000000
7,6,1,56000000
7,6,1,55000000
7,6,1,57500000
7,6,1,45000000
7,6,1,48000000
7,6,1,56000000
6,5,5,17200000
7,6,1,55000000
10,9,1.2,61000000
0,2,5,3500000
0,2,5,3500000
0,2,5,3500000
0,2,5,3600000
0,2,5,3600000
0,2,5,3600000
0,2,5,3700000
0,2,5,3700000
0,2,5,3700000
0,2,5,3700000
0,2,5,3800000
0,2,5,3800000
0,2,5,3800000
0,2,5,3800000
0,2,5,3800000
2,2,17,180000
0,3,14.2,65000
0,3,12.4,75000
0,2,14.2,46000
0,3,14.2,75000
0,3,14.2,65000
0,3,14.2,65000
0,3,14.2,50000
0,3,14.2,55000
0,3,1,85000
0,4,1,80000
0,3,12.4,60000
0,3,12.4,55000
0,3,14.2,60000
0,3,1,110000
0,1,1,20000
0,1,0.9,22000
0,1,1,20000
0,2,4,85000
0,6,12,135000
0,5,10,180000
0,10,12,250000
0,3,10,75000
0,3,10,85000
0,3,10,55000
0,3,12,55000
0,3,12,80000
0,3,10,70000
0,3,1,85000
3,3,10,120000
0,3,12,65000
0,3,12,55000
0,3,12,65000
0,6,12,180000
4,4,1,550000
2,2,8,22000
2,2,6,35000
2,2,5,35000
2,2,6,35000
2,2,5,28000
2,2,5,30000
4,4,17,110000
2,2,8.9,200000
2,2,17,100000
0,3,1.2,85000
0,6,14.2,120000
0,5,14.2,100000
0,4,1.2,90000
0,3,12.4,70000
0,2,14.2,45000
0,3,1.2,80000
0,3,12.4,50000
0,3,12.4,62000
0,3,14.2,75000
0,3,14.2,60000
0,3,14.2,65000
0,3,14.2,70000
0,3,14.2,60000
0,2,14.2,50000
0,3,14.2,55000
0,3,14.2,65000
0,3,12.4,55000
0,5,14.2,110000
0,6,1.2,180000
0,6,14.2,130000
0,6,12.4,125000
0,6,14.2,130000
0,3,1.2,85000
0,3,12.4,65000
0,3,1.2,100000
0,2,12.4,50000
0,3,14.2,70000
0,3,14.2,50000
0,3,12.4,55000
3,3,17,220000
3,3,17,150000
0,3,14.2,50000
0,3,14.2,51000
0,3,14.2,52000
0,3,14.2,53000
0,3,14.2,54000
0,3,14.2,55000
0,3,14.2,56000
0,3,14.2,57000
0,3,14.2,58000
0,3,14.2,59000
0,3,14.2,60000
0,3,1,80000
0,3,1,85000
0,3,1,88000
0,3,1,90000
0,3,1,90000
0,3,1,92000
0,3,1,95000
0,3,1,100000
0,3,14.2,60000
0,3,14.2,61000
0,3,14.2,62000
0,3,14.2,63000
0,3,14.2,64000
0,3,14.2,65000
0,3,14.2,66000
0,3,14.2,67000
0,3,14.2,69000
0,3,14.2,70000
7,6,5,2000000
4,4,15,55000
10,10,4,1800000
7,7,10,21000000
6,4,10,22000000
4,4,10.4,17500000
0,0,10,1
1,1,2.2,717000
0,5,5,12000000
0,5,5,9500000
0,5,5,8500000
0,0,10,13000000
0,3,10,13000000
0,5,10,14000000
0,7,10,16000000
0,2,5,6000000
0,5,5,12000000
0,5,5,9500000
0,5,5,8500000
0,0,10,13000000
0,3,10,13000000
0,5,10,14000000
0,7,10,16000000
0,2,5,6000000
2,2,5,3500000
4,4,7,45000
0,5,1,33000000
0,5,10,21000000
0,3,4,7500000
0,2,8,10000000
0,7,10,15000000
0,3,10,12500000
0,4,4.5,8000000
0,5,8,13000000
3,3,5,14000000
0,0,10,18000000
0,5,10,13500000
0,5,6,12000000
0,2,5,4000000
0,4,10,22500000
0,5,10,22500000
0,4,10,17500000
6,5,1,67500000
6,5,1,45000000
6,5,10,21500000
6,5,1,49000000
7,6,1,44000000
6,5,1,43000000
5,4,5,10500000
6,5,2,175000000
6,5,1,46000000
5,5,10,22500000
6,5,10,21000000
7,6,1,63500000
0,0,2.6,100000000
0,6,12,27000000
0,6,10,21500000
0,6,10,24000000
6,6,2,85000000
7,5,10,16500000
6,5,1,45000000
0,4,1.2,300000
0,4,16.7,200000
0,2,4.2,45000
0,3,7.1,60000
0,3,8.9,350000
0,5,16,225000
0,4,1.2,145000
0,3,1,95000
0,3,12,100000
2,2,2.4,20000
3,6,1,250000
3,5,1,200000
3,5,1,220000
3,5,1,230000
2,4,12,130000
2,4,4,85000
3,6,2,500000
3,6,1,200000
2,4,4.8,120000
2,3,1,115000
2,3,1,140000
2,3,1,150000
2,3,1,130000
2,3,1,110000
2,3,1,120000
2,3,1,110000
2,2,4.2,19000
3,3,8,35000
3,3,8,32000
3,3,8,41000
3,3,1,50000
2,2,4.2,18000
3,3,8,100000
2,2,4.8,25000
3,3,4.8,95000
3,4,1,87500000
3,3,8,20000000
3,3,6,14500000
3,3,6,14000000
3,3,8,20000000
3,3,8,14000000
2,2,4.2,6000000
3,3,2.1,5400000
3,3,6.8,18500000
6,6,2.7,260000000
0,4,10.8,65000000
0,4,10.8,65000000
0,4,10.8,65000000
0,4,10.8,65500000
0,4,10.8,67000000
0,4,11.2,64900000
0,4,11.2,65400000
0,4,11.2,67000000
0,4,11.2,66000000
0,4,11.2,65000000
3,3,6,14500000
3,3,6,14600000
3,3,6,14600000
3,3,6,14700000
3,3,6,14700000
3,3,6,14800000
3,3,6,14800000
3,3,6,14900000
3,3,6,14900000
3,3,6,15000000
3,3,6,15000000
3,3,6,15000000
0,0,2.2,16000000
0,1,4.4,5600000
0,1,4.4,5600000
0,2,5.7,7700000
0,2,5.7,7700000
0,2,6.4,8700000
0,2,6.4,8700000
0,3,10.2,13500000
0,3,10.2,13500000
2,2,5,3800000
8,6,10.9,17500000
6,4,6.7,11000000
0,8,1,75000000
5,5,6.7,45000
10,9,5,1600000
0,3,14.2,45000
0,3,12.4,60000
0,3,14.2,65000
0,2,14.2,60000
0,3,12.4,75000
0,2,12.4,65000
0,3,12.4,65000
0,3,1,90000
0,3,14.2,50000
0,3,14.2,65000
0,3,12.4,55000
0,3,14.2,60000
0,4,1.2,90000
0,3,14.2,60000
0,3,14.2,65000
0,6,14.2,140000
0,9,14.2,180000
0,3,14.2,55000
0,3,14.2,60000
0,5,14.2,135000
0,6,14.2,130000
0,3,14.2,65000
0,3,14.2,75000
0,3,14.2,70000
0,3,14.2,50000
0,3,14.2,75000
0,3,1.2,90000
0,5,1.3,110000
0,2,14.2,40000
0,3,12.4,60000
7,6,2,1800000
3,3,8,50000
2,2,7,36000
3,3,10.2,50000
1,1,5.3,50000
1,1,3.3,42000
10,9,2,500000
2,2,4,20000
9,8,1,320000
4,4,1,100000
4,4,1,90000
3,3,15,100000
2,2,12,70000
5,4,9.3,120000
3,3,14.2,85000
2,2,4,50000
3,3,14.2,100000
2,2,7,40000
2,2,3.1,30000
1,1,1.6,25000
2,2,3.1,25000
2,3,4.9,35000
3,3,10,120000
6,6,10,150000
3,3,10,50000
2,2,3.3,35000
3,3,12,65000
2,2,12,50000
8,7,1,300000
4,4,6,70000
3,3,10,70000
2,2,3.3,40000
2,2,5,40000
2,2,4,35000
4,4,10,40000
4,3,10,55000
3,2,6,38000
3,3,8,50000
0,9,1,200000
0,7,14.2,140000
0,3,1,90000
0,3,14.2,50000
0,3,14.2,55000
0,3,14.2,67000
0,3,14.2,65000
0,3,1,100000
0,2,14.2,50000
0,3,14.2,50000
0,3,14.2,52000
0,3,14.2,54000
0,3,14.2,56000
0,3,14.2,60000
0,3,14.2,62000
0,3,14.2,64000
0,3,14.2,66000
0,3,14.2,68000
0,3,14.2,70000
0,3,14.2,50000
0,3,14.2,52000
0,3,14.2,53000
0,3,14.2,54000
0,3,14.2,55000
0,3,14.2,56000
0,3,14.2,57000
0,3,14.2,58000
0,3,14.2,59000
0,3,14.2,60000
0,3,12.4,50000
0,3,12.4,53000
0,3,12.4,56000
0,3,12.4,58000
0,3,12.4,60000
0,3,1,100000
0,3,1,90000
0,3,1,85000
0,3,1,80000
0,3,1,95000
4,4,4,400000
10,9,17,600000
5,4,1,80000
3,3,17,150000
6,5,1,300000
0,5,5,16000000
0,4,5,9000000
0,4,5,12000000
0,2,6.5,13500000
0,9,1,35000000
0,4,5,9000000
0,5,5,9000000
0,4,5,9000000
0,4,5,12000000
0,2,6.5,13500000
0,9,1,35000000
0,4,5,9000000
0,5,5,9000000
0,0,8,7500000
2,2,5.2,8800000
6,5,7,14000000
0,6,5,9000000
0,4,5,12000000
0,4,2.8,6000000
0,0,10,15000000
0,6,5,9000000
0,4,5,12000000
0,4,2.8,6000000
0,0,10,15000000
0,0,5,20000
0,0,3.5,17000
0,0,5,15000
0,0,5,10000
0,0,2.5,10000
0,0,3.5,16000
0,0,3,15000
0,0,2.5,10000
0,0,2.5,12000
0,0,2.5,15000
0,0,3,18000
0,0,3,18000
0,0,3,20000
0,0,5,22000
0,0,5,25000
0,0,3,23000
0,0,2.5,15000
0,0,3,23000
0,0,5,30000
0,0,2.5,18000
3,3,12,38000
3,3,10,25000
3,2,8,40000
2,2,5,25000
4,4,7,45000
0,2,5,18000
0,2,5,15000
0,2,4.4,16000
0,4,3,30000
0,2,5,22000
0,3,1,45000
0,3,10,26000
0,2,5,18000
0,2,5,15000
0,2,4.4,16000
0,4,3,30000
0,2,5,22000
3,3,5,33000
2,1,3.6,52000
5,5,10,65000
4,4,1,36000000
6,5,1,45000000
6,6,1,36000000
6,5,1,60000000
5,5,1,56000000
3,3,1,35000000
6,6,2,108000000
6,5,1,49000000
5,5,10,19000000
5,5,10,21500000
6,5,2,220000000
8,6,1,92500000
6,5,1,43500000
5,5,1,40000000
6,6,10,22900000
5,5,10,25000000
5,5,10,19000000
4,4,8,18500000
5,5,1,78000000
7,6,1,47500000
3,3,11,16000000
4,3,5,9500000
5,5,10,20000000
5,5,2,82500000
5,5,1,35000000
5,5,10,17000000
3,3,8,12000000
5,5,1,45000000
5,4,7,24000000
6,5,1,39500000
0,3,5,14000000
0,3,3,8500000
0,3,2,6000000
5,5,1,55000000
3,3,6,15100000
3,3,6,15100000
3,3,6,15200000
3,3,6,15200000
3,3,6,15300000
3,3,6,15300000
3,3,6,15400000
3,3,6,15500000
2,2,4.2,12000000
2,2,4,13000000
2,2,4,8000000
2,2,4,6500000
2,2,4,8000000
2,2,4,8500000
2,2,2.7,6000000
2,2,4.2,12000000
2,2,4,11500000
2,3,5.1,9500000
2,2,4,14000000
2,2,4,13500000
3,3,8,20000000
3,3,8,20000000
3,3,8,20100000
3,3,6,45000
4,3,1,150000
8,8,12,250000
3,3,3.2,65000
6,6,16,130000
2,2,4.4,37000
4,4,8.9,50000
5,5,8.9,120000
2,3,1,110000
3,3,8,20200000
3,3,8,20200000
1,1,2.2,2085000
3,3,5,11000000
1,1,3.3,1650000
0,3,8,7000000
0,6,1,33000000
0,3,14.2,65000
0,3,14.2,70000
0,3,14.2,58000
0,3,1,90000
0,3,12.4,50000
0,3,14.2,55000
0,3,14.2,60000
0,3,14.2,65000
0,3,1,90000
0,3,14.2,65000
0,3,14.2,70000
0,3,14.2,60000
0,3,14.2,62000
0,3,14.2,63000
0,3,14.2,64000
0,3,14.2,65000
0,3,14.2,66000
0,3,14.2,67000
0,3,14.2,68000
0,3,14.2,69000
0,3,14.2,70000
0,3,14.2,50000
7,6,2,220000
5,5,1,95000
8,8,7,65000
3,3,17,140000
3,3,1,45000
7,6,2,500000
3,3,1,250000
5,5,4.4,48000
3,3,12,70000
4,4,1,300000
3,3,14.2,65000
0,0,6,38000
0,8,1.6,350000
0,6,1,250000
0,5,1,180000
0,6,1,180000
0,2,8.9,45000
0,3,12,55000
0,2,8,28000
0,4,16,200000
0,3,1,120000
0,3,1.3,100000
0,5,1.3,300000
0,0,2.5,4000000
0,0,3,4500000
0,0,5,7000000
0,0,3,6500000
0,0,5,9500000
7,5,7,14500000
4,4,5,10800000
0,5,7,13500000
6,5,10,18500000
2,2,5,5900000
0,5,11,21000000
0,3,5,9600000
0,5,1,25000000
2,1,4.4,6800000
0,5,10,16500000
0,3,8,11500000
0,3,5,9500000
0,5,1.9,55000000
0,5,10,18500000
6,4,10,19000000
0,0,8,8500000
2,3,3.5,16000
3,2,10,35000
2,2,3.5,27000
2,1,3.6,30000
5,5,10,65000
6,6,7,80000
3,3,12,32000
6,5,7,45000
2,2,3.1,45000
4,3,11,57000
3,3,7,23000
5,4,7,45000
5,5,10,21500000
0,4,3.2,6300000
0,5,10,23500000
0,5,10,20000000
4,3,5,13500000
4,4,10,17500000
0,4,9,17000000
0,4,10,29000000
6,5,1,45000000
6,5,1,35000000
5,5,1,30000000
5,5,5,13000000
6,5,1,39900000
5,5,10,22000000
5,5,10,17000000
4,4,8,17000000
3,3,8,14500000
4,4,10,15500000
3,3,5,11500000
6,6,10,24000000
4,3,6,10000000
3,3,1,33500000
3,3,6,14500000
3,3,7,18000000
6,5,1,40000000
3,3,1,32500000
3,3,6,14500000
4,4,10,29000000
4,4,11,25000000
4,4,16,32000000
4,4,10,32500000
3,3,8,20200000
3,3,8,20300000
3,3,8,20400000
3,3,8,20400000
3,3,8,20500000
3,3,8,20600000
3,3,8,20700000
3,3,8,20800000
3,3,8,20900000
3,3,8,21000000
3,3,8,21100000
3,3,8,21200000
3,3,8,21300000
3,3,8,21400000
3,3,8,21500000
3,3,8,21600000
3,3,8,21700000
3,3,8,21800000
3,3,8,21900000
3,3,8,22000000
3,3,8,22100000
3,3,8,22200000
3,3,8,22300000
3,3,8,22400000
3,3,8,22500000
3,3,6.4,12000000
3,3,8,13000000
3,3,8,13000000
3,3,8,13100000
3,3,8,13100000
3,3,8,13200000
3,3,8,13200000
3,3,8,13300000
3,3,8,13300000
3,3,8,13400000
3,3,8,13400000
3,3,8,13500000
3,3,8,13500000
3,3,8,13600000
3,3,8,13600000
3,3,8,13700000
3,3,8,13800000
3,3,8,13800000
3,3,8,13900000
3,3,8,13900000
3,3,8,14000000
3,3,8,14000000
3,3,8,14100000
3,3,8,14100000
3,3,8,14200000
3,3,8,14200000
3,3,8,14300000
3,3,8,14300000
3,3,8,14400000
3,3,8,14400000
3,3,8,14500000
2,2,3.6,7600000
2,2,4.4,7000000
2,2,4.4,7000000
6,6,1.7,137500000
2,4,4,37000000
3,5,14.8,55000000
2,4,4,36500000
2,4,12,60000000
0,5,18,80000000
0,4,1,95000000
0,5,1,98000000
0,5,1,100000000
0,10,2,200000000
0,6,1,100000000
0,5,1,100000000
0,6,1,110000000
0,5,8,55000000
0,5,12,77500000
0,0,12,110000000
0,5,12,92500000
0,5,12,92500000
0,5,12,95000000
0,0,12,80000000
0,4,12,75000000
0,5,18,80000000
0,4,1,95000000
0,5,1,95000000
0,5,1,95000000
0,5,1,115000000
0,4,1,85000000
4,4,8.9,15000000
0,0,16,12500000
6,5,6.5,13500000
6,5,5,11500000
0,5,1,220000
0,6,1.3,250000
0,1,1,35000
0,1,1,30000
0,5,1,150000
0,3,1.3,80000
0,3,1.3,110000
0,3,17.8,130000
0,4,17.8,110000
0,3,1.8,140000
0,3,1.3,140000
0,1,4.5,110000
0,2,9,175000
0,3,14.2,240000
0,8,1.6,350000
0,6,1,250000
0,5,1,180000
0,6,1,180000
0,2,8.9,45000
0,3,12,55000
0,2,8,28000
0,4,16,200000
0,3,1,120000
0,3,1.3,100000
0,5,1.3,300000
0,5,1,220000
0,6,1.3,250000
0,1,1,35000
0,1,1,30000
0,5,1,150000
0,3,1.3,80000
0,3,1.3,110000
0,3,17.8,130000
0,4,17.8,110000
0,3,1.8,140000
0,3,1.3,140000
0,0,3,100000
0,0,3,90000
0,1,4.5,110000
0,2,9,175000
0,3,14.2,240000
10,11,2,1000000
3,3,1,30000
0,5,1,165000
0,5,1,166000
0,5,1,167000
0,5,1,166000
0,5,1,167000
0,5,1,168000
0,5,1,169000
0,5,1,168000
0,5,1,169000
0,5,1,170000
0,5,1,171000
0,5,1,170000
0,5,1,171000
0,5,1,172000
0,5,1,173000
0,5,1,172000
0,5,1,173000
0,5,1,174000
0,5,1,175000
0,5,1,174000
0,5,1,175000
0,5,1,175000
0,5,1,176000
0,5,1,176000
0,5,1,177000
0,5,1,177000
0,5,1,178000
0,5,1,178000
0,5,1,179000
0,5,1,179000
2,2,8.4,80000
2,2,8.4,75000
2,2,12,70000
1,1,2.7,15000
10,9,4,2200000
0,6,1,186000
0,6,1,188000
0,6,1,187000
0,6,1,188000
0,6,1,189000
0,6,1,190000
0,6,1,189000
0,6,1,190000
0,6,1,191000
0,6,1,192000
0,6,1,191000
0,6,1,192000
0,6,1,193000
0,6,1,194000
0,6,1,193000
0,6,1,194000
0,6,1,195000
3,3,7.8,120000
3,3,5,10000000
1,1,2.2,4500000
1,1,2.6,4800000
5,3,10,30000000
5,3,10,14500000
5,3,10,11800000
6,4,12,14000000
6,5,1,36000000
6,4,12,17500000
5,5,10,18500000
1,1,2.2,3500000
1,2,5,2300000
0,0,10,19500000
0,0,10,18500000
1,2,5,2100000
0,4,12,19200000
0,5,1,30000000
2,3,5,6500000
3,3,5,12800000
3,3,5,10500000
4,4,9,21500000
5,5,1,64000000
5,4,10,21000000
3,3,1,32500000
4,4,10,29000000
4,4,10,32500000
7,5,10,25000000
4,4,11,25000000
6,4,10,23500000
3,3,4,8600000
4,4,10,31500000
5,3,10,16500000
2,2,2,4700000
3,3,5,12000000
6,4,10,19000000
4,4,7,15000000
6,6,10,16500000
0,0,5,35000
0,0,5,32000
0,0,5,25000
0,0,5,22000
0,0,7,45000
0,0,7,48000
0,0,7,35000
0,0,7,36000
0,0,10,60000
0,0,10,58000
0,0,10,57000
0,0,10,45000
0,0,5,36000
0,0,5,33000
0,0,5,28000
0,0,5,25000
0,0,7,46000
0,0,7,48000
0,0,7,35000
0,0,10,62000
2,1,3.6,45000
6,5,10,58000
5,4,10,55000
5,4,10,65000
2,1,3.6,45000
6,6,7,25000
3,3,3.5,7400000
2,2,3,5600000
5,5,10,17000000
5,3,10,16700000
4,4,8,13000000
2,2,2.5,5200000
3,3,5,10500000
6,5,10,25000000
3,3,10,17500000
5,5,10,15500000
4,4,8,12500000
6,5,10,21000000
2,2,3,5500000
3,3,4,7500000
3,3,5,10000000
6,5,1,42500000
2,2,2,4800000
2,2,2.5,5000000
0,4,5,15000000
0,4,10,18000000
0,4,10,22500000
0,4,10,22500000
0,4,10,18000000
6,5,1,67500000
0,0,3,7500000
0,4,5,15000000
0,4,10,18000000
0,4,10,22500000
0,4,10,22500000
0,4,10,18000000
4,4,10,24000000
6,5,1,49000000
5,5,10,20500000
6,5,1,37000000
8,6,12,27000000
5,4,1,31200000
5,5,1,57500000
4,4,10,39000000
4,3,3,7500000
3,2,5,7000000
5,5,1,57500000
3,2,10,17500000
4,4,5,11500000
0,6,1,42000000
4,4,10,28500000
4,4,10,29000000
5,4,10,21500000
4,4,10,31500000
4,4,5,9000000
4,3,3,6800000
1,1,3.6,5000000
0,2,4.2,4750000
2,2,3.3,4500000
2,2,3.3,4500000
0,0,5,15000000
2,2,4.2,5400000
2,2,4.2,5000000
2,2,4.2,5450000
3,3,8,20800000
3,3,6.1,13500000
4,4,10.9,32500000
3,3,14,14500000
3,9,4.8,9500000
2,3,3.2,9500000
3,3,8,20000000
0,4,10,50000000
0,4,12,85000000
0,5,1.2,145000000
0,7,1,115000000
0,4,10,55000000
0,6,12.8,65000000
0,4,1,105000000
4,3,5,5000000
2,2,4.2,650000
2,2,2.7,3300000
6,6,16,45000000
1,3,5,14000
6,5,1.6,350000
5,4,12,200000
2,1,3.8,30000
2,2,7.6,125000
0,5,2,500000
0,3,12,100000
0,3,1,100000
0,4,12,200000
0,6,2,900000
2,1,3.8,35000
3,3,1,150000
2,3,4,4600000
6,5,1,38000000
0,3,5,13000000
0,3,5,13500000
0,3,5,14000000
0,3,5,14500000
0,3,5,15000000
0,5,8,19000000
0,5,8,19500000
0,5,8,20000000
0,5,10,25000000
0,5,10,25500000
0,5,10,26000000
0,5,10,27000000
0,5,10,28000000
0,6,1,40000000
0,6,1,41000000
0,6,1,42000000
0,6,1,43000000
0,6,1,45000000
5,4,4.4,16800000
5,4,4.4,16200000
1,1,3.2,1600000
3,3,6,12500000
8,8,6.7,35000000
6,6,7,14500000
3,3,12,75000
0,6,1,197000
0,6,1,198000
0,6,1,199000
0,6,1,198000
0,6,1,199000
0,6,1,200000
0,6,1,200000
0,6,1,201000
0,6,1,202000
0,6,1,203000
0,6,1,204000
0,6,1,205000
0,6,1,206000
0,6,1,207000
0,6,1,208000
0,6,1,209000
0,6,1,210000
0,6,1,211000
0,6,1,212000
0,6,1,213000
0,6,1,214000
0,6,1,215000
0,6,1,216000
0,6,1,217000
0,6,1,218000
0,3,1,45000
0,3,1,45000
0,3,1,35000
0,3,1,38000
0,3,1,50000
0,3,14,35000
0,4,2,55000
0,3,1,50000
0,3,1,50000
0,4,2,55000
3,2,7,20000
10,11,4,1200000
3,2,7,18000
3,3,10,35000
1,1,1.8,15000
0,6,1,220000
0,6,1,221000
0,6,1,222000
0,6,1,223000
0,6,1,224000
0,6,1,225000
0,6,1,226000
0,6,1,227000
0,6,1,228000
0,6,1,229000
0,6,1,230000
0,6,1,231000
0,6,1,232000
0,6,1,233000
0,6,1,234000
0,6,1,235000
0,6,1,236000
0,6,1,237000
0,6,1,238000
0,6,1,240000
0,6,1,241000
0,6,1,242000
0,6,1,243000
0,6,1,244000
0,6,1,245000
0,6,1,246000
0,6,1,247000
0,6,1,248000
0,6,1,249000
0,6,1,250000
5,5,1.1,200000
5,5,1,190000
5,5,1,160000
4,4,4,450000
0,3,10,38000
0,5,8,75000
0,3,5,50000
0,3,5,45000
0,3,5,53000
0,3,5,55000
0,5,10,85000
0,5,10,86000
0,5,10,88000
0,5,10,90000
0,5,10,95000
0,5,10,100000
3,3,7.8,160000
3,3,1,160000
7,6,1,420000
3,3,7,21000
3,3,9.3,190000
6,6,1.3,210000
6,6,1.3,209000
6,5,2,400000
6,6,1.3,207000
6,6,1.3,208000
6,6,1.3,206000
6,6,1.3,205000
6,6,1.3,204000
6,5,1,350000
6,6,1.3,203000
1,1,2.6,95000
6,6,1.3,202000
6,6,1.3,201000
6,6,1.3,200000
8,7,1,650000
6,6,1.3,199000
6,6,1.3,198000
6,6,1.3,197000
6,6,1.3,196000
6,6,1.3,195000
6,6,1.3,194000
6,5,2,300000
6,6,1.3,193000
6,6,1.3,192000
6,6,1.3,191000
6,6,1.3,190000
6,6,1.3,189000
6,6,1.3,188000
6,6,1.3,187000
3,3,1,220000
6,6,1.3,186000
6,6,1.3,185000
4,4,10.9,45000
6,5,1,350000
7,6,2,450000
8,5,8,80000
6,6,1.3,184000
3,3,2,300000
6,6,1.3,183000
2,2,7,36000
6,6,1.3,182000
5,4,4.4,55000
6,6,1.3,181000
2,3,8,28000
6,6,1.3,180000
6,6,1.3,179000
6,6,1.3,178000
6,6,1.3,177000
4,3,5,11000000
4,3,3,7000000
4,3,5,12000000
4,3,7.5,10000000
6,5,1,45000000
2,2,7,25000
0,0,12,120000
0,0,2.9,3350000
5,5,10,22500000
4,3,5,7200000
5,4,5,13000000
5,4,5,10500000
3,3,8,13500000
6,5,1,42000000
2,2,3,4300000
4,4,5,7500000
4,3,5,9500000
5,4,10,20000000
3,3,5,10500000
5,4,10,32500000
1,0,1.1,1350000
6,5,10,25000000
7,7,1,32500000
3,3,3,5600000
4,4,5,12000000
2,2,5,6600000
2,2,3,3300000
3,3,5,9000000
3,3,5,9000000
4,4,5,8300000
6,5,1,39000000
4,4,5,8300000
3,3,3,5500000
6,5,12.5,20200000
6,5,1,31500000
2,2,2,3600000
3,3,2,4600000
3,3,2,4600000
3,3,5,8500000
6,6,14,28000000
3,3,3,5500000
3,3,5,8200000
7,6,1.8,45000000
5,5,1,24000000
13,10,1.5,140000000
0,2,4,7500000
4,4,4,30000000
3,3,5,8500000
4,4,14,17000000
3,3,8,10500000
4,4,1,35000000
3,3,8,14500000
4,4,12.2,15000000
4,4,12.2,16000000
3,3,8,15000000
3,3,5,8000000
3,3,6.1,14300000
3,3,8,19200000
4,4,14,17000000
4,4,14,16100000
4,4,14,20000000
2,3,3.2,4700000
4,4,4.8,19000000
2,2,2.2,5000000
3,3,5,19000000
6,5,1.2,125000000
2,2,4.2,5750000
2,2,4.2,6400000
3,3,8,12000000
2,2,4.2,5110000
3,3,9.4,9000000
3,3,8,13000000
3,3,3.3,13000000
3,3,7.4,17000000
2,2,4.7,6500000
3,3,3.3,13000000
3,3,5.6,6500000
2,2,4.9,5500000
3,3,5,19300000
3,3,6,8500000
3,2,4.8,18000
0,4,1,150000
0,3,1,125000
3,2,4,35000
1,1,4.9,75000
3,3,9.6,42000
3,3,5.6,27000
4,4,4,90000
3,3,5.6,30000
2,2,4,30000
4,4,9.6,53000
3,3,8,35000
8,6,2,1200000
3,3,5.6,40000
3,3,9.6,42000
3,3,8.9,175000
4,4,9.6,53000
3,3,6,45000
1,2,3.1,18000
7,6,2,850000
2,2,1.9,22000
2,2,4,33000
2,2,9.6,45000
4,3,8,90000
6,5,1,390000
4,4,14.2,225000
6,5,1,200000
7,5,1,350000
2,2,5.8,18000
10,6,2,500000
5,4,4,13500000
7,7,2,80000000
7,5,1,56000000
7,6,1,49600000
5,5,1,40000000
7,6,1,40000000
6,6,1,47500000
0,0,6,10500000
2,2,12,16500000
6,6,1,45000000
6,6,1,49000000
0,0,2.7,3300000
9,8,1,75000000
4,4,18.4,40500000
6,6,1,44000000
5,5,1,43800000
3,3,4.9,8500000
4,3,14.2,55000
6,6,1.3,176000
6,6,1.3,175000
6,6,1.3,174000
6,6,1.3,173000
6,6,1.3,172000
4,3,14.2,60000
3,3,1,400000
6,6,1.3,170000
2,2,4,29000
4,4,1,200000
6,6,10,110000
2,2,4.9,110000
2,2,4,24000
3,2,7,42000
4,3,10,32000
2,2,13,90000
3,3,14.2,65000
2,3,10.9,55000
1,1,5.3,40000
3,3,16,65000
3,3,16,65000
2,2,4,30000
3,3,1.3,85000
4,4,3,42000
3,3,8.7,60000
1,2,3,22000
5,4,1,85000
2,2,1,38000
2,2,3.6,17000
2,2,12,38000
4,3,7,10400000
3,3,3,5200000
3,3,3,6200000
3,3,3,6500000
3,3,3,6000000
0,0,5,15000000
4,4,4,8500000
7,6,14,19800000
3,3,3,6750000
2,2,5,5600000
4,4,10,27500000
6,5,1,42500000
4,3,10,42000000
6,5,1,39000000
6,5,1,32500000
7,6,1,33500000
6,5,9,23500000
4,3,5,13500000
1,1,3.2,6200000
3,3,3,5500000
4,4,6,10100000
5,5,1,46000000
5,5,1,35000000
4,4,10,22000000
3,3,10,19500000
6,6,10,16000000
4,4,10,27000000
4,4,7,18000000
3,3,11.6,11500000
4,4,12,28500000
4,3,5,65000000
2,2,8.7,8500000
6,5,10,24900000
6,5,10,18500000
6,5,7,13500000
2,2,8,9000000
5,3,8,17000000
5,5,7,12500000
4,4,10,25000000
2,2,7.6,15000000
2,2,3.8,5200000
3,3,12,40000
5,5,12,70000
4,4,12,70000
4,4,7,55000
5,5,10,60000
3,3,10,55000
4,4,10,55000
5,4,8,40000
3,3,7,35000
3,3,10,42000
3,3,10,35000
3,3,7,27000
5,5,1,46000000
5,5,10,22000000
3,3,5,12000000
4,4,5,7500000
5,5,10,23500000
5,5,1,44500000
5,5,10,22000000
5,5,10,22500000
4,4,3,6000000
4,3,5,19000000
7,5,1,54000000
3,3,5,12200000
1,1,1.1,2200000
4,4,3,8000000
3,3,5,12300000
5,4,10,32000000
3,3,5,12500000
3,3,5,12300000
5,5,10,21000000
6,5,1,53500000
5,5,10,22000000
5,5,10,22000000
5,5,10,21500000
6,5,1,40000000
3,3,2.5,6000000
3,3,2.9,12000000
6,6,9.6,42500000
5,5,1,71500000
3,3,11.6,32500000
3,3,11.6,35000000
5,5,1,71500000
2,2,4.7,7000000
3,2,5.3,6200000
3,3,3.3,13000000
3,3,3.3,13000000
7,6,4.8,11500000
3,3,4.9,5000000
6,5,8,29000000
2,2,2,3000000
4,3,9.7,62600000
3,3,5.6,8000000
4,4,4.4,17000000
5,4,12,80000000
0,0,4.8,9000000
3,3,5,22000000
6,5,1,117500000
9,9,4.8,15000000
3,3,5,19000000
2,2,4.2,6700000
4,7,3,9000000
2,2,1.7,2900000
3,2,4.4,5500000
3,3,5.8,7300000
4,4,8,16000000
3,3,8,11800000
3,3,9.4,9500000
3,3,8,9800000
3,3,8,20000000
3,3,5,8500000
3,3,6.1,14500000
3,3,14,15500000
6,6,15,70000000
2,2,4.8,2300000
3,3,8,30000
4,6,8,55000
6,5,14,175000
3,2,4.8,18000
0,9,4,900000
2,2,4.2,38500
3,3,9.6,70000
4,3,8,85000
2,2,4.2,48000
4,3,6.7,65000
3,3,8,80000
3,3,6,32000
4,4,1,125000
3,3,4.2,100000
3,3,8,32000
4,4,9.3,120000
3,3,8,50000
2,2,2,23000
3,3,8,50000
4,4,3.2,66000
4,3,7.1,90000
3,3,1,135000
3,3,8.9,105000
0,0,8,30000
5,4,12,160000
2,2,4.4,47000
3,3,8.9,85000
3,2,4.5,50000
2,2,4.2,22000
3,3,5.3,58000
3,3,7.1,35000
3,3,12,90000
2,2,3.3,20000
4,4,4.8,125000
4,4,16,52000
2,2,4.2,25000
3,3,9.6,45000
6,6,16,120000
2,2,2.4,22000
2,2,4.2,30000
2,2,2.9,28000
7,6,1,37000000
5,4,12,29500000
1,1,2.2,375000
5,4,8,34000000
5,4,10,27000000
3,3,10.2,8500000
5,4,4.4,16000000
10,10,20,32500000
6,6,1,33500000
4,3,1,9500000
3,2,10.9,40000
3,3,1,120000
3,3,1,95000
5,4,13.3,155000
3,2,8,38000
3,3,1.1,65000
3,3,1.1,65000
4,3,1.3,130000
2,2,1,50000
4,3,1.3,130000
2,2,1,50000
3,3,7,40000
6,6,10,60000
4,3,1,60000
3,3,1,45000
3,3,8,38000
4,3,1,110000
7,6,1.3,160000
2,2,5.6,30000
4,3,8.9,22000
3,3,5.6,45000
3,3,14.2,60000
2,2,1,65000
3,3,14.2,60000
3,3,14.2,60000
3,3,1,80000
3,3,14.2,55000
3,3,14.2,60000
3,3,14.2,55000
3,3,6.7,40000
7,7,1,125000
6,5,1,290000
0,10,2,400000
2,2,2,16000
8,8,1.3,350000
5,5,10,22500000
5,5,10,22300000
6,5,1,59500000
3,3,5,12200000
6,5,1,45000000
5,5,10,22500000
6,5,1,82500000
3,3,5,12500000
3,3,5,12200000
6,5,1,59000000
4,3,7,21500000
5,5,10,18500000
4,3,7,23500000
5,5,1,49000000
3,3,8,13000000
6,5,1,60000000
5,5,1,46000000
6,5,1,41000000
5,4,10,29500000
5,4,10,39000000
6,5,1,47000000
6,5,1,52000000
5,5,5,11500000
5,3,5,12200000
6,6,1,37500000
6,4,10,22000000
7,5,1,48500000
7,5,1,44500000
5,3,5,12000000
7,5,1,49000000
5,3,5,13000000
5,3,5,11800000
0,0,11,20000000
4,3,5,11500000
5,3,5,12500000
4,4,5,8000000
3,3,2,4200000
2,2,6,7500000
5,3,5,13000000
0,0,5,12000000
3,3,2,4000000
2,2,2,4000000
3,3,5,10000000
4,4,5,6500000
2,2,2,3000000
2,2,2,3000000
4,4,5,6000000
4,4,5,7500000
3,3,2,5000000
5,3,5,12500000
2,2,2,4000000
4,3,5,11500000
4,4,1,23000000
7,5,10,19500000
0,0,1,23000000
6,4,10,24500000
10,8,2,95000000
6,4,8,17500000
7,5,8,17000000
0,0,4,6300000
4,3,5,10000000
5,5,6,2200000
5,4,7,22500000
6,5,1,63500000
6,5,1,43500000
7,5,1.1,42500000
5,4,10,31000000
5,4,1.1,35000000
4,4,5,13000000
4,4,5,10500000
4,4,5,11000000
4,4,5,10500000
4,4,5,9500000
4,4,5,13000000
5,5,10,27500000
4,4,10,27500000
4,4,10,23500000
4,4,10,15500000
4,3,5,9500000
6,5,7,13000000
0,0,5,10000000
0,0,5,10000000
0,0,5,10000000
0,0,5,10000000
0,0,5,10000000
0,0,5,10000000
0,0,5,10000000
0,0,5,10000000
7,7,17,35000000
0,0,5,10000000
0,0,5,10000000
0,0,5,10000000
0,0,5,10000000
0,0,5,10000000
0,0,5,11000000
0,0,5,10000000
0,0,5,10000000
0,0,5,10000000
0,0,7,15000000
0,0,7,14500000
0,0,7,14500000
0,0,5,10000000
0,0,5,10000000
0,0,5,10000000
0,0,5,10000000
0,0,5,10000000
0,0,5,10000000
0,0,5,10000000
0,0,5,10000000
0,0,5,10000000
0,0,5,10000000
0,0,5,10000000
0,0,5,10000000
0,0,5,10000000
0,0,5,10000000
0,0,5,10000000
0,0,5,14000000
0,0,7,14500000
0,0,7,14500000
7,6,10,20500000
2,2,5.5,5800000
5,5,12,14500000
4,9,8,11000000
1,2,3,2200000
2,2,3,3000000
4,3,5,10600000
0,1,2,12000
1,1,2.2,12000
2,2,4.4,30000
3,3,1,60000
5,5,10,23000000
3,3,5,12000000
3,3,3,8000000
3,3,5,8000000
5,5,10,25000000
5,5,10,20000000
4,4,10,19000000
4,4,5,12500000
2,2,4,8000000
3,3,5,9000000
8,10,3.1,25000000
4,4,7,24000000
4,4,7,24000000
3,3,5,13500000
5,5,10,18500000
5,4,5,13500000
5,5,10,18500000
5,4,10,23000000
1,2,2.9,4500000
5,4,4.8,17000000
3,3,5,19600000
2,4,3.8,5800000
9,6,4.4,17000000
3,3,5,19800000
6,5,1,115000000
4,3,8,25000000
5,4,4.8,19000000
2,2,4,12000000
4,4,4,33500000
3,3,5.1,6000000
8,5,5,10000000
2,3,4.7,7500000
6,6,4.8,13500000
2,3,9.6,15500000
0,0,1,250000000
2,2,4.8,7200000
3,3,6,17000000
4,3,7.1,12500000
3,3,6,11500000
3,3,7.6,12000000
2,2,4.2,9000000
3,3,7.3,12500000
3,3,4.7,4200000
3,3,12,26000000
2,2,2,8000000
2,2,3.3,4500000
3,3,2.8,8500000
6,5,16,85000000
2,2,3.6,2800000
5,8,3.2,8500000
4,3,5.8,42000
3,3,1,130000
5,5,2,185000
4,4,1,85000
3,3,1,130000
4,4,4.2,32000
2,2,4.9,40000
3,3,6.2,52000
5,4,1,190000
3,3,4.8,35000
2,2,4.8,32000
4,6,16,75000
4,4,16,70000
3,3,8,35000
3,3,14,60000
7,5,1,275000
3,3,5.8,32000
3,3,5.6,50000
2,2,2.9,14000
4,4,1,130000
1,2,2.6,10000
4,3,16,53000
4,4,1,80000
3,3,9.6,36000
2,2,4,30000
2,2,4,30000
9,7,16,46000000
0,0,11,34000000
0,4,8,14000000
0,0,3.7,5500000
0,0,3.7,5500000
0,0,3.7,5500000
0,0,3.7,5500000
0,0,3.7,5500000
0,0,3.7,5500000
0,0,3.7,5500000
0,0,3.7,5500000
0,0,3.7,5500000
2,2,5,8000000
6,4,5,12000000
6,4,5,13000000
2,2,3.8,26000
3,2,10,50000
4,3,16,70000
10,11,1,260000
2,2,6.2,28000
4,3,1,45000
4,3,1,90000
2,2,3.6,28000
2,2,10,40000
3,2,10,45000
3,3,5,80000
5,5,5,150000
3,3,10,45000
2,3,10,55000
4,4,1.3,90000
3,3,1,90000
5,4,1,60000
2,2,6,32000
2,2,6,32000
2,2,6,35000
2,2,6,35000
2,2,6,35000
2,2,5,32000
2,2,5,30000
2,2,5,30000
2,2,6,35000
2,2,6,35000
2,2,5,32000
2,2,6,33000
2,2,5,30000
2,2,6,32000
2,2,6,30000
2,2,5,32000
2,2,6,28000
2,2,6,32000
2,2,6,33000
2,2,5,32000
2,2,5,35000
2,2,6,35000
2,2,5,30000
2,2,6,32000
2,2,5,32000
2,2,5,32000
2,2,5,32000
2,2,5,30000
2,2,6,32000
2,2,6,28000
2,2,5,30000
2,2,6,32000
2,2,6,32000
2,2,5,32000
2,2,5,32000
2,2,5,32000
2,2,5,30000
2,2,5,30000
2,2,5,32000
2,2,6,33000
2,2,5,30000
2,2,6,28000
2,2,6,33000
1,1,2,22000
2,2,3.1,30000
1,1,2,20000
2,2,3.3,30000
1,1,1.8,22000
2,2,1,55000
2,2,8,50000
2,2,9,50000
3,3,1,85000
2,2,8,50000
2,2,1,45000
4,4,1,19700000
4,4,1,19500000
4,4,1,19200000
4,4,1,19000000
4,4,1,18800000
4,4,1,18700000
3,3,10,13000000
4,4,1,18300000
5,4,5,11500000
4,4,1,18200000
4,4,1,18500000
4,4,10,23000000
4,4,10,23500000
5,4,8,15000000
4,4,1,18000000
3,4,4,5000000
4,3,5,10000000
0,3,5,11600000
0,3,5,11500000
0,3,5,12500000
0,3,3.5,7000000
0,3,4,8000000
0,4,10,24000000
0,0,5,10000000
0,0,7,14500000
0,0,5,10000000
0,0,5,10000000
0,4,10,20000000
0,0,5,5200000
0,0,5,6000000
0,0,3,3800000
0,0,3,3500000
0,0,10,18000000
0,6,6,11500000
0,0,2.8,3500000
0,0,2.8,3500000
0,3,5,12500000
0,0,5,11000000
0,0,7,4500000
0,0,3,4000000
0,0,4,5500000
0,0,12,11000000
0,0,4.1,8000000
0,0,2.5,5500000
0,0,2.5,5500000
0,0,2.5,4000000
0,0,2.5,4000000
0,0,4,6500000
0,5,12,22500000
0,0,4,6500000
0,3,3,4000000
0,2,3,6000000
0,0,7.5,20000000
0,4,5,9000000
0,4,5,9000000
0,0,1,13100000
0,0,1,12900000
0,0,5.6,11000000
0,0,3.5,4020000
0,0,5,8500000
0,3,5,13000000
0,0,5,12500000
0,0,7,20000000
0,0,10,25000000
0,0,15,40000000
0,0,5,10000000
0,0,7,50000000
6,5,11,32500000
0,3,3,7500000
0,0,3,7500000
1,1,1.7,2500000
0,0,1,18000000
0,0,4,4800000
0,3,4.7,5500000
0,2,7.1,16000000
5,5,7,14500000
5,5,7,12000000
6,6,1.2,32000000
0,0,7,30000
0,0,10,40000
4,3,10,31000
4,3,7,20000
1,2,5,25000
2,2,5,47000
2,2,5,48000
2,2,5,49000
2,2,6,49000
2,2,6,45000
2,2,6,46000
2,2,6,47000
2,2,6,48000
2,2,6,49000
2,2,6,50000
2,2,6,48000
2,2,6,52000
2,2,6,53000
2,2,6,57000
2,2,6,54000
2,2,6,55000
2,2,6,56000
2,2,6,58000
2,2,7,58000
2,2,7,60000
2,2,5,15000
8,7,10,100000
3,3,5,35500
3,3,5,36500
3,3,5,37500
3,3,5,38500
3,3,5,39500
3,3,8,39000
3,3,8,40000
3,3,8,41000
3,3,8,42000
3,3,8,43000
3,3,8,44000
3,3,8,45000
3,3,8,39500
3,3,8,40500
3,3,8,41500
3,3,8,42500
3,3,8,43500
3,3,8,44500
3,3,8,45500
3,3,8,45500
2,2,5,15000
2,2,5,15500
2,2,5,15500
2,2,5,16000
2,2,5,16500
2,2,5,16000
2,2,5,17000
2,2,5,16500
2,2,5,17000
8,7,16,57500000
5,4,4,45000000
3,3,9.3,37000000
12,10,16,80000000
3,2,6.2,22000000
0,0,9.8,50000000
3,3,8,11000000
2,2,2.2,6200000
2,2,2.4,3000000
3,3,5.3,10000000
2,2,3.1,6000000
4,4,17.8,27000000
2,2,5.6,12500000
4,4,9.8,32500000
2,2,5.6,12500000
2,2,5.6,12500000
2,2,5.3,11000000
2,2,10.2,10500000
2,2,10.2,10500000
2,2,5.3,11000000
4,4,8,17500000
0,3,6.7,12000000
0,3,6.7,18500000
0,3,6.7,21000000
0,4,6.7,26500000
0,5,7.2,37000000
0,2,4.9,6000000
0,2,4.9,6500000
0,3,6.7,8000000
0,4,8.9,14500000
0,0,2.7,2600000
2,2,4,8500000
3,3,6.9,17000000
3,3,6,10000000
3,3,6,8500000
3,3,7.1,21000000
3,3,7.1,20500000
3,3,7.1,20000000
4,4,17.8,28000000
7,7,6.6,15000000
0,4,4.8,15500000
0,2,4.8,9000000
0,2,4.8,9000000
0,3,9.6,16500000
0,4,9.6,17000000
0,4,4.8,12500000
0,6,4.8,13500000
0,4,4.8,12000000
1,2,2,1700000
7,6,12.6,45000000
1,2,2,1400000
2,3,3.1,2400000
3,3,6.2,9700000
1,2,2,1400000
3,3,4.8,8000000
3,3,4.8,8500000
3,3,4.8,8500000
0,0,4.8,8000000
0,0,2.8,5500000
0,0,2.8,5500000
0,0,2.8,5500000
0,0,4.8,7000000
0,0,4.8,14500000
0,0,4.8,15000000
0,4,4.8,11000000
1,2,2,1700000
1,2,2,1700000
3,3,8,7000000
2,2,4,30000
2,2,4.8,20000
2,2,5.8,43000
0,0,4.2,32000
0,0,4.2,32000
0,0,4.2,32000
3,3,1,90000
5,5,1,250000
0,0,4.2,35000
2,2,3.1,18000
3,3,8.9,75000
2,2,5.6,50000
0,3,6.7,32000
2,2,4,25000
0,0,4.8,25000
0,0,4.8,24000
2,2,3.6,23000
2,2,2.9,17000
2,2,2.9,17000
0,0,4.8,23000
0,0,4.8,22000
3,3,4.8,32000
0,0,2.4,15000
0,0,2.4,15000
0,0,4.8,23000
0,0,4.8,22000
2,2,4.8,22000
0,0,4.8,22000
0,0,4.8,22000
2,2,4.8,28000
0,0,4.8,28000
2,2,2.2,18000
0,0,2.4,15000
0,0,2.4,15000
6,6,10,15000000
2,2,4.5,6000000
0,0,14,55000000
0,0,1.9,2400000
0,2,3.4,4500000
0,0,4,17500000
0,0,4,17500000
0,0,4,18500000
0,0,4,18500000
0,0,4,15000000
0,0,5,25000000
0,0,5,25000000
0,0,4,19000000
0,0,5,21000000
0,0,5,27000000
0,0,8,35000000
0,0,10,38000000
0,0,10,47000000
0,0,10,43000000
0,0,4,17500000
0,0,4,18500000
0,0,4,18500000
0,0,4,19000000
0,0,4,15000000
0,0,5,25000000
0,0,5,25000000
0,0,5,21000000
0,0,5,27000000
0,0,8,35000000
0,0,10,38000000
0,0,10,47000000
0,0,10,43000000
0,0,14,55000000
0,0,4,18500000
0,0,10,50000
0,0,14,55000
0,0,8,80000
0,0,5,35000
0,0,1.2,90000
0,0,4,23000
0,0,14,40000
0,0,1,60000
0,0,14,60000
0,0,1,60000
0,0,1,80000
0,0,14,55000
0,0,10,50000
0,0,14,60000
0,0,4,50000
0,0,1.2,140000
3,3,12.4,75000
5,5,1,2010000
0,0,10,60000
5,5,14.2,125000
0,0,4,50000
0,0,1.2,140000
0,0,8,80000
0,0,10,50000
0,0,1.2,80000
0,0,14,55000
0,0,10,50000
0,0,14,60000
0,0,10,50000
0,0,14,55000
0,0,5,35000
0,0,14,60000
0,0,1,60000
0,0,14,40000
5,4,10,18500000
8,7,1,32500000
4,4,3,5800000
5,4,10,17000000
5,5,5,14000000
5,5,1,45000000
7,5,11,24500000
5,5,10,25000000
3,3,2,7500000
5,4,5,11000000
3,3,3,10500000
3,3,2,7500000
3,3,2,6700000
3,3,2,8000000
4,3,5,9000000
2,2,3,2200000
7,5,11,24500000
4,3,6,10500000
3,3,2,7200000
3,3,2,8000000
3,3,3,10000000
3,3,3,6500000
4,4,3,7500000
4,4,3,5500000
3,3,3,6500000
3,3,3,5500000
3,3,3,4200000
3,3,3,3800000
6,6,5,12000000
5,4,10,22500000
3,3,5,15000000
6,7,1,60000000
4,4,5,12500000
5,5,1,37000000
5,4,10,20000000
5,5,1,60000000
5,4,11.1,32500000
5,5,1,56000000
5,5,1,55000000
5,5,1,55000000
3,3,4,7800000
0,3,10,20000000
0,0,4,7500000
0,0,10,15000000
0,0,1,25000000
0,0,3,4500000
0,0,3,6500000
0,4,8,16000000
0,0,3,6500000
0,4,5,7500000
0,0,2,3000000
0,0,2.8,7500000
0,0,3,6500000
0,4,10,25000000
0,0,2.5,4500000
0,0,1,67500000
0,0,13,26000000
0,0,10,21500000
0,0,10,21000000
3,6,10,6500000
0,0,3,4500000
0,0,3,4500000
0,0,3,6500000
0,0,5,12500000
0,0,3,80000000
4,4,5,6000000
0,0,12,23000000
0,0,11,35000
0,0,18,300000
0,0,1.1,450000
0,0,1,175000
0,0,1,250000
0,0,1,150000
0,0,18,65000
0,0,1,35000
0,0,13,50000
0,0,10,50000
0,0,1,50000
0,0,7,25000
0,0,10,85000
0,0,1,35000
0,0,5,25000
0,0,5,15000
0,0,8,25000
0,0,5,25000
0,0,7,25000
0,0,3,40000
0,0,1,45000
0,0,1,30000
0,0,1,40000
0,0,13,40000
0,0,5,16000
0,0,5,15000
2,2,5,15000
2,2,5,17500
2,2,5,17500
2,2,5,18000
2,2,5,18000
2,2,5,18500
2,2,5,18500
5,4,14,14500000
1,2,2,1300000
3,3,6.4,14000000
3,3,6.7,14500000
6,6,8,15000000
6,6,8,15000000
2,2,4.9,30000
2,2,8.9,65000
2,2,8.9,65000
2,2,8.9,65000
6,4,2,425000
0,0,2,2931000
0,0,4.6,6676000
0,0,3.2,4632000
0,0,4.6,6663000
0,0,5,7321000
0,0,5.2,7627000
4,4,7,25000000
3,3,12.4,65000
2,2,9.3,60000
2,2,12.4,55000
1,1,2.7,40000
2,2,5,35000
2,2,5.6,29500
6,5,1.3,280000
2,2,5,19000
2,2,5,19000
2,2,5,19500
2,2,5,19500
2,2,5,20000
2,2,5,15000
2,2,5,15500
2,2,5,15500
2,2,5,16000
2,2,5,16000
2,2,5,16500
3,3,1,50000
2,2,5,16500
2,2,5,17000
0,0,3,4500000
7,5,10,18000000
4,3,5,9500000
5,5,1,55000000
5,5,1,55000000
6,6,1,52500000
3,3,3,7200000
5,5,1,45000000
6,6,1,52500000
5,5,1,35000000
3,2,5,4000000
4,4,10,32500000
4,4,3,11000000
5,5,1,35000000
4,4,1,32500000
3,3,5,15000000
5,4,5,7000000
5,5,1.6,65000000
4,4,5,6500000
7,5,10,17500000
3,3,5,13000000
5,5,10,25000000
3,3,2,5500000
5,5,10,25000000
3,3,2,5500000
5,5,10,7500000
3,3,10,6000000
5,5,6.5,18000000
0,0,10,14000000
4,3,4,9000000
3,3,6,9500000
3,3,6,9500000
1,1,2,1600000
1,1,2,1600000
3,3,3,7500000
3,3,5,13000000
3,3,2,4900000
3,2,5,3700000
7,5,12,24500000
4,4,10,26000000
4,4,8,13500000
4,4,8,11500000
3,3,4,7500000
4,4,5,10200000
4,4,1,21000000
4,4,1,20600000
4,4,1,20500000
4,4,1,21000000
4,4,1,20900000
4,4,1,20500000
4,4,1,20800000
4,4,1,20900000
4,4,1,20700000
4,4,1,21000000
4,3,4,7800000
3,3,6,16000000
2,4,5,6100000
3,3,6,16000000
4,3,4,7500000
4,4,5,11000000
2,2,2,2200000
0,0,5,6700000
0,0,5,4500000
0,0,6.5,6500000
0,0,5,4515000
0,0,5,4825000
0,0,5,2575000
0,0,5,6500000
0,0,8.3,15000000
0,0,6,13000000
0,0,4.6,200000000
0,0,5.5,5300000
0,0,1,15000000
0,0,2.5,4500000
0,0,5.3,45000000
0,0,11,40000000
0,0,3,5700000
0,0,7,7500000
0,3,5,10000000
0,0,3,4500000
0,0,5,9000000
0,0,5,6500000
0,4,14,32500000
0,4,7,17500000
0,0,5,8500000
0,0,5,8500000
0,3,5,11000000
0,0,3,2800000
0,0,5,5000000
0,0,5,8500000
0,4,5,12500000
0,0,5,8500000
0,4,7,20000000
0,0,5,8500000
0,5,11,32500000
0,0,5,8500000
0,0,5,8500000
0,0,7,11500000
0,4,7,20000000
0,0,7,11500000
0,0,15,30000000
0,0,15,50000000
0,0,1,65000000
0,0,7,15000000
0,0,11,25000000
0,0,2.1,65000000
0,0,8,16000000
0,0,1.2,55000000
0,0,5,8200000
0,3,3,6000000
0,0,7,11500000
0,0,7,11500000
0,0,7,11500000
0,0,7,11500000
0,0,5,10000000
0,0,7,11500000
0,3,5,11500000
0,0,7,11500000
0,4,10,26500000
0,0,2.5,4000000
0,0,3,3000000
0,4,14,32500000
0,0,5,10000000
0,0,2,4300000
0,0,2,4350000
0,0,2,4375000
0,0,2,4400000
0,0,2,4450000
0,0,2,4470000
0,0,2,4800000
0,0,2,4850000
0,0,5,9000000
0,0,5,9050000
0,0,5,9070000
0,0,5,9025000
0,0,5,9065000
0,0,2,4000000
0,0,2,4050000
0,0,2,4025000
0,0,4,12500000
0,0,4,12500000
5,5,8,12000000
4,4,4,4500000
5,5,5,4900000
5,5,8,11000000
2,2,5,4500000
2,2,5,5200000
2,2,5,6200000
2,2,5,5800000
4,4,8,9500000
2,2,4,5000000
4,4,10,19500000
4,4,10,14000000
4,4,10,21000000
5,5,10,22000000
3,3,10,18000000
3,3,10,15500000
3,3,10,15500000
4,4,5.1,8000000
4,4,5.1,8000000
6,6,2,26000000
4,4,5,9500000
4,4,10,16000000
2,1,4.1,9500000
4,4,1,35000000
3,3,6.4,11100000
3,3,9.6,12100000
3,3,6.4,10200000
2,2,4.8,8000000
2,2,4.8,7700000
3,4,6.9,8800000
2,2,4.8,7900000
4,4,4.8,15000000
2,2,4,6500000
3,3,6.2,10000000
3,3,4,4500000
3,3,4,4500000
4,4,4.8,18000000
3,3,4,6000000
3,3,4,6000000
2,2,4,6500000
3,3,6.2,10000000
3,3,6.2,4500000
3,3,6.2,4500000
4,4,4.8,18000000
0,0,4.8,8000000
0,0,4.8,7500000
0,0,4.8,8000000
0,0,2.8,5500000
0,0,2.8,5300000
0,0,4.8,14500000
0,0,4.8,15000000
0,0,4.8,21000000
0,0,4.8,16000000
2,2,4.8,8000000
3,3,8,21000000
3,3,6.4,11000000
3,3,8,20000000
3,3,8,18500000
3,3,6,15000000
3,3,6,14000000
3,3,6,13500000
3,3,9.4,9200000
2,2,4.2,5500000
3,3,12,12200000
4,4,4.8,14500000
4,4,4.8,18000000
2,2,4.8,10000000
4,4,4.8,13000000
2,2,4.8,9500000
6,6,9.6,27500000
6,6,9.6,27000000
6,6,9.6,26500000
6,6,9.6,26000000
6,6,9.6,25500000
6,6,9.6,25000000
6,6,16,38000000
2,2,3.2,5500000
2,3,3.2,3200000
1,1,2,2500000
1,2,1.8,2200000
1,2,1.8,2200000
1,1,2,2500000
0,8,8,27500000
0,2,4.8,7000000
2,3,3.2,3200000
2,2,4.7,15000000
2,2,4.4,14000000
2,2,4.4,15000000
2,2,3.6,9700000
2,2,4.4,12000000
2,2,4.4,12000000
3,3,7.1,25000000
3,3,7.1,23000000
2,2,3.2,5500000
3,3,7.6,26000000
3,3,7.1,17500000
3,3,7.1,23500000
3,3,7.1,16500000
4,4,8,35000000
4,4,13.3,33000000
4,4,9.8,30000000
4,4,12,35000000
4,4,12,40000000
4,4,11,35000000
4,4,9.8,28500000
4,4,9.8,42500000
4,4,9.8,28500000
4,4,9.8,31500000
4,4,9.8,30000000
6,6,9.6,25000000
2,2,4.8,8000000
2,2,4.8,7500000
7,7,4.8,12500000
2,2,1.8,1700000
2,2,1.6,3200000
4,4,3.2,7500000
3,3,4.9,7500000
3,3,4.8,2500000
2,2,4.8,1300000
2,2,4.2,9800000
2,2,4.8,20000
2,2,4.8,18000
2,2,4.8,28000
0,0,4.8,26000
0,0,4.8,23000
0,0,4.8,23000
0,0,4.8,23000
0,0,2.4,16000
0,0,2.4,16000
0,0,2.4,12000
7,6,1,300000
4,4,1.3,75000
3,3,1,160000
6,5,1,250000
4,6,4,9500000
1,1,3,4200000
2,2,3.6,4000000
5,4,5.6,9500000
0,0,5.6,12000000
0,0,6.7,14000000
0,0,5.6,11500000
0,0,5.6,12500000
0,0,8,16000000
0,0,5.6,11000000
0,0,5.6,12000000
0,0,5.6,13800000
0,0,9.3,22000000
6,4,10,25000000
0,0,7,28000
0,0,5,18000
0,3,12,20000
0,0,10,23000
0,0,2,10000
0,2,5,18000
0,3,5,35000
0,0,4,35000
0,5,4,36000
0,0,15,70000
3,3,12,70000
3,3,10,37000
3,3,10,37000
2,2,10,30000
3,3,10,50000
4,4,10,55000
5,5,10,60000
1,1,3.8,50000
2,2,6,65000
2,1,3.8,45000
2,2,2,2200000
3,3,5,10500000
5,5,10,20500000
5,5,10,17500000
2,4,5,6000000
2,4,5,6100000
3,3,5,9500000
3,3,5,7500000
3,3,5,7500000
3,3,5,7200000
3,3,5,7100000
3,3,4,6000000
3,3,4,6500000
3,3,5,7500000
3,3,5,7000000
3,3,5,11500000
2,2,5,7200000
6,5,11,22000000
3,3,3,9000000
4,4,6,12500000
3,3,2,4000000
4,4,10,16000000
4,4,10,16000000
3,3,5,11200000
3,3,5,10800000
4,4,5,8500000
5,5,10,17000000
5,5,10,19000000
4,4,8,19000000
3,3,5,12500000
3,3,5,11500000
4,4,5,8500000
3,3,5,11500000
4,4,5,9500000
3,3,5,12000000
4,4,5,12000000
5,5,10,19000000
3,3,5,11000000
5,5,1.2,22500000
3,3,3,6300000
3,3,4,7000000
3,3,5,11500000
0,3,5,11000000
0,0,10,80000000
0,2,3,4000000
0,3,3.5,4500000
0,3,3.5,5500000
0,3,3,4500000
4,4,5,12000000
4,4,5,8500000
5,4,10,18500000
5,4,10,19500000
4,3,5,12000000
4,4,1,21000000
4,4,5,9500000
5,5,10,16000000
4,5,5,11000000
6,5,1,45000000
6,6,1,16000000
3,3,5,7000000
2,2,2,3200000
4,4,1,21300000
2,2,2,3200000
4,4,1,20200000
4,4,6,12000000
4,4,1,19700000
4,4,1,20500000
4,4,6,12000000
4,4,5,8500000
4,4,5,8500000
5,5,10,25000000
4,4,1,19200000
4,4,1,19000000
4,4,1,19300000
5,5,1,34000000
5,5,1,34000000
5,5,1,31000000
5,5,1,29000000
5,5,10,17000000
4,4,1,18800000
5,5,10,16500000
3,3,5,9000000
4,4,5,10500000
4,4,1,20000000
2,2,2.2,6400000
0,0,9.6,23000000
2,2,3.3,4200000
2,2,4.2,7800000
2,2,8.4,15600000
2,2,3.3,5800000
2,2,3.3,5600000
2,2,3.3,5600000
2,2,3.3,5600000
2,2,3.3,5500000
0,0,4.8,13000000
0,0,4,7800000
2,2,2.2,6700000
2,2,2.2,6800000
5,5,1,105000000
2,2,5.1,6500000
2,2,4.9,5800000
2,2,4.2,7100000
2,2,4.2,7000000
2,2,4.9,6800000
3,3,5.3,11000000
2,2,4.2,6800000
2,2,4.2,6900000
2,2,4.2,6700000
3,3,8,14200000
3,3,8,7500000
2,2,4.2,6600000
3,3,6.1,14500000
2,2,4.2,6500000
2,2,4.2,7300000
2,2,4.2,6400000
2,2,4.2,6300000
3,3,6.1,17000000
2,2,4.2,6200000
3,3,8,14500000
3,3,10,12400000
3,3,10,12300000
3,3,10,12200000
3,3,10,12100000
1,1,1.8,1800000
1,1,1.8,1800000
1,1,1.8,1800000
1,1,1.8,1800000
1,1,1.8,1700000
1,1,1.8,1800000
1,1,1.8,1700000
1,1,1.8,1700000
1,1,1.8,1700000
3,3,10,11900000
1,1,1.8,1900000
1,1,1.8,1900000
1,1,1.8,1900000
1,1,1.8,1900000
1,1,1.8,1900000
1,1,1.8,2000000
1,1,1.8,2000000
3,3,10,12000000
1,1,1.8,2000000
3,3,10,11800000
1,1,1.8,2000000
1,1,1.8,2000000
1,1,1.8,2100000
1,1,1.8,2100000
1,1,1.8,2100000
1,1,1.8,2100000
1,1,1.8,2100000
1,1,1.8,2200000
3,3,10,11700000
1,1,1.8,2200000
1,1,1.8,2200000
1,1,1.8,2200000
1,1,1.8,2200000
1,1,1.8,2500000
3,3,10,11600000
1,1,1.8,2500000
1,1,1.8,2500000
1,1,1.8,2500000
1,1,1.8,2500000
3,3,1.8,3800000
3,3,10,11500000
3,3,1.8,3800000
3,3,1.8,3800000
3,3,1.8,3800000
3,3,1.8,3800000
3,3,1.8,4200000
3,3,1.8,4200000
3,3,1.8,4200000
3,3,1.8,4200000
3,3,1.8,4200000
3,3,1.8,4800000
0,0,3.2,2700000
3,3,1.8,4800000
0,0,3.2,2700000
3,3,1.8,4800000
0,0,3.2,2700000
3,3,1.8,4800000
0,0,3.2,2700000
3,3,1.8,4800000
0,0,3.2,2700000
1,1,1.8,1700000
0,0,4.8,14200000
1,1,2.7,1480000
3,3,8,19500000
3,3,8,21500000
3,3,8,19000000
3,3,6.1,13500000
3,3,6,14000000
3,3,8,12500000
3,3,8,13200000
3,3,8,14000000
3,3,6.2,15000000
3,3,8,14500000
3,3,5,8500000
3,3,5,9200000
6,5,2,220000
2,2,7,40000
4,4,1.1,200000
2,2,3.6,50000
9,8,2,700000
3,3,1,75000
2,2,7,40000
6,5,1,450000
3,3,4,200000
2,2,6.7,55000
0,0,7,28000
10,11,2,165000000
2,2,3,2600000
6,5,10,16000000
2,2,3.6,4000000
7,7,14.2,24500000
7,6,5,75000000
9,7,5,85000000
3,3,5,6500000
3,3,5,19000000
2,2,4,16500000
7,7,14.2,22500000
10,11,4,700000
4,4,2,225000
3,2,1,120000
6,5,1,350000
4,3,1,60000
4,3,1,50000
4,3,1,40000
3,3,12,60000
4,3,1,45000
7,6,1,120000
4,3,1,39000
0,3,2,3500000
4,3,4,7200000
4,3,4,9200000
2,2,3.6,6000000
2,2,4.2,7000000
6,5,11,22500000
3,3,6.2,8000000
2,2,5,18000
2,2,10,33000
2,2,5,25000
2,2,5,23000
3,3,10,35000
2,2,5,21000
2,2,5,19000
2,2,10,31000
2,2,10,29000
2,2,10,27000
4,4,1,19800000
3,3,5,9800000
4,4,1,20800000
4,4,1,21500000
4,4,1,19500000
4,4,1,18700000
4,4,1,21200000
4,4,1,20700000
4,4,1,18500000
4,4,1,18000000
4,4,1,18200000
0,5,1,32500000
0,5,1,35000000
0,5,11,24000000
0,5,10,25500000
0,4,8,18500000
0,5,10,23500000
0,3,8,12000000
0,5,1,52500000
0,3,11,17500000
0,4,8,17500000
0,4,8,17500000
0,5,10,24000000
0,5,10,24500000
0,5,10,21500000
0,3,5,12500000
0,3,5,12000000
0,5,12,25500000
0,5,1,42500000
0,5,5,12500000
0,5,1,45000000
0,5,1,37500000
0,5,1,45000000
0,5,10,21000000
0,5,10,20000000
0,5,10,27000000
0,5,10,23500000
0,5,10,18500000
0,5,10,22500000
0,5,10,24500000
0,5,10,20500000
5,5,10,18500000
4,4,13,14000000
3,3,13,17500000
2,2,10,12000000
3,3,10,17000000
3,3,5,10500000
5,4,4,8500000
4,4,3,8500000
3,3,5,11500000
4,4,6,14000000
2,2,10,13000000
3,3,3,3500000
4,4,9.5,16000000
3,4,1,21000000
3,4,1,21500000
3,4,1,22500000
6,5,1,45000000
4,3,5,12000000
6,5,1,52500000
4,4,10,17000000
4,3,5,11000000
6,5,1,41500000
6,5,1,42500000
4,3,5,10500000
4,3,5,9500000
4,3,5,11000000
6,5,1,45000000
3,3,3,7200000
3,4,1,22500000
4,4,5,8500000
6,5,1,38000000
5,5,10,15000000
5,4,10,18000000
5,5,10,25000000
3,3,4,8500000
6,5,1,42500000
6,5,1,45000000
6,5,1,52500000
6,5,1,35000000
6,5,1,45000000
6,5,1,46000000
6,5,1,41500000
6,5,1,37000000
6,5,1,40000000
5,4,10,17500000
5,4,10,18500000
4,3,5,10500000
2,2,5,5500000
1,2,5,4500000
5,5,8,17000000
5,5,8,12000000
5,5,8,12500000
3,3,5,9000000
2,2,5,5000000
3,3,5,8700000
6,5,12,21500000
3,3,5,8500000
3,3,5,8200000
1,1,2,3000000
3,3,5,8000000
6,5,7,18000000
0,0,3,4200000
0,0,3.5,6500000
0,0,3.5,6500000
0,0,3,4200000
0,0,3,4200000
0,0,1,35000000
0,0,9,9000000
0,0,6,4500000
0,0,1,40000000
0,0,1.2,25000000
0,0,4,6000000
0,0,6,7500000
0,0,6,5000000
0,0,10,22500000
0,0,6,7500000
0,0,12,20000000
6,5,8,15500000
6,5,10,23500000
4,4,4.8,42000
3,3,1,95000
6,6,1,240000
2,2,4,45000
3,3,5,10000000
3,3,5,11500000
3,3,8,12500000
3,3,8,13500000
3,3,8,9500000
3,3,8,11500000
3,3,8,9300000
3,3,8,10000000
3,3,14,16000000
3,3,14,15000000
2,2,3.2,1600000
2,2,3.2,1600000
1,2,2,2400000
4,4,12,65000000
3,3,6.1,8000000
2,2,4.7,9300000
6,6,2,185000000
0,6,8,26000000
0,2,2.9,4000000
0,2,4,5200000
0,3,5.6,6500000
2,2,3.2,1500000
2,2,3.2,2000000
2,2,3.2,1900000
2,2,3.2,1800000
2,2,3.2,1500000
2,2,3.2,1500000
2,2,3.2,2000000
2,2,3.2,1900000
2,2,3.2,1600000
2,2,4.2,12500000
6,6,1,240000
2,2,4.4,55000
4,4,2,300000
3,3,1,220000
3,3,1,120000
4,4,1,250000
6,6,2,400000
3,3,1.6,150000
8,7,2,600000
4,4,12,200000
3,2,4.8,27000
3,3,6,85000
1,1,1,50000
1,1,1,55000
6,6,1.2,500000
2,2,1,105000
3,3,2,130000
4,4,2,150000
2,2,4.2,35000
2,2,4.2,35000
2,2,4.2,35000
2,2,4.2,35000
3,3,1,250000
3,3,1,40000
0,3,14.2,60000
0,3,14.2,60000
0,3,14.2,120000
0,3,14.2,130000
0,3,1,100000
0,3,14.2,60000
0,3,14.2,150000
0,3,14.2,55000
0,3,14.2,45000
0,3,1,85000
0,3,14.2,60000
0,3,14.2,65000
0,3,14.2,55000
0,3,14.2,70000
0,3,14.2,50000
8,7,1,600000
3,3,1,43000
7,6,4,600000
6,5,1,300000
3,3,1,85000
3,2,1,37000
0,9,12.4,55000000
0,0,1,50000000
0,0,5,4500000
0,0,5,8000000
0,0,10,17500000
0,0,5,8000000
0,0,6,6000000
0,0,10,20000000
0,0,5.5,11000000
0,0,10,11000000
0,0,10,16500000
0,0,6,6000000
0,0,6,5800000
0,0,6,5500000
0,0,6,6200000
0,0,1,50000000
0,0,1,50500000
0,0,1,51000000
0,0,1,49800000
0,0,1,49500000
0,0,1,49300000
0,0,1,50000000
0,0,5,4500000
0,0,5,8000000
0,0,10,17500000
0,0,5,8000000
0,0,6,6000000
0,0,10,20000000
0,0,5.5,11000000
0,0,10,11000000
0,0,10,16500000
0,0,6,6000000
0,0,6,5800000
0,0,6,5500000
0,0,6,6200000
0,0,1,50000000
0,0,1,50500000
0,0,1,51000000
0,0,1,49800000
0,0,1,49500000
0,0,1,49300000
3,3,7,5500000
4,3,6.7,7600000
4,4,5,8000000
2,2,5,3450000
4,4,4.4,16600000
5,4,4.4,15600000
3,4,1,65000
0,3,12,55000
0,3,10,55000
0,3,12,70000
0,2,14.2,50000
0,3,1.2,85000
0,3,1.2,100000
0,3,1.2,75000
0,3,1.2,110000
0,0,14.2,50000
0,3,14.2,55000
0,3,1,100000
0,3,1,75000
0,3,12.4,55000
0,0,5,35000
0,0,5,33000
0,0,5,25000
0,0,7,45000
0,0,7,42000
0,0,7,42000
0,0,10,58000
0,0,10,60000
0,0,5,34000
0,0,5,36000
0,0,5,25000
0,0,7,45000
0,0,7,42000
0,0,7,36000
0,0,10,58000
0,0,10,60000
0,0,5,35000
0,0,5,33000
0,0,7,45000
0,0,7,42000
2,2,5,26000
2,2,5,24000
2,2,5,22000
2,2,5,20000
2,2,5,18000
0,0,5,60000
0,0,15,130000
0,0,2,225000
3,3,7,28000
3,3,10,32000
2,2,11,24000
5,4,10,11500000
5,3,5,11500000
6,5,1,45000000
6,5,1,49900000
7,5,10,17500000
5,4,1,34500000
6,5,11,22000000
6,5,10,21000000
6,5,10,20000000
6,5,8,14000000
6,6,1,38000000
3,3,5,10500000
6,5,12,21500000
4,4,5,10500000
4,4,9,13500000
4,4,10,16500000
4,4,10,15500000
2,2,4.2,10500000
2,2,3.2,1700000
2,2,3.2,1700000
3,3,8,14400000
3,3,7.6,22000000
4,3,7.3,9500000
3,3,7.3,9500000
4,4,7.3,9500000
2,2,4.8,2900000
2,2,4.8,2500000
3,3,8,14300000
2,2,4.8,3000000
2,2,4.8,2900000
3,3,6.2,16000000
2,2,4.8,2700000
2,2,4.8,2600000
4,3,8,9800000
3,3,8,14200000
2,2,4.2,4700000
4,3,8,8500000
4,3,5,5000000
3,2,8,7200000
4,3,8,10700000
3,3,8,14100000
3,3,8,14000000
3,3,8,13900000
3,3,8,13800000
3,3,8,13700000
3,3,8,13600000
3,3,8,13500000
3,3,8,20900000
3,3,8,20800000
3,3,8,20700000
3,3,8,20600000
3,3,8,20500000
2,2,2.9,5500000
2,2,2.9,5500000
0,0,1,80000000
0,0,12,50000000
0,0,8,16000000
0,0,8,16000000
2,2,5.3,13000000
3,3,6.2,13500000
0,0,3.1,4500000
2,2,4.8,9000000
3,3,6.2,13500000
0,0,5.3,10000000
0,0,10.7,20000000
2,2,4.9,9500000
2,2,5.3,12500000
0,0,4.8,19000000
3,3,5.3,8000000
2,2,2.9,5500000
3,3,8,20400000
3,3,8,20300000
6,6,12,32500000
3,3,8,20200000
3,3,8,20100000
3,3,8,20000000
3,3,4.5,6500000
8,7,8.6,35000000
3,3,4.5,6000000
3,3,4.5,6000000
8,7,8.6,45000000
3,3,4.5,7500000
2,2,2.9,5200000
3,3,4.5,6500000
3,3,4.5,6500000
3,3,4.5,6000000
2,2,4.3,3500000
2,2,4.3,3800000
2,2,4.3,3900000
2,2,3.1,3500000
4,3,9,16200000
3,3,5.2,10000000
5,5,1,80000000
2,2,2.9,3600000
2,2,4,3500000
2,2,4,4500000
5,5,1,260000
5,5,1,280000
5,5,1,310000
5,5,1,300000
5,5,1,290000
5,5,1,280000
5,5,1,230000
5,5,1,220000
5,5,1,220000
5,5,1,210000
3,3,1,115000
3,3,1,110000
3,3,1,105000
3,3,1,100000
3,3,1,120000
3,3,1,115000
3,3,1,110000
3,3,1,105000
3,3,1,100000
3,3,1,90000
3,3,1,95000
3,3,1,135000
3,3,1,130000
3,3,1,125000
3,3,1,120000
3,3,1,115000
3,3,1,110000
3,3,1,105000
3,3,1,100000
3,3,1,95000
3,3,1,100000
3,3,1,105000
3,3,1,110000
3,3,1,115000
3,3,1,120000
3,3,1,120000
3,3,5.3,50000
0,3,14.2,70000
0,3,12.4,50000
0,3,12,40000
0,3,10,65000
0,3,10,40000
0,3,12,65000
0,0,12,80000
0,3,12.4,50000
0,3,14.2,60000
0,3,14.2,70000
0,3,14.2,60000
0,3,1.2,85000
0,3,1.2,100000
0,3,14.2,65000
0,6,10,160000
0,3,14.2,55000
0,4,12.4,70000
0,3,14.2,80000
0,3,14.2,75000
0,3,1.2,90000
0,3,14.2,50000
0,3,14.2,51000
0,3,14.2,52000
0,3,14.2,53000
0,3,14.2,54000
0,3,14.2,55000
0,3,14.2,56000
0,3,14.2,57000
0,3,14.2,59000
0,3,14.2,60000
0,6,12.4,120000
0,6,12.4,121000
0,6,12.4,122000
0,6,12.4,123000
0,6,12.4,124000
0,6,14.2,125000
0,6,14.2,126000
0,6,14.2,128000
0,6,14.2,129000
0,6,14.2,130000
0,3,14.2,50000
0,3,14.2,52000
0,3,14.2,54000
9,8,1,600000
0,0,10,55000
0,0,10,25000
0,0,5,20000
0,0,6,45000
0,0,10,28000
0,0,6,25000
0,0,6,25000
0,0,5,25000
0,0,5,24000
0,0,5,23000
0,0,10,55000
0,0,10,25000
0,0,5,20000
0,0,6,45000
0,0,10,28000
0,0,6,25000
0,0,6,25000
0,0,5,25000
0,0,5,24000
0,0,5,23000
4,3,1,55000
0,3,14.2,56000
0,3,14.2,58000
0,3,14.2,60000
0,3,14.2,62000
0,3,14.2,64000
0,3,14.2,66000
0,3,14.2,67000
0,3,14.2,68000
0,3,14.2,50000
0,3,14.2,51000
0,3,14.2,52000
0,3,14.2,53000
0,3,14.2,53000
0,3,14.2,54000
0,3,14.2,55000
0,3,14.2,56000
0,3,14.2,58000
0,3,14.2,60000
1,2,0.5,16000
3,3,1,65000
3,3,5,40000
4,3,1,39000
5,5,4.4,16200000
7,6,4,75000000
3,3,10,5500000
7,4,5,75000000
4,4,6,12500000
0,0,2.1,70000000
6,5,8,25500000
3,3,12.4,39000000
0,0,5,7000000
0,0,5,7000000
0,0,5,4500000
0,0,5,4800000
0,0,5,4300000
0,0,5,4700000
0,0,5,8000000
0,0,5,8300000
0,0,5,8500000
0,0,5,7800000
0,0,10,10800000
0,0,10,10500000
5,5,8,15000000
5,5,7,16000000
3,3,1,48000
4,4,5,40000
3,3,10,35000
5,4,5,12500000
7,6,2,75000000
5,4,10,32500000
3,3,3,3600000
3,3,5,5300000
6,6,5,7500000
3,3,3,3600000
3,3,5,5300000
5,5,1,38500000
6,6,5,7500000
6,5,12,24000000
3,3,3,6600000
4,3,5,13500000
5,5,10,25000000
5,5,10,26000000
5,5,10,26000000
5,5,10,27000000
6,5,1,49500000
5,5,10,28000000
5,5,10,28500000
5,5,10,29000000
5,5,10,27500000
4,4,5,14000000
4,4,5,14500000
5,5,10,28500000
3,3,3,9000000
3,3,3,8500000
3,3,2,5000000
6,5,10,22500000
3,3,2,7500000
3,3,3,10000000
3,3,3,9500000
2,2,5.3,9600000
5,3,5,12500000
5,3,5,13000000
2,2,1,3500000
0,3,6,10000000
0,2,2.8,5500000
0,3,6,11000000
0,3,3.5,6800000
0,3,5,8600000
5,5,10,24000000
4,4,5,13500000
2,2,6.2,11200000
5,4,7,15000000
3,3,2.9,5500000
5,5,10,17500000
0,0,5,12500000
0,0,6,14000000
0,0,5,10000000
0,0,5,10000000
4,4,5,8800000
2,2,5,6200000
3,3,6,5500000
4,4,5,7500000
4,4,5,8500000
4,4,5,6500000
3,3,14,22000000
0,0,12,14000000
0,0,6,16000000
0,0,6,9000000
0,0,7,12000000
0,0,10,13000000
1,1,3.1,400000
7,5,7,14000000
2,2,4,4000000
2,2,4,4600000
2,2,4,6000000
2,2,4.3,6500000
2,2,4.3,6500000
2,2,4.3,7000000
2,2,4,4000000
2,2,4,4600000
2,2,4.3,7000000
3,3,4.5,6000000
2,2,4,4500000
2,2,4,5000000
2,2,4,4500000
3,3,6.1,15400000
2,2,4,3800000
2,2,4,5500000
3,3,6.1,15300000
3,3,6.1,15200000
2,2,4,4500000
2,2,4,4700000
3,3,6.1,15100000
2,2,4,7500000
3,3,5.3,7500000
3,3,4,7800000
3,3,6.1,15000000
3,3,5.3,7000000
2,2,4.3,6300000
3,3,5.3,7200000
3,3,4,7500000
3,3,6.1,14900000
3,3,5.3,7000000
3,3,5.3,9000000
3,3,6.1,14800000
3,3,5.3,7000000
6,6,5.3,21000000
6,6,5.3,15000000
3,3,6.1,14700000
6,6,5.3,19000000
6,6,5.3,19000000
3,3,6.1,14600000
6,6,5.3,16000000
3,3,6.1,14500000
0,5,4.8,35000000
2,2,3.2,5900000
2,2,3.2,6700000
2,2,3.6,3000000
2,2,4.2,6200000
2,2,4.2,4800000
2,2,4.2,5400000
3,3,8,12500000
3,3,8,12200000
3,3,9.4,9000000
2,2,3.2,5800000
2,2,3.2,6500000
2,2,3.2,5700000
2,2,3.2,7500000
2,2,3.2,7000000
2,2,3.2,6400000
2,2,3.2,7000000
2,2,3.2,7700000
2,2,3.2,8200000
2,2,3.2,7900000
2,2,3.2,6500000
2,2,3.2,6000000
2,2,3.2,5800000
2,2,3.2,8000000
2,2,3.2,8100000
2,2,4.2,6700000
2,2,4.2,6800000
2,2,3.2,6600000
2,2,3.2,7000000
2,2,3.2,6200000
2,2,3.2,5800000
2,2,3.2,5900000
2,2,3.2,6800000
2,2,3.2,6600000
2,2,3.2,8100000
2,2,3.2,7600000
2,2,3.2,7000000
2,2,3.2,5900000
2,2,3.2,6400000
2,2,3.2,7700000
2,2,3.2,8100000
2,2,3.2,8000000
2,2,3.2,7200000
2,2,3.2,6000000
2,2,3.2,7500000
2,2,3.2,8000000
3,3,8,15200000
2,2,4,6000000
2,2,3.8,6500000
10,10,2,450000
4,4,10,100000
10,11,6,2500000
4,3,14.2,60000
4,4,10,280000
2,2,4,22000
2,2,4,22000
10,11,2,1800000
5,5,7,17500000
4,4,6,13500000
4,4,6,11500000
6,6,1,30000000
3,3,5.4,4500000
2,2,4.2,3500000
5,5,8,16500000
5,6,8,31000000
0,2,5,4000000
14,10,1.5,250000
4,4,10,16000000
0,6,14.2,62500000
0,7,12.4,55000000
0,9,14.2,65000000
0,6,14.2,65000000
0,6,14.2,57500000
0,6,14.2,52500000
0,6,12.4,45000000
0,6,14.2,55000000
0,6,14.2,65000000
0,6,14.2,56000000
0,3,14.2,40000000
0,6,12.4,55000000
0,6,12.4,40000000
0,6,12.4,55000000
0,6,14.2,60000000
0,9,12.4,48000000
0,10,14.2,62500000
0,9,12.4,60000000
0,10,14.2,75000000
0,9,14.2,62500000
0,9,14.2,55000000
0,9,12.4,60000000
0,6,14.2,55000000
0,6,12.4,60000000
0,9,14.2,70000000
0,10,14.2,52500000
0,6,1,65000000
0,6,14.2,50000000
0,6,14.2,67500000
0,6,12.4,50000000
0,0,1,77500000
7,5,7,14000000
0,0,5,12500000
0,0,4.5,7500000
0,0,5,30000
0,0,5,35000
0,0,11,40000
0,0,5,30000
0,0,15,40000
0,0,10,27000
2,2,10,25000
3,3,7,28000
2,2,7,22000
2,2,5,20000
0,0,6,50000
0,0,6,22000
0,0,6,25000
3,3,11,25000
2,2,5,18000
2,2,5,20000
0,0,10,60000
0,0,7,28000
0,0,6,24000
0,0,8,32000
0,0,5,18000
2,2,5,22000
2,2,5,24000
2,2,5,26000
2,2,5,28000
2,2,5,30000
2,2,5,19000
2,2,5,21000
2,2,5,23000
2,2,5,25000
2,2,5,27000
2,2,5,29000
2,2,5,31000
2,2,7,19000
2,2,7,21000
2,2,7,23000
2,2,7,25000
2,2,7,27000
2,2,7,29000
2,2,7,31000
2,2,7,33000
2,2,7,22000
2,2,7,20000
2,2,7,24000
2,2,7,26000
2,2,7,28000
2,2,7,30000
2,2,7,32000
2,2,7,34000
2,2,7,36000
2,2,10,20000
2,2,10,22000
2,2,10,24000
2,2,10,26000
2,2,10,28000
2,2,10,30000
2,2,10,32000
2,2,10,34000
2,2,10,38000
2,2,10,38000
2,2,10,36000
2,2,10,40000
5,4,10,57000
6,5,11,23500000
5,5,10,16000000
5,5,10,16500000
6,5,10,22000000
5,5,11,23500000
5,5,10,22000000
5,5,8,17000000
5,5,10,14000000
5,4,8,14000000
6,5,10,22500000
3,3,5,12000000
3,3,6,13000000
6,5,10,25000000
5,5,10,24000000
5,5,10,17500000
3,3,4,10000000
6,5,10,20500000
5,5,10,21000000
6,5,1,49900000
4,4,5,15000000
5,5,11,24000000
5,5,10,26000000
4,4,10,16500000
6,5,10,20000000
3,3,3,7200000
4,4,10,15000000
6,6,1,45000000
0,0,7,16000000
0,0,3.5,10000000
0,0,3.5,21000000
0,0,3.5,30000000
0,0,8,3000000
0,0,3.5,25000000
0,0,5,10000000
0,0,5,5000000
0,0,6,2500000
0,0,10,40000000
0,0,5.5,9000000
0,0,1.4,5000000
0,0,7,16000000
0,0,7,15500000
0,0,7,16500000
0,0,3.5,12500000
0,0,5,3500000
0,0,5,3450000
0,0,6,9500000
0,0,6,9500000
0,0,6,16000000
0,0,3.5,3800000
0,0,3.5,4000000
0,0,5,16500000
0,0,5,9500000
0,0,6,10000000
0,0,3.5,3900000
0,0,3.5,4100000
0,0,5,13000000
6,5,10,25500000
6,5,1,42500000
6,5,10,42500000
2,2,4,3800000
6,5,10,25000000
7,6,1,37500000
4,6,10,15000000
2,2,2,38000
4,4,2,160000
2,2,4.2,50000
2,2,4.2,45000
6,5,1,320000
7,6,2,850000
3,3,5.1,55000
4,4,16.4,200000
2,2,2,38000
2,2,2,35000
2,2,2,30000
2,2,8,35000
3,3,7.6,85000
3,3,8,15200000
2,2,4.4,8000000
3,3,7.1,9800000
3,3,5.8,10500000
2,2,4.2,6500000
3,3,5.6,8200000
2,2,3.2,5600000
3,3,6,15500000
2,2,4,7500000
3,3,8,14500000
3,3,8,9000000
3,3,6.6,11000000
3,3,6.7,11500000
3,3,10.2,11000000
2,2,3.1,3200000
4,4,4.8,15500000
3,3,5.7,6800000
3,3,5.7,6500000
3,3,5.7,6200000
5,8,4.8,21000000
2,2,3.1,3200000
3,3,4.9,9000000
2,2,4.4,7000000
2,2,4.4,7000000
3,3,4.9,9000000
3,3,4.4,8200000
3,3,9.8,38000000
1,1,2.7,1460000
3,3,9.8,38000000
3,3,10.7,37000000
5,5,14,70000000
3,3,8,22500000
3,3,8,22000000
3,3,8,16500000
2,2,4.4,9000000
2,2,4.4,13000000
4,4,4,35000000
2,2,4.4,13000000
4,4,4,35000000
2,2,4.4,9000000
2,2,4.4,11500000
2,2,4.4,11500000
2,2,2.2,4800000
2,2,2,7000000
2,2,4,11500000
3,3,4.9,10000000
3,3,4.9,10000000
3,3,4.9,10000000
2,2,5.3,11000000
4,4,4,33000000
3,3,4.9,10000000
4,3,6.1,9500000
3,3,7.6,80000
2,2,2,28000
3,3,9.6,45000
3,3,7.6,75000
3,3,7.6,70000
5,4,6,115000
3,3,7.6,65000
2,2,4.2,45000
6,6,2,450000
2,2,4.2,35000
2,2,4.2,40000
2,2,4.2,42000
2,2,4.2,50000
3,3,7.6,60000
2,2,4.8,25000
5,5,1,250000
2,2,4.2,30000
2,2,4.4,35000
2,2,4.4,29000
2,2,4.4,29000
2,2,4.2,42000
2,2,4.2,42000
0,0,7,42000
10,10,2,1800000
6,5,4,2300000
10,11,3,1000000
3,3,1,95000
3,3,2,250000
3,3,14,75000
7,6,1,650000
0,0,14,60000
0,0,7,5200000
3,3,6,6500000
5,5,1,27000000
3,4,15,11000000
0,4,10,11000000
0,8,6,12000000
0,8,6,12000000
0,5,5,5500000
2,3,6.1,14000000
5,5,4.5,5800000
2,2,3,5500000
5,5,1,32500000
3,3,10,7000000
3,3,11.1,7000000
7,8,5.5,9500000
1,1,1.7,5200000
0,10,2.4,135000000
0,0,20,70000000
0,5,14.2,43500000
2,2,3.5,3700000
0,3,7,32000
0,4,10,50000
0,0,7,50000
0,0,7,35000
0,0,10,50000
0,0,1,13000
3,2,3.6,30000
4,4,10,15000000
3,3,3,6500000
4,4,10,15000000
3,3,3,6500000
6,5,11,24500000
5,4,7.5,17500000
3,3,5,11800000
5,4,10,29500000
4,4,7,14000000
6,5,11,25500000
3,3,4,8200000
0,4,5,13500000
0,4,5,13000000
0,4,5,13500000
0,4,7,15000000
0,6,5,13000000
0,5,5,12000000
0,5,5,11000000
0,3,3,7500000
0,4,4,12000000
0,3,4,12000000
0,3,2,4500000
0,2,1.5,3500000
0,3,2.5,5500000
0,3,2.5,5500000
0,4,10,20000000
6,5,10,22500000
4,4,12,28000000
6,5,10,23500000
4,4,14,39000000
4,4,14,38500000
4,4,14,38000000
4,4,14,37500000
4,3,5,13500000
4,4,14,37500000
4,4,14,37000000
5,5,10,24000000
4,4,14,36500000
4,4,14,36000000
6,5,8,17500000
4,4,14,35500000
4,4,14,35000000
5,5,1,59000000
5,5,1,58500000
5,5,1,58000000
5,5,1,57500000
5,5,1,57000000
5,5,1,56500000
5,5,8,15000000
5,5,1,56000000
5,5,1,55500000
5,5,1,55000000
8,7,1,34900000
6,5,10,18500000
6,6,1,47500000
3,3,2,6200000
3,3,3,8000000
3,3,2,6500000
3,3,3,8000000
3,3,3,8000000
3,3,3,8000000
3,3,3,8000000
3,3,3,8000000
3,3,3,8000000
3,3,3,8000000
3,6,2,3100000
0,0,5.6,8500000
0,0,1.7,35000000
0,0,5,9000000
0,0,1.3,32500000
0,0,5,30000000
5,4,5,11000000
6,5,10,22000000
6,5,10,23000000
6,5,12,24000000
0,2,3,3500000
0,2,3,3500000
0,0,5.9,11500000
0,0,5.6,10000000
6,5,14,29000000
2,2,4.2,45000
3,2,3.6,20000
3,3,4.9,43000
4,4,10,170000
3,3,14.4,180000
4,4,10,170000
6,6,1,325000
4,4,11.1,75000
2,2,4,30000
3,3,8,65000
3,3,8,80000
6,6,1,320000
3,3,8,58000
3,3,8,85000
4,4,14.2,110000
5,5,1,250000
3,3,11.4,60000
3,3,11.4,50000
4,3,4,97000
3,3,11.4,48000
2,2,2,40000
3,3,11.4,50000
3,3,11.4,53000
3,3,4.9,45000
3,3,11.4,53000
3,3,1,85000
3,3,1,90000
3,3,1,95000
3,3,1,100000
3,3,1,105000
3,3,1,110000
3,3,1,115000
3,3,1,120000
6,5,1,300000
3,3,1,125000
3,3,5.6,45000
3,3,1,80000
3,3,1,85000
3,3,1,90000
2,2,5.3,50000
3,3,1,80000
3,3,1,100000
3,3,1,95000
3,3,1,105000
3,3,1,110000
3,3,1,115000
3,3,1,120000
3,3,1,125000
3,3,1,100000
3,3,1,105000
3,3,1,110000
3,3,1,115000
3,3,1,80000
3,3,1,85000
3,3,11.4,55000
0,2,4.8,30000
0,2,4.8,32000
0,2,4.8,35000
0,3,9.6,38000
0,3,9.6,40000
0,3,9.6,42000
0,2,4.8,25000
0,2,4.8,28000
0,2,4.8,30000
0,3,9.6,35000
0,2,4.8,20000
0,2,4.8,22000
0,2,4.8,25000
0,3,9.6,28000
3,3,11.4,55000
3,3,1,90000
3,3,1,85000
3,3,1,80000
3,3,12,110000
3,3,12,105000
3,3,12,100000
3,3,1,140000
3,3,1,100000
3,3,12,95000
3,3,12,85000
3,3,12,90000
3,3,1,105000
3,3,1,90000
3,3,1,95000
3,3,1,95000
5,5,1,210000
3,3,8,7500000
5,4,14,14000000
4,3,5,5000000
2,2,4.2,5200000
4,3,8,8800000
3,3,7.8,13000000
3,3,7.8,12400000
2,3,5.6,8600000
3,3,7.8,12900000
3,3,7.8,12200000
3,3,7.8,12800000
3,3,6.4,9200000
3,3,7.8,12700000
3,3,7.8,12500000
3,3,7.8,12300000
3,3,6.4,9600000
3,3,6.4,9500000
3,3,7.8,12100000
3,3,7.8,12000000
3,3,6.4,9300000
3,3,6.4,10000000
3,3,6.4,9800000
3,3,6.4,9700000
3,3,6.4,9400000
2,2,3.3,6500000
3,3,6.4,10000000
2,2,3.3,6700000
2,2,3.3,6800000
2,2,3.3,6600000
2,2,3.3,6400000
2,2,3.3,6300000
2,2,3.3,6200000
2,2,3.3,6100000
2,2,3.3,6000000
3,3,6.4,9900000
2,2,3.3,6200000
0,0,8.4,22500000
2,2,4.2,7200000
3,3,8,15000000
3,3,8,5500000
2,2,4,3500000
2,2,4,5000000
3,3,8,9300000
2,2,4,4800000
2,2,3.1,3600000
2,2,4,4900000
2,2,3.1,3500000
1,1,3.1,3400000
1,1,1.8,2000000
1,1,1.8,1950000
1,1,1.8,1900000
1,1,1.8,1850000
3,3,6.1,9800000
5,5,17.1,65000000
2,2,4.4,6500000
2,2,4.2,4900000
3,3,1,150000
10,9,3.6,650000
4,4,1,85000
3,3,1,60000
3,3,10,110000
3,3,1,45000
3,3,1,60000
5,5,1,135000
4,4,10,80000
3,3,1,45000
6,6,1,160000
3,3,1,50000
0,0,10,35000
2,3,6.1,40000
2,3,6.1,40000
9,8,2,450000
4,4,1,160000
4,4,1,160000
3,4,5.6,65000
6,5,1,450000
2,3,12,60000
2,3,10,33000
5,5,10,60000
0,5,10,62000
0,5,10,65000
3,3,1,55000
3,3,1,115000
6,5,1.2,62500000
5,5,10,18000000
6,5,1.2,62500000
6,5,1.2,62500000
4,4,6,8800000
0,0,2,10000000
0,0,2,10000000
7,6,1.1,47000000
6,5,10,22000000
2,2,4,5500000
0,2,4.5,3800000
7,6,10,70000
2,2,5,10000
2,2,3,2200000
2,2,5,3500000
2,2,3,1800000
3,3,5,6500000
4,4,5,10000000
2,2,3,6500000
7,5,1,37000000
5,4,10,19900000
0,5,1,44000000
0,5,1,45000000
0,6,1,62000000
0,6,1,63000000
0,8,1,55000000
0,8,1,56000000
0,8,1,57500000
0,8,1,58000000
0,8,1.2,60000000
0,8,1.2,61000000
0,3,5,18000000
0,5,1,59000000
0,6,2,80000000
0,5,1,35000000
0,5,1,38000000
0,4,10,24500000
0,4,10,25500000
0,5,1,39000000
0,4,10,27000000
0,4,10,28000000
0,6,1,65000000
0,6,1,66000000
0,7,1,60000000
0,7,1,62000000
0,6,1,62500000
0,6,1,63000000
0,6,1,35000000
0,6,1,37000000
3,3,5,12000000
3,3,5,13000000
4,4,5,9500000
4,4,10,20000000
5,5,1,35000000
5,5,1,33500000
0,0,2,80500000
0,7,1,35000000
5,5,2,5200000
3,3,2,5000000
0,7,8,14000000
0,5,10,35000000
0,3,5,11500000
0,3,5,11500000
0,3,3,7000000
0,5,10,23000000
0,7,8,14000000
7,5,10,16800000
7,5,10,19500000
4,3,10,27500000
7,5,10,16600000
2,2,0,4500000
7,5,10,17900000
7,5,10,18200000
7,5,10,20000000
3,3,5,140000
5,5,1,220000
5,5,1,230000
5,5,1,240000
5,5,1,250000
5,5,1,260000
5,5,1,270000
3,3,5.8,55000
5,5,1,280000
5,5,1,290000
3,3,11.4,53000
5,5,1,300000
3,3,11.4,55000
3,3,11.4,55000
2,2,4.2,40000
0,0,16,55000
6,5,1,300000
3,4,10.8,27000
5,4,1,225000
4,4,1.1,145000
7,6,1,375000
3,3,5.3,55000
6,5,1,310000
2,2,2,40000
2,2,2,30000
2,2,2,28000
2,2,2,35000
3,3,7.6,80000
3,3,7.6,75000
3,3,7.6,70000
3,3,7.6,65000
4,4,14.2,150000
3,3,7.6,60000
3,3,5.3,55000
3,3,5.3,48000
3,3,5.3,45000
3,3,5.3,42000
3,3,5.3,40000
2,2,4.2,42000
2,2,4.2,40000
2,2,4.2,38000
5,5,17.1,100000
2,2,4.2,35000
5,5,17.1,105000
3,3,1,130000
5,5,17.1,66500000
5,5,17.1,66000000
5,5,17.1,65000000
2,2,4.8,8200000
3,3,8,11500000
3,6,8.8,31000000
5,5,17.1,65500000
2,2,3.3,5200000
0,0,9.6,35000000
2,2,2.6,5500000
0,0,4.8,6500000
3,3,4.8,8000000
2,2,2.9,3700000
0,0,8,16500000
4,4,14,16000000
3,3,8,10800000
3,3,8,11500000
3,3,8,9900000
3,3,5,11400000
3,3,8,19500000
3,3,6.1,14000000
4,4,14,14000000
0,0,3.2,2700000
0,0,3.2,2700000
0,0,3.2,2700000
0,0,3.2,2700000
0,0,3.2,2700000
0,0,3.2,1500000
0,0,3.2,1500000
0,0,3.2,1500000
0,0,3.2,1500000
0,0,3.2,1500000
0,0,2.8,2700000
0,0,2.8,2700000
0,0,2.8,2700000
0,0,2.8,2700000
0,0,2.4,1500000
0,0,2.8,2700000
0,0,2.4,1500000
0,0,2.4,1500000
0,0,2.4,1500000
0,0,2.4,1500000
2,2,4,7500000
0,6,4.8,20000000
3,3,6.1,8500000
3,3,9.6,50000
4,3,8,10000000
2,2,4.2,4800000
5,4,14,13500000
3,3,8,7800000
4,3,5,5000000
4,3,8,10500000
3,3,6.1,13200000
3,3,8.4,13000000
3,3,13.8,45000000
4,4,13.8,19500000
3,3,8,23000000
3,3,16,23000000
4,4,13.8,19000000
3,3,8.9,16500000
4,4,14.4,35000000
3,3,7.6,28000000
4,4,13.8,18500000
0,0,4.4,13500000
0,0,9.3,45000000
1,1,1.3,3000000
0,0,1,20000000
0,0,9.3,37500000
1,1,4.3,4700000
7,6,14,22000000
2,3,1,95000
7,6,1.1,550000
3,4,6.7,36000
7,7,1,350000
3,3,4,20000
2,2,19.6,55000
0,0,1,100000
5,4,4,48000
5,5,8,80000
4,4,1,45000
3,2,4.5,3800000
2,2,3.5,3000000
2,2,3.2,3200000
0,0,3.5,3300000
0,0,4.5,3600000
0,0,4,4500000
0,0,3,3200000
3,2,5,4500000
6,5,10,25000000
5,5,1,27000000
0,4,10,18000000
0,5,12,21000000
0,0,8,13500000
0,0,5,8500000
0,0,5,9000000
0,0,5,19000000
0,4,6,9000000
0,4,6,8500000
6,5,10,23000000
6,5,7,12000000
0,4,4,7000000
2,2,4.7,5000000
5,5,10,24000000
3,1,6.1,16000
0,3,1,60000
0,4,6,35000
0,4,5,30000
0,0,5,16000
0,0,2.5,35000
0,0,3,15000
0,0,3,15000
0,0,3,15000
0,0,3,15000
0,0,3,15000
0,0,3,15000
0,0,3,15000
0,0,3,15000
0,0,3,15000
0,0,3,15000
3,2,10,30000
7,5,5,9000000
6,5,10,21000000
6,5,10,23500000
4,4,10,13000000
5,5,7,15500000
5,4,5,12500000
2,3,5,8000000
0,0,2,67500000
6,5,1,35000000
0,0,4,300000000
7,7,2,90000000
4,4,4,7000000
4,4,5,9500000
3,3,5,8500000
3,3,5,9500000
5,5,9,17500000
7,5,10,18500000
3,3,3,6700000
3,3,3,5500000
3,3,3,6000000
5,5,5,10000000
5,5,1,36000000
3,3,3,5500000
5,5,4,10000000
3,3,3,6500000
2,2,4,7000000
3,3,4,5500000
3,3,3,5600000
7,5,10,17000000
7,5,10,17100000
0,2,2,2500000
0,3,1.5,3800000
0,3,3,6000000
0,3,2,3600000
0,3,3,5000000
0,3,2.5,4600000
0,3,10,22500000
0,3,10,17500000
4,3,9,13500000
0,0,5,12500000
7,5,12,24900000
3,3,5,11000000
3,3,5,11000000
3,3,5,11000000
3,3,5,11000000
3,3,5,11000000
3,3,5,11000000
0,0,10,30000
3,3,5,11000000
3,3,5,11000000
3,3,5,11000000
3,3,5,11000000
3,3,5,11500000
3,3,5,11500000
3,3,5,11500000
3,3,5,11500000
3,3,5,11500000
3,3,5,11500000
3,3,5,11500000
3,3,5,11500000
3,3,5,11500000
6,4,8,13600000
3,3,3,6800000
6,4,10,15300000
4,4,10,28500000
5,3,4,7500000
5,5,12,35000000
6,5,7,15500000
7,5,10,16800000
7,5,10,17800000
7,6,1,4500000
6,4,8,13300000
6,5,1,47000000
6,5,1,60000000
3,3,3.3,4600000
2,2,10,10000000
6,5,1,45000000
6,5,1,40000000
3,3,8.4,15000000
6,6,8,26500000
3,3,8,24000000
6,6,12,55000000
6,6,12,55000000
9,9,8,33000000
4,4,10,20000000
3,3,10.6,19000000
4,4,10,20000000
4,4,10.6,23000000
4,4,10,20000000
4,4,10.6,23000000
3,3,10,14000000
3,3,5.8,12500000
2,2,4.9,8500000
3,3,5.3,9500000
2,2,2.9,5000000
2,2,2.9,6500000
2,2,3.6,8500000
2,2,2.9,6500000
2,2,3.6,8500000
2,2,3.6,8500000
2,2,2.9,6500000
4,3,1,180000
1,1,1,50000
4,4,6.2,95000
6,5,1,280000
6,6,1,400000
5,4,2,375000
7,6,2,525000
3,3,9.6,52000
2,2,4.2,35000
2,2,1,110000
4,4,9.8,80000
2,2,4.2,20000
4,3,9.6,35000
9,8,1.3,300000
6,5,1.6,350000
2,2,4.2,42000
0,0,5.6,25000
3,3,6.2,75000
3,3,8.9,80000
3,3,14,105000
3,3,10.2,130000
3,3,10.2,105000
3,3,8,90000
2,2,4.2,40000
3,3,7.6,65000
3,3,8,75000
3,3,7.1,70000
3,3,8.9,100000
3,3,6.7,50000
3,3,8,110000
2,2,4.4,36000
3,3,7.6,75000
3,3,6.7,80000
2,2,4.2,35000
3,3,1.2,65000
3,3,16,60000
3,3,1,40000
3,3,12,70000
4,4,12,70000
3,3,8.4,14000000
3,3,8.4,13000000
4,4,13.8,19500000
4,4,13.8,19000000
4,4,13.8,18500000
3,3,8.4,15000000
3,3,8.4,14000000
3,3,8.4,13000000
2,2,3.3,4500000
4,4,13.8,19500000
4,4,13.8,19000000
3,3,8.4,15000000
4,4,13.8,18500000
3,3,8.4,14000000
3,3,8.4,13000000
2,3,3.6,4000000
4,4,13.8,19500000
4,4,13.8,19000000
3,3,8.4,15000000
5,4,7,16500000
0,0,4.4,14500000
2,2,5,3600000
0,0,4.4,14500000
0,0,10,12500000
7,7,14.4,46000000
2,2,5,2800000
2,2,5,2300000
4,3,8,7500000
6,7,1,14000000
4,3,8,4500000
4,3,8,6300000
1,1,2.2,4123000
6,5,8,85000
3,3,1,95000
0,0,1,60000
7,6,1,95000
3,3,1,80000
3,3,10,47000
2,2,4,20000
3,3,1,110000
4,4,2.2,55000
2,2,4,25000
2,2,2.9,2900000
3,3,8,70000
5,4,12.9,22000000
6,5,10,13500000
0,0,7,42000
4,4,10,45000
0,3,10,38000
1,1,6,12000
0,2,10,37000
0,3,1,60000
2,2,5,18000
1,2,4,10000
5,3,5,9700000
6,5,1,41000000
6,5,1,47500000
6,5,2,72000000
6,5,2,110000000
7,6,1,28000000
7,5,8,15700000
4,4,14,29000000
4,3,5,15000000
5,4,12,16000000
5,4,10,21000000
6,5,1,72500000
4,3,5,9000000
6,5,1,41500000
6,5,1,45000000
6,5,1,47000000
0,5,5,15000000
0,2,1.8,4300000
0,4,10,14000000
0,6,5,11500000
5,3,5,10000000
6,4,10,21000000
6,5,1,48500000
6,5,1,81000000
4,3,10,14500000
6,5,1,53000000
6,5,2,87000000
0,0,5,5200000
0,0,5,5200000
0,0,5,5200000
0,0,5,5200000
0,0,5,5200000
0,0,10,9000000
0,0,10,9000000
0,0,10,9000000
0,0,10,9200000
0,0,10,9500000
0,0,1,9000000
0,0,1,9300000
0,0,5,4800000
0,0,5,5300000
0,0,5,5600000
0,0,7,7500000
0,0,7,7900000
0,0,7,5200000
0,0,7,7500000
0,0,7,7500000
0,0,5,3850000
0,0,5,1850000
0,0,5,2250000
0,0,5,2550000
0,0,5,2050000
0,0,10,2350000
0,0,10,2650000
3,3,8.4,14000000
3,3,8.4,13000000
4,4,13.8,18500000
3,3,8,5500000
2,2,4.2,4700000
4,4,14,10700000
0,0,3.1,4500000
4,4,8.9,20000000
2,2,4.8,1474000
2,2,4.8,1602000
3,3,8,13000000
3,3,8,13000000
3,3,8,13100000
3,3,8,13100000
3,3,8,13200000
3,3,8,13200000
3,3,8,13300000
3,3,8,13300000
3,3,8,13400000
3,3,8,13400000
3,3,8,13500000
3,3,8,13500000
3,3,8,13600000
3,3,8,13600000
3,3,8,13700000
3,3,8,13800000
3,3,8,13800000
3,3,8,13900000
3,3,8,13900000
3,3,8,14000000
3,3,8,14000000
3,3,8,14100000
3,3,8,14100000
3,3,8,14200000
3,3,8,14200000
3,3,8,14300000
3,3,8,14300000
3,3,8,14400000
3,3,8,14400000
3,3,8,14500000
3,3,6,14500000
3,3,6,14600000
3,3,6,14700000
3,3,6,14800000
3,3,6,14900000
3,3,6,15000000
3,3,6,15100000
3,3,6,15200000
3,3,6,15300000
3,3,6,15500000
3,2,4.8,4500000
3,2,4.8,5500000
4,3,1.2,170000
7,6,4,825000
1,1,1,30000
4,4,4.8,130000
2,2,4.2,40000
4,4,1,135000
4,4,11.1,155000
1,2,4,13000
2,2,4.4,42000
2,2,4.2,30000
4,3,1,160000
2,3,2.4,14000
2,2,12,90000
3,3,1,170000
3,3,1,150000
2,2,4.4,45000
3,3,1,130000
3,3,2.2,150000
3,3,1,145000
6,6,1.2,365000
3,3,5.8,68000
2,2,4.8,62000
2,2,4.4,45000
2,2,5.3,35000
0,2,4,11000000
0,2,4.4,9000000
0,3,7.1,18000000
0,3,6.2,19000000
0,3,6.7,12000000
0,3,5.8,17000000
0,2,4,11000000
0,2,4,12000000
0,0,6.2,7600000
0,3,6.2,16000000
0,2,4,10000000
0,4,8,27500000
0,3,6.2,20000000
0,2,4.4,11000000
0,2,4.4,12500000
0,3,6.2,16500000
4,5,10,30000000
3,5,1,160000000
5,8,2,160000000
4,6,2,320000000
4,6,1.3,220000000
0,0,12,61500000
0,0,12,62500000
3,4,12,65000000
3,4,12,67500000
3,5,12,90000000
3,5,12,87500000
4,6,12,80000000
4,6,1,160000000
2,4,4,44000000
0,0,4.4,7250000
5,4,12.7,45000000
0,3,6.2,50000
0,3,6.2,40000
0,2,4,32000
0,2,4,35000
0,3,6.2,35000
0,2,4.4,25000
10,8,1.2,300000
3,3,8,55000
3,3,8,55000
3,3,8,54500
3,3,8,54500
3,3,8,54000
3,3,8,54000
3,3,8,53500
3,3,8,53500
3,3,8,53000
3,3,8,53000
3,3,8,52500
3,3,8,52500
3,3,8,52000
3,3,8,52000
3,3,8,51500
3,3,8,51500
3,3,8,51000
3,3,8,51000
7,7,1,250000
0,2,10,30000
0,0,10,35000
0,0,10,70000
0,0,10,32000
0,0,10,36000
0,0,10,72000
0,0,10,31000
0,0,10,37000
0,0,10,75000
0,0,10,30000
4,4,2,400000
2,2,9.8,65000
0,5,1,30000000
0,5,1.5,35000000
0,6,10,19000000
0,6,1,30000000
0,5,10,17500000
0,6,10,16000000
0,6,14.2,57500000
0,5,1.2,75000000
0,6,12.4,52500000
0,6,12.4,42500000
0,6,12.4,47500000
0,3,14.2,42500000
4,4,7,32500000
5,4,5.3,5000000
9,9,1.2,75000000
4,4,7,15000000
0,6,14.2,57500000
6,6,1.2,90000000
5,4,8,15000000
3,2,7.1,14500000
4,4,0.2,1
5,4,8,15000000
0,9,12.4,58000000
0,6,12.4,52500000
0,6,12.4,55000000
0,6,12.4,41000000
0,6,12.4,41500000
0,6,12.4,55000000
0,6,1,62500000
0,6,14.2,55000000
0,9,12.4,58000000
0,0,5,500000
0,0,7,60000
0,0,7,70000
0,0,10,125000
0,0,1,150000
0,0,19,100000
4,4,7,45000
6,5,16,110000
6,5,1,47500000
7,5,11,25500000
6,4,10,29000000
7,5,10,22000000
7,5,10,26000000
3,3,4,6500000
7,5,5,13000000
6,5,10,20500000
6,3,5,11000000
4,3,7,24000000
5,4,12,22900000
6,5,1,41500000
6,5,1,33000000
0,1,2,1500000
0,0,3,1300000
0,0,3,1350000
0,4,6,15000000
0,3,3,4250000
0,4,5,6150000
0,3,3,3600000
5,4,9,23000000
0,4,10,22500000
0,4,10,23000000
0,4,10,23500000
0,4,10,21000000
0,4,14,30000000
0,4,14,31000000
0,4,14,31500000
0,4,14,32000000
0,5,1,35000000
0,5,1,36000000
0,5,1,36000000
0,5,1,37000000
0,6,2,85000000
0,6,2,90000000
0,6,2,92000000
0,6,2,91000000
0,6,10.1,14500000
0,4,5,6150000
0,3,3.5,4150000
0,3,3,3600000
0,4,5,6150000
0,3,3.5,4150000
0,4,4,9000000
0,3,5,8500000
0,6,1,67500000
0,4,10,22500000
0,5,10,29000000
0,0,2,60000000
0,6,10,37500000
0,6,10,35000000
0,4,5,13500000
0,4,10,25500000
6,4,6,11500000
0,0,10,7020000
0,0,11,7515000
0,0,1,25000000
0,0,10,25000000
0,0,3.5,30000000
0,0,3.3,145200000
0,0,11,17500000
0,0,11,15000000
0,0,5,12500000
0,0,14,500000000
0,0,1,65000000
0,0,15,27000000
0,0,5,30000000
0,0,5,30000000
0,0,15,37500000
0,0,4,360000000
0,0,1,70000000
0,0,1.7,50000000
0,0,10,17000000
0,0,3,6000000
0,0,3,5000000
0,0,7,7505000
0,0,5,6000000
0,0,3,3715000
0,0,7,7505000
3,3,8,50500
3,3,8,50500
3,3,8,50000
3,3,8,50000
3,3,8,40000
3,3,8,40000
3,3,8,39500
3,3,8,39500
3,3,8,39000
3,3,8,39000
3,3,8,38500
3,3,8,38500
3,3,8,38000
3,3,8,38000
3,3,8,37500
3,3,8,37500
3,3,8,37000
3,3,1,145000
3,3,8,37000
3,3,8,36500
3,3,8,35000
3,3,8,36500
3,3,8,36000
3,3,8,36000
3,3,8,35500
3,3,8,35500
3,3,8,35000
3,3,5.8,55000
1,1,1.1,20000
4,4,6,115000
3,3,1,125000
3,3,1,125000
3,3,1,130000
3,3,1,170000
4,4,1,270000
3,6,1,350000
3,6,1,300000
3,6,1,325000
3,3,1,140000
3,3,1,120000
2,3,14,90000
3,4,10,200000
3,6,16,270000
3,3,1,120000
3,3,1,135000
3,3,10,75000
0,0,14.4,215000
3,2,4.8,18000
2,1,2,40000
3,3,11.6,185000
3,3,6,40000
3,3,6,40000
3,3,6,39500
3,3,6,39500
3,3,6,39000
3,3,6,39000
3,3,6,38500
3,3,6,38500
3,3,6,38000
3,3,6,38000
3,3,6,37500
3,3,6,37500
3,3,6,37000
3,3,6,37000
3,3,6,36500
2,2,4.4,55000
3,3,6,36500
3,3,6,36000
3,3,6,36000
3,3,6,35500
3,3,6,35500
3,3,6,35000
5,5,1,63500000
5,5,1,65000000
5,5,1,66000000
5,5,1,66500000
4,4,1,59500000
4,4,1,60000000
6,6,1.1,72500000
6,6,1.1,82500000
6,6,1.1,85000000
6,6,1.1,85000000
2,2,4,4500000
0,0,9.6,45000000
3,3,8,10800000
3,3,8,11500000
3,3,9.4,8800000
3,3,8,9900000
3,3,6.4,11000000
3,3,8,11600000
3,3,8,12000000
2,3,4,4600000
0,3,3.3,3800000
0,3,3.1,3600000
0,4,4.7,6000000
0,2,1.8,2300000
0,2,1.8,1850000
0,6,3.2,8500000
0,6,3.2,10000000
0,5,3.2,7800000
0,9,3.2,8500000
0,9,3.2,14000000
0,6,3.2,8000000
0,6,3.2,10000000
0,5,3.2,6500000
0,6,3.2,9500000
0,0,8,12000000
6,6,6.4,18000000
3,3,1,45000
0,4,2,60000
0,4,1,75000
0,4,2,65000
0,4,5,50000
0,3,1.2,130000
0,3,14.2,60000
0,4,1.2,90000
0,3,14.2,55000
0,3,14.2,75000
0,6,1.2,180000
0,6,14.2,140000
0,3,12.4,50000
0,2,12.4,50000
0,3,12.4,60000
0,3,14.2,65000
0,3,14.2,65000
0,3,14.2,65000
0,6,12.4,160000
0,6,12.4,140000
0,6,12.4,130000
0,3,14.2,70000
0,3,14.2,70000
0,4,1.2,75000
0,3,14.2,65000
3,3,2,125000
3,3,1,50000
3,3,1,70000
7,6,7,120000
3,3,12,65000
10,9,1.3,700000
3,3,1,90000
2,4,6.7,65000
0,3,14.2,55000
0,3,14.2,70000
0,3,1.2,100000
0,3,14.2,65000
0,3,12.4,50000
0,5,14.2,150000
0,3,12.4,60000
0,3,14.2,75000
0,3,1.2,80000
0,3,1.2,120000
0,3,12.4,55000
0,3,14.2,75000
0,3,12.4,65000
0,3,14.2,80000
0,3,14.2,65000
0,3,14.2,65000
0,3,12.4,65000
0,3,14.2,70000
6,5,1.3,250000
3,3,4.9,35000
5,4,1.5,60000
6,5,1,110000
6,6,1.6,230000
0,6,14.2,50000000
5,4,8,15000000
5,4,8,14800000
6,6,8,37000000
0,6,12.4,45000000
0,6,14.2,55000000
0,6,14.2,68000000
0,6,12.4,39000000
0,6,14.2,59000000
0,6,12.4,45000000
0,6,14.2,52500000
0,6,12.4,60000000
0,6,12.4,47500000
0,6,14.2,60000000
0,7,14.2,62500000
0,6,12.4,47000000
0,0,14.2,45000000
4,4,5,27000000
5,4,5,12500000
5,4,5,12000000
5,5,4.4,17500000
10,9,1.2,61000000
7,6,1,35000000
7,7,13,45000000
0,0,5.5,6205000
8,6,5,11000000
2,2,4.2,7080000
2,2,4.2,7080000
0,0,5,9000000
0,0,5,9000000
0,0,6,9500000
0,0,5,8800000
7,6,1,35000000
6,6,7,14500000
0,0,10,28000
0,2,5,35000
0,2,4,30000
0,2,5,27000
0,6,7,120000
0,2,5,35000
0,2,5,38000
0,2,8,45000
0,0,7,60000
0,2,5,30000
0,3,7,40000
0,3,7,45000
0,3,7,42000
0,3,7,50000
0,2,5,35000
0,2,5,35000
0,2,3.1,20000
0,3,4,30000
0,2,2,22000
0,2,2.2,25000
0,0,3.1,28000
9,8,2,400000
2,2,4,80000
0,4,5,50000
0,3,7,30000
0,2,5,30000
3,3,10,35000
0,0,12,18000
6,5,1.2,200000
3,3,1,55000
4,4,1,70000
3,3,5,35000
0,5,7,46000
5,4,10,24500000
7,5,10,19000000
2,2,5,16000
5,5,10,16500000
6,5,1,60000000
7,6,1,55000000
6,5,30,190000000
8,7,2,120000000
5,6,10,20000000
0,6,1,41500000
5,4,10,25000000
0,6,1,35000000
6,5,10,26500000
0,0,12,13000000
0,0,5,9005000
0,0,12,15000000
0,0,10,9000000
0,0,4.5,5025000
0,0,5,7530000
0,0,5,2000000
0,0,6,2400000
0,0,5,2625000
0,0,5,2625000
0,0,5.2,17500000
0,0,5,32500000
0,0,4,6000000
0,0,5.5,4200000
0,0,10,15000000
0,0,1,37000000
0,0,5,8200000
4,3,5,11000000
0,0,5.5,6500000
1,2,4.2,3200000
0,6,1,15000000
0,6,10,15000000
0,0,1,23000000
0,0,1,25000000
0,0,1,35000000
0,0,1,23000000
0,0,5,9000000
0,0,5,11000000
0,0,5,9000000
0,0,5,9500000
0,0,8,9000000
0,0,9,12500000
0,0,5,11500000
0,0,5,5000000
0,0,5,6500000
0,0,6,9000000
3,3,6,35000
2,2,4.4,54000
1,1,1,90000
5,5,1,120000
5,5,1,115000
6,6,1,115000
4,3,8,80000
6,6,1,113000
6,6,1,110000
4,4,10.6,80000
4,4,10.6,80000
3,3,1.1,65000
3,3,1.1,65000
3,3,1.1,63000
3,3,1,135000
4,4,1.1,160000
3,3,12,95000
3,3,10.2,117000
3,3,4.8,35000
2,2,3.3,15000
4,4,1,230000
5,4,1,175000
2,2,3.3,18000
4,4,1,135000
2,2,4.8,30000
5,4,2,325000
3,3,1,140000
3,3,10,40000
3,3,10,40000
3,3,10,39500
2,2,1,105000
3,3,10,39500
3,3,10,39000
3,3,10,39000
3,3,10,38500
3,3,10,38500
3,3,10,38000
3,3,10,38000
3,3,10,37500
3,3,10,37500
3,3,10,38500
3,3,10,38000
3,3,10,38000
3,3,10,37500
4,3,6.1,9800000
4,3,8,9200000
2,2,4.2,5500000
4,3,8,8800000
3,3,8,8000000
4,3,5,5000000
2,2,4,6500000
7,6,9.6,23500000
3,3,8,5700000
4,3,12.4,37000000
2,2,4.1,10000000
2,2,4.1,9000000
2,3,4.8,37300000
3,3,3.2,16000000
3,2,1.9,5500000
2,2,4.8,9000000
0,0,3.3,2400000
0,0,2.9,3000000
0,0,1.6,1900000
0,0,3.8,5000000
0,0,3.8,4000000
0,0,3.2,9000000
0,0,3.2,8500000
0,0,3.2,9100000
0,0,3.2,8600000
0,0,3.8,4100000
3,3,16,45000000
3,3,9.8,40000000
3,3,16,49000000
2,3,3.3,4500000
3,3,8,11000000
3,3,16,47500000
5,5,1,71000000
3,3,6.7,12000000
3,3,6,13000000
3,3,10,37500
3,3,10,37000
3,3,10,36500
3,3,12,63000
0,2,3,20000
0,2,3,20000
5,4,1,300000
0,0,10,35000
0,0,10,75000
0,0,10,32000
0,0,10,37000
0,0,10,70000
0,0,10,33000
0,0,10,38000
0,0,10,73000
0,0,10,30000
0,0,10,36000
3,2,8,50000
0,3,12.4,80000
0,3,12.4,70000
0,6,12.4,130000
0,3,12.4,48000
0,3,1.2,100000
0,4,14.2,65000
3,3,1,50000
3,3,1,54000
3,3,1,49000
3,3,1,44000
6,6,1,160000
3,3,1,40000
3,3,1,60000
5,5,1,135000
4,4,10,80000
3,3,1,55000
3,3,1,50000
6,10,4.5,400000
3,3,1,50000
6,6,1,95000
3,3,14.2,55000
5,5,1,150000
3,4,6,56000
6,6,1,100000
5,5,1,140000
3,2,1,75000
8,7,1,90000
0,3,7,35000
0,3,7,38000
0,0,7,33000
0,6,7.5,80000
0,2,5,30000
0,2,5,29000
0,3,5,25000
0,3,8,47000
0,3,8,52000
0,10,1,400000
0,2,2.5,21000
0,3,7.5,80000
0,3,10,55000
0,3,4,23000
0,2,2,20000
0,0,7,60000
0,2,10,35000
2,2,5,25000
6,5,1,125000
0,3,10,35000
3,2,10,28000
1,2,4.2,13000
5,3,5,13000000
4,3,5,13500000
6,5,1,35000000
5,4,8,14000000
7,5,10,20000000
6,5,8,14000000
4,3,5,10800000
0,4,10,31500000
3,3,8,13500000
4,3,5,16000000
5,5,1,68500000
6,6,1,45000000
5,4,1,32500000
3,3,10,20500000
0,8,1,95000000
6,5,11,23000000
6,5,10,22000000
2,2,2.5,5400000
4,4,12,18000000
6,6,1,38000000
0,3,5,8000000
0,3,5,8500000
0,4,10,17000000
4,4,10,31000000
0,3,5,9500000
4,4,10,36000000
6,6,2,72500000
0,0,5.1,15300000
0,0,7.5,22500000
0,0,3.1,9450000
0,0,15,52500000
0,0,6.2,21600000
0,0,17,59500000
0,0,7.8,31200000
0,0,8.7,30400000
0,0,9.1,30400000
6,5,1,45000000
6,5,10,20500000
6,5,1,49000000
3,3,10,11300000
0,3,5,16000000
6,5,1,53000000
4,3,3.5,7500000
6,5,1,49000000
8,7,1,56000000
4,3,5,13500000
6,5,1,49000000
5,3,5,13500000
6,5,10,22500000
6,5,1,47500000
3,3,10,13000000
6,6,1,52500000
0,4,10,31000000
3,3,10,36500
3,3,10,36000
3,3,10,36000
3,3,10,35500
3,3,10,35500
3,3,10,35000
3,3,10,35000
2,2,4.2,25000
2,2,4.4,45000
2,2,4.2,25000
2,2,4.2,24500
2,2,4.2,24000
2,2,4.2,24000
2,2,4.2,23500
2,2,4.2,24500
2,2,4.2,23000
2,2,4.2,20000
2,2,4.2,20000
2,2,4.2,22500
2,2,4.2,20500
2,2,4.2,21000
2,2,4.2,21000
2,2,4.2,22000
2,2,4.2,21500
2,2,4.2,21500
2,2,4.4,55000
2,2,4.2,32000
2,2,4,45000
2,2,4,45000
3,3,10,95000
3,3,1,90000
3,5,1.3,250000
6,6,1.2,225000
3,3,8,55000
2,2,4.2,24500
2,2,4.2,23500
2,2,4.2,23000
2,2,4.2,20500
2,2,4.2,22500
2,2,4.2,22500
2,2,4.2,22000
6,6,1,380000
4,3,1.1,185000
3,3,5.3,60000
3,3,1.3,170000
1,1,1.3,80000
5,5,1,300000
4,4,10.7,80000
3,3,8,30000
2,2,4.4,25000
4,4,12,175000
3,3,1,120000
3,3,7.1,95000
0,0,4.8,13000000
0,0,16.9,100000000
0,0,3.2,6900000
9,5,9.6,27500000
3,3,8,35000000
2,2,12,30000000
4,4,8,17500000
3,3,8,22500000
6,6,12.4,60000000
4,4,10.4,80000000
4,4,16,30000000
3,3,6.1,14500000
2,2,3.6,5850000
3,3,6.2,14000000
3,3,7.3,29000000
4,4,4.8,16000000
0,0,2.6,2000000
0,0,2.6,1900000
0,0,2.6,2050000
0,0,2.6,1350000
0,0,2.6,1300000
0,0,2.6,1400000
0,0,3.2,2900000
0,0,2.6,1800000
3,3,5,7800000
3,3,8,37500000
6,6,2,160000000
5,5,1,105000000
3,3,9.6,40000000
3,3,6.7,13500000
3,3,6.9,14000000
3,3,8,15000000
3,3,7.3,17500000
3,3,8,17000000
3,3,5.3,22500000
3,3,7.8,18000000
2,2,2.9,2650000
3,3,8,11500000
2,2,4.2,11500000
3,3,8,18000000
6,6,1,100000000
6,6,1,90000000
6,6,1,85000000
6,6,1,75000000
6,6,1,70000000
6,6,12,70000000
6,6,12,60000000
6,6,12,65000000
6,6,12,65500000
5,5,7,29000000
5,5,7,31000000
5,5,7,31500000
5,5,7,35000000
5,5,7,34000000
4,4,4,15000000
4,4,4,16000000
4,4,4,16500000
4,4,5,19500000
4,4,5,22000000
4,4,5,25000000
5,5,4,16000000
6,6,14,60000000
2,2,5,3600000
0,0,10,71000
0,0,10,31000
0,0,10,36000
0,0,10,72000
0,0,1,40000
0,0,1,55000
0,0,1,120000
0,0,1,42000
0,0,1,57000
0,0,1,125000
0,0,1,55000
0,0,1,40000
0,0,1,120000
0,0,1,43000
0,0,1,58000
0,0,1,123000
0,0,1,41000
0,0,1,55000
3,3,14,70000
6,5,1,300000
10,11,2,800000
3,3,14,55000
3,3,12,60000
4,4,2,350000
7,6,1,300000
10,9,1,300000
3,3,1,150000
3,3,12.4,60000
3,3,14.2,65000
4,4,3,170000
2,2,4,28000
3,3,1,250000
2,2,4,28000
3,3,14.2,65000
9,8,1,450000
3,3,14.2,65000
3,3,1,150000
0,0,4.5,4500000
0,0,5,10000000
0,0,5,6500000
0,0,5,7500000
0,0,3.5,7500000
0,0,3.5,7000000
0,0,3.5,3515000
0,0,2.5,2620000
0,0,9,11500000
0,0,3.5,8515000
0,0,3,3200000
0,0,3,2800000
0,0,3,5530000
0,0,5,22500000
0,0,10,31000000
0,0,13.4,48000000
0,0,1,65000000
0,0,1,68000000
0,0,5.8,23000000
0,0,1,22000000
0,0,5.3,13000000
0,0,8.8,22000000
5,4,10,20000000
5,4,7,12500000
2,2,5.3,14000000
0,0,2,42500000
0,0,4,7750000
0,0,8,13400000
0,0,16,23000000
3,2,5,5400000
0,0,2,4250000
0,0,4,7750000
0,0,8,13400000
0,0,16,23000000
0,0,4.2,7500000
0,0,4,7000000
0,0,2,6500000
0,0,2.5,3200000
0,0,5,13000000
0,0,5.5,25000000
0,0,4.2,15000000
0,6,4.2,15000000
3,3,1,55000
6,6,1,140000
3,3,10,35000
3,3,1,60000
3,3,1,60000
3,3,7,25000
5,5,8,45000
3,2,1,50000
4,3,7,50000
2,2,5,25000
6,6,10,45000
3,3,8,40000
0,2,4,18000
0,3,3.2,16000
0,2,2,12000
0,3,5,15000
2,2,5,25000
6,5,1,52500000
4,4,1,33500000
4,3,5,11500000
6,6,1,33500000
6,5,1,67500000
4,3,7,23000000
0,3,3,6900000
4,3,7,25000000
4,3,7,25000000
4,3,7,24000000
0,2,6,4600000
0,4,5,10500000
4,4,11,27500000
6,5,1,45000000
5,5,1,62500000
6,5,1,37000000
5,4,10,31000000
6,5,1,38000000
6,5,1,36000000
5,4,10,26000000
0,5,10,27500000
6,5,1,56000000
5,4,10,28000000
4,5,1,50000000
0,3,5,9500000
0,3,5,13000000
0,3,5,10000000
0,4,10,20000000
0,4,10,24000000
0,3,5,8000000
0,0,10,22500000
6,5,1,63500000
4,3,1,29800000
5,5,1,55000000
5,4,10,27000000
0,3,5,9000000
0,2,5,5500000
0,3,6,9500000
0,3,5,8000000
0,3,5,11500000
0,3,5,12500000
0,4,10,22500000
0,3,5,9800000
0,3,5,8400000
0,3,6,10000000
0,2,5,9900000
0,2,5,5800000
0,3,10,17500000
0,4,11,19000000
0,5,18,35000000
0,4,18,18200000
0,0,5,11500000
4,4,3,8000000
5,4,10,25000000
6,5,1,45000000
7,6,2,52500000
5,4,10,28500000
4,3,5,13000000
0,0,3.3,5000000
2,2,3.8,4500000
0,0,6.7,16000000
2,2,3.6,8000000
2,2,3.6,7500000
3,3,5.6,14000000
3,3,5.3,13000000
2,2,4,11000000
2,2,4,11000000
2,2,5.3,12000000
3,3,5.3,13000000
2,2,4,11000000
2,2,5.1,8500000
3,3,5.1,14000000
2,2,5.1,8500000
2,2,3.6,7500000
0,0,12.8,200000
3,3,6,55000
4,3,1,150000
1,1,4.4,32000
3,3,6.9,90000
4,3,1,140000
4,3,12,100000
1,1,4.4,40000
4,4,14,110000
6,6,14,170000
3,3,14,40000
3,3,14,70000
3,3,14,70000
2,2,4.4,40000
3,3,9.8,70000
3,3,5.3,32000
3,3,5.8,40000
3,3,5.8,40000
6,5,1,200000
2,2,4.2,36000
7,6,2,745000
5,4,1,125000
3,2,5.3,40000
2,2,4,25000
3,3,10.7,100000
4,8,2,800000
3,6,2,500000
3,6,2,850000
5,9,2.4,450000
4,8,2,400000
3,5,2,500000
2,4,2,275000
3,6,2,550000
3,6,2,450000
3,5,1,250000
2,4,1,225000
3,6,1,200000
3,6,1,375000
3,5,1,225000
3,3,1,180000
3,3,5.3,35000
6,6,1,325000
3,3,1,130000
3,3,6.7,50000
3,3,6.7,45000
3,3,6.7,60000
3,3,8.9,55000
2,2,5.3,50000
3,3,5.3,65000
4,3,1,120000
4,3,5,58000
2,2,4.2,35000
4,4,1,235000
4,3,1,125000
5,5,17.8,130000
5,5,17.8,130000
5,5,14,140000
5,5,14,145000
5,5,14,160000
5,5,14,155000
3,2,14,90000
5,5,14,111500000
5,5,14,110000000
6,6,14,108000000
5,5,17.8,95000000
5,5,17.8,85000000
3,3,12,39000000
4,4,14,14000000
2,2,3.2,4600000
3,4,18.8,8000000
4,4,4,33000000
3,3,16,37500000
3,3,8,12000000
3,3,9.4,9000000
2,2,2.9,5500000
3,3,8,13000000
0,2,10,12500000
0,5,10,15000000
10,10,1.1,80000000
2,2,9.4,16000000
6,6,12,52500000
5,4,5,11000000
5,4,4.4,14500000
3,3,3,16000000
2,2,5,2800000
0,0,12.4,40000000
0,0,12.4,40000000
0,0,14.2,50000000
0,0,14.2,52500000
0,0,14.2,42500000
0,0,1.2,90000000
0,0,1.2,110000000
0,0,1,115000000
0,0,17.8,90000000
0,0,12.4,55000000
0,0,1.2,70000000
0,0,1.2,70000000
0,0,12.4,40000000
5,4,4.4,16500000
0,0,14.2,46500000
0,0,14.2,43500000
0,0,14.2,46500000
0,0,14.2,45000000
0,0,6.7,22000000
0,0,5.6,20000000
0,0,6.7,21000000
0,0,14.2,48000000
0,0,10.9,39000000
0,0,5.6,18500000
0,0,6.7,22000000
0,0,6.7,26000000
0,0,5.6,24000000
0,0,6.7,20000000
0,0,9.3,30000000
0,0,12.4,41000000
0,0,14.2,42500000
0,0,14.2,42500000
0,0,14.2,47500000
0,0,14.2,41000000
7,6,1,56000000
7,6,1,55000000
7,6,1,57500000
7,6,1,56000000
7,6,1,55000000
7,6,1,45000000
7,6,1,48000000
6,5,5,17200000
7,5,8,26500000
0,3,14.2,55000
0,3,14.2,57000
0,3,14.2,58000
0,3,14.2,59000
0,3,14.2,60000
0,3,14.2,61000
0,3,14.2,62000
0,3,14.2,63000
0,3,14.2,64000
0,3,14.2,65000
0,3,12.4,60000
0,3,12.4,62000
0,3,12.4,63000
0,3,12.4,64000
0,3,12.4,65000
0,3,12.4,66000
0,3,12.4,67000
0,3,12.4,68000
0,3,12.4,69000
0,3,12.4,70000
0,3,1,80000
0,3,1,85000
0,3,1,86000
0,3,1,87000
0,3,1,100000
0,6,14.2,130000
0,6,12.4,150000
0,2,14.2,45000
0,6,1,180000
0,6,1,200000
3,3,14.2,65000
7,6,2,300000
2,3,4.2,13000
2,2,2,150000
2,2,1,110000
3,3,1,75000
5,4,4,46000
3,3,1,120000
3,2,15,50000
3,3,14,70000
1,1,1.6,21000
4,3,10.9,45000
2,2,4,30000
2,2,3.8,36000
3,2,15,50000
4,4,17.3,78000
1,1,5.6,48000
0,0,1,65000
0,0,14.2,60000
0,0,1,150000
0,0,14.2,65000
0,0,14.2,45000
0,0,5.6,35000
0,0,10.9,45000
0,0,6.7,35000
0,0,6.7,45000
0,0,1,70000
6,5,10,25000000
5,4,10,21500000
0,4,5,9800000
0,0,5,9500000
0,0,5,9850000
0,0,5,9850000
0,0,4.5,6500000
0,0,5,8000000
0,0,10,12000000
0,0,10,13000000
0,0,7,8500000
0,0,4,6000000
0,0,10,24000000
0,4,7.5,9500000
0,6,10,13000000
0,3,7.5,6500000
0,2,6,6000000
0,4,5,11000000
0,5,10,12500000
0,2,5,6000000
0,2,4,4800000
0,0,3,4500000
0,0,7,10000000
0,0,10,15000000
0,0,5,11000000
1,2,4.2,3200000
0,6,10,12000000
0,3,10,8200000
6,5,9,18500000
0,0,0.6,8000
0,0,12,45000
0,0,4,14000
0,0,4,16000
0,0,6,17000
0,0,5,16000
0,0,5,18000
0,0,6,16000
0,0,4,14000
5,4,14,70000
1,2,4.2,13000
0,2,10,24000
0,2,10,24000
0,2,10,25000
0,1,10,12000
0,5,10,45000
7,5,10,17500000
4,4,17,36500000
5,3,5,12800000
5,5,1,50000000
5,4,10,32000000
5,4,10,31000000
4,3,5,11500000
0,2,2,2700000
0,3,2,3200000
0,4,2.5,4000000
0,2,2.5,2300000
0,2,3,2300000
0,3,6,10000000
0,3,5,8500000
0,3,5,11000000
0,3,5,12000000
0,4,10,22000000
7,6,1.7,60000000
6,5,9,23000000
4,3,5,12500000
7,6,1,45000000
4,3,5,13500000
5,4,10,32500000
6,4,10,19000000
6,5,1,34500000
6,5,1,45000000
5,4,9,24000000
6,5,10,19000000
6,5,1,44000000
0,5,10,22000000
0,5,12,32500000
0,5,12,43000000
0,5,5,16000000
0,5,5,16500000
0,4,3.5,10500000
0,4,3.5,11500000
4,3,5,12500000
6,5,10,17000000
4,3,5,12200000
6,5,1,62000000
6,5,1,59500000
0,0,1,59000000
6,5,1,57500000
5,4,1,34000000
5,4,10,41000000
5,5,1,75000000
0,1,1.1,1700000
0,3,5,13500000
0,3,5,12500000
0,5,7.5,14500000
0,4,8,13500000
0,5,10,19500000
0,5,10,16700000
0,5,10,21000000
0,5,10,23000000
0,5,10,17000000
0,5,10,16500000
0,3,5,11000000
0,3,5,12000000
0,3,5,10500000
3,3,14,14500000
3,3,5,10800000
3,3,12,45000000
5,4,4.8,13000000
2,2,4,12000000
3,3,8,12500000
3,3,9.6,16000000
6,6,1.1,130000000
4,4,4.8,18000000
4,4,16,45000000
3,3,14,90000
3,2,14,86000
2,2,4.8,25000
0,0,8,150000
3,3,8,55000
0,0,4,38000
3,3,1,135000
4,3,1.3,175000
2,2,4,40000
0,0,6.4,50000
6,5,1,375000
6,5,1,300000
3,3,9.6,45000
3,3,10.2,77000
3,3,9.3,65000
0,0,6.2,55000
3,3,1,140000
3,3,5.3,30000
2,2,2.7,23000
3,3,12.9,105000
5,4,1.2,325000
0,0,1,400000
2,2,4.2,35000
3,3,1,130000
0,0,1,350000
1,1,2,45000
0,10,10,30000000
0,1,2.1,3500000
9,7,1,60000000
1,1,5.6,8800000
3,2,10,28000
2,2,14,50000
0,0,14.2,60000
0,0,14.2,58000
0,0,14.2,50000
0,0,14.2,45000
0,0,6.7,38000
0,0,10.9,50000
0,0,14.2,40000
0,0,14.2,130000
0,0,6.7,35000
0,0,6.7,35000
0,0,6.7,36000
3,3,15.6,400000
3,3,12,55000
1,1,5.6,37000
2,2,4.4,24000
2,2,5.6,43000
2,2,8,38000
2,2,5,25000
0,5,10,19500000
0,5,10,19000000
0,5,10,16500000
0,5,10,19500000
0,5,10,18000000
0,5,10,17500000
0,5,1,35000000
6,5,1,41900000
0,3,3,4000000
0,2,2,2500000
0,3,3,6500000
0,8,4,7500000
0,3,6.5,6500000
0,3,3,4000000
0,3,3,3700000
7,6,6,11000000
0,0,4,6500000
0,0,4,6500000
0,0,4,6500000
0,0,4,6500000
0,0,4,6500000
0,0,4,6500000
3,2,4,5500000
0,6,15,12500000
0,3,4,6700000
0,0,2.5,43000000
0,4,13,23000000
0,0,1.2,30000000
0,6,12,13000000
0,4,14,12000000
0,4,5,6500000
0,0,4,8800000
3,4,3,4600000
0,5,7,15500000
2,2,2.7,7400000
0,0,1,15000000
0,0,10,20000000
0,0,6,11000000
0,0,5.8,13000000
0,0,10,15000000
0,0,7,10500000
0,0,6,13000000
0,0,5,12000000
0,0,12,13500000
0,0,8,13000000
0,0,5,9500000
4,4,5,7800000
0,2,3.5,3300000
0,2,3.5,3650000
0,2,3.5,2850000
0,0,7,14000000
0,0,7,14000000
0,0,10,16000000
0,0,3,7000000
0,0,2,3500000
0,0,2,4500000
0,0,2,4000000
3,2,7,11000000
0,0,7,30000000
0,0,4,14000000
0,0,5,17500000
0,0,5,22000000
0,0,5,14500000
0,0,5,18000000
0,0,7,35000
0,0,10,25000
0,0,6,40000
0,0,15,140000
0,0,8,27000
0,0,10,50000
0,0,10,30000
0,0,10,27000
0,0,8,25000
0,0,10,30000
0,0,1,30000
0,0,7,25000
0,3,5,35000
0,5,1,120000
0,5,1,120000
0,0,5,40000
0,0,1,55000
0,0,4,25000
0,0,10,20000
0,0,2.5,14000
0,0,2.5,14000
0,0,3,35000
0,0,2,12000
0,0,2,12000
0,0,4,18000
0,0,5,30000
0,0,3,45000
0,0,5.5,50000
0,0,3,16000
0,0,5,24000
0,0,5,25000
0,0,4,20000
0,0,7,35000
0,0,7,28000
0,0,5,20000
5,4,10,70000
0,0,5,35000
0,0,5,25000
0,0,7,45000
0,0,5,28000
0,0,5,30000
0,0,5,24000
0,0,5,30000
0,0,5,30000
0,0,5,55000
0,0,4,25000
0,3,3,6500000
0,6,4,7500000
0,3,6.5,6500000
6,5,1,42500000
6,5,1,70000000
7,5,1,52000000
10,8,2,70000000
6,5,1,70000000
6,5,1,72000000
6,5,1,43000000
4,3,5,14000000
7,5,1,50000000
7,5,10,24500000
6,5,1,38500000
5,4,10,22000000
8,6,12,26000000
8,6,12,25000000
3,5,9,19000000
0,9,1.1,37000000
6,5,1,59500000
7,5,1.1,37000000
0,5,10,7500000
0,5,10,7500000
0,6,5,12500000
0,4,5,13000000
0,4,5,13500000
0,3,5,11000000
0,2,2,3000000
0,3,4,9000000
0,3,5,18500000
0,3,3,5000000
0,5,5,19000000
0,5,1,22500000
0,3,4.5,9000000
0,3,10,12500000
7,5,10,23000000
6,5,2,110000000
4,3,5,18000000
5,4,13,34000000
6,5,1,47500000
6,5,1,43500000
5,4,10,27000000
5,4,10,30500000
5,4,5,7700000
6,5,1,42500000
0,3,5,12500000
0,3,3,7000000
6,5,1,48000000
6,5,1,41000000
6,5,1,36000000
0,5,2,95000000
0,5,2,92500000
0,5,1.3,45000000
0,3,1,55000000
0,7,1.1,95000000
4,6,2.2,280000000
4,6,2,280000000
4,8,2,150000000
3,6,2,150000000
3,3,9.6,15000000
0,3,8,13000000
3,3,8,20000000
5,5,1,90000000
3,3,9.6,19000000
0,6,8,28500000
0,6,9.6,31000000
0,6,12,39000000
0,6,7.2,23500000
0,2,4.8,16500000
0,4,4.8,14000000
0,4,6,16500000
0,4,4.8,12000000
0,2,4.4,6000000
0,2,4.2,5500000
4,4,4.8,18000000
3,3,8,8500000
3,3,6.1,13500000
3,3,6.1,13500000
3,3,6.1,13600000
3,3,6.1,13600000
3,3,6.1,13700000
3,3,6.1,13800000
3,3,6.1,13800000
3,3,6.1,13900000
3,3,6.1,13900000
3,3,6.1,14000000
3,3,6.4,8200000
0,6,8,28500000
0,6,9.6,31000000
0,6,12,39000000
0,6,7.2,23500000
0,2,4.8,16500000
0,4,4.8,14000000
0,4,6,16500000
0,4,4.8,12000000
0,2,4.4,6000000
0,2,4.2,5500000
3,3,8,18500000
3,3,8,18500000
3,3,8,18600000
3,3,8,18600000
3,3,8,18700000
3,3,8,18800000
3,3,8,18800000
3,3,8,18900000
3,3,8,18900000
3,3,8,19000000
3,3,8,10000000
3,3,8,10000000
3,3,8,10100000
3,3,8,10100000
3,3,8,10200000
3,3,8,10200000
3,3,8,10300000
3,3,8,10300000
3,3,8,10400000
3,3,8,10500000
2,2,4.4,14000000
3,3,6.4,9000000
0,0,3.2,5500000
0,0,3.2,9000000
0,0,3.2,6200000
0,0,9.6,35000000
2,4,3.6,2300000
0,0,4,6500000
0,0,3.2,5600000
6,6,1,105000000
6,5,1,25000000
6,6,12,75000000
3,3,6.2,14500000
3,3,8.9,15500000
3,3,14,15500000
2,2,4.4,14000000
3,3,4.8,32000
0,0,8,110000
3,6,2,300000
3,6,1,250000
2,4,1,200000
2,3,1,150000
2,3,1,150000
3,6,1,270000
5,4,1,175000
3,3,1,130000
0,0,4.9,50000
0,3,9.6,45000
0,3,9.6,48000
0,3,8,48000
0,3,9.6,46000
0,3,16,40000
0,3,9.6,45000
0,3,16,50000
0,3,16,55000
0,6,8,120000
0,2,4.8,30000
0,2,4.4,25000
0,2,4.2,25000
0,3,6,32000
0,2,4.2,18000
0,4,14,55000
0,3,8,52000
0,3,8,32000
0,3,16,60000
2,2,4.9,30000
0,3,9.6,45000
0,3,9.6,48000
0,3,8,48000
0,3,9.6,46000
0,3,16,40000
0,3,9.6,45000
0,3,16,50000
0,3,16,55000
0,6,8,120000
0,2,4.8,30000
0,2,4.4,25000
0,2,4.2,25000
0,3,6,32000
0,2,4.2,18000
0,4,14,55000
0,3,8,52000
0,3,8,32000
0,3,16,60000
0,2,4.4,45000
4,4,1.2,40000
0,0,10,100000
3,3,7.8,80000
5,5,8,20000000
7,5,1,56000000
6,6,1,49500000
7,6,1,49000000
7,5,5,10000000
4,5,7,15000000
6,6,1,45000000
7,5,5,11000000
2,2,1.3,80000
7,6,1,280000
3,3,1,80000
2,3,1,60000
7,6,1,250000
3,3,12.7,70000
7,6,2,400000
2,2,4.2,35000
3,3,1,50000
4,4,1,300000
3,3,7,25000
4,4,2,250000
1,1,2,90000
3,2,5,20000
3,3,14.2,75000
2,2,4.4,25000
6,5,1,72000
4,3,1,50000
4,4,1,400000
2,2,5,21000
5,4,4,12500000
8,7,1,40000000
6,5,1,62500000
7,6,10,23500000
6,5,1,35500000
5,5,10,17000000
5,5,10,16500000
4,3,5,10000000
6,5,5,13000000
2,2,3,2300000
5,5,1,82500000
2,2,3,1500000
5,5,5,15500000
4,4,3,7000000
5,5,1,52500000
7,5,10,19000000
4,3,8,13000000
4,4,1.1,42500000
5,5,1,57500000
2,1,3.6,1800000
6,5,10,25000000
0,0,7,26000000
0,2,2,3800000
0,3,4.2,8500000
0,5,7,35000000
0,5,7,35000000
0,5,5,22500000
0,5,10,22500000
0,0,7,22500000
3,4,5,10500000
0,0,7,22500000
0,0,7,22500000
0,0,3,11500000
2,1,2.2,4000000
3,2,5,4500000
3,2,5,5500000
4,9,5,1
1,1,1.8,2300000
5,4,10,20000000
2,2,6,35000
0,3,3,45000
0,4,5,70000
0,2,5,35000
0,3,7,40000
0,3,7,45000
0,3,7,45000
0,6,7,90000
0,2,3,25000
0,3,7,45000
0,6,7,90000
0,2,5,40000
0,3,10,60000
2,2,6,35000
2,1,3.6,45000
1,1,2.6,28000
6,5,10,150000
0,0,3.1,19000
2,2,3.6,50000
2,1,3.6,50000
1,1,2.1,25000
5,5,10,18500000
4,4,1,61000000
7,5,1,40000000
1,1,2.3,4500000
7,5,19,36500000
0,3,5,15000000
6,5,10,24000000
5,5,1,45000000
6,5,1,69000000
6,5,1,41000000
4,3,5,17500000
6,5,1,52500000
4,3,5,13500000
7,5,19,33500000
5,4,10,25500000
6,4,8,17000000
3,2,5,10500000
5,4,10,22000000
5,4,10,21500000
0,0,2,64000000
1,2,5,1800000
1,2,5,3750000
1,2,5,2900000
0,6,8,16000000
0,5,8,15500000
0,5,8,15000000
0,5,8,14500000
0,5,8,14000000
0,5,8,13500000
0,5,8,13000000
0,5,6,12500000
0,5,6,13000000
0,5,6,12000000
0,3,4,8000000
0,3,4,8500000
0,3,4,8700000
0,3,4,8800000
0,3,4,9000000
0,3,4,9200000
0,3,4,9400000
0,3,4,9500000
0,3,4,9700000
0,3,4,9800000
0,3,4,10000000
0,4,4,10000000
6,4,5.5,35000000
0,3,5,11500000
4,3,1,67500000
6,5,1,107500000
7,4,5.7,16000000
3,3,11.6,38000000
0,2,4.8,12000000
2,2,4.8,23500000
2,2,6,21000000
3,3,16,42000000
2,2,4.8,26000000
5,5,14,16000000
3,3,9.6,40000000
4,3,4,35000000
6,6,12,32500000
6,6,1,110000000
3,3,16,42500000
6,6,1,135000000
6,6,2,280000000
0,0,4,6000000
0,0,5.3,7500000
0,0,4,4500000
0,0,4,4200000
0,0,3.8,3000000
0,0,3.1,3500000
0,0,3.1,3300000
0,0,3.1,3000000
0,0,3.1,3000000
0,0,3.1,3000000
0,0,4,5000000
0,0,4,4600000
0,0,3.3,3800000
0,0,3.3,3600000
4,3,4,35000000
3,3,7.1,22500000
3,3,6.7,11500000
3,3,8,12400000
3,3,9.6,13500000
2,2,2.2,2000000
2,2,4.4,7000000
7,6,9.6,25500000
3,3,8,19000000
2,2,4,7000000
0,1,0.5,5000000
3,3,9.6,14000000
3,3,12.2,40000000
0,3,9.6,40000
0,3,9.6,40000
0,2,4.8,22000
0,2,4.2,22000
0,2,4.2,22000
0,2,4.2,20000
0,4,16,40000
0,3,6,40000
0,3,4.8,30000
0,3,4.8,30000
3,3,12,90000
0,0,1.3,200000
2,2,4.2,65000
3,3,16,80000
3,3,7.6,130000
3,2,4.8,18000
2,2,4.2,30000
4,4,8,27000
4,3,8.9,95000
4,4,4.8,115000
2,2,3.3,22000
2,2,2.9,13000
3,2,4.2,18000
4,3,8,35000
5,4,11.8,40000
4,3,8,30000
4,3,8,50000
4,3,6.1,38000
4,3,8,28000
3,2,4.2,18000
4,3,6.1,32000
7,7,12,22500000
5,5,7,16500000
2,2,5,2300000
4,3,8,7500000
4,4,5,3500000
7,6,1,47000000
4,3,8,6300000
2,2,5,3700000
4,4,6,20000000
7,5,10.1,42500000
9,9,16,67500000
1,1,2,660000
3,3,1,55000
3,2,7,25000
4,3,1,45000
7,6,1,100000
1,1,3.1,35000
3,3,10,28000
1,1,3.1,23000
5,5,1,43000
3,3,1,110000
3,3,1.3,140000
3,3,8,42000
1,1,2.2,38000
5,5,1.3,150000
2,2,8,40000
3,3,1.1,130000
2,2,8,40000
2,3,5.6,35000
2,2,5,34000
7,5,10,17000000
4,3,8,10600000
6,5,12,24000000
6,5,1,69900000
6,5,8,14000000
6,6,1,45000000
4,3,5,10800000
7,6,1,35000000
6,5,1,35500000
6,5,10,20500000
6,6,1,38000000
4,3,5,13500000
5,4,10,41000000
7,5,12,26000000
7,5,10,23000000
7,5,10,22000000
6,5,1,57500000
5,4,10,32500000
6,5,10,21000000
6,5,1,52500000
4,3,5,16000000
8,7,1.2,82500000
6,6,1,19500000
4,3,5,11500000
6,5,14,26000000
4,5,3.5,11500000
2,3,3,4200000
8,7,1,41000000
4,6,3,35000
3,2,10,45000
6,5,10,80000
2,2,6,30000
2,1,3.6,45000
1,1,2.7,30000
8,8,10,80000
2,3,5,30000
1,1,2.7,28000
3,3,10,33000
1,1,3.6,40000
3,3,7,40000
2,2,5,25000
3,2,8,60000
3,3,8,55000
1,2,5,15000
2,2,7,20000
6,5,10,175000
1,1,3.1,30000
5,4,10,70000
6,5,11,23000000
5,4,8,14000000
6,5,1,45000000
6,5,1,40000000
6,5,1,45000000
6,5,1,49500000
4,3,5,13500000
6,5,1,95000000
6,5,1,47000000
6,5,1,54000000
6,6,1,52000000
6,5,1,40000000
4,4,10,39000000
5,4,10,39000000
6,5,1,50000000
6,5,2,129000000
6,5,10,22500000
6,5,1,87500000
7,6,1,33500000
4,3,5,11500000
7,5,1,47500000
6,5,10,20000000
2,6,3.1,5600000
4,3,7.8,20000000
2,2,4.7,7500000
3,3,8,11800000
3,3,9.4,9500000
3,3,5,8500000
3,3,8,9800000
3,3,14,14500000
3,3,8,10800000
3,3,8,15000000
2,3,3.6,4000000
1,0,2.7,3500000
2,2,3.3,4500000
4,4,16,46000000
5,5,1,27000000
3,3,6,11000000
6,8,1.2,57500000
2,2,3.3,3500000
2,2,5.1,4500000
2,2,3.3,3500000
2,2,5.1,4500000
3,3,6.2,11000000
2,2,3,1200000
3,3,4.9,7500000
3,3,8,9000000
3,3,8,11800000
4,4,16,53500000
2,2,2.8,645000
2,2,2.8,640000
2,2,2.8,635000
2,2,2.8,630000
2,2,2.8,625000
0,0,4,5000000
2,2,2.8,620000
2,2,2.8,615000
2,2,2.8,610000
2,2,2.8,605000
2,2,2.8,600000
2,2,2.8,595000
2,2,2.8,590000
2,2,2.8,585000
0,0,6,8500000
2,2,2.8,580000
2,2,2.8,575000
2,2,2.8,570000
2,2,2.8,565000
7,6,1,120000000
2,2,2.8,560000
2,2,2.8,555000
2,2,2.8,550000
2,2,2.8,545000
6,2,2.8,540000
2,2,2.8,535000
2,2,2.8,530000
2,2,2.8,525000
2,2,2.8,520000
2,2,2.8,515000
2,2,2.8,510000
2,2,2.8,505000
2,2,2.8,500000
3,3,6.5,9000000
4,4,1,220000
3,3,9.6,40000
4,4,16,50000
3,3,80,33000
4,3,1,130000
4,3,1,125000
4,3,1,120000
2,2,4,26000
3,2,6,65000
3,2,6,65000
2,2,4.7,30000
3,3,1,140000
2,3,3.2,20000
2,2,4.4,21000
3,3,11.4,50000
2,3,4,25000
5,4,2,350000
3,4,6.4,30000
3,3,9.6,43000
1,2,2,10000
3,3,11.4,45000
3,3,9.6,45000
5,4,10,100000
3,2,4.8,27000
4,3,6,25000
4,3,16,60000
6,5,1,250000
6,5,1,225000
6,5,1,220000
7,5,2,425000
0,0,12,45000
6,6,12,110000
4,3,8.4,65000
1,1,3.1,1035000
4,4,6,11500000
4,4,5,11500000
1,1,2.1,705000
5,5,10,22000000
2,2,4.5,1507000
2,2,4.3,1455000
2,2,4.1,1388000
2,2,3.9,1313000
5,5,6,24800000
3,3,6.9,2340000
3,3,10.4,65000
4,3,10,60000
10,11,2.1,1000000
2,2,6,27000
2,3,5,31000
2,3,6,26500
5,4,2,400000
1,1,2,16500
1,1,2,30000
3,3,10,60000
4,4,6,62000
4,3,8.9,27000
7,6,2.4,1200000
2,2,5.6,30000
1,1,1,14500
2,2,6.4,30000
7,6,1,200000
3,3,1.3,150000
4,4,8,85000
6,6,1,45000000
6,5,11,24500000
4,3,5,13500000
6,5,8,17500000
6,5,11,25500000
6,5,10,21000000
6,5,10,22500000
0,0,2.7,4400000
5,5,10,18000000
6,6,1,47500000
7,5,1,46000000
7,5,10,20000000
7,5,10,22000000
4,3,5,11000000
6,5,10,21000000
6,5,1,32500000
3,2,5,10500000
4,3,10,42000000
5,4,10,21000000
6,4,8,17500000
3,2,5,11000000
3,2,5,10000000
4,3,8,13000000
6,5,1,63000000
6,5,1,40000000
4,3,5,19000000
4,3,5,13500000
6,5,10,22000000
4,3,5,11600000
7,5,8,18500000
6,5,10,23500000
6,5,10,23500000
5,5,10,16500000
4,3,5,11000000
3,3,3.5,7500000
4,3,5,11700000
4,3,5,11500000
4,3,5,12000000
5,5,1,47500000
7,5,10,23500000
7,5,1,45000000
4,3,5,11200000
6,5,10,22000000
7,5,10,22000000
3,2,10,35000
4,3,5,12200000
4,3,5,11100000
4,3,6,14000000
5,5,8,17000000
5,5,10,16500000
6,5,5,12500000
3,3,8,13000000
6,4,8,17500000
5,5,10,21000000
6,5,11,22000000
5,5,10,16000000
6,5,10,22500000
5,4,7,15000000
6,5,8,14000000
6,6,1,38000000
6,5,10,25000000
6,6,1,37500000
4,4,6,13000000
4,3,3.7,15500000
5,4,5,16000000
0,0,6,8000000
0,0,6,8000000
0,0,4,4500000
2,2,5,4200000
7,4,7,11500000
6,5,10,22000000
3,3,5,4200000
5,4,7,50000
3,2,12,35000
5,5,10,85000
3,3,3,6000000
2,2,5,11000000
5,5,10,12000000
1,1,3,2200000
5,4,11,23000000
6,4,11,22500000
5,4,10,22000000
6,4,11,25600000
6,5,10,18500000
6,5,10,16500000
6,5,10,17500000
6,5,10,17800000
6,5,10,19000000
6,5,10,16500000
6,5,10,18000000
6,5,10,18000000
7,5,1,65000000
7,5,11,25500000
5,4,8,17500000
6,5,10,16000000
6,5,10,16000000
7,5,10,25500000
7,5,1,49000000
3,3,3,8200000
3,3,6,13500000
3,3,8,16000000
3,3,9.6,16000000
2,2,16,20000000
2,2,2.8,800000
2,2,2.8,795000
2,2,2.8,790000
2,2,2.8,785000
2,2,2.8,780000
2,2,2.8,775000
2,2,2.8,770000
2,2,2.8,765000
2,2,2.8,760000
2,2,2.8,755000
2,2,2.8,750000
2,2,2.8,745000
2,2,2.8,740000
2,2,2.8,735000
2,2,2.8,730000
2,2,2.8,725000
2,2,2.8,720000
2,2,2.8,715000
2,2,2.8,710000
2,2,2.8,705000
2,2,2.8,700000
2,2,2.8,695000
2,2,2.8,690000
2,2,2.8,685000
2,2,2.8,680000
2,2,2.8,675000
2,2,2.8,670000
3,3,5,8000000
4,4,8.9,32500000
2,2,2.2,3650000
5,5,6,47500000
4,4,1.2,110000
3,3,7.1,80000
3,3,14,65000
2,2,6,25000
0,0,1,140000
2,3,5.1,28000
2,2,5,22000
2,2,3.2,24000
3,3,6.7,57000
2,2,2.4,27000
1,2,1.1,20000
6,4,7,14000000
3,3,6.1,2055000
4,4,14,22500000
3,3,5,1695000
3,4,7.6,2580000
8,7,1.1,145000000
2,2,3,3000000
6,6,12,24500000
8,7,10,22500000
0,5,6,27500000
0,4,14,66000
0,4,6,19500000
6,6,10.1,42500000
6,4,8,32500000
7,5,8,28000000
2,2,4.9,9064000
3,3,7.4,13900000
3,3,8,40000
4,3,1.3,130000
5,5,1,95000
5,5,1.3,180000
4,3,1,95000
4,3,12.2,80000
0,0,4,55000
2,3,1,50000
0,0,4,50000
8,7,1,300000
3,3,1,70000
8,7,1,310000
3,3,1,105000
7,7,1.1,260000
3,3,1,35000
3,3,10,50000
4,3,1,55000
2,3,3,10000
2,2,9.6,55000
3,3,1,45000
1,1,1.3,18000
2,2,12,35000
3,3,1,36000
6,5,10,17000000
6,5,10,17000000
6,5,10,16500000
6,5,10,17500000
6,5,10,19500000
6,5,1,30000000
6,5,1,38000000
6,5,2,160000000
5,4,10,38000000
4,4,10,35000000
6,5,10,17000000
6,5,10,18000000
1,2,5,3950000
6,5,10,17000000
6,5,10,18500000
6,5,10,26000000
5,4,10,18000000
6,5,1,46000000
6,4,8,17500000
5,4,10,16000000
2,2,3,1500000
4,3,5,19000000
7,6,1,47000000
6,5,1,49000000
4,3,5,22500000
4,4,10,33000000
4,3,5,14500000
2,2,3,1500000
5,5,8.2,17000000
5,4,10,21000000
7,5,1,45000000
7,5,1,45000000
5,4,10,25500000
6,5,11,27000000
5,4,10,17000000
5,5,1,27000000
5,5,1,24000000
5,5,1,16800000
4,3,5,11500000
4,3,5,11200000
4,3,5,12800000
4,3,5,10000000
5,4,10,16500000
0,0,6,8000000
0,0,5,11000000
0,0,5,10500000
0,0,7,15000000
0,0,5,9000000
0,0,5,8500000
0,0,1.1,27000000
2,5,4,5500000
1,2,3,3500000
7,5,14,25000000
7,6,15,29500000
8,6,6,11000000
1,1,2.7,35000
4,4,5,12500000
3,3,7,45000
0,0,10,26000
3,3,0.4,28000
3,3,10,30000
2,2,5,20000
3,3,10,35000
3,3,1,50000
3,3,12,75000
4,3,1,40000
4,3,1,55000
4,3,1,50000
4,3,1,50000
4,3,1,45000
5,4,10,17000000
5,4,10,17200000
4,3,5,12000000
5,4,7,18000000
4,3,5,12500000
3,4,1,21000000
4,3,5,11000000
3,4,1,21500000
2,2,10,14000000
5,5,1,27500000
5,5,1,29000000
5,5,1,22500000
5,5,1,29500000
3,4,1,23300000
5,4,10,16500000
4,3,5,10600000
4,3,5,11700000
4,4,10,22500000
6,5,1,40000000
5,4,5,14000000
3,4,1,22000000
3,4,1,22200000
3,4,1,23000000
3,4,1,23300000
3,4,1,21800000
4,4,10,34000000
3,3,10,14500000
3,3,10,13500000
5,5,1,43000000
5,5,1,56500000
3,3,10,12000000
5,5,1,55000000
4,4,10,35000000
5,5,1,59000000
5,5,1,62500000
3,4,1,22200000
5,5,1,54000000
5,5,1,45000000
0,5,8,14400000
0,5,8,12800000
0,3,4,9800000
0,3,4,9000000
0,3,4,10000000
0,3,4,10000000
0,3,4,8000000
0,3,4,8500000
0,3,4,8500000
4,3,8.9,39000000
1,1,4.8,6500000
2,2,4,4000000
2,2,4,9000000
3,3,5.8,8500000
3,5,6.4,12900000
0,0,4,6000000
1,2,4.8,2700000
3,3,6.2,13500000
4,3,8,32500000
3,3,5.3,7700000
3,3,5.3,9900000
2,2,4.4,7000000
3,3,5.6,6200000
6,6,16,45000000
4,4,8,28500000
5,4,11.6,34000000
3,3,5,13000000
3,3,5,13000000
3,3,5,13000000
3,3,5,13000000
3,3,5,13000000
3,3,5,13000000
3,3,5,13000000
3,3,5,13000000
3,3,5,13000000
3,3,5,8500000
3,3,5.3,9500000
2,2,4.7,8000000
5,4,1.2,150000000
0,0,3.3,3500000
4,5,8.7,15000000
2,2,4.4,8000000
5,5,4.8,19000000
2,2,16,15500000
3,3,6.9,35000
0,0,12,65000
3,3,8,35000
4,4,4.8,125000
6,5,1,275000
5,4,2,115000
7,6,1,315000
4,3,1,140000
5,4,1,130000
3,3,9.6,36000
2,2,4,25000
2,2,4,25000
2,2,4,25000
2,2,4,25000
2,2,12,85000
2,3,6,40000
2,3,6,40000
2,2,12,85000
2,3,6,40000
2,3,6,40000
2,2,1,75000
2,3,4.2,27000
2,3,6,35000
2,3,6,35000
2,3,6,35000
2,2,4,25000
2,2,4,25000
2,2,4,25000
5,4,13,175000
3,3,8,27000
1,1,3.3,6606000
3,3,5,20000000
4,4,6,22500000
2,2,5,10100000
5,4,6,25000000
4,4,9,28000000
3,3,7.4,15000000
4,4,5,35000
3,3,14.2,63000
0,0,2,750000
3,3,1,115000
0,0,1,180000
0,0,2,900000
0,0,2,880000
0,0,2,850000
2,2,5.6,43000
0,0,2,830000
0,0,2,800000
0,0,2,780000
3,2,5,20000
0,0,2,750000
3,2,5,20000
3,2,5,20000
3,2,5,21000
3,2,5,21000
3,2,5,21000
3,2,5,21000
3,2,5,22000
3,2,5,22000
3,2,5,22000
3,2,5,23000
3,2,5,23000
2,3,10.9,55000
0,0,1.3,700000
3,2,6,34000
3,2,6,34000
3,2,6,34000
3,3,1,80000
3,2,6,34000
3,2,6,35000
3,2,6,35000
3,2,6,35000
3,2,6,35000
3,2,6,36000
3,2,6,38000
3,2,6,46000
3,2,6,46000
3,2,6,46000
5,5,1,190000
0,3,3,6800000
0,0,4.2,11000000
5,5,1,60000000
5,5,1,55000000
5,5,1,65000000
5,5,1,70000000
5,5,1,75000000
5,5,1.5,80000000
5,5,1.5,75000000
5,5,1.5,80000000
5,5,1.2,90000000
5,5,1.2,90000000
5,5,1.2,110000000
5,5,2,150000000
2,2,10,14000000
5,4,10,19000000
5,5,2,100000000
5,5,2,130000000
5,4,10,19500000
5,5,3,180000000
5,5,3,180000000
5,5,3,180000000
5,5,3,200000000
1,1,2.5,4500000
5,5,3,200000000
4,3,5,10000000
5,5,4,200000000
5,5,4,200000000
6,6,6,350000000
6,6,6,350000000
6,6,8.5,550000000
2,2,3,3000000
2,2,6,3000000
6,6,7,17500000
5,5,1,60000000
6,5,10,19000000
7,5,10,20000000
0,2,5,5000000
0,1,8.5,42500000
0,1,9.4,42800000
0,1,4,18000000
4,4,10,33000000
4,4,10,18000000
4,3,5,11500000
4,4,10,21000000
4,3,5,16000000
4,3,5,12000000
7,5,10,19500000
7,5,12,24000000
5,4,10,25000000
0,2,3,4000000
0,2,3,7500000
0,2,1.6,96000000
0,8,2,6500000
0,2,2,5500000
0,3,3,7500000
0,3,7.5,8500000
0,3,1.5,4000000
0,2,1.5,4500000
0,4,5,11500000
0,5,6,11500000
0,4,5.5,7500000
0,5,10,22500000
0,4,5,8000000
0,0,5,11000000
0,2,3,3800000
3,2,5,6600000
0,2,4,4300000
0,2,5,5500000
0,2,5,5500000
0,4,6.5,7000000
0,0,6,4500000
0,2,5,3200000
4,3,1,50000
0,0,2.2,12000
0,1,0.4,6000
0,0,0.6,5000
0,2,2,10000
0,2,2.8,13000
0,2,3,14500
0,3,3,15000
0,3,4,16000
0,3,6,18000
0,3,6,20000
0,3,6,25000
0,3,7,35000
3,3,1,42000
3,3,1,40000
3,3,1,39000
3,3,1,37000
2,2,10,37000
2,2,10,35000
2,2,10,33000
2,2,10,31000
2,2,10,29000
2,2,5,29000
2,2,10,27000
2,2,7,25000
2,2,10,25000
2,2,10,23000
2,2,10,21000
2,2,10,32000
2,2,5,18000
2,2,10,30000
2,2,10,28000
2,2,10,26000
2,2,10,24000
2,2,10,22000
4,3,7,22000000
0,0,8,15500000
5,4,10,14800000
4,3,5,15500000
4,3,4,7600000
3,3,5,12000000
4,3,3,6200000
7,5,8,16500000
5,3,5,11000000
5,5,1,24500000
3,3,6.7,14000000
3,3,6.7,14000000
0,4,14.2,24000000
0,2,3.3,6500000
0,2,3.3,6500000
0,3,7.3,12500000
0,3,7.3,12000000
0,2,6.4,9500000
0,2,3.8,7000000
0,3,7.8,12000000
0,4,14.2,25000000
0,4,14.2,25000000
3,3,6.7,12500000
3,3,12.2,40000000
3,3,10.7,37000000
3,3,10.7,35000000
3,3,10.7,40000000
2,2,4.9,7500000
3,3,8,20500000
2,2,4,7000000
3,3,8,13000000
3,3,8,20000000
0,0,4,10000000
3,3,6,14500000
0,0,4,11000000
4,4,13.1,14500000
3,3,5.8,8500000
3,3,5.8,9000000
2,2,4.2,5600000
3,3,6.7,13000000
0,0,5.3,9200000
3,3,10,10500000
0,0,2.4,4000000
3,3,6,13000000
3,3,8,12500000
3,3,6,13000000
3,3,6,10000000
3,3,6,8500000
3,3,6,8500000
4,4,13.1,14500000
3,3,6,14500000
2,2,4,6500000
3,3,10,10500000
2,2,4.2,5600000
1,1,2.4,2650000
2,2,4,5000000
2,2,2.2,4500000
3,3,5.3,13000000
3,3,5,8400000
3,3,8,16000000
3,3,5,9000000
3,3,5,10500000
3,3,5,9000000
2,2,4.2,5200000
3,3,5,9500000
2,2,4.2,6500000
2,2,4.2,6000000
2,2,4.2,5500000
2,2,4.2,5000000
3,3,10.7,40000000
3,3,10.7,37000000
3,3,10.7,40000000
3,3,10.7,35000000
3,3,12.2,35500000
3,3,12.2,35500000
3,3,10.7,37000000
2,2,2.2,6500000
2,2,2.2,6500000
2,2,2.2,6500000
0,6,8,26000000
0,6,8,25000000
0,2,3.2,7500000
0,9,9.6,54000000
0,6,8.6,40000000
0,3,4.8,12500000
0,3,4.8,14500000
0,2,8,12500000
0,3,10,22500000
0,0,4.8,9500000
2,2,2,5400000
2,4,2.8,7500000
3,3,10.7,28000000
3,3,12.2,41000000
2,2,3.1,5200000
2,2,3.6,5500000
2,2,4.4,9500000
3,3,9.6,35000
3,3,6,40000
3,3,8,30000
2,2,4.2,20000
3,3,8,30000
3,3,5,25000
3,3,8,50000
3,3,6,40000
2,2,4.2,18000
0,0,10,11000000
0,0,10,13000000
0,0,10,14500000
0,0,10.9,13500000
0,0,5,10500000
0,0,5,10500000
0,0,10,13500000
0,0,5,8500000
10,10,12,150000
8,7,1,29500000
8,7,1,29900000
8,7,1,29700000
8,7,1,29800000
8,7,1,30000000
7,6,14,22000000
7,6,14,22200000
7,6,14,22600000
9,9,1.1,65000000
7,6,14,22000000
7,6,14,22500000
7,6,12,18500000
7,6,12,18200000
7,6,12,17800000
7,6,12,17500000
2,2,5,7000000
7,6,12,18000000
7,6,8,14400000
7,6,8,14100000
7,6,8,14600000
7,6,8,14200000
7,6,8,14500000
0,0,10,28000
0,0,10,27000
0,0,10,27000
0,0,10,55000
0,0,10,27000
0,0,1,40000
0,0,10,25000
0,0,10,25000
0,0,1,38000
0,0,1,38000
0,0,1.3,680000
0,0,1.3,630000
0,0,1.3,600000
6,5,2,300000
0,0,1.3,580000
2,2,4,15000
3,3,9,55000
0,0,1.3,550000
0,0,1.3,530000
4,4,4.4,54
3,3,14.2,75000
0,0,1.3,500000
9,8,1,1000000
0,0,1.3,480000
0,0,2,980000
4,4,2,250000
0,0,12,35000
3,3,1,200000
7,7,1,250000
0,0,2,930000
4,4,2,500000
0,0,2,900000
2,2,7,35000
3,3,12,40000
0,0,1,150000
9,8,1,1100000
0,0,2,890000
0,0,2,870000
3,3,1,70000
0,0,2,850000
2,2,10,25000
2,2,1.4,37000
10,11,3,600000
2,2,3.6,29000
0,0,2,800000
2,2,7,45000
0,0,7,60000
6,5,2,300000
0,0,1.3,750000
4,3,3,6300000
3,3,10,29500000
3,2,5,8600000
5,3,5,10800000
5,3,5,11800000
0,4,5,6000000
0,2,2.5,4500000
0,0,2.5,4500000
5,5,10,21000000
4,3,5,11200000
5,4,10,21000000
5,4,10,21000000
5,4,10,22500000
4,3,5,12500000
5,4,10,25000000
5,3,5,11000000
0,3,5,11200000
0,3,5,11800000
0,3,5,12200000
0,3,5,12800000
5,4,10,25000000
5,3,5,11300000
0,0,5,30000
6,6,2,105000000
0,2,7,11000000
0,4,5,10000000
0,3,3,6500000
0,3,7,11800000
0,6,4,13500000
0,2,4,6000000
0,4,4,5200000
0,4,5,8500000
0,4,5,11500000
0,4,5,10500000
0,3,4,8500000
0,2,2.5,9500000
0,4,2,12000000
0,4,2,12200000
0,4,5.5,11500000
0,3,4,6000000
0,2,4,6500000
0,3,3,7000000
0,0,2.7,4400000
0,0,4.1,10000000
0,0,10,8000000
0,0,10,9000000
0,0,10,12000000
0,0,10,14500000
0,0,10,14500000
0,0,10,15500000
0,0,10,15000000
0,0,10,12000000
0,0,10,12000000
0,0,10,12000000
0,2,3.5,4000000
4,4,7,7500000
4,3,1,50000
4,3,5,9500000
4,3,7,15000000
0,5,10,40000000
0,0,7.5,35000
2,2,5,25000
2,2,7,27000
2,2,10,20000
2,2,5,19000
2,2,7,33000
2,2,5,22000
2,2,7,31000
2,2,7,29000
2,2,5,27000
2,2,7,23000
2,2,5,20000
2,2,5,28000
2,2,7,19000
2,2,7,21000
2,2,5,23000
2,2,5,21000
2,2,5,26000
2,2,5,24000
3,2,10,23000
4,3,1,40000
4,3,1,75000
0,2,6,40000
0,8,10,170000
0,6,6,65000
0,2,7,45000
0,2,7,25000
0,2,7,47000
0,3,11,50000
0,3,5,30000
0,0,1.5,350000
0,0,2.5,450000
0,0,1.5,300000
0,0,1,200000
0,0,1.5,300000
0,0,1.5,500000
0,9,7,150000
0,9,7,150000
4,3,5,9100000
5,5,10,18000000
6,6,1,45000000
4,3,6.1,9200000
5,4,14,14500000
2,2,4.2,4500000
3,3,8,7000000
4,3,5,5000000
4,3,8,11000000
0,0,8.9,24000000
0,0,12,87500000
0,0,11,65000000
0,0,8,55000000
0,0,13.3,60000000
4,4,4.6,18000000
0,0,9.4,75000000
2,2,4.2,8000000
2,2,4.2,6100000
3,3,12.2,37000000
2,2,4.2,6000000
3,3,12.2,28000000
3,3,6,15200000
5,5,9.4,19000000
3,3,6,15000000
3,3,6,14300000
3,3,6,14100000
3,3,6,14800000
3,3,6,14700000
3,3,6,14500000
3,3,6,14500000
3,3,6,14000000
2,2,4.2,6200000
3,3,5.2,10500000
2,2,4.4,9500000
2,2,4.2,9500000
2,2,4.2,8000000
2,2,4.2,650000
6,6,5,21000000
2,2,4.2,4600000
2,2,4,3000000
2,2,4.6,8000000
2,2,4.6,7500000
2,2,4.6,7500000
2,2,3.4,6000000
2,2,4.8,6000000
3,4,5.6,24000000
2,2,3.6,4500000
2,2,3.6,4700000
3,6,9.6,22500000
2,4,4.8,14500000
2,2,4.6,6500000
4,3,6.1,35000
4,3,8,45000
2,2,4.2,18000
2,2,4.2,20000
4,3,5,22000
4,3,8,28000
4,3,8,26000
2,2,4.2,40000
0,0,5,6500000
3,2,4,6300000
0,5,10,16500000
0,4,7,15500000
0,4,6,14000000
2,2,5,7000000
0,0,12,30000000
0,4,5,13000000
0,4,5,12500000
0,4,5,13500000
0,4,5,12000000
6,4,8,19500000
1,1,3.7,5800000
0,0,1.3,730000
0,0,7,65000
10,9,2,1000000
0,0,1.3,700000
2,2,2.7,30000
0,0,12,85000
0,0,1.3,680000
1,1,3,20000
8,7,2,1800000
2,2,8,33000
2,2,8,33000
2,2,8,33000
4,4,2,450000
4,4,1,70000
4,4,1,70000
2,2,8,35000
0,0,12,85000
2,2,8,35000
3,3,14,45000
10,9,2,1600000
3,3,14,45000
8,7,1,135000
8,7,1,500000
2,2,4,25000
3,4,10.9,75000
8,7,1,135000
5,5,8,65000
5,5,8,65000
8,7,1,500000
6,6,14,90000
6,6,14,90000
10,10,1,1000000
6,5,1,400000
4,4,1,100000
9,8,1,450000
4,3,5,11000000
6,5,10,22000000
5,5,10,16500000
4,3,5,9000000
0,4,5,12500000
0,6,10,35000000
0,3,3,8000000
0,3,3,9000000
0,3,3,9000000
0,4,12,24000000
0,5,5,14000000
0,3,5,11000000
0,3,5,12000000
0,3,5,13500000
0,3,5,12500000
0,3,5,13000000
0,3,5,9000000
0,3,5,9500000
0,3,5,10000000
0,3,5,10500000
0,3,5,11000000
6,5,10,20500000
5,4,1,51000000
4,3,5,10400000
4,3,8,13000000
4,3,6,8800000
5,5,1,59000000
5,3,5,10700000
6,5,10,22000000
2,1,2.5,2350000
5,5,1,52500000
1,1,2.1,5000000
4,3,8,12800000
4,3,5,10800000
6,5,10,22000000
5,5,8,17000000
5,5,1,50000000
6,5,12,21500000
6,5,11,22000000
7,5,10,16800000
3,3,7.5,15000000
6,5,10,21000000
7,5,10,20500000
7,5,10,19500000
4,4,10,24500000
7,5,10,17600000
4,4,10,25000000
6,5,10,23500000
3,3,5,11000000
3,3,5,11000000
4,4,5,10500000
3,3,5,11000000
4,4,5,10500000
5,5,10,17500000
5,5,10,17500000
4,4,7,14800000
5,5,10,19000000
5,5,17,40000000
6,5,10,20000000
6,8,12,13500000
2,2,3,3300000
2,2,5,5300000
0,2,5,5500000
0,2,5,5500000
6,5,10,25000000
0,4,4,4000000
0,2,5,4000000
0,2,10,7500000
0,2,5,4000000
0,2,2.2,1500000
0,4,10,15000000
0,6,10,13000000
0,4,10,12000000
0,2,5,3800000
2,3,6.3,8500000
4,4,14,14000000
3,3,6.4,15500000
4,4,4.8,31000000
8,7,12,42500000
2,2,4.4,8000000
6,6,9.6,29900000
6,6,9.6,29800000
6,6,9.6,29700000
6,6,9.6,29600000
6,6,9.6,29500000
4,4,4.8,18500000
6,6,9.6,29400000
6,6,9.6,29300000
6,6,9.6,29200000
6,6,9.6,29100000
1,4,3.8,5450000
6,6,9.6,28500000
6,6,9.6,28800000
6,6,9.6,26800000
6,6,9.6,26600000
6,6,9.6,26500000
6,6,9.6,26400000
6,6,9.6,26300000
6,6,9.6,28700000
6,6,9.6,26200000
6,6,9.6,27000000
2,2,3.1,4000000
6,6,9.6,26100000
6,6,9.6,27800000
6,6,9.6,27900000
6,6,9.6,27200000
6,6,9.6,25700000
6,6,9.6,25600000
6,6,9.6,25800000
6,6,9.6,25500000
6,6,9.6,26000000
6,6,9.6,25900000
6,6,9.6,25300000
6,6,9.6,25400000
6,6,9.6,27300000
6,6,9.6,25200000
6,6,9.6,25100000
6,6,9.6,27700000
6,6,9.6,27400000
3,3,8,10800000
6,6,9.6,27600000
6,6,9.6,28600000
6,6,9.6,25000000
6,6,9.6,27500000
0,2,3.6,16000
0,3,5.6,32000
0,2,3.6,16000
0,3,5.6,32000
0,2,3.8,10000
4,3,6.1,35000
4,3,8,45000
2,2,4.2,18000
4,3,8,28000
2,2,4.2,20000
2,2,4.2,22000
4,3,8,26000
4,3,5,22000
0,0,4,39500000
0,0,4,45000000
0,0,1,44000000
3,2,4.9,5200000
0,0,4,42000000
0,0,5,13000000
0,0,3,7000000
0,0,5,8700000
0,0,5,53000000
4,4,5,15000000
0,1,2.6,20000000
0,3,7.8,32000000
0,3,9.3,39000000
2,2,5,3100000
8,6,10.9,110000
3,3,14.2,70000
9,8,1,600000
6,5,2,450000
7,6,1,450000
0,0,1.3,650000
3,3,14.2,65000
4,3,10.9,45000
8,7,2,2000000
7,6,2,380000
4,3,1.2,95000
0,0,1.3,600000
0,1,2.6,95000
0,3,7.8,165000
0,3,9.3,185000
0,4,16.7,250000
0,1,2.6,100000
0,3,7.8,165000
0,3,10.7,120000
0,3,9.3,185000
4,4,1.3,95000
0,0,1.3,12000
6,5,1,195000
0,0,1.3,550000
0,0,3.1,17000
0,0,1.3,500000
4,3,10.9,50000
0,0,1.3,480000
7,6,1,35000000
4,3,8,12700000
5,5,10,17500000
4,4,5,10500000
6,5,8,14000000
6,6,1,38000000
2,4,2,25000000
6,5,12,24000000
0,0,2.5,6500000
0,3,2.5,6500000
0,3,2.5,6500000
0,4,2.5,6500000
0,4,2.5,5000000
0,3,3,7500000
0,3,2.5,6000000
0,3,2,5000000
0,3,3,8000000
0,3,3,6500000
0,3,3,6500000
0,0,10,17000000
0,0,10,17000000
0,0,5,8500000
0,3,3,6000000
0,3,3,5500000
3,3,5,12000000
4,3,5,13500000
6,5,10,22500000
5,5,10,17500000
5,5,10,16000000
6,5,11,23500000
5,4,7,15000000
6,5,10,16500000
5,5,10,20000000
6,5,10,20500000
4,3,5,11500000
6,5,10,22000000
6,5,11,22000000
6,6,1,45000000
5,4,8,14000000
6,5,10,25000000
6,5,10,22500000
6,5,10,20000000
7,6,1,33500000
6,6,1,52500000
5,5,10,17500000
6,5,11,24500000
6,5,11,25500000
6,5,10,22500000
6,5,8,17500000
0,0,10,23500000
0,0,5,13500000
6,5,10,18500000
0,0,1,47500000
6,5,10,21000000
6,5,11,20000000
6,6,4,165000000
7,5,10,14700000
3,3,10,18000000
5,5,1,41500000
0,5,5,17500000
0,3,5.5,16000000
0,4,7,23000000
0,3,2,7800000
4,4,10,32500000
5,5,1,52500000
2,4,2,4600000
6,5,10,25000000
6,5,10,23500000
7,6,16,28000000
4,3,5,13000000
5,5,1,52500000
1,1,3.5,16700000
0,0,3,2500000
0,0,14,16500000
0,0,5.5,11000000
0,0,5,9000000
0,0,5,9000000
0,4,4.5,12000000
0,0,1.5,4500000
0,4,5,11500000
0,0,8.8,11000000
0,5,7,14500000
5,5,18,40000000
0,0,7,14500000
0,5,7,14500000
0,2,3.8,3000000
0,2,3.8,3000000
0,0,3,5800000
0,0,10,15500000
0,0,4,3800000
0,0,4.5,9500000
0,2,3,3700000
0,4,6,7300000
0,2,2,3200000
0,0,4,5500000
3,2,5,5200000
3,2,5,5200000
1,1,2.2,717000
5,5,10,20000000
4,4,5,8000000
0,0,6,20000
0,0,6,22000
0,0,7,24000
3,3,10,35000
0,0,6,30000
0,2,5,35000
0,4,4,50000
0,4,4.5,215000
0,2,5,40000
3,3,8,11500000
6,6,9.6,28400000
6,6,9.6,26700000
6,6,9.6,28000000
6,6,9.6,26900000
3,3,8,9900000
6,6,9.6,27100000
6,6,9.6,28300000
3,3,8,12200000
3,3,8,12500000
6,6,9.6,28200000
6,6,9.6,28100000
3,3,9.4,9000000
4,4,9.8,32000000
4,4,8.9,32000000
6,6,9,60000000
4,4,1,45000000
3,3,5,8500000
3,3,8,13000000
3,3,8,19200000
3,3,8,17400000
4,4,14,17000000
3,3,8,14500000
3,3,14,14000000
6,6,9.6,29000000
6,6,9.6,28900000
3,3,8,5500000
6,6,16,59000000
3,3,9.4,9000000
3,3,8,7250000
4,3,8,9800000
2,2,4.2,4700000
4,3,8,8500000
4,3,5,5000000
4,3,8,10700000
3,3,8,7200000
5,5,8,32500000
3,4,2,85000000
4,4,14,14000000
2,2,4.2,4000000
6,6,9.6,25000000
2,4,4.8,7800000
7,6,9.6,27000000
0,5,12,62500000
0,4,12,71000000
0,3,7.8,21000000
0,4,12,57500000
3,4,6.4,9700000
4,4,4.8,20000000
3,3,7.1,4700000
2,3,5.6,7700000
2,2,4,11000000
3,6,16,45000000
3,6,12,35000000
4,8,16,55000000
3,6,12,42500000
3,6,16,50000000
2,4,1,42500000
3,3,7.1,85000
2,2,5.6,60000
2,2,12,70000
4,4,1.4,120000
0,6,1,220000
0,3,12,95000
0,2,8,75000
0,2,12,70000
0,2,1,70000
0,2,1,65000
0,4,10,250000
0,3,7.8,75000
0,0,11.5,28000000
0,2,4.9,16000000
0,5,8,27000000
0,5,10.9,37000000
0,0,10.9,32500000
0,0,4.4,15000000
0,0,4.4,16500000
0,0,8,25000000
0,0,8,31500000
0,0,8,25500000
1,1,3.4,1700000
2,2,5.8,8200000
0,0,8,7000000
0,0,8,7000000
0,0,8,7000000
0,0,8,7100000
0,0,8,7100000
0,0,8,7200000
0,0,8,7200000
0,0,8,7300000
6,5,10.9,23500000
0,0,8,7300000
0,0,8,7400000
0,0,8,7400000
1,1,3.3,7400000
0,10,2,150000000
0,4,6,11500000
5,5,6.7,22500000
2,2,6,32000
0,0,3.6,17000
0,0,1.3,450000
1,1,0.6,12000
8,7,2,275000
0,0,12,33000
0,0,2,750000
6,6,14,90000
4,4,8,65000
0,0,2,700000
2,2,8,28000
0,0,1.3,650000
2,2,8,30000
1,1,2.9,18000
3,3,14,40000
0,0,1.3,650000
3,3,14,45000
2,2,4.4,25000
0,0,1.3,650000
0,0,3.1,18000
7,6,1,500000
0,0,1.3,620000
3,3,1,50000
3,2,5,35000
3,3,1,50000
0,0,1.3,600000
10,10,1,1000000
0,0,8,85000
0,0,4.4,55000
0,0,14.2,55000
0,0,10.9,45000
0,0,8,48000
0,0,10.9,110000
0,0,14.2,125000
2,2,8,30000
0,0,1.3,580000
2,2,8,30000
2,2,6.7,60000
0,0,1.3,550000
4,4,1,55000
8,7,2,1800000
2,2,2.7,17000
8,7,2,300000
0,0,1.3,530000
6,5,1,500000
3,3,14,45000
6,6,8,55000
0,0,1.3,500000
4,4,1,55000
0,0,1.3,480000
3,3,14,40000
3,3,4,200000
6,4,10,50000
2,2,8,28000
4,4,1,90000
2,2,8,29000
0,0,1.3,450000
2,2,8,38000
0,2,5,35000
0,4,5,75000
0,3,7,50000
0,3,7,45000
0,6,7,95000
0,2,5,35000
0,3,7,45000
0,3,7,40000
4,3,1,60000
6,5,10,65000
1,1,3,10000
4,4,7,50000
8,7,1,140000
3,3,10,12000000
2,2,2,3500000
7,6,1.2,71500000
4,3,5,10500000
4,3,5,12200000
4,3,5,10500000
5,5,1,67000000
0,5,2.5,120000000
0,7,4,210000000
3,3,10,20500000
4,4,8,13000000
5,4,9,16500000
4,4,12,18000000
5,4,10,21000000
3,3,10,11300000
5,4,5,11800000
4,4,10,34000000
5,4,10,32500000
3,3,10,113000000
3,3,5,19500000
0,2,10,24000000
0,5,10,28500000
0,5,8,21000000
0,4,7,18500000
0,0,15,28500000
0,3,2.5,6300000
0,4,4.5,12500000
0,5,5,14000000
0,0,5,9500000
0,0,10,70000000
0,3,3.5,9000000
0,3,4,13000000
0,3,4,13000000
0,2,1,2900000
0,2,1,2900000
0,3,2.8,7500000
0,3,3.5,9000000
0,3,1.8,4000000
0,2,1.5,4000000
0,2,1.5,4000000
0,0,5,9500000
4,3,3,7000000
6,5,1,43000000
6,5,1,45000000
0,0,4,6500000
0,0,4,6500000
0,0,4,6500000
0,0,4,6500000
0,0,4,6500000
0,0,4,6500000
0,0,4,6500000
0,0,4,6500000
7,7,1,37500000
0,1,2.4,3480000
0,2,3.3,5000000
0,1,2.4,3746000
0,1,2.4,3731000
0,1,2.4,3480000
0,2,3.3,5000000
0,1,2.4,3746000
0,1,2.4,3731000
3,2,10,9000000
3,2,6,6400000
5,5,16.5,21000000
4,4,10,17000000
0,2,3,1300000
0,2,3,2600000
0,3,5,5000000
0,4,3,3800000
0,5,5,7000000
0,0,5,3000000
0,4,5,6000000
0,4,2,4000000
0,4,5.5,15000000
0,4,2,6500000
4,4,5,7000000
3,3,10,9000000
2,2,2.8,4000000
0,4,5,5600000
0,2,5,4700000
0,6,11,14000000
0,2,6,5800000
0,5,10,9000000
0,5,10,9000000
0,3,10,9000000
0,2,5,4900000
0,4,4.2,6500000
0,3,7,6800000
0,2,2.5,2500000
0,2,3.2,3500000
3,3,6.3,1979000
5,5,10,16000000
2,2,7,7500000
0,5,10,26000000
0,5,10,22500000
9,8,1,230000
3,6,9.6,32500000
2,2,4.2,4500000
3,3,6.7,12500000
2,2,4.7,6500000
5,4,4.8,17000000
2,3,2,3500000
0,0,3.4,4500000
0,0,3.4,4500000
0,0,4.8,4800000
0,0,4.8,4800000
0,0,3.4,4500000
0,0,3.4,4500000
0,0,4.8,4800000
0,0,4.8,4800000
2,3,1.6,4000000
3,3,8,20500000
2,2,4.2,12000000
3,3,8,20000000
3,3,8,19500000
3,3,8,19000000
3,3,8,18500000
3,3,6,14500000
2,3,2.4,2700000
3,3,6,14200000
3,3,6,14000000
3,3,6,13800000
3,3,6,13500000
3,3,2.8,6500000
1,1,2,2100000
1,1,2,2100000
1,1,2,2100000
1,1,2,2100000
1,1,2,2100000
2,2,3.3,2800000
2,2,3.3,2800000
2,2,3.3,2800000
2,2,3.3,2800000
2,2,3.3,2800000
2,2,4,4300000
2,2,4,4300000
2,2,4,4300000
2,2,4,4300000
2,2,4,4300000
2,2,4,4500000
4,4,14.2,200000
4,3,8,35000
5,4,11.8,40000
4,3,8,50000
4,3,6,25000
0,4,12,200000
0,3,4,110000
0,2,4.2,45000
0,2,4.2,40000
0,2,4.2,40000
0,3,14.5,200000
0,3,14.5,200000
0,3,1,130000
0,5,1,300000
0,5,1,250000
0,5,1,300000
0,5,1,300000
0,5,1,270000
0,6,1,300000
0,3,4,110000
0,5,1,250000
0,5,1,280000
0,0,8,7500000
0,0,8,7500000
0,0,8,7600000
0,0,8,7600000
0,0,8,7700000
0,0,8,7700000
0,0,8,7800000
0,0,8,7800000
0,0,8,7900000
0,0,8,7900000
0,0,8,5600000
0,0,8,5600000
0,0,8,5700000
0,0,8,5700000
8,7,2,80000000
0,0,8,5800000
0,0,8,5800000
0,0,8,5900000
0,0,8,5900000
0,0,8,6000000
5,4,1.1,37500000
8,8,1,80000000
5,5,10,27500000
8,8,1,100000000
5,5,1,40000000
2,2,4,6750000
3,3,14.2,42500000
0,0,5,3300000
0,0,5,3300000
0,0,5,3400000
0,0,5,3400000
0,0,5,3500000
0,0,5,3500000
0,0,5,3600000
2,2,4.6,8336000
0,0,5,3600000
2,2,8,30000
0,0,1.1,8000
2,2,1,150000
0,0,1.3,430000
2,2,8,30000
3,3,1.1,75000
3,3,14,40000
0,0,1.3,400000
2,2,10,20000
3,3,14,40000
2,1,5.6,27000
0,0,1.3,350000
6,5,8,80000
3,3,10,40000
6,6,14,80000
5,4,1.3,300000
3,2,10,42000
7,6,1,200000
0,0,1,300000
3,3,1,70000
8,7,4,600000
5,7,14.2,150000
0,0,1,280000
0,0,1,250000
4,4,10,280000
0,0,1,230000
0,9,14.2,200000
3,3,12,40000
0,0,1,200000
0,0,1.1,7000
4,6,14.2,130000
2,2,3.6,24000
3,3,18,55000
7,6,1.2,300000
4,4,4,50000
4,4,4,50000
5,5,7,75000
5,5,7,80000
6,6,10,85000
6,6,10,90000
6,6,12,100000
6,6,12,110000
6,6,1,120000
6,6,1,130000
4,3,10.9,43000
4,4,4,55000
4,4,4,53000
5,5,7,78000
5,5,7,80000
3,3,12,65000
6,6,10,78000
6,6,10,90000
6,6,12,90000
6,6,12,93000
6,6,1,110000
6,6,1,120000
2,2,4,25000
2,2,4,25000
3,3,7,40000
3,3,1,45000
3,3,7,40000
3,3,10,45000
3,3,10,45000
0,0,1,150000
3,3,12,47000
3,3,12,48000
3,3,1,60000
3,3,1,65000
2,2,4,25000
2,2,4,26000
3,3,12,55000
3,3,7,37000
3,3,7,38000
2,2,5,25000
0,2,5,22000
0,2,3,15000
0,2,5,25000
0,3,7,30000
0,2,5,24000
0,4,5,48000
0,2,5,28000
0,2,3,18000
0,2,4,20000
0,4,5,55000
0,2,5,23000
0,3,7,35000
0,2,4,19000
0,0,5,20000
0,0,5,24000
0,0,5,26000
0,0,5,22000
0,0,5,28000
0,0,5,29000
0,0,5,30000
0,0,5,32000
3,3,1,50000
0,0,5,34000
0,0,5,33000
0,0,5,17000
0,0,5,19000
0,0,5,21000
0,0,5,23000
0,0,5,25000
0,0,5,15000
0,0,5,18000
0,0,5,20000
0,0,5,22000
0,0,5,19000
0,4,1,28000
0,5,10,42000
3,3,5,19500000
5,4,10,25000000
0,0,1,29500000
0,0,4,150000000
0,0,5,9500000
0,6,1,40000000
0,0,2,75000000
4,4,10,38500000
3,3,3,6500000
4,3,5,15500000
4,4,10,28000000
4,4,1,70000000
4,4,17,36500000
3,3,6,22000000
6,6,3,185000000
0,0,3,4500000
0,0,3,4800000
5,5,10,32000000
2,2,4,4500000
0,5,10,25000000
0,5,10,25000000
0,4,10,19000000
5,5,1,82500000
7,7,1.3,72500000
4,3,5,16500000
6,5,1,43500000
4,4,10,40000000
5,5,1,55000000
4,3,5,19000000
7,5,1,54000000
7,5,1.1,42500000
5,4,10,42000000
6,5,8,17000000
5,4,10,39000000
7,6,10,16000000
4,4,10,26000000
3,3,3,5500000
5,4,7,22000000
2,2,5,5200000
6,5,10,15000000
5,4,7,9800000
6,6,1.1,40000000
5,4,5,6000000
3,2,5,3500000
4,4,4,3300000
0,0,4,20500000
0,0,3.5,12000000
0,0,10,17000000
0,7,10,19000000
2,2,5,4000000
2,2,5,4000000
0,0,5,12000000
5,4,11,11500000
0,0,2.4,4000000
0,0,2.4,4000000
0,0,1.6,3000000
9,0,9.8,33500000
6,6,9.6,27000000
3,4,1.1,85000000
3,5,2,180000000
3,5,1,110000000
0,0,1,95000000
3,5,1,85000000
0,0,1.2,77500000
0,0,1,120000000
3,3,1,85000000
3,4,1,85000000
3,4,1.2,90000000
3,4,16,85000000
0,0,4.8,7000000
0,0,4.8,17000000
0,0,4.8,14500000
0,0,4.8,27500000
0,0,4.8,15500000
0,0,4.8,6500000
0,0,4.8,15000000
0,0,5.8,17500000
0,0,4.8,21000000
0,0,2.4,3000000
6,6,11.5,23000000
0,8,2,148000000
0,0,9.6,40000
0,3,4.8,30000
0,2,4.8,30000
0,3,4.8,30000
0,3,6,32000
0,0,9.6,40000
0,3,4.8,20000
0,3,4.8,30000
4,3,7.1,80000
2,2,4,45000
2,2,2,25000
2,2,4.2,18000
4,3,6.1,35000
2,2,4.2,20000
4,3,8,45000
4,3,5,22000
4,3,8,28000
4,3,8,26000
2,2,4.2,22000
3,3,1.2,95000
0,0,1.2,70000
3,3,8,75000
3,3,1,170000
3,5,1,215000
3,3,5,60000
7,6,2,400000
3,3,8.4,70000
3,3,1,130000
3,3,10,43000
0,0,2.2,90000
3,3,10,45000
3,3,12,50000
3,3,12,52000
3,3,7,34000
2,2,4,25000
2,2,4,24000
2,2,4,25000
0,0,5,3700000
0,0,5,3700000
0,0,5,3700000
0,0,5,3700000
0,0,5,3800000
0,0,5,3800000
0,0,5,3900000
0,0,5,3900000
0,0,5,4000000
0,0,5,4000000
0,0,5,4100000
0,0,5,4100000
0,0,5,2700000
0,0,5,2700000
5,5,1,32500000
0,0,5,2800000
0,0,5,2800000
0,0,5,2900000
0,0,5,2900000
0,0,5,3000000
0,0,5,3000000
0,0,5,3100000
2,2,7.1,5700000
0,0,5,3100000
0,0,1.6,1800000
3,3,7,38000
3,3,7,39000
3,3,10,43000
3,3,10,44000
3,3,12,52000
3,3,12,51000
3,3,1,63000
3,3,1,62000
3,3,1.3,80000
6,5,1.1,250000
0,0,4.4,24000
0,0,5,20000
0,0,3.5,17000
0,0,5,15000
0,0,5,10000
0,0,2.5,10000
0,0,3.5,16000
0,0,3,15000
0,0,2.5,18000
0,0,2.5,10000
0,0,2.5,12000
0,0,2.5,15000
0,0,3,18000
0,0,3,18000
0,0,3,20000
0,0,5,22000
0,0,5,25000
0,0,3,23000
0,0,2.5,15000
0,0,3,23000
0,0,5,30000
4,4,8,40000
2,2,12,33000
3,3,12,45000
2,2,10,35000
0,8,8,95000
0,4,8,45000
0,4,8,43000
0,3,7,60000
0,3,7,40000
0,1,0.5,13000
0,14,1,650000
0,2,10,36000
0,12,1.5,500000
0,28,2,1300000
0,28,2,1300000
3,3,1,100000
4,3,12.4,45000
5,5,2,170000000
5,5,1,75000000
5,4,7,22500000
5,5,1,82500000
6,5,2,190000000
4,4,1,58000000
0,5,12,21000000
0,5,12,19000000
0,5,10,20000000
0,3,6.5,15000000
0,3,5,9500000
0,3,5,10000000
0,3,5,12000000
0,5,6.5,15000000
0,5,10,21000000
0,5,10,23000000
0,3,5,9500000
0,3,5,10500000
0,3,5.5,13500000
0,4,9,22500000
0,3,1,23500000
0,3,15,22000000
4,4,1,80000000
4,3,5,11000000
5,5,1,88000000
7,6,25,69000000
7,6,10,27500000
4,4,12,28000000
5,5,10,24000000
6,5,10,21000000
4,4,10,13000000
5,5,7,15500000
6,5,10,23500000
7,7,1,29000000
5,4,5,12500000
2,3,5,8000000
5,4,10,42500000
7,7,1,29000000
7,6,1,61000000
8,6,1,85000000
7,6,1,79000000
6,5,2,72000000
6,5,2,110000000
5,4,12,16000000
5,4,10,21000000
4,4,14,29000000
6,5,2,190000000
3,3,5,11500000
7,6,1.6,54900000
0,0,1.5,100000000
4,4,10,32500000
4,4,16,32000000
6,5,1,29000000
5,5,1,31000000
5,5,1,32500000
3,3,5,11500000
3,3,5,11500000
6,5,1,36000000
3,3,1,28000000
4,5,2,6000000
4,4,3,6500000
4,5,4,9500000
4,4,3,7500000
4,4,3,7500000
6,5,10,23500000
0,0,6,13000000
0,0,4.6,200000000
0,0,5.5,5300000
0,0,1,15000000
0,0,2.5,4500000
0,0,5,6500000
1,1,2.8,5000000
4,4,4,6500000
4,4,3.6,6500000
3,2,10,9000000
3,2,10,6800000
4,3,11,8500000
4,3,11,8500000
3,3,10,8500000
4,4,5,9000000
2,2,5,4500000
4,4,6,6800000
2,2,6,6000000
2,2,5,4500000
2,2,5,5500000
2,2,5,4500000
2,2,5,4500000
5,5,10,27000000
4,2,12,17000000
2,2,5,3500000
5,5,1.6,39000000
4,3,8.2,28000000
2,2,4.2,6800000
6,6,1.5,120000000
0,0,2.7,4700000
0,0,6.2,16000000
0,0,4.8,7100000
0,0,4.8,13600000
0,0,4.8,16100000
0,0,2.7,4100000
0,0,3.6,5100000
0,0,4.8,11000000
0,0,4.8,3600000
2,2,4.2,2200000
6,6,12,70000000
0,3,14.5,64000000
0,4,16.7,76500000
0,3,14.5,65000000
3,3,6.2,13000000
2,4,2.2,5500000
3,8,4,10000000
2,2,2,9500000
2,4,4,11000000
3,3,4,5500000
5,5,1,140000000
5,5,1,120000000
5,5,1,120000000
3,3,4,35000000
5,5,4,35000000
3,3,4,36000000
4,4,4,35000000
2,2,4.4,8500000
4,3,5.8,9200000
0,3,2.4,1600000
2,4,4,40500000
5,5,1,115000000
4,4,1,225000
6,5,1,325000
4,4,10,90000
3,3,1,135000
3,3,9.6,42000
3,3,6.4,48000
7,6,2,895000
0,3,14.5,180000
0,4,16.7,200000
0,4,16.7,190000
0,3,14.5,220000
0,4,16.7,260000
0,4,1.2,350000
0,6,1,275000
0,6,1,250000
0,3,4.4,60000
0,4,5.3,65000
0,4,1,250000
0,4,10,250000
0,3,14.5,185000
0,4,16.7,225000
0,3,14.5,185000
0,4,1.2,350000
3,3,6,40000
2,2,4.2,38000
2,2,4.2,40000
2,2,4.2,45000
2,2,4.2,45000
3,3,8,70000
3,3,14.2,180000
3,3,14.2,180000
3,3,14.2,180000
3,3,1,130000
2,2,1,100000
3,3,12,90000
5,5,1,220000
5,5,1,225000
6,6,1,315000
0,0,4.2,45000
2,2,4.2,40000
2,2,1.8,20000
3,3,1.3,250000
4,4,12,75000
2,2,7.3,30000
6,5,1.2,300000
4,4,6,95000
6,4,10,50000
6,6,18,200000
8,6,14.2,115000
4,4,1,75000
6,5,2.1,220000
1,1,2,30000
5,5,12,130000
6,5,1,270000
3,3,1,45000
5,3,14.2,48000
5,4,4.4,50000
3,2,4.4,25000
3,3,1,55000
0,0,5.6,26000
3,3,10,28000
3,3,12,65000
3,2,10,25000
0,0,5,35000
8,6,14,88000
2,2,4.4,25000
1,2,3.1,26000
3,3,14,65000
4,4,8,60000
4,3,8,7500000
4,3,8,6200000
4,3,8,4500000
0,0,5,45000000
2,2,5,3600000
3,3,6.1,15500000
2,2,5,2800000
2,2,5,2300000
8,6,1,45000000
4,3,5,10000000
0,6,8.5,16800000
1,1,2,6400000
0,0,5,25000
0,0,7,35000
0,0,5,25000
0,0,7,36000
0,0,5,35000
0,0,5,33000
0,0,7,45000
0,0,7,42000
0,0,10,58000
0,0,10,60000
0,0,5,34000
0,0,5,36000
0,0,7,45000
0,0,7,42000
0,0,10,58000
0,0,10,60000
0,0,5,35000
0,0,5,33000
0,0,7,45000
0,0,7,42000
3,2,7,22000
6,6,7,43000
9,9,12,150000
2,2,5,17000
2,2,7,25000
2,3,9.3,35000
3,3,8,80000
7,5,10,16400000
7,5,10,18000000
7,5,10,16800000
10,9,3,395000000
5,5,2,130000000
7,5,10,19500000
0,0,8,15500000
7,5,10,16600000
5,5,1,49000000
6,5,4,300000000
7,5,10,17900000
5,4,7,22500000
6,5,1,63500000
6,5,1,43500000
5,4,10,32000000
5,5,2,140000000
6,5,1,53500000
5,5,1,36000000
6,5,1,40000000
7,5,11,25500000
4,4,10,32500000
7,5,10,22000000
0,1,2.9,3350000
6,5,1,49000000
0,2,4.2,4750000
6,6,10,16000000
7,5,10,18200000
6,5,1,59500000
5,5,5,12000000
4,4,1,36000000
6,5,1,45000000
3,3,5,20000000
7,6,1,105000000
7,5,10,17000000
6,6,1,36000000
6,6,5,11500000
6,5,1,82500000
3,3,3,5500000
7,5,10,16800000
7,5,10,20000000
3,3,1,33500000
3,3,7,18000000
5,5,1,40000000
3,3,6,14500000
3,3,1,32500000
7,5,10,17200000
6,5,1,59000000
0,3,5,11000000
0,5,5,16500000
0,5,5,16500000
0,3,5,12500000
0,4,5,13000000
0,4,8,19500000
0,4,1,45000000
0,5,10,33000000
0,5,10,33000000
0,6,12,34000000
6,5,5,16500000
6,5,5,11500000
0,3,5,9800000
7,5,10,17100000
4,3,7,21500000
4,3,5,12500000
6,5,1,82500000
6,5,1,46500000
0,4,5,12200000
3,3,5,14500000
5,4,10,18000000
4,3,9,13500000
3,3,5,20000000
7,6,1,105000000
3,3,5,14500000
7,5,12,24900000
3,3,5,16000000
0,0,8.3,15000000
0,0,11,40000000
0,0,3,5700000
0,0,7,7500000
0,0,5,6700000
0,0,5.3,45000000
0,0,5,4500000
0,0,6.5,6500000
0,0,5,4515000
0,0,5,4825000
0,0,5,7000000
0,6,12,25500000
0,0,4,40000000
4,4,5,10500000
4,2,3.6,2800000
0,0,5,50000000
0,0,5,20000000
0,0,7,25000000
0,0,7,25000000
5,5,1,92500000
4,4,1,94000000
5,5,1,90000000
3,3,7.6,24000000
2,2,5.3,11000000
3,3,8,33500000
7,6,1,140000000
3,3,16,50000000
0,3,5.3,6500000
0,4,16,35000000
0,6,3.2,6500000
0,3,5.3,6000000
2,1,2,4000000
2,4,12,97000000
3,6,1,97500000
2,2,4,11000000
2,4,12,97500000
2,2,4,11500000
2,2,4,40000
0,0,1,150000
2,2,4.4,7000000
6,6,1.2,140000000
5,4,4.8,17500000
4,3,6.1,9500000
5,4,14,14000000
2,2,4.2,5200000
0,0,3.3,14000
0,0,3.3,15000
0,0,2.2,12000
0,3,5,33000
0,3,1,36000
3,3,1,30000
4,4,10,55000
4,3,10,28000
3,2,7,21000
6,4,5,40000
6,4,7,41000
2,2,4.4,32000
3,2,10,27000
3,3,1,60000
6,5,10,55000
3,3,7,17000
3,2,10,27000
0,0,3.6,23000
2,2,4,50000
10,10,1.8,650000
3,3,2.2,130000
1,1,1,3200000
2,2,2.9,9600000
7,6,1,50000000
3,3,5,10800000
1,2,2.5,3000000
4,3,5,50000
2,2,5.1,6855000
5,6,9,37000000
6,5,7,37000000
4,4,5,26000000
2,2,5,35000
0,4,5,14500000
0,0,3,7000000
0,0,5,5500000
0,0,5,6500000
0,0,2,180000000
0,0,7,22500000
0,0,7,32500000
2,2,3,3000000
2,2,5,4500000
5,5,10,25500000
4,4,5,9000000
0,4,5,14000000
5,6,3,7500000
0,4,3,7500000
0,0,2,6000000
0,0,2,6000000
0,0,1.5,5500000
0,0,1.5,4500000
0,0,3.2,9500000
0,0,5,14000000
0,0,3,7500000
0,0,3,7500000
0,0,2,6000000
0,0,2,6000000
0,0,7.5,28500000
0,0,5,25000000
0,0,3,7500000
0,0,5,12000000
0,0,4,8500000
0,0,3,5500000
0,0,5,15000000
0,0,3,8000000
0,0,5,17500000
0,0,7,25000000
0,0,5,19500000
4,3,10,9000000
0,3,12,38000
0,3,12,40000
0,4,1,55000
4,3,1,35000
0,3,7,55000
0,3,7,48000
3,3,12,45000
3,3,12,42000
3,3,12,43000
2,2,800,16000
10,4,10,32500000
4,4,11,25000000
4,4,10,29000000
0,3,6,14500000
5,4,8,22500000
0,5,10,22500000
3,3,5,14500000
4,3,5,12200000
6,4,8,13600000
3,3,5,14500000
3,3,7,18000000
5,5,1,40000000
6,5,5,14500000
3,3,5,14500000
6,4,10,15300000
0,5,5,14500000
0,5,1,57000000
0,7,1.6,120000000
0,3,5,11800000
0,5,5,13000000
0,3,5,12000000
0,5,5,12000000
4,3,6,8500000
3,3,5,14500000
4,3,7,23500000
6,5,1,47500000
0,0,5,13000000
3,3,5,14500000
6,5,10,24500000
7,5,10,16800000
6,5,1,60000000
3,3,5,14500000
6,5,1,41000000
3,3,5,14500000
6,4,8,13000000
3,3,5,14500000
5,4,10,29500000
5,4,10,39000000
3,3,5,14500000
0,0,5,10500000
4,6,5,12000000
6,5,1,47000000
3,3,5,14500000
0,4,10,25000000
0,3,3,3800000
0,0,5,10000000
0,1,3,3800000
0,3,2,5500000
0,3,2,3600000
0,2,1,3000000
0,3,2,5700000
0,2,1,3200000
6,5,1,52000000
3,3,5,15000000
6,5,1,37000000
5,4,10,22500000
3,4,5,11000000
7,5,10,17800000
6,5,1,47000000
6,5,5,14500000
6,5,1,45000000
6,5,1,40000000
5,4,1,32500000
6,5,1,41000000
6,5,2,210000000
6,5,8,24000000
1,1,2.3,2500000
6,5,1,57000000
7,5,1,49500000
6,5,1,61500000
7,5,1,58000000
5,5,10,26000000
5,5,10,25000000
3,3,5,14500000
0,0,10,15000000
0,0,1,37000000
0,0,5,8200000
4,4,5,8400000
4,4,5,7500000
3,2,5,4500000
2,2,5,5500000
6,5,10,25500000
0,6,10,13000000
0,2,10,7500000
0,4,10,13500000
6,6,6,12000000
6,6,10,10500000
6,5,7,15500000
1,1,2,2300000
2,2,3,4000000
2,2,4,3500000
4,4,5,9000000
0,0,9.5,400000000
5,5,1,32500000
2,2,4.4,3900000
2,2,5,5300000
5,5,11,22500000
6,6,1,37000000
2,2,5,5100000
4,4,4,5600000
3,3,8,35000
2,2,4.2,40000
3,3,7.6,75000
2,2,4,20000
3,2,4.8,25000
0,2,4,25000
0,3,6,30000
0,2,4.7,18000
6,5,1,350000
2,2,4,40000
3,3,7.6,50000
2,2,4,30000
3,3,8,85000
3,3,8,75000
3,6,1,400000
3,5,1,225000
1,1,1,50000
3,3,6.7,50000
2,2,4.4,55000
3,3,5.3,50000
2,2,4.2,40000
3,3,5,5000000
4,3,8,8800000
3,3,8,7500000
3,3,6.4,12800000
3,3,9.6,5000000
3,3,5.3,11500000
2,2,4.8,8000000
3,3,5.9,7700000
3,3,8,11600000
3,3,9.4,8800000
3,3,8,12000000
3,3,5,11000000
3,3,14,14500000
6,6,10.6,32500000
10,11,3,140000000
4,3,8,12600000
0,0,2.7,4700000
0,0,6.2,16000000
0,0,4.8,7100000
0,0,4.8,16100000
0,0,2.7,4100000
0,0,3.6,5100000
0,0,4.8,10100000
0,0,4.8,3600000
8,6,1.1,110000000
3,3,6,85000
3,3,1,50000
4,3,1,45000
4,4,1,45000
4,3,11,60000
0,0,12.4,70000
0,0,12.4,145000
0,0,12.4,80000
0,0,14.2,200000
0,0,1.2,150000
0,0,14.2,65000
0,0,1.2,115000
0,0,14.2,55000
0,0,14.2,60000
0,0,14.2,58000
0,0,14.2,100000
0,0,14.2,150000
0,0,14.2,60000
0,0,14.2,70000
0,0,14.2,60000
0,0,14.2,52000
0,0,14.2,50000
0,0,1.2,80000
0,0,14.2,85000
0,0,14.2,70000
7,6,1.2,280000
1,2,5,30000
4,3,1,90000
2,2,4,22000
2,2,6,35000
0,0,1,120000
6,5,1.2,310000
2,2,4,26000
1,1,5,28000
4,3,5,65000
4,4,5,32000
3,3,9,45000
2,2,12,42000
0,0,12,45000
10,11,4,1650000
5,4,8,95000
0,0,12.4,70000
0,0,12.4,145000
0,0,12.4,80000
0,0,14.2,200000
0,0,1.2,150000
0,0,14.2,65000
0,0,1.2,115000
0,0,14.2,55000
0,0,14.2,60000
0,0,14.2,58000
0,0,14.2,100000
0,0,14.2,150000
0,0,14.2,60000
0,0,14.2,70000
0,0,14.2,60000
0,0,14.2,52000
0,0,14.2,50000
0,0,1.2,80000
0,0,14.2,85000
0,0,14.2,70000
0,0,12,85000
2,2,12,42000
6,5,2,376000
2,3,5.3,38000
2,2,4,27000
4,4,0,35000
7,7,1.2,260000
2,2,0,18000
4,3,20,110000
0,0,5,16000
0,0,12.4,70000
0,0,12.4,145000
0,0,12.4,80000
0,0,14.2,200000
0,0,1.2,150000
5,5,10,22000000
5,4,6,23000000
0,3,11.8,18500000
0,4,14.4,20000000
0,4,14.4,21000000
0,3,11.8,17500000
0,0,5,3500000
3,3,6.2,4100000
0,2,6.8,6900000
0,2,3.6,3800000
0,3,4.9,5200000
0,3,6.7,6600000
0,1,3.5,4300000
0,0,4,16500000
8,6,1,50000000
1,1,5,14000
7,5,1,59500000
6,5,10,18500000
3,3,5,14500000
3,3,3,7800000
3,3,3,7700000
3,3,3,8000000
0,5,1,51500000
3,3,3,7800000
7,5,1,59500000
3,3,3,7300000
3,3,3,7300000
3,3,3,7500000
7,5,1,59000000
3,3,3,7800000
3,3,5,13300000
3,3,5,13700000
5,5,10,25000000
3,3,5,14000000
3,3,5,13300000
7,5,1,53000000
3,3,5,15500000
3,3,5,13600000
3,3,5,13400000
7,6,1,30000000
3,3,5,14000000
3,3,5,13700000
3,3,5,15500000
3,3,5,13500000
7,5,10,26000000
7,5,1,43000000
3,3,5,15500000
7,6,8,15000000
6,5,1,37500000
3,3,5,15500000
3,3,2,4200000
6,5,5,17000000
0,2,12,12500000
0,2,2.5,3700000
0,3,3.5,7000000
6,5,10,24000000
7,5,1,41000000
6,5,5,15000000
7,5,1,45000000
3,3,5,15500000
3,3,3,4500000
7,5,1,40000000
6,5,5,17000000
2,2,12,70000
7,5,1,45000000
6,5,5,17000000
6,5,1,45000000
5,4,5,7500000
6,5,1,55000000
5,4,10,31000000
6,5,1,49000000
3,3,5,27000000
0,2,3.8,5000000
0,2,2.2,4500000
0,3,3,2300000
0,2,2,2300000
0,2,2.2,3300000
0,4,5,12500000
0,3,2.2,6000000
0,3,3,6500000
7,5,1,57000000
3,4,3,7200000
6,5,5,13200000
4,3,5,11500000
6,5,1,39500000
7,6,1,67500000
3,3,1,22000000
3,3,3,3750000
7,5,1,60000000
5,5,10,21000000
6,5,1,41500000
4,3,3,6000000
2,4,7,11500000
0,0,3,3500000
0,0,3,5000000
2,2,3,3400000
5,5,12,26000000
7,7,10,37500000
3,3,5,11000000
5,5,10,32500000
0,0,7,17000000
0,0,8,14000000
0,0,1.5,3500000
0,0,7,14000000
0,0,4,14000000
3,3,10,10000000
2,2,3,3400000
4,4,6,12500000
5,5,1,42500000
0,0,33,3
6,5,7,13500000
0,4,5,6000000
0,2,2.5,2100000
0,2,2.5,2300000
0,2,2.5,3000000
0,4,3,3500000
0,4,8.8,8500000
0,0,6,8000000
0,0,4,105000000
0,0,4,3900000
0,2,5,2300000
3,3,8,55000
4,4,2,160000
1,1,1,55000
6,6,1.2,500000
7,6,2,850000
0,0,9.8,100000
2,2,4,29000
4,4,14.2,150000
5,4,1,225000
2,3,4.8,22000
4,4,6,115000
6,5,1,320000
6,6,2,600000
3,3,1,120000
3,3,5.1,55000
2,2,1,110000
3,3,16,45000
4,3,4,97000
6,6,1,300000
6,6,2,450000
3,3,5.8,55000
5,5,14.8,70000000
3,3,6.4,16000000
2,3,5.6,9000000
3,3,8,18500000
2,2,4.8,13000000
2,2,4.7,7300000
3,3,8,19500000
6,6,4.8,26500000
0,8,2,240000000
0,6,2,220000000
0,5,2,220000000
0,2,4.2,8500000
0,6,1.2,130000000
0,4,4,36000000
0,5,2,170000000
0,5,2,145000000
0,3,4,31000000
0,2,4.2,10500000
0,2,4,5500000
0,3,9.8,16000000
2,2,6,14000000
4,3,8,10000000
4,3,8,10500000
5,4,14,13500000
2,2,4.2,4800000
4,3,5,5000000
3,3,8,7800000
6,4,6,28500000
4,4,8.4,13500000
0,0,4.2,5900000
0,0,4.2,5500000
0,0,4.2,5200000
0,0,5.4,9800000
0,0,5.4,9300000
0,0,5.4,8700000
0,0,6.2,15000000
0,2,3.1,3500000
0,2,2.7,2800000
0,3,5.8,6800000
0,3,5.8,6800000
0,4,8.8,8800000
0,2,2.9,3200000
0,3,5.3,6000000
0,3,5.3,5800000
0,2,5.1,5000000
0,2,5.1,4500000
0,2,5.1,4500000
0,2,5.1,4500000
0,3,5.8,6800000
1,1,2.4,3000000
2,2,3.6,4000000
0,0,4.2,7000000
0,2,4.2,7700000
0,5,2,150000000
0,3,8.9,17500000
0,4,1.2,122500000
0,3,8,18500000
0,3,8,18000000
3,3,9.6,35000000
0,0,14.2,65000
0,0,1.2,115000
0,0,14.2,55000
0,0,14.2,60000
0,0,14.2,58000
0,0,14.2,100000
0,0,14.2,150000
0,0,14.2,60000
0,0,14.2,70000
0,0,14.2,60000
0,0,14.2,52000
0,0,14.2,50000
0,0,1.2,80000
0,0,14.2,85000
0,0,14.2,70000
7,6,1,390000
5,5,1,120000
0,0,12.4,70000
0,0,12.4,145000
0,0,12.4,80000
0,0,14.2,200000
0,0,1.2,150000
0,0,14.2,65000
0,0,1.2,115000
0,0,14.2,55000
0,0,14.2,60000
0,0,14.2,58000
0,0,14.2,100000
0,0,14.2,150000
0,0,14.2,60000
0,0,14.2,70000
0,0,14.2,60000
0,0,14.2,52000
0,0,14.2,50000
0,0,1.2,80000
0,0,14.2,85000
0,0,14.2,70000
4,3,1.6,260000
6,6,1,300000
7,6,1,320000
5,4,4.4,53000
3,3,12,47000
4,3,1,110000
0,4,14.4,45000
0,3,11.8,45000
0,3,11.8,45000
0,3,11.8,40000
0,3,1,45000
0,4,10,75000
0,3,1,65000
9,8,2,690000
4,0,14.4,65000
4,3,1,130000
3,2,8,45000
2,2,4.4,24000
8,6,2.1,1300000
3,3,10,60000
3,3,2,250000
3,3,10,60000
7,7,16,215000
3,3,4,200000
0,0,1,70000
3,3,12,75000
3,3,4.4,17500000
1,1,1.8,3600000
0,7,12,18000000
0,7,12,18000000
0,7,12,18000000
0,7,12,18000000
2,2,5.1,3700000
5,5,7,10500000
4,4,7,16000000
6,6,7,14000000
6,6,7,14000000
0,9,10.9,36000000
0,4,4,13500000
0,6,10.9,30000000
2,3,4.9,19500000
0,5,7,10000000
0,4,7,5000000
0,3,1,14000000
0,0,10,25000000
0,0,10,25000000
0,4,5,40000
3,4,13,45000
0,0,16,60000
5,5,8,50000
3,3,1,55000
4,5,9.3,40000
2,2,4,6200000
0,0,10,19000000
5,4,5,11800000
8,6,1.5,180000000
3,3,3,5800000
7,5,1,65500000
5,5,1,68500000
4,3,5,11000000
6,6,1,92500000
4,4,5,9500000
6,5,1,49000000
4,4,10,37500000
6,5,1,73500000
5,5,10,24500000
0,5,5,8500000
0,4,5,9500000
0,1,2.5,4500000
0,3,2.5,5500000
0,7,10,25000000
0,4,1,45000000
0,4,5,9000000
4,4,10,29000000
5,5,5,14000000
6,5,18,35000000
2,2,2,3600000
4,4,10,25000000
4,4,10,26000000
5,5,5,12000000
4,4,5,15000000
3,3,8,13000000
0,5,5,12500000
0,6,5,10000000
0,5,10,15000000
0,5,10,15000000
0,3,3.5,9000000
0,4,4,8500000
0,3,3,7000000
6,5,5,14000000
8,7,1.3,80000000
2,5,4.5,8000000
6,5,5,10500000
4,3,5,12500000
4,3,5,9800000
7,5,8,15700000
5,3,5,9700000
4,3,5,15000000
0,3,4,6400000
0,3,4,6400000
0,0,5,12000000
0,0,2,7500000
0,0,4,7500000
0,0,4,7500000
0,0,3,5500000
0,0,3,6500000
0,0,4,8000000
0,0,4,4500000
0,0,3,4500000
0,4,12,22500000
0,0,10,15000000
0,4,12,22500000
0,0,10,15000000
0,4,12,22500000
0,0,10,15000000
0,4,12,22500000
0,0,10,15000000
0,4,12,22500000
0,0,10,15000000
0,4,12,22500000
0,0,10,15000000
0,4,12,22500000
0,0,10,15000000
0,4,12,22500000
0,0,10,15000000
0,4,12,22500000
0,0,10,15000000
0,2,4,4500000
0,2,5,5000000
0,0,2,3600000
0,0,2,6000000
0,0,5,8000000
0,0,5,9000000
0,0,5,8000000
0,0,1,2800000
0,0,2,5000000
0,0,3,6500000
0,0,4,9500000
0,0,5,16000000
0,0,6,17000000
0,0,5,8800000
0,0,3,7000000
0,0,10,22500000
1,1,2.2,717000
0,0,1.5,42500000
0,0,1,40000000
0,0,1,33000000
0,0,1,33500000
0,0,1,25000000
0,0,1,25000000
0,0,1,37500000
0,0,1,35000000
0,0,1,32000000
0,0,1.4,40000000
7,5,10,24000000
0,0,3,5000000
0,0,2,4500000
0,0,4.5,9000000
0,0,3,5000000
0,0,2,4500000
0,0,4.5,9000000
0,0,3,5000000
0,0,2,4500000
0,0,4,4500000
0,0,4.8,7500000
0,0,3,8000000
0,0,5,4000000
0,0,5,4500000
0,0,6,7500000
0,0,5,9000000
0,0,4,5500000
0,0,4,4500000
0,2,3.5,4000000
0,2,2,4000000
0,0,9,11500000
0,0,4,4700000
0,0,5,4000000
0,0,4.8,8000000
0,0,9,11000000
0,0,3,4500000
5,5,10,19500000
4,4,1,135000
4,4,1.1,145000
6,5,1,300000
5,4,1.6,300000
3,3,5.8,55000
5,5,1,280000
2,2,4.2,40000
0,3,6.4,55000
0,3,6.4,55000
0,3,6.4,55000
0,3,8.9,75000
0,3,9.8,65000
0,2,4.2,35000
0,0,14.4,200000
3,3,1,160000
4,3,1,130000
1,1,1,50000
2,2,3.8,24000
5,5,1,250000
0,3,9.8,100000
0,3,11.1,110000
0,3,14.2,130000
0,0,2.4,6500000
0,0,2.9,4500000
4,8,2,220000000
3,6,2,280000000
3,6,2,250000000
3,6,8,32000000
4,8,2,170000000
3,6,1.2,185000000
3,6,1.3,170000000
3,6,1,135000000
3,6,1,115000000
2,4,1,120000000
2,4,16,70000000
3,6,12,100000000
3,5,12,97500000
0,0,6.2,7500000
0,0,6.2,15000000
0,0,6.2,15000000
0,0,4.8,9000000
0,0,5.3,8500000
0,0,4.8,17000000
0,0,5,8500000
2,2,2.2,4000000
0,8,9.6,33000000
0,3,8,11000000
0,3,9.6,8500000
0,3,5.1,7500000
0,2,3.6,5000000
0,2,3.6,4500000
0,2,4.7,5500000
0,2,3.3,3500000
0,2,3.3,3500000
0,2,3.3,2700000
0,2,3.3,3200000
9,6,2,280000000
0,0,2,350000000
3,3,4.9,6600000
0,0,2.1,13000000
4,4,10.7,16000000
7,6,16,42500000
0,2,3,3500000
0,2,3,3200000
0,2,3.1,3000000
0,2,4.2,4000000
2,2,4,47000
3,5,2,300000
2,2,5.3,55000
3,5,2,400000
2,3,8.9,60000
3,3,5.1,40000
3,3,6.2,65000
2,2,4.2,45000
2,2,4.2,40000
2,2,4.2,40000
3,3,8.9,60000
3,3,5.1,40000
2,2,4.2,45000
2,2,4.2,45000
0,0,4.8,35000
0,0,6.2,40000
2,2,4.2,40000
0,2,4.8,20000
0,2,4.8,22000
0,2,4.8,22000
0,2,4.8,14000
0,2,4.8,16000
0,3,8,37000
0,3,8,37000
0,4,16,50000
0,3,6.2,27000
4,3,7.4,45000
0,0,12.4,70000
0,0,12.4,145000
0,0,12.4,80000
0,0,14.2,200000
0,0,1.2,150000
0,0,14.2,65000
0,0,1.2,115000
0,0,14.2,55000
0,0,14.2,60000
0,0,14.2,58000
0,0,14.2,100000
0,0,14.2,150000
0,0,14.2,60000
0,0,14.2,70000
0,0,14.2,60000
0,0,14.2,52000
0,0,14.2,50000
0,0,1.2,80000
0,0,14.2,85000
0,0,14.2,70000
0,0,4.4,28000
0,0,4.4,27000
0,0,10.9,33000
0,0,10.9,35000
0,0,14.2,120000
0,0,4.4,28500
0,0,4.4,27500
0,0,10.9,32000
0,0,10.9,34000
0,0,14.2,125000
2,2,7.8,45000
3,3,16,150000
3,3,1,55000
3,3,14.2,65000
4,3,1,75000
4,3,1,65000
3,3,14.2,65000
3,3,14.2,65000
3,3,14.2,65000
3,3,14.2,65000
3,3,14.2,65000
6,5,1.2,300000
0,0,12.4,70000
0,0,12.4,145000
0,0,12.4,80000
0,0,14.2,200000
0,0,1.2,150000
0,0,14.2,65000
0,0,1.2,115000
0,0,14.2,55000
0,0,14.2,60000
0,0,14.2,58000
0,0,14.2,100000
0,0,14.2,150000
0,0,14.2,60000
0,0,14.2,70000
0,0,14.2,60000
0,0,14.2,52000
0,0,14.2,50000
0,0,1.2,80000
0,0,14.2,85000
0,0,14.2,70000
9,8,2,450000
2,2,1,100000
6,5,1.1,400000
6,6,1,170000
4,3,8,40000
9,8,2,600000
6,5,2,300000
3,3,12,65000
3,3,12,65000
6,5,1.3,200000
4,3,12,65000
3,3,12,75000
2,3,4.9,30000
0,6,10.9,110000
0,4,4,55000
0,6,10.9,80000
0,4,4,45000
2,2,1,50000
5,5,7,45000
4,4,7,45000
0,0,3,32000
0,0,4,50000
0,0,3,31000
0,0,3,25000
0,0,3,14000
0,0,4,23000
0,0,3,16000
0,0,12,40000
0,0,1,55000
0,0,1,100000
0,0,2,150000
0,0,1,45000
0,0,5,22000
0,0,6,40000
0,0,1,110000
0,0,5,20000
0,0,5,18000
0,0,3,15000
0,0,2,10000
0,0,10,28000
0,0,5,23000
0,0,5,20000
0,0,5,18000
0,0,3,15000
0,0,2,10000
0,0,10,28000
0,0,5,23000
0,3,3,12000000
0,3,2.2,5000000
0,7,17,37500000
0,4,3.5,12000000
0,0,5,15000000
0,0,2.6,150000000
6,5,1,72500000
0,0,5,10500000
0,3,5,9000000
0,5,10,15000000
0,5,10,16000000
0,5,10,14000000
0,5,4.5,12500000
3,2,5,10200000
6,5,1,41500000
4,3,4,7800000
3,3,10,22500000
0,5,1,47500000
6,5,1,45000000
2,2,3,5000000
5,3,5,10000000
2,2,3,4200000
6,5,1,35000000
6,5,1,47000000
4,4,3,6000000
4,4,10,80000
4,3,4,7500000
6,5,1,48500000
6,5,1,38000000
6,5,1,81000000
4,3,5,12500000
6,5,1,39000000
0,3,5,17000000
0,3,3.5,9000000
0,3,2.5,6000000
0,3,3.5,6000000
0,3,2.5,7000000
0,3,3.5,9500000
0,0,3.5,13000000
7,5,0,19500000
6,5,1,53000000
0,6,14.5,27500000
0,7,10,28500000
0,5,8,19000000
0,0,4,13500000
0,0,3.5,11000000
0,0,3.5,11000000
0,0,4,10000000
0,0,4,9500000
0,0,4.8,9500000
0,0,5,9500000
0,0,2.5,7000000
0,0,3,7000000
0,4,6.2,7500000
0,4,7,15000000
0,3,3,10000000
0,8,1,95000000
6,5,2,87000000
6,5,1,35000000
6,5,1,47500000
4,4,1,27500000
6,5,1.1,33500000
7,5,10,19500000
4,3,7,24000000
7,5,1,50000000
0,5,10,20500000
0,5,10,18500000
0,3,5,10000000
2,2,4.8,30000
3,3,5.6,48000
4,3,1,115000
3,3,8,50000
6,5,1,310000
4,3,9.6,75000
9,8,1.2,300000
2,2,4.2,5000000
2,2,4.2,5100000
2,2,4.2,5200000
2,2,4.2,5300000
2,2,4.2,5400000
2,2,4.2,5500000
2,2,4.2,5600000
2,2,4.2,5700000
2,2,4.2,5800000
2,2,4.2,5900000
2,2,4.2,6000000
2,2,4.2,6100000
2,2,4.2,6200000
2,2,4.2,6300000
2,2,4.2,6500000
3,3,10,10000000
3,3,10,10000000
3,3,10,10100000
3,3,10,10100000
3,3,10,10200000
3,3,10,10200000
3,3,10,10300000
3,3,10,10300000
3,3,10,10400000
3,3,10,10400000
3,3,10,10500000
3,3,10,10500000
3,3,10,10600000
3,3,10,10600000
3,3,10,11000000
2,2,3.2,5200000
3,3,8,18500000
3,3,8,18600000
3,3,8,18700000
3,3,8,18800000
3,3,8,18900000
3,3,8,19000000
3,3,8,19100000
3,3,8,19200000
3,3,8,19300000
3,3,8,19400000
3,3,8,19500000
3,3,8,19600000
3,3,8,19700000
3,3,8,19800000
3,3,8,19900000
3,3,8,20000000
3,3,8,20000000
3,3,8,20100000
3,3,8,20200000
3,3,8,20200000
3,3,8,20200000
3,3,8,20300000
3,3,8,20400000
3,3,8,20400000
3,3,8,20400000
3,3,8,20500000
3,3,8,20600000
3,3,8,20700000
3,3,8,20800000
3,3,8,21000000
2,2,4.2,6200000
2,2,4.2,4800000
3,3,8,13000000
3,3,8,12000000
2,2,0.4,5500000
3,3,9.4,9000000
3,3,6.1,13500000
3,3,6.1,13600000
3,3,6.1,13700000
3,3,6.1,13800000
3,3,6.1,13900000
3,3,6.1,14000000
3,3,6.1,14100000
3,3,6.1,14200000
3,3,6.1,14300000
3,3,6.1,14400000
3,3,6.1,14500000
3,3,6.1,14600000
3,3,6.1,14700000
3,3,6.1,14800000
3,3,6.1,14900000
3,3,6.1,15000000
3,3,6.1,14600000
3,3,6.1,14700000
3,3,6.1,14800000
3,3,6.1,14900000
2,2,4.4,3500000
2,4,1.2,87500000
2,4,1,90000000
5,8,2,135000000
0,6,16,52500000
4,3,6.1,9800000
4,3,8,9200000
0,0,4.4,9500000
8,6,1,54500000
2,2,4,23000
9,9,2,280000000
0,7,2,110000000
3,3,7.8,35000000
3,3,10,42000
10,10,1,62500000
10,11,4,700000
3,3,1,80000
9,8,1,600000
4,4,10,70000
7,6,4,600000
10,10,2,450000
3,3,12,50000
7,6,1.6,300000
3,3,1,65000
3,3,12,75000
2,3,14.2,55000
2,3,14.2,55000
3,3,12,65000
3,3,12.2,25000000
0,0,1.2,3500000
0,0,2,4500000
0,0,3.5,8000000
0,0,5,9000000
0,0,5.5,10000000
0,0,2,15000000
0,0,3.2,15000000
0,0,4.5,12500000
0,0,2,5500000
0,0,4,9000000
0,0,3,5500000
0,0,3,5500000
0,0,1.5,4500000
0,0,3,6500000
0,0,3.5,8000000
0,0,2,6000000
0,0,2,6000000
0,0,2,6000000
6,6,1,48500000
4,4,5,15000000
5,4,5,11500000
5,4,5,11000000
6,6,1.1,42500000
4,4,6,12000000
5,4,5,11500000
5,4,5,11000000
0,4,4.5,9000000
8,6,8,14000000
6,4,7,15000000
0,4,5,10000000
6,4,6,10000000
7,5,7,15000000
1,1,3.1,4000000
6,5,12,85000
5,5,7,45000
0,3,11,30000
4,3,15,45000
5,4,15,100000
6,5,1,41500000
6,5,1,37500000
5,4,10,39000000
8,7,2,68500000
6,5,1,41000000
2,3,3,6500000
8,7,2,130000000
6,5,1,49000000
0,2,3,3200000
0,2,3.2,4200000
0,2,5,6500000
6,5,1,45000000
7,6,1,47500000
0,0,9,21500000
6,5,1,37000000
6,5,1,34000000
6,5,1,46500000
6,5,1,40000000
6,5,1,38000000
5,4,7,16500000
0,3,5,12000000
0,4,5,12500000
0,4,5,12000000
0,6,10,26500000
0,5,10,25000000
0,3,12,17500000
0,4,3.5,10800000
0,5,5,13000000
0,3,5,12000000
0,3,3.5,11500000
7,5,1.1,37000000
6,5,1,36000000
6,5,1,65000000
4,3,5,10500000
5,4,10,23500000
7,6,1,29500000
4,3,7,22500000
2,2,5,6800000
5,4,10,24000000
0,5,1,55000000
0,5,1,55500000
0,5,1,56000000
0,5,1,57000000
0,5,1,56500000
0,5,1,57500000
0,5,1,58500000
0,5,1,58000000
0,5,1,59000000
0,5,1,59500000
0,4,14,36000000
0,4,14,35500000
0,4,14,35000000
0,4,14,36500000
0,4,14,37000000
0,4,14,38000000
0,4,14,37500000
0,4,14,38500000
0,4,14,39000000
0,4,14,39500000
4,3,8,8800000
2,2,4.2,5500000
3,3,8,8000000
4,3,5,5000000
4,4,12,65000000
6,6,9.6,27000000
0,0,4,6000000
0,0,5.8,8000000
0,0,6,9000000
0,0,6,9000000
0,0,6,9000000
0,0,4.4,7000000
0,0,4.4,7000000
0,0,4.4,7000000
0,0,5.3,9000000
0,0,5.3,9000000
0,0,3.6,5000000
0,0,4.9,8000000
0,0,4.3,7000000
0,0,4.3,7500000
0,0,4,6000000
7,9,4.5,8000000
3,2,4.8,32000
5,4,2,375000
0,0,3.6,20000
0,0,4,15000
0,0,5.3,26000
0,0,4,20000
0,0,8.6,40000
0,0,16.9,40000
0,0,10,40000
0,0,5.3,30000
0,0,3.6,20000
0,0,5.3,22000
0,0,2.7,15000
0,0,2.9,16000
0,0,5.3,16000
0,0,3.6,22000
0,0,3.6,18000
0,0,5.3,22000
0,0,8.6,40000
0,0,4.3,15000
0,0,5.3,30000
7,6,2,525000
4,3,1,125000
2,2,4,36000
2,2,4.7,35000
4,4,6.2,95000
5,4,1,175000
3,3,12,90000
3,3,1,125000
3,6,1,220000
2,2,1,100000
2,4,1,190000
0,0,1.3,180000
0,0,1.6,135000
0,0,12,165000
0,0,12,150000
0,0,2,150000
2,4,2,160000
2,4,4,80000
3,5,1,210000
2,4,1,220000
6,6,4,825000
0,4,8,38000
0,4,5.9,60000
0,0,2.8,700000
4,3,5.3,24000
4,3,8,75000
0,0,1,250000
2,2,4.7,35000
0,0,3.6,4000000
0,0,4.3,4800000
0,0,5.3,7500000
0,0,5.3,10500000
0,0,4.4,6500000
0,0,6.4,10000000
0,0,5.3,7500000
0,0,5.3,16500000
0,0,2.9,3500000
0,0,5.3,16500000
0,6,2,160000000
0,3,8.4,17000000
0,4,4.8,18500000
0,4,2.4,9500000
0,4,1.2,17000000
0,6,1.2,45000000
0,3,8,25000000
0,2,4.4,4800000
0,3,5.8,4800000
0,2,4.4,8500000
0,3,7,11000000
0,3,8.6,10500000
0,2,3.3,2700000
2,2,4.2,6050000
1,0,5,3800000
0,0,5.3,9000000
0,0,5.3,9000000
0,0,4.8,8500000
0,3,5.8,9000000
0,2,4,6000000
0,2,4,7500000
0,3,5.3,7500000
0,2,4.4,6500000
0,0,7.1,18500000
0,0,5.3,9000000
0,0,8.9,42500000
0,3,5.3,9500000
0,0,5.3,9500000
0,4,4.8,12500000
0,4,4.8,11500000
0,2,3.8,5000000
0,3,4.2,5800000
3,3,14,14500000
3,3,5,10800000
2,2,4.2,5400000
2,2,4.2,5450000
2,2,4.2,5000000
3,3,6,13500000
3,3,8,18500000
3,3,8,6500000
3,3,8,13500000
3,3,8,13500000
3,3,14,13500000
3,3,5,12500000
3,3,8,14000000
3,3,8,20000000
3,3,6,15000000
3,3,8,13000000
2,2,4.2,6500000
2,2,5.1,6700000
0,0,2,67500000
0,0,1,45000000
0,0,8.6,35000000
0,0,5.3,17500000
0,0,4.3,7500000
0,0,8,17500000
0,0,4,7500000
0,0,3.6,6000000
0,0,4.2,7000000
0,0,10,16000000
0,0,3.8,6000000
0,0,8.6,32500000
3,3,4.9,12500000
2,2,4.2,6850000
3,3,8,25000000
3,3,5,14000000
3,3,5,14000000
3,3,8,15000000
0,3,8,14000000
0,3,8,20000000
0,3,6,15000000
0,3,8,15000000
0,2,4.2,6500000
0,2,5.1,6700000
3,3,5,14000000
4,4,5.6,20000000
3,3,9.1,12000000
5,4,10,42500000
6,6,7,37000000
7,6,0.4,45000000
3,2,5.2,1560000
4,4,5,9500000
3,3,3.3,4500000
2,2,1.5,2500000
3,3,8.6,7500000
5,4,7,13000000
4,4,4,56000
3,3,12,65000
3,3,10,70000
3,3,1,120000
3,3,12,65000
3,3,12,55000
4,4,1,62000
6,6,12,130000
3,2,7.6,120000
10,9,1.3,300000
3,3,12,60000
0,0,10,50000
3,3,12,60000
3,3,5,50000
3,3,1,150000
3,3,12,65000
3,3,12,60000
3,3,12,65000
2,2,7.1,82000
5,5,10,100000
3,3,12,70000
3,3,12,50000
7,6,2,350000
3,3,12,55000
6,6,12,130000
3,3,7,37000
3,3,12,60000
3,3,12,65000
3,3,1,75000
3,3,12,55000
1,1,1.8,21000
0,0,10,16000000
0,0,15,17500000
0,0,1,10500000
0,0,10,17000000
0,0,10,6700000
0,0,10,9000000
2,2,5,6500000
0,2,5,6500000
0,4,5,11500000
0,2,5,5000000
0,3,5,9000000
0,4,7,15000000
6,5,1,52500000
1,1,2,1800000
0,2,5,3700000
0,0,5,6000000
0,0,4,4800000
0,0,2.5,4500000
0,0,2,3500000
0,0,2,3500000
0,0,5,9000000
0,0,4,8000000
0,0,4,4800000
0,0,2,3500000
0,0,2,3500000
0,0,5,9000000
0,0,2.5,4500000
0,5,7,16000000
2,2,4,3500000
6,6,12,23000000
4,3,5,6000000
0,0,4,12500000
0,0,2,6200000
0,0,5,8500000
0,0,4,12500000
0,0,2,6200000
0,0,5,8500000
0,0,4,12500000
0,0,2,6200000
0,0,5,8500000
0,0,4,12500000
0,0,2,6200000
0,0,5,8500000
0,0,4,12500000
0,0,2,6200000
0,0,5,8500000
0,0,4,12500000
0,0,2,6200000
0,0,5,8500000
0,6,10,16000000
0,7,10,18000000
0,6,10,14000000
0,5,7,13500000
0,4,5,10000000
0,4,5,10500000
0,6,1.2,32000000
0,0,3,80000000
0,6,10,16000000
0,4,5,11500000
0,4,5,11000000
0,4,5,9500000
0,6,12,90000
0,4,1,70000
0,3,8,30000
0,2,6,15000
0,2,5,16000
0,2,5,18000
0,2,4,14000
0,2,5,17000
0,0,4,13000
0,0,5,16000
0,1,1,6000
0,3,10,23000
0,2,7,25000
0,2,6,16000
0,0,15,25000
0,2,10,30000
0,2,15,40000
2,2,7,25000
5,4,10,27000000
6,4,5,11500000
5,5,1,45000000
4,4,10,25000000
6,5,1,46000000
5,4,10,30500000
0,5,10,16000000
0,2,10,12500000
0,2,10,14000000
0,2,10,14000000
0,4,10,19000000
0,4,5,11000000
0,2,5,7500000
0,3,2,62500000
0,4,5,9000000
0,3,2.5,5500000
0,2,4,6500000
0,2,5,7200000
0,4,10,19000000
0,5,10,17000000
0,3,5,10500000
0,2,5,7200000
0,3,5,13800000
0,3,5,13800000
0,3,5,27600000
0,3,5,13500000
0,3,5,13500000
0,3,5,14800000
0,3,5,15200000
5,4,10,39500000
6,6,2,72500000
6,5,10,21000000
8,6,12,27000000
6,4,8,15800000
6,4,10,22000000
0,5,1,35000000
0,5,1,35000000
0,5,1,35000000
0,5,1,35000000
0,5,1,35000000
0,5,1,35000000
0,6,2,80000000
0,7,4,120000000
0,5,10,20000000
0,5,5,10500000
0,5,5,10500000
3,3,5,11500000
6,5,10,17500000
6,5,10,21000000
4,4,1,33500000
5,4,10,17000000
0,4,5,12500000
0,4,10,14000000
0,2,10,13000000
0,4,1,27000000
0,5,1,30000000
0,3,6.5,13200000
0,4,1,28000000
0,4,1,30000000
0,3,6.5,12500000
0,6,1,30000000
0,4,1,27000000
0,4,10,14000000
0,2,10,13000000
0,3,5,9500000
0,3,5,8200000
4,4,11,27500000
3,2,3,28000000
5,5,1,62500000
6,5,1,42500000
6,5,1,70000000
5,5,10,19000000
7,5,1,52000000
5,5,10,25000000
4,4,8,18500000
3,3,11,16000000
10,8,2,70000000
5,5,1,55000000
7,6,2,68000000
6,5,1,70000000
6,5,1,72000000
7,6,1,40000000
5,5,1,50000000
0,2,3.6,24000
0,2,4.7,35000
0,2,3.6,21000
0,3,16,50000
0,3,3.3,14000
5,4,1,175000
3,3,8,75000
4,4,16,65000
0,2,4.8,26000
0,3,9.6,55000
0,7,8,75000
0,3,4.2,26000
0,3,4.8,26000
6,5,1,220000
0,0,12,55000
0,0,10.8,40000
0,0,4.3,30000
4,3,12,175000
2,2,4.9,6600000
3,3,5,14000000
0,3,5.3,7000000
0,2,4.3,6000000
0,0,8.6,32500000
0,0,1.6,3500000
0,0,4.3,7500000
0,3,4.8,8000000
0,2,4,6500000
0,0,4.8,15000000
0,0,4,6500000
0,0,2.7,4200000
0,0,3.6,5000000
0,3,5.3,7500000
0,2,4.9,6000000
3,3,8,6600000
0,8,9.6,50000000
0,6,16,50000000
0,2,5.3,7200000
0,3,6,8000000
0,3,7.3,10000000
0,2,4.4,7000000
0,1,2,2500000
0,2,4.2,4800000
0,3,9.6,32500000
5,4,1,85000000
3,3,5,14000000
2,2,4.2,5000000
2,2,4.2,5500000
2,2,4.2,5600000
3,3,5,14000000
2,2,4.2,5700000
8,7,1,75000000
3,3,5,14000000
3,3,5,14000000
2,3,4.4,8000000
0,6,9.6,31000000
0,4,4.8,22500000
0,4,5.3,24000000
0,6,9.6,32000000
0,6,9.6,31000000
0,5,8,32000000
0,4,8,24500000
0,7,16,49000000
0,6,16,50000000
0,6,9.6,28000000
0,8,16,55000000
0,6,9.6,32500000
0,2,2.9,6000000
0,3,5.6,6000000
0,3,6,10000000
0,5,9.6,19500000
0,5,4.8,14000000
0,5,4.8,16000000
0,3,4.8,9000000
0,6,4.8,15000000
0,5,8,18000000
0,2,4.8,10000000
0,4,4.8,13500000
0,3,6,8500000
5,5,7,13000000
3,3,12,25000000
0,5,1,29000000
0,5,1,28500000
0,5,1,28700000
0,5,1,28000000
0,4,12,22000000
0,4,12,21000000
0,4,12,21500000
0,4,12,22500000
0,4,12,23000000
0,5,7,12500000
0,5,7,11500000
2,2,4,25000
3,4,14.2,60000
3,3,12,60000
1,1,3,15000
6,6,1,125000
5,4,5,35000
4,4,1.3,300000
2,2,6.7,28000
3,3,12,55000
3,3,14.2,62000
3,3,1,35000
2,2,8,45000
3,3,10,65000
3,3,12,65000
3,2,9.8,50000
4,4,7,100000
1,1,5.6,14500
1,1,4.4,12000
1,1,2.7,16000
2,2,4.4,28000
4,4,2.4,250000
0,0,1,240000
5,4,1.2,200000
0,6,10,16500000
0,6,10,17000000
0,5,5,12000000
0,4,5,10500000
0,5,7,14000000
0,7,1,30000000
0,7,10,19000000
0,4,5,9000000
4,4,7,45000
5,5,9.7,16000000
0,0,36,180000000
6,5,1,48500000
0,1,2,2600000
0,2,6,8000000
0,5,10,14000000
0,5,10,10500000
0,2,5,4000000
0,1,2,2600000
0,2,6,8000000
0,5,10,14000000
0,5,10,10500000
0,2,5,4000000
2,3,5,5000000
0,2,5,11000000
0,2,5,12000000
0,0,10,20000000
0,0,5,15000000
0,0,5,6500000
0,0,5,13500000
0,0,6,7000000
0,0,6,8500000
7,5,12,26000000
0,6,8,8500000
0,1,4.5,3200000
0,2,4,4500000
0,2,5,5200000
5,5,8,11000000
0,6,8,8500000
0,2,5,4500000
4,4,5,8000000
3,3,7,25000
6,6,9,45000
2,2,5,25000
0,0,5,22000
0,0,5,25000
0,2,2.5,14000
0,2,5,12000
0,0,6,22000
0,0,5,20000
0,0,5,16000
0,0,5,20000
0,0,5,25000
0,0,5,25000
0,0,5,23000
0,0,5,23000
2,2,7,25000
2,2,5,22000
2,2,7,26000
3,3,8,40000
3,3,5,40000
3,2,12,22000
6,5,1,43000000
4,3,5,14000000
6,5,10,16000000
5,5,1,55000000
5,5,10,20000000
5,5,1,35000000
4,3,10,15500000
5,4,5,8500000
5,5,10,12000000
4,3,5,13500000
4,4,5,12000000
4,3,4,10500000
5,5,10,17000000
7,5,10,24000000
7,6,10,19000000
6,5,10,16500000
6,4,8,19500000
0,4,1,45000000
0,7,5,13500000
0,4,5,13000000
0,3,5,12000000
0,3,3.5,9500000
0,3,3.5,9000000
0,3,3.5,10500000
0,5,5,17000000
0,5,5,17000000
0,5,5,17400000
0,5,5,17400000
0,5,1,150000000
0,4,1,160000000
0,5,7.5,22500000
3,3,8,11500000
3,3,8,11000000
3,3,8,12000000
5,5,1,45000000
5,5,1,30000000
5,5,10,22000000
1,1,2.4,3000000
6,5,10,19000000
4,3,5,12000000
0,0,5,11500000
0,5,1,31000000
0,4,1,30000000
5,5,1,49900000
5,5,10,17000000
5,4,10,32500000
0,4,10,25000000
0,4,10,25000000
0,5,1,42500000
0,4,1,41000000
0,4,10,22000000
0,3,5,12000000
0,4,2,100000000
0,4,10,22500000
0,4,10,20000000
0,3,3,6500000
5,3,5,13000000
7,7,2.1,140000000
4,3,5,11800000
4,3,5,18000000
4,4,17,42500000
0,3,4,10000000
0,3,2.5,2600000
0,2,1.8,2200000
0,4,5,12000000
0,3,3,6500000
0,2,2.5,2800000
0,3,3,6000000
0,3,4,10000000
0,3,3,6500000
0,3,2,4000000
0,4,6,11000000
0,2,2.5,2800000
0,3,2,4500000
3,3,5,7000000
4,4,17,42500000
7,7,1,60000000
5,5,1,82500000
5,5,1,45000000
7,5,1,48500000
7,5,1,44500000
7,5,1,49000000
4,4,8,17000000
3,3,8,14500000
6,4,10,24500000
4,4,10,15500000
0,4,6.4,8000000
3,3,5,8400000
0,0,5.3,20000000
0,2,2.9,6000000
0,2,3.8,5500000
0,3,5.8,6500000
0,2,3.6,6000000
0,8,4.8,16000000
0,0,9.1,45000000
0,0,8.9,35000000
0,0,8.6,32500000
0,0,5.3,22000000
0,0,5.3,20000000
0,2,2.9,4500000
0,2,2.9,4500000
2,2,2.4,4700000
3,3,4.8,7500000
3,3,8,9010000
0,3,6,13500000
0,3,6,14000000
0,3,8,18500000
0,3,8,21000000
0,3,8,12000000
0,3,8,12500000
0,3,8,13500000
0,3,8,14000000
0,3,8,6600000
0,3,5.8,8000000
0,2,6.2,7500000
0,3,6.2,3800000
0,0,5,10600000
9,8,1.3,300000
0,3,6.7,35000
0,3,6.2,35000
0,3,9.6,45000
0,6,9.6,110000
0,3,8.6,40000
0,3,9.6,45000
0,2,4.8,27000
0,2,4.8,28000
2,2,0.5,28000
3,3,1,170000
6,5,1,250000
2,2,4.2,35000
2,2,4.4,55000
7,6,1,225000
4,4,11.1,155000
2,2,4.4,45000
4,4,16,65000
3,2,4.4,45000
4,3,5.3,65000
2,2,4.2,40000
3,3,8,50000
4,4,10.7,80000
0,2,3.2,15000
0,3,5.3,23000
0,2,5.3,25000
0,3,5.3,30000
0,0,5.3,23000
0,3,5.3,22000
0,3,5.3,25000
0,2,2.4,14000
0,0,8.6,35000
6,5,1,325000
2,2,4.2,40000
3,3,7.1,95000
3,3,11.6,185000
0,3,7.1,50000
0,3,8,30000
0,1,3.2,16000
0,2,4.8,25000
0,2,4.8,25000
0,3,9.6,45000
0,3,9.6,42000
0,3,9.6,50000
2,2,4.4,55000
2,2,4.2,30000
1,1,4.4,32000
5,4,2,325000
0,0,2.9,3500000
0,0,5.3,16500000
0,0,3.6,4000000
0,0,4.3,4800000
0,0,5.3,7500000
0,0,5.3,10500000
0,0,4.4,6500000
0,0,6.4,10000000
0,0,5.3,7500000
0,0,5.3,16500000
7,6,9.6,29000000
2,2,3.4,3900000
3,3,4.6,35000000
0,3,8,14000000
0,3,8,20000000
0,3,6,15000000
0,3,8,15000000
0,2,4.2,6500000
0,2,5.1,6700000
3,3,10,10500000
3,3,10,10600000
3,3,10,10700000
5,5,10,16500000
4,4,5,950000
6,5,8,18500000
5,5,8,40000000
3,3,8,8500000
3,3,10,8000000
5,5,14.2,20000000
4,4,14,39000000
10,9,3.6,700000
3,3,10,45000
4,4,2,350000
2,2,5.3,36000
4,4,7,150000
3,3,500,115000
10,10,4,1800000
2,2,9.3,45000
2,2,9.3,45000
2,2,3.3,27000
0,0,4.4,12000
9,8,1.3,600000
3,3,1,120000
2,2,9.8,35500
3,3,8,40000
0,0,4.4,24000
3,2,5,22000
3,3,10,35000
0,0,4.4,32000
3,2,7,26000
9,8,1,350000
2,2,10,55000
1,2,6.7,25000
2,2,6,50000
5,4,2,300000
4,4,6,95000
2,2,6,48000
2,2,6.7,33000
6,6,1,85000
3,3,11.3,74000
2,2,6,35000
5,5,0,5000000
0,0,5,4800000
0,0,3.5,3200000
2,2,3,2500000
7,5,7,14500000
2,2,4,7000000
5,3,5,10500000
5,5,5,8500000
4,3,7,9000000
4,4,7,45000
3,3,18,45000
4,3,15,60000
3,3,5,11500000
3,3,5,10000000
1,1,2.2,4500000
1,1,2.2,3500000
4,4,1,61000000
3,3,5,10500000
3,3,5,12000000
3,2,10,17000000
6,5,1,75000000
10,8,2,95000000
6,4,8,17500000
5,4,10,22000000
8,6,12,26000000
6,5,1,55000000
6,5,1,69000000
6,5,1,41000000
4,3,5,17500000
6,5,1,52500000
4,4,5,4000000
4,4,10,30000000
5,4,14.2,21500000
7,5,10,23000000
7,5,10,24500000
3,3,5,10500000
3,3,5,9800000
4,4,8,15600000
4,4,8,15600000
3,3,8,12000000
5,5,10,18000000
5,5,1,38000000
5,5,1,35000000
4,3,6,8800000
6,5,1.5,90000000
4,4,5,13500000
2,2,5,32000
7,5,12,26000000
4,5,6,13300000
5,5,6,9900000
7,5,10,23000000
3,4,5,11500000
7,5,10,22000000
3,3,3,6600000
6,3,5,11000000
6,5,10,25000000
3,3,3,6500000
2,2,3,4300000
6,5,1,40000000
6,5,1,56000000
6,5,14,19800000
6,5,14,21000000
4,3,14,15500000
4,3,7,10400000
4,3,7,10300000
3,3,10,10800000
3,3,10,10900000
3,3,10,11000000
3,3,10,11100000
3,3,10,11200000
3,3,10,11300000
3,3,10,11400000
3,3,10,11500000
3,3,10,11600000
3,3,10,11700000
3,3,10,11800000
3,3,10,11900000
3,3,10,12000000
3,3,10,12100000
3,3,10,12200000
3,3,10,12300000
3,3,10,12400000
3,3,10,12500000
3,3,10,12600000
3,3,10,12700000
3,3,10,12800000
3,3,10,12900000
3,3,10,13000000
3,3,10,13100000
3,3,10,13200000
3,3,10,13300000
3,3,10,13400000
3,3,8,12000000
3,3,7.6,15500000
2,2,4.2,7500000
3,3,6,10500000
3,3,10,13500000
3,3,10,13600000
3,3,10,13700000
3,3,10,13800000
3,3,10,13900000
3,3,10,14100000
3,3,10,14300000
3,3,10,14500000
3,3,10,14700000
3,3,10,15000000
3,3,10,10500000
3,3,10,10600000
3,3,10,10700000
3,3,10,10800000
3,3,10,10900000
3,3,10,11000000
3,3,10,11100000
3,3,10,11200000
3,3,10,11300000
3,3,10,11400000
3,3,10,11500000
3,3,10,11600000
3,3,10,11700000
3,3,10,11800000
3,3,10,11900000
3,3,10,12000000
3,3,10,12100000
3,3,10,12200000
3,3,10,12300000
3,3,10,12400000
3,3,10,12500000
3,3,10,12600000
3,3,10,12700000
3,3,10,12800000
3,3,10,12900000
3,3,10,13000000
3,3,10,13100000
3,3,10,13200000
3,3,10,13300000
3,3,10,13400000
3,3,10,13500000
3,3,10,13600000
3,3,10,13700000
3,3,10,13900000
3,3,10,14100000
3,3,10,14300000
3,3,10,14500000
3,3,10,14700000
3,3,10,14900000
3,3,10,15000000
2,2,3.3,5000000
4,3,8,25000000
2,2,4.2,6100000
0,3,6,13500000
0,3,6,14000000
0,3,8,18500000
0,3,8,21000000
0,3,8,12000000
0,3,8,12500000
0,3,8,13500000
0,3,8,14000000
0,3,8,6600000
3,3,4,36500000
0,0,9.6,1
2,2,4.2,5400000
3,3,5,8500000
2,2,4.2,6400000
3,3,8,9800000
3,3,14,14500000
3,3,8.9,32500000
2,2,2.2,3200000
3,3,6.4,14000000
4,4,1.1,160000
2,2,4.2,45000
1,1,1,80000
4,4,1,120000
4,4,1,230000
3,3,1,130000
2,2,4,25000
5,4,1,175000
3,3,12.9,105000
2,2,1,110000
2,3,4,35000
2,2,4.2,60000
2,2,4.2,45000
6,5,1,270000
3,3,7.8,42000
4,4,11.1,75000
2,2,2,28000
3,3,10.2,77000
3,3,7.6,65000
6,5,1,300000
5,6,1.2,270000
1,0,3.1,60000
3,3,5.3,50000
6,5,1,375000
4,3,1.3,175000
2,2,4.4,45000
4,4,6,8000000
5,5,1.3,140000000
2,1,3.5,6500000
3,2,5,7300000
5,4,10,35000000
9,9,1.3,95000000
3,3,10.4,8000000
3,3,3,3800000
5,4,4.4,16500000
7,7,1,75000000
5,4,6,23500000
3,2,9,25000
3,3,1,45000
3,3,1,41000
4,4,10,71000
3,3,1,68000
2,2,10,33000
2,2,5,26000
8,7,1.2,325000
3,2,8,45000
4,4,10,110000
2,3,6,38000
3,3,1,36000
3,3,1.3,125000
3,2,8,28000
3,3,1,37000
3,3,1,42000
3,3,10.4,23000
4,4,16,120000
3,3,1,45000
5,4,10,60000
4,3,1,55000
4,4,1,44000
7,6,4,370000
4,4,5,35000
7,7,10,110000
4,3,1,47000
3,3,10,40000
3,3,1,50000
3,3,12,40000
4,4,7,90000
3,3,1,35000
3,3,14.2,62000
2,2,10,24000
6,5,10,14000000
2,1,5,5700000
1,1,2.9,3350000
0,0,2.5,8000000
4,3,5,13500000
6,5,1,47000000
6,5,1,54000000
4,4,10,39000000
5,4,10,39000000
3,3,8,13000000
5,4,7,14500000
8,6,12,25000000
2,2,5,6000000
2,2,7,4500000
1,2,3.5,5000000
3,3,10,32000
2,2,5,25000
6,5,18,80000
0,9,1.1,37000000
5,4,10,25500000
6,4,8,17000000
6,5,10,13000000
1,1,2.7,4400000
4,3,3,6200000
6,5,11,27000000
5,4,8,14000000
5,5,10,18000000
6,6,1,45000000
4,3,5,11000000
6,5,10,22000000
4,3,5,10000000
6,5,10,20500000
4,3,8,13000000
6,5,10,22000000
4,3,5,10800000
6,5,10,22000000
6,5,8,14000000
6,6,1,38000000
5,4,10,22000000
3,2,5,10500000
6,5,12,24000000
4,3,5,13500000
6,5,11,23500000
4,4,4,9500000
5,5,10,23500000
6,5,10,25000000
5,5,10,22500000
6,5,10,22000000
5,5,10,17500000
4,3,12,21500000
2,4,5,10000000
7,6,1,38000000
3,2,5,10000000
3,2,5,11000000
6,5,1,56000000
6,5,1,63500000
5,4,9,24000000
6,5,1,44000000
6,5,1,62000000
6,5,1,59500000
3,3,5,6000000
4,3,10,42000000
6,5,1,63000000
4,3,5,13500000
4,3,5,19000000
6,5,1,40000000
6,5,1,57500000
6,5,10,20500000
6,6,1,52500000
5,4,10,41000000
3,3,5.8,25000000
0,0,2,1700000
0,0,4.8,8000000
0,0,9.6,15000000
0,0,3.2,6000000
0,0,3.2,5600000
0,0,7.2,16000000
0,0,4.8,15500000
0,0,4.8,15500000
4,4,1,95000000
3,3,8,35000000
4,4,16,26500000
2,2,4.2,4100000
3,3,7.1,27500000
4,3,7.6,25000000
0,0,8,18500000
2,3,8,16000000
3,3,8,12000000
2,2,4,8500000
3,3,8,12500000
3,3,10,9960000
3,3,5.1,10500000
3,3,6.9,13500000
3,3,14,15600000
2,2,4.2,5750000
2,2,4,7500000
3,3,6.7,10000000
2,2,4.2,6300000
2,2,4.2,5150000
3,3,8,11800000
2,2,4.2,6150000
2,2,4.2,5600000
3,3,9.4,9500000
3,3,14,14500000
6,6,9.6,30000000
2,2,4.2,5900000
2,2,4.2,6200000
3,3,3,9500000
2,2,3.6,5200000
3,3,4.8,100000
3,2,3.3,6500000
3,3,1,80000
0,0,4.8,20000
0,0,9.6,32000
1,1,2.4,16000
2,2,2.2,26000
4,3,12,120000
3,3,7.1,50000
4,3,12,145000
3,3,4.9,50000
4,3,12,105000
2,2,4,35000
3,3,12,55000
2,2,4.8,22000
2,3,5.3,30000
4,4,16,45000
3,3,5.6,30000
3,3,9.6,40000
4,4,10.7,46000
2,2,4.4,22000
3,3,8,50000
2,2,4.8,23000
4,3,6,45000
2,2,4.8,19000
10,10,12,65000000
7,5,7,30000000
6,4,5,11000000
7,7,14.2,57500000
2,3,5,3800000
5,5,8,70000
2,2,5,13000
2,2,10,30000
3,2,7,26000
4,4,4,50000
4,4,4,50000
5,5,7,75000
5,5,7,80000
6,6,10,85000
6,6,10,90000
6,6,12,100000
6,6,12,110000
6,6,1,120000
6,6,1,130000
4,4,4,55000
4,4,4,53000
5,5,7,78000
5,5,7,80000
6,6,10,78000
6,6,10,90000
6,6,12,90000
6,6,12,93000
6,6,1,110000
6,6,1,120000
2,2,4,25000
2,2,4,25000
3,3,7,40000
3,3,7,40000
3,3,10,45000
3,3,10,45000
3,3,12,47000
3,3,12,48000
3,3,1,60000
3,3,1,65000
2,2,4,25000
2,2,4,26000
3,3,7,37000
3,3,7,38000
3,3,10,43000
7,7,4,75000
3,3,10,45000
3,3,12,50000
3,3,12,52000
3,3,7,34000
2,2,4,25000
2,2,4,24000
2,2,4,25000
3,3,7,38000
3,3,7,39000
3,3,10,43000
3,3,10,44000
3,3,12,52000
3,3,12,51000
3,3,1,63000
3,3,1,62000
1,1,2.4,10500
3,3,10,35000
3,3,7,26000
4,4,1,45000
3,3,1,85000
2,2,8,38000
5,4,6,37000
3,3,1,70000
9,8,1,85000
3,3,8,35000
3,3,12,70000
3,3,10,28000
3,2,7,18000
3,3,1,40000
3,2,6,23000
2,2,8.4,110000
2,2,10,27000
6,6,1,55000
2,2,4,15500
2,2,7.1,135000
2,2,2,12000
3,2,7,24000
3,2,10,32000
3,2,10,25000
8,6,2.4,1400000
2,2,10,28000
9,8,2,1500000
6,5,1,59500000
6,5,10,20000000
6,5,2,110000000
4,3,5,18000000
5,4,13,34000000
6,5,1,47500000
5,4,10,30500000
4,3,4,5500000
6,5,1,42500000
4,3,8,10800000
7,5,10,18100000
6,5,1,48000000
4,3,5,11500000
7,6,1,33500000
6,6,1,45000000
6,5,1,41000000
6,7,9.1,20000000
1,2,3.5,14000
6,5,11,24500000
4,4,5,12000000
6,5,1,35500000
5,4,10,41000000
6,5,1,57500000
6,5,11,25500000
6,5,10,22500000
6,5,10,17500000
2,2,10,50000
6,5,11,27000000
4,3,5,13500000
6,5,10,18000000
6,5,10,20000000
5,4,10,32500000
6,5,1,190000
6,5,1,52500000
4,3,5,16000000
8,7,1.2,82500000
6,5,1,45000000
7,7,2,70000000
5,5,1,39000000
6,5,1,40000000
5,4,11,23000000
6,4,8,17500000
5,4,10,21000000
3,2,5,10500000
6,5,1,45000000
6,5,1,95000000
6,5,2,129000000
2,2,5,4200000
6,6,1,47500000
6,6,1,41000000
6,5,11,20000000
6,5,10,23500000
6,5,10,23500000
5,4,7,14500000
5,4,8,14000000
6,5,1,49500000
6,5,1,40000000
6,5,1,50000000
6,5,1,87500000
3,3,8.9,35000000
2,2,2.4,5100000
3,3,6.7,23000000
3,3,4.8,8000000
3,2,4.2,7500000
4,4,11.2,25000000
2,4,5.3,10000000
2,2,4.8,12600000
0,0,4.8,25000
3,3,8.8,42000
3,2,4.2,18000
5,4,11.8,40000
4,3,8,30000
4,3,6.1,38000
4,3,8,50000
4,3,8,35000
4,3,6,25000
3,3,10.7,125000
3,3,9.6,37000
3,3,9.8,90000
4,4,18,45000
0,0,1.8,15000
4,3,2.2,110000
3,3,9.6,35000
3,3,10.7,125000
1,1,0.4,22000
6,6,14,19900000
0,0,4,17000000
6,4,10.9,32500000
5,4,9,17000000
5,4,10.9,24000000
2,2,5,5900000
0,6,14,45000000
0,3,5.1,8600000
5,5,8,19500000
3,3,5,13500000
4,4,7,12500000
6,6,14.2,23500000
4,4,8.9,26000000
7,6,1,75000000
5,4,5.2,14000000
3,3,1,45000
7,6,1.1,850000
1,2,5,22000
1,2,4,23000
4,4,12,140000
2,2,6,27500
2,2,5,20000
4,4,14,60000
3,3,1,60000
10,9,1.3,400000
4,3,1.3,230000
3,3,1,40000
3,3,15,55000
3,3,10,47000
3,3,12,48000
3,3,10,42000
1,1,2,23000
2,2,7,36000
4,4,1,62000
2,2,7.1,60000
3,3,12.4,65000
1,1,5.6,47000
6,5,1.1,260000
3,4,14,50000
4,4,1,55000
6,5,1.6,400000
2,2,7,46000
4,3,1,80000
2,2,5,7200000
7,5,11,24500000
7,5,11,24500000
7,5,10,19500000
7,5,12,24500000
4,4,10,33000000
4,3,5,19000000
7,6,1,47000000
6,5,1,49000000
4,3,5,22500000
6,5,10,33000000
5,3,5,12500000
4,3,5,14500000
7,5,8,17000000
6,5,11,35000000
2,2,3,1600000
4,4,10,35000000
5,4,10,38000000
6,5,2,160000000
6,5,1,38000000
6,5,1,30000000
2,2,3,1600000
3,3,5,5000000
2,2,3,2200000
2,2,3,1600000
5,5,1,47500000
0,0,1,41000000
4,3,7,32500000
6,4,5,8500000
2,2,2,2300000
5,4,3,6300000
2,2,2,2500000
1,1,2.8,2250000
3,2,3,6000000
7,7,1,37000000
2,3,4,7500000
0,6,2.5,8000000
0,3,3,9000000
0,5,8.5,16000000
0,5,5.5,11000000
0,0,14,12500000
0,3,2.8,9200000
0,4,8,25000000
0,4,10,28000000
0,3,3,9200000
0,4,5,12500000
0,3,5,12500000
2,2,5,5100000
0,0,13,26000000
6,5,1,43500000
7,6,1.6,75000000
6,5,12,24000000
2,2,4,17000
3,3,10,32000
3,3,10,38000
4,3,1,50000
4,3,1,45000
0,5,1,46000000
0,5,1,45000000
0,6,1,46000000
0,5,1,35000000
0,3,3,2500000
0,6,1,22500000
0,5,10,15000000
0,4,5,10000000
0,3,16,16000000
0,3,16,13500000
8,7,1,61500000
0,1,2,1900000
0,2,1.5,2800000
0,2,2,1500000
0,1,2,1900000
0,2,1.5,2800000
0,4,10,22500000
0,4,10,25000000
0,4,5,12500000
0,2,3,4000000
0,6,1,45000000
0,4,10,16500000
0,3,3,5500000
0,4,8,15000000
0,4,10,16000000
0,3,5,12500000
0,3,5,12500000
0,5,10,21000000
0,5,10,23000000
0,4,10,14000000
0,3,10,13500000
0,4,10,15500000
0,8,2,42500000
7,5,10,16500000
5,5,2,65000000
0,5,10,21000000
0,5,10,22000000
0,5,1,36500000
0,5,1,35000000
0,5,1,37000000
0,4,10,22500000
0,4,10,24000000
0,4,10,25000000
0,4,1,35000000
0,4,10,24500000
0,3,5,11500000
0,4,5,14000000
0,3,5,12000000
0,5,10,21500000
0,5,10,24500000
0,3,2.8,5000000
0,3,3,5400000
0,3,4,6200000
0,3,6,6500000
0,3,5,9500000
7,5,1,47500000
4,3,4,7800000
0,5,5,15500000
0,4,5,12000000
0,4,5,12500000
0,5,1,37500000
0,5,1,33500000
0,4,10,16500000
0,0,1,32500000
0,3,5,10000000
4,3,4,7500000
0,3,5,8500000
0,3,3.5,7000000
0,2,8,11000000
0,0,3,8500000
0,3,2.5,12500000
0,5,1,13000000
0,3,4,12500000
0,3,3,10000000
0,4,8,14000000
0,4,8,14000000
0,3,8,16500000
0,3,5,11000000
0,3,5,12500000
0,4,10,12500000
0,4,10,22000000
0,5,1,35000000
0,4,10,23500000
0,3,7,12000000
0,6,6,300000000
5,5,8,14000000
5,4,7,14500000
6,5,11,27000000
1,1,2.7,4400000
6,6,1,45000000
0,4,4.5,3500000
0,3,4.5,3500000
0,2,1,1200000
0,2,4,4500000
0,2,1.5,3000000
0,4,4,6000000
0,3,2,5000000
0,4,5,9000000
0,5,5,13000000
0,4,5,9000000
0,3,2.5,4000000
0,3,4.5,4600000
0,9,10,11000000
0,8,1.5,50000000
0,6,3.5,15000000
6,5,10,22000000
5,5,10,16500000
8,8,13.6,50000000
3,3,5.8,16000000
5,4,6,52500000
1,1,2.7,1480000
6,5,1,102500000
2,2,1.9,4150000
6,5,1,90000000
7,6,1.3,130000000
5,4,6,52500000
5,4,4.8,42500000
1,1,1.2,1460000
4,4,4,40000000
5,4,1,85000000
3,3,12,11500000
3,3,8,17000000
4,4,9.6,17500000
4,3,4,38000000
5,4,4.8,40000000
5,4,12,75000000
0,1,2.4,1100000
0,0,6,12500000
5,5,4.8,12000000
3,3,3.4,38000
3,3,6,40000
3,3,18,45000
5,5,10,12500000
4,3,8,8000000
5,5,5,9500000
0,0,4.4,17000000
0,0,4.4,14500000
0,3,6.7,21000000
0,0,4.4,16000000
0,5,7,22500000
0,5,4,18500000
0,6,10,18500000
0,3,10,13000000
0,2,5,7500000
0,2,8,10000000
0,0,2.7,3000000
0,2,2.7,3000000
0,1,0.9,1650000
0,1,0.9,1650000
0,8,1,30000000
0,6,1,25000000
0,3,10,12500000
0,0,10,13000000
0,0,14.2,19000000
0,6,10,15500000
0,0,5,8000000
0,4,9.3,19000000
0,8,1,36000000
0,0,12.1,18000000
0,0,1,17500000
7,6,1,25000000
0,2,7,8500000
0,5,14.2,17000000
0,4,5,11000000
0,4,5,11000000
0,12,13,26000000
0,2,6.7,8500000
0,4,5,8500000
3,3,14.2,63000
3,3,10,40000
8,7,1,600000
3,3,10,40000
0,0,4.4,40000
0,0,12.4,70000
0,0,12.4,145000
0,0,12.4,80000
0,0,14.2,200000
0,0,1.2,150000
0,0,14.2,65000
0,0,1.2,115000
0,0,14.2,55000
0,0,14.2,60000
0,0,14.2,58000
0,0,4.4,55000
0,0,10.9,50000
0,0,8,90000
0,0,10.9,110000
0,0,4.4,40000
0,0,4.4,55000
0,0,10.9,50000
0,0,8,90000
0,0,14.2,10000
0,0,14.2,150000
0,0,14.2,60000
0,0,14.2,70000
0,0,14.2,60000
0,0,14.2,52000
0,0,14.2,50000
0,0,1.2,80000
0,0,14.2,85000
0,0,14.2,70000
3,3,12,50000
0,4,5,40000
0,0,5,40000
0,0,5,40000
0,0,2.5,11000
0,0,12.4,70000
0,0,12.4,145000
0,0,12.4,80000
0,0,14.2,200000
0,0,1.2,150000
0,0,14.2,65000
0,0,1.2,115000
0,0,14.2,55000
0,0,14.2,60000
0,0,14.2,58000
0,0,14.2,100000
0,0,14.2,150000
0,0,14.2,60000
0,0,14.2,70000
0,0,14.2,60000
0,0,14.2,52000
0,0,14.2,50000
0,0,1.2,80000
0,0,14.2,85000
0,0,14.2,70000
7,6,1,550000
0,0,14.2,50000
0,0,14.2,50000
0,0,14.2,70000
0,0,14.2,70000
0,0,14.2,70000
0,0,14.2,140000
0,0,12.4,55000
6,6,13,95000
3,3,10,38000
2,2,8,26000
2,2,3.1,15000
5,5,8,90000
6,5,1,260000
1,2,10,36000
2,2,8,33000
6,5,2,300000
6,5,2,450000
4,4,1,85000
3,3,13,42000
7,6,1,250000
0,0,7,28000
0,0,12.4,70000
0,0,12.4,145000
0,0,12.4,80000
0,0,14.2,200000
0,0,1.2,150000
0,0,14.2,65000
0,0,1.2,115000
0,0,14.2,55000
0,0,14.2,60000
0,0,14.2,58000
0,0,14.2,100000
0,0,14.2,150000
0,0,14.2,60000
0,0,14.2,70000
0,0,14.2,60000
0,0,14.2,52000
0,0,14.2,50000
0,0,1.2,80000
0,0,14.2,85000
0,0,14.2,70000
2,2,1,100000
3,3,10,70000
6,5,2.5,280000
6,5,1,300000
2,2,5.7,35000
0,2,3,12000
0,2,5,18000
0,2,5,20000
0,2,0.4,12000
0,0,7,65000
0,0,12.4,70000
0,0,12.4,145000
0,0,12.4,80000
0,0,14.2,200000
0,0,1.2,150000
0,0,14.2,65000
0,0,1.2,115000
0,0,14.2,55000
0,0,14.2,60000
0,0,14.2,58000
0,0,14.2,100000
0,0,14.2,150000
0,0,14.2,60000
0,0,14.2,70000
0,0,14.2,60000
0,0,14.2,52000
0,0,14.2,50000
0,0,1.2,80000
0,0,14.2,85000
0,0,14.2,70000
3,3,8.6,45000
10,10,2.4,500000
3,3,14.2,55000
6,5,1,50000000
4,3,5,10000000
5,5,10,20500000
6,5,10,22000000
4,3,5,10800000
5,5,8,17000000
6,5,11,22000000
6,5,10,21000000
0,0,4,8500000
6,5,10,20000000
5,5,4,5500000
1,2,2.7,2600000
3,4,5,13500000
4,4,1.4,31000000
3,3,5,5500000
1,2,4,8000000
2,2,3,3500000
5,5,10,23000000
0,0,5,12000000
2,2,3,4500000
0,0,6,9500000
6,5,7,13500000
0,6,12.4,30000000
0,5,5,9500000
0,0,2,6300000
0,2,3,7000000
0,2,3,6500000
5,5,7,15000000
6,5,10,21500000
0,0,10,25000
0,0,5,40000
0,0,3,30000
0,0,5,18000
0,0,7,25000
1,2,2,10000
2,2,5,16000
2,2,5,20000
0,0,14,50000
2,2,7,25000
6,5,8,14000000
6,6,1,38000000
6,5,12,24000000
7,6,1,32500000
4,3,5,13500000
6,5,10,22500000
5,5,10,17500000
6,5,1,47500000
6,5,11,23500000
5,5,10,16000000
6,5,10,16500000
6,5,10,22000000
0,4,5,12000000
0,3,5,12000000
0,4,10,15000000
0,3,5,10500000
6,5,10,22500000
6,6,1,52500000
4,3,5,11500000
5,5,17,40000000
6,5,10,20000000
6,6,1,45000000
6,5,11,24500000
6,5,11,25500000
4,3,5,13500000
6,6,1,47500000
6,5,1,49500000
6,5,11,20000000
5,4,10,31000000
5,4,8,14000000
6,5,10,25000000
5,4,10,32000000
7,6,1,33500000
6,5,10,21000000
5,3,5,11000000
0,3,3,5500000
0,5,10,12500000
0,5,5.5,9000000
0,5,6,12500000
0,5,5,10000000
5,4,10,28500000
0,5,1,70000000
0,2,1,45000000
0,5,1,55000000
0,5,2,110000000
0,5,3,140000000
0,2,10,18000000
0,4,5,12000000
4,3,10,25000000
4,3,7,22000000
5,4,10,27000000
0,2,1.5,3000000
0,4,4.8,14000000
0,4,4.8,15000000
2,2,4.4,4800000
3,3,6.2,6800000
2,2,4.4,4800000
3,3,8,16500000
4,3,6.1,9200000
2,2,4.2,4500000
5,4,14,14500000
4,3,8,11000000
4,3,5,5000000
3,3,8,7000000
2,2,4.4,4800000
0,2,5.6,10000000
0,2,2.7,5700000
0,2,2.2,4800000
0,2,2.2,4500000
0,3,5.6,16000000
0,3,5.6,10000000
2,2,4.4,5200000
2,2,3.2,1800000
0,0,9.3,29500000
0,0,17.6,47500000
0,2,4.4,7500000
0,2,2.9,5500000
2,2,4.2,6200000
2,2,4.2,5400000
3,3,8,12500000
3,3,5,11400000
5,5,4.4,17500000
3,3,8,8000000
2,2,5,3500000
4,4,5,15000000
5,5,10,15000000
0,6,7,16000000
5,3,4.4,17000000
3,3,8.7,14000000
0,0,4.2,8000000
0,0,1,46000000
10,9,2,1000000
4,4,16,75000
4,4,2,450000
0,0,12.4,70000
0,0,12.4,145000
0,0,12.4,80000
0,0,14.2,200000
0,0,1.2,150000
0,0,14.2,65000
0,0,1.2,115000
0,0,14.2,55000
0,0,14.2,60000
0,0,14.2,58000
0,0,14.2,100000
0,0,14.2,150000
0,0,14.2,60000
0,0,14.2,70000
0,0,14.2,60000
0,0,14.2,52000
0,0,14.2,70000
1,1,2.8,22000
7,6,2.1,380000
3,3,1,60000
6,6,1,160000
3,3,1,45000
5,5,10,80000
3,3,1,45000
3,3,1,55000
9,8,1,450000
10,11,2.8,540000
0,0,12.4,70000
0,0,12.4,145000
0,0,12.4,80000
0,0,14.2,200000
0,0,1.2,150000
0,0,14.2,65000
0,0,1.2,115000
0,0,14.2,55000
0,0,14.2,60000
0,0,14.2,58000
0,0,14.2,100000
0,0,14.2,150000
0,0,14.2,60000
0,0,14.2,70000
0,0,14.2,60000
0,0,14.2,52000
0,0,14.2,50000
0,0,1.2,80000
0,0,14.2,85000
0,0,14.2,70000
1,1,2,35000
7,6,1.3,450000
2,2,2.9,18000
4,4,1,180000
1,1,1.8,12000
6,5,3.6,450000
3,3,10,40000
3,3,10,40000
5,5,8,85000
6,5,2,300000
3,3,500,70000
4,4,14,52000
3,2,4.9,22000
3,3,14.2,80000
0,3,2,4000000
0,3,2.4,6500000
0,5,5,10000000
0,0,1.5,3200000
0,3,3.5,7500000
5,4,10,28000000
5,4,10,26000000
5,4,10,31000000
6,5,5,16500000
6,5,1,41800000
5,3,5,12500000
6,5,1,45000000
5,4,8,14000000
3,3,10,20500000
5,3,5,11400000
4,3,7,24000000
6,5,11,27000000
5,4,7,14500000
6,5,2,80000000
7,6,25,75000000
4,3,7,25000000
1,2,5,2900000
1,2,5,2900000
1,2,5,2900000
1,2,5,2900000
0,0,5,12000000
0,0,10,21000000
0,0,4,5500000
0,0,3.5,6500000
0,0,2.8,4000000
0,0,4,5000000
0,0,9,8500000
0,0,5,11000000
0,0,5,6000000
0,0,5.5,4000000
2,2,4.1,1247000
0,0,5,7000000
0,0,5,9000000
0,2,5,4000000
0,0,5,4500000
0,0,5,5000000
0,2,5,2700000
0,2,5,4700000
1,1,2.2,665000
0,7,10,13000000
0,7,1,27500000
6,5,10,19500000
3,3,5,9500000
2,2,4.1,1300000
7,5,10,20000000
3,3,1,50000
4,3,1,45000
0,5,10,80000
0,6,15,200000
0,3,1,60000
0,0,1,45000
0,0,1,55000
0,0,1,40000
0,0,10,30000
0,0,6,25000
0,0,1,50000
0,0,7,28000
0,0,10,25000
0,0,7,22000
0,0,8,26000
6,6,1,45000000
7,6,2,91000000
4,4,12,18000000
5,3,5,11500000
6,5,23,55000000
6,5,1,33000000
4,3,7,25000000
6,5,8,14000000
6,5,5,16500000
4,3,7,23000000
6,5,1,28000000
6,6,1,38000000
3,3,10,11300000
4,3,5,9200000
6,5,1,38000000
4,3,5,19000000
7,5,1,54000000
7,5,1,42500000
5,4,10,39000000
5,4,10,42000000
6,5,8,17000000
6,5,1,67500000
5,5,1,52500000
5,3,5,10700000
3,3,9.4,9000000
3,3,8,12200000
4,3,12.4,51000000
2,2,3.1,6000000
4,3,8,9800000
4,3,8,10700000
2,2,4.2,4700000
4,3,5,5000000
4,3,8,8500000
3,3,8,7200000
0,3,7.1,6500000
0,2,4.4,3200000
0,2,4.8,9000000
3,3,3.2,30000000
7,6,16,42500000
7,6,1.1,140000000
2,2,3.1,4500000
3,3,8,10800000
3,3,8,11500000
4,4,5.4,32500000
2,2,4.2,5400000
3,3,8,11600000
3,3,9.4,8800000
2,2,4.2,4800000
2,2,3.1,6500000
2,2,4.9,6500000
4,9,8,42500000
0,0,9.3,29000000
2,2,4.7,7000000
0,0,4,250000000
4,9,1.2,70000000
0,0,40,45000000
3,3,4.9,9000000
5,5,9,70000000
2,2,5,2300000
3,3,10,12700000
4,4,7,27000000
3,2,6,9000000
7,7,1,14000000
4,4,10.8,14600000
4,4,16,20000000
6,6,14.2,100000
2,3,7.1,32500000
1,1,2.8,5000000
2,2,5.6,8200000
8,7,1.2,500000
7,7,1,600000
9,8,1.3,421000
7,6,2.5,280000
4,3,1,85000
6,6,8,65000
2,1,5,27000
4,4,2.4,400000
10,11,2.5,1000000
4,3,1,75000
6,5,1,230000
4,4,2,280000
8,7,2.4,1800000
9,6,4,1650000
7,6,1.1,500000
9,8,1.3,700000
3,3,1,45000
3,3,1,55000
3,3,1,50000
3,3,1,55000
6,6,1,105000
3,3,1,40000
10,11,5.4,1450000
10,10,1.3,1000000
3,3,10,46000
10,10,1.3,1000000
6,5,10,55000
0,0,4,23000
9,8,2,700000
3,4,1,115000
3,3,12,45000
6,5,1.3,400000
0,0,4,40000
7,5,3.2,100000
6,5,1,41500000
6,5,1,41000000
3,3,10,113000000
4,3,5,13500000
6,6,1,52500000
6,5,1,52500000
6,5,2,130000000
6,5,1,47500000
0,0,1.1,42500000
4,3,5,9000000
7,6,1,39500000
6,5,1,49000000
0,0,3,6500000
4,3,8,12800000
6,5,1,49000000
0,3,3,5500000
0,0,5,12900000
0,2,4.5,8400000
0,3,3,8200000
6,5,1,37500000
7,5,10,16800000
6,5,1,53000000
7,5,10,19400000
6,5,1,49000000
2,2,3.4,12400000
6,5,1,45000000
7,5,10,17700000
5,4,10,36000000
5,5,1,57500000
4,4,17,36500000
5,4,10,31000000
6,5,1.2,40000000
5,5,1,45000000
0,0,5,28000
0,3,5,9000000
6,6,4,165000000
6,5,1,30000000
7,5,10,14700000
4,3,8,12700000
7,5,10,17500000
2,2,5.3,7500000
1,1,2.2,717000
0,2,5,5100000
0,0,5,6000000
0,3,8.5,9000000
0,4,5,6200000
0,2,5,4500000
6,5,12,17000000
3,3,5,9849000
2,2,4.2,6200000
6,5,7,13500000
4,3,5,10000000
0,0,10,13000000
1,1,2.4,3300000
2,2,12,25000
0,0,6,15000
5,5,17,40000000
5,5,1,41500000
6,5,1,37000000
3,3,5,8500000
6,4,10,29000000
6,6,3,185000000
5,3,5,10000000
6,5,1,35000000
5,5,1,82500000
6,5,1,41500000
5,4,10,26500000
1,1,2.2,4500000
6,5,1,34000000
5,5,1,55000000
4,4,3,9000000
3,3,10,22500000
3,3,10,22500000
6,5,1,39000000
7,6,1,28000000
4,4,10,26000000
7,6,1,44000000
6,5,1,55000000
4,3,10,20500000
5,5,2,170000000
6,5,1,42500000
4,3,6,14000000
4,3,6.1,9500000
5,4,14,14000000
2,2,4.2,5200000
3,3,8,7500000
4,3,8,8800000
4,3,5,5000000
3,3,8,14000000
4,4,14,14000000
0,2,3.8,4800000
0,6,9.6,26500000
0,3,8,12500000
0,6,9.6,27000000
0,3,7.8,11000000
3,3,9.4,9000000
